0.02 20 201
201
0.02  0
0.0207028433336  1.11890081615e-33
0.0214303861048  2.27712223127e-33
0.0221834963052  3.47604605642e-33
0.0229630724299  4.71710266247e-33
0.0237700445487  6.00177268663e-33
0.0246053754162  7.3315887989e-33
0.0254700616203  8.70813753064e-33
0.0263651347711  1.01330611674e-32
0.0272916627318  1.1608059708e-32
0.0282507508925  1.31348928933e-32
0.0292435434891  1.47153823048e-32
0.0302712249687  1.63514135386e-32
0.0313350214022  1.80449384548e-32
0.0324362019472  1.97979775058e-32
0.0335760803625  2.16126221474e-32
0.034756016575  2.34910373334e-32
0.0359774183026  2.5435464099e-32
0.0372417427333  2.74482222341e-32
0.0385504982638  2.95317130511e-32
0.0399052462994  3.16884222496e-32
0.0413076031162  3.39209228822e-32
0.04275924179  3.62318784242e-32
0.0442618941921  3.86240459511e-32
0.0458173530554  4.11002794278e-32
0.0474274741132  4.36635331142e-32
0.0490941783137  4.63168650889e-32
0.050819454111  2.69178070775e-30
0.0526053598379  8.45412130164e-30
0.0544540261616  1.44189630292e-29
0.0563676586253  2.05934222189e-29
0.05834854028  2.69848652826e-29
0.060399034408  3.36009175038e-29
0.0625215873425  4.04494721348e-29
0.0647187313859  4.75386998143e-29
0.0669930878316  5.48770583145e-29
0.0693473700905  6.24733026322e-29
0.071784386929  7.0336495434e-29
0.0743070458194  7.84760178677e-29
0.0769183564091  8.69015807556e-29
0.0796214341107  9.56232361788e-29
0.0824195038195  1.04651389471e-28
0.0853159037603  1.1399681163e-28
0.0883140894707  1.23670652173e-28
0.091417637923  1.33684452433e-28
0.0946302517923  1.4405015933e-28
0.0979557638737  1.54780139627e-28
0.101398141655  8.24066119021e-28
0.10496149205  2.5130202311e-27
0.108650066298  4.26132785011e-27
0.112468265038  6.07107478686e-27
0.116420643554  7.94442015212e-27
0.120511917215  9.88359893245e-27
0.124746967096  1.18909246567e-26
0.129130845807  1.39687921561e-26
0.133668783514  1.61196804216e-26
0.138366194184  1.83461555609e-26
0.143228682043  2.06508738607e-26
0.14826204826  2.30365849552e-26
0.153472297872  2.55061351066e-26
0.158865646945  2.8062470601e-26
0.164448529989  3.07086412635e-26
0.17022760764  3.34478040965e-26
0.176209774602  3.62832270462e-26
0.182402167871  3.92182929019e-26
0.188812175257  4.22565033311e-26
0.195447444191  4.54014830577e-26
0.202315890852  7.6258365216e-26
0.20942570961  1.64364914815e-25
0.216785382804  2.55567719465e-25
0.22440369086  3.49975588278e-25
0.232289722768  4.47701154153e-25
0.240452886923  5.48861008153e-25
0.248902922354  6.53575838603e-25
0.257649910339  7.61970575078e-25
0.266704286433  8.7417453745e-25
0.276076852921  9.9032159017e-25
0.285778791702  1.11055030198e-24
0.295821677634  1.23500411121e-24
0.306217492336  1.36383149696e-24
0.316978638492  1.49718615616e-24
0.32811795464  1.63522718703e-24
0.339648730492  1.77811927881e-24
0.351584722792  1.9260329083e-24
0.363940171722  2.07914454321e-24
0.376729817898  2.23763685272e-24
0.389968919952  2.40169892538e-24
0.403673272736  2.57152649475e-24
0.417859226171  2.74732217287e-24
0.432543704745  2.929295692e-24
0.447744227714  3.11766415488e-24
0.463478929994  3.31265229368e-24
0.479766583804  3.51449273816e-24
0.496626621059  3.72364542298e-24
0.514079156554  3.99063645168e-24
0.53214501196  4.27986971278e-24
0.550845740668  4.57926725734e-24
0.570203653501  4.88918628033e-24
0.590241845333  5.20999652928e-24
0.610984222643  5.54208074546e-24
0.632455532034  5.88583512053e-24
0.654681389758  6.24166976914e-24
0.677688312278  6.61000921828e-24
0.701503747905  6.99129291374e-24
0.72615610954  7.38597574437e-24
0.751674808577  7.79452858483e-24
0.778090289989  8.2174388573e-24
0.805434068651  8.65521111306e-24
0.833738766941  9.10836763439e-24
0.863038153656  9.57744905774e-24
0.893367184302  1.00630150186e-23
0.924762042799  1.05656448195e-23
0.957260184645  1.10859381206e-23
0.99090038161  1.16245156555e-23
1.02572276798  1.2014754072e-23
1.06176888846  1.23574553533e-23
1.09908174772  1.27121999001e-23
1.13770586169  1.30794109388e-23
1.17768731071  1.34595265691e-23
1.21907379448  1.38530002863e-23
1.26191468896  1.42603015224e-23
1.30626110529  1.46819162064e-23
1.35216595078  1.51183473439e-23
1.399683992  1.55701156172e-23
1.44887192015  1.60377600064e-23
1.49978841866  1.65218384328e-23
1.55249423326  1.70229284238e-23
1.60705224437  1.75416278029e-23
1.66352754221  1.8078555402e-23
1.72198750437  1.86343518003e-23
1.78250187627  1.92096800882e-23
1.84514285431  1.98052266588e-23
1.90998517204  2.04217020262e-23
1.97710618931  2.10598416737e-23
2.04658598456  2.17366281708e-23
2.11850745035  2.2445450177e-23
2.19295639229  2.31791817242e-23
2.27002163134  2.39386981877e-23
2.34979510988  2.47249057054e-23
2.43237200129  2.55387422587e-23
2.51785082359  2.63811787919e-23
2.6063335569  2.72532203701e-23
2.69792576518  2.81559073788e-23
2.79273672211  2.90903167648e-23
2.89087954149  3.00575633212e-23
2.99247131219  3.10534916835e-23
3.09763323782  3.19431020275e-23
3.20649078138  3.28463366094e-23
3.31917381488  3.37813128115e-23
3.43581677432  3.47491461032e-23
3.55655882008  3.57509911537e-23
3.68154400294  3.678804321e-23
3.81092143593  3.78615395225e-23
3.94484547223  3.89727608213e-23
4.08347588934  3.98607599475e-23
4.22697807967  4.06005854898e-23
4.3755232479  4.13664101045e-23
4.52928861519  4.21591474556e-23
4.68845763064  4.29797433148e-23
4.85322019016  4.38291766904e-23
5.02377286302  4.46465278875e-23
5.20031912633  4.51451108731e-23
5.38306960785  4.56552771173e-23
5.57224233726  4.61833717087e-23
5.76806300625  4.67300246883e-23
5.97076523784  4.72964375451e-23
6.18059086503  4.79189294724e-23
6.39779021938  4.85701148567e-23
6.62262242965  4.92441843063e-23
6.85535573093  4.99419420169e-23
7.09626778467  5.0767044066e-23
7.34564600996  5.17810658057e-23
7.60378792641  5.28307224664e-23
7.87100150912  5.39172663364e-23
8.14760555608  5.51320035802e-23
8.43393006857  5.64708570006e-23
8.7303166448  5.78567606311e-23
9.0371188875  5.92777550271e-23
9.35470282574  6.06638432066e-23
9.68344735168  6.20967419718e-23
10.0237446725  6.36405280355e-23
10.3760007786  6.5753034314e-23
10.7406359274  6.79607542861e-23
11.1180851454  6.9720756552e-23
11.5087987467  7.03482816671e-23
11.9132428706  7.0997494146e-23
12.3319000372  7.15275808238e-23
12.7652697238  7.20373102491e-23
13.2138689602  7.23603442368e-23
13.6782329456  7.24622721316e-23
14.1589156877  7.24678399175e-23
14.6564906628  7.22641327227e-23
15.1715515006  7.20021616236e-23
15.7047126922  7.16250567128e-23
16.2566103233  7.11912810516e-23
16.8279028329  7.0690543167e-23
17.4192717991  7.01421045529e-23
18.0314227521  6.95600617408e-23
18.6650860159  6.89428081173e-23
19.3210175798  6.83041709124e-23
20  6.76442e-23

