0.05 20 201
201
0.05  0
0.0515205278956  2.84600855479e-36
0.0530872958927  5.77856581756e-36
0.0547017101788  8.80030378279e-36
0.0563652197041  1.19139344854e-35
0.0580793174821  1.51222524348e-35
0.0598455419298  1.8428137123e-35
0.0616654782484  2.1834555609e-35
0.0635407598458  2.53445651816e-35
0.0654730698028  2.89613161036e-35
0.0674641423837  3.26880544389e-35
0.0695157645926  3.65281249663e-35
0.0716297777775  4.04849741807e-35
0.0738080792827  4.45621533874e-35
0.0760526241521  4.87633218884e-35
0.0783654268832  5.30922502674e-35
0.0807485632356  5.75528237736e-35
0.0832041720942  6.21490458088e-35
0.0857344573881  6.68850415202e-35
0.0883416900695  7.17650615036e-35
0.0910282101513  7.67934856172e-35
0.0937964288077  8.19748269136e-35
0.0966488305378  8.73137356895e-35
0.0995879753959  1.22392929547e-33
0.102616501289  7.28916227793e-32
0.105737126344  1.59715725588e-31
0.108952651348  2.49180197803e-31
0.112265962262  3.41365334532e-31
0.115680032808  4.36353872699e-31
0.119197927145  5.34231065307e-31
0.122822802612  6.3508475795e-31
0.126557912563  7.39005467653e-31
0.130406609292  8.46086464116e-31
0.134372347036  9.56423853424e-31
0.138458685077  1.0701166643e-30
0.142669290938  1.18726693698e-30
0.147007943673  1.30797981482e-30
0.151478537257  1.43236363862e-30
0.156085084087  1.56053004389e-30
0.160831718575  1.69259406106e-30
0.165722700867  1.82867421866e-30
0.170762420659  1.96889264979e-30
0.175955401141  2.11337520163e-30
0.181306303058  2.26225154848e-30
0.186819928886  2.41565530809e-30
0.192501227153  2.57372416163e-30
0.198355296869  2.73659997718e-30
0.204387392112  1.00341581593e-29
0.210602926736  2.03076421333e-29
0.217007479236  3.08935484866e-29
0.22360679775  4.18013781582e-29
0.230406805222  5.30409210156e-29
0.237413604716  6.46222646421e-29
0.244633484891  7.65558033895e-29
0.25207292565  8.88522477082e-29
0.259738603953  1.01522633759e-28
0.267637399811  1.14578333318e-28
0.275776402457  1.28031063985e-28
0.284162916714  1.41892899697e-28
0.292804469549  1.56176281567e-28
0.301708816827  1.70894029048e-28
0.310883950274  1.86059351441e-28
0.320338104647  2.0168585975e-28
0.33007976513  2.17787578894e-28
0.340117674943  2.343789603e-28
0.350460843193  2.51474894872e-28
0.361118552961  2.69090726352e-28
0.372100369628  2.87242265095e-28
0.383416149468  3.05945802258e-28
0.395076048485  3.25218124422e-28
0.407090531537  3.45076528655e-28
0.419470381721  3.65538838039e-28
0.432226710057  3.86623417668e-28
0.445370965454  4.08349191128e-28
0.458914944991  4.30735657479e-28
0.472870804502  4.53802908761e-28
0.487251069486  4.77571648024e-28
0.502068646352  5.01329064276e-28
0.517336833998  5.21706358099e-28
0.533069335748  5.42634550017e-28
0.549280271653  5.64199179927e-28
0.565984191164  5.86419602264e-28
0.583196086186  6.09315760041e-28
0.600931404538  6.3290820275e-28
0.619206063817  6.57218104805e-28
0.63803646568  6.82267284543e-28
0.657439510569  7.08078223813e-28
0.677432612878  7.34674088146e-28
0.698033716583  7.62078747552e-28
0.719261311345  7.90316797939e-28
0.741134449107  8.19413583193e-28
0.763672761192  8.49395217921e-28
0.786896475921  8.80288610887e-28
0.810826436772  9.12121489169e-28
0.835484121084  9.4492242304e-28
0.860891659332  9.78720851609e-28
0.887071854993  1.01354710925e-27
0.914048205011  1.04943245281e-27
0.941844920883  1.08640908969e-27
0.970486950393  1.12451020673e-27
1  2.54490752328e-27
1.03041055791  2.30857750548e-26
1.06174591785  4.56744405138e-26
1.09403420358  6.8950039892e-26
1.12730439408  9.29334632329e-26
1.16158634964  1.17646235858e-25
1.1969108386  1.43110537687e-25
1.23330956497  1.69349223141e-25
1.27081519692  1.96385841658e-25
1.30946139606  2.24244658828e-25
1.34928284767  2.52950678172e-25
1.39031529185  2.82529663579e-25
1.43259555555  3.13008162435e-25
1.47616158565  3.44413529445e-25
1.52105248304  3.76773951187e-25
1.56730853766  4.10118471409e-25
1.61497126471  4.44477017094e-25
1.66408344188  4.79880425323e-25
1.71468914776  5.16360470947e-25
1.76683380139  5.53949895112e-25
1.82056420303  5.92682434637e-25
1.87592857615  6.32592852298e-25
1.93297661076  6.73716968027e-25
1.99175950792  7.21437253873e-25
2.05233002578  1.10377006632e-24
2.11474252688  1.5590579652e-24
2.17905302696  2.02819142309e-24
2.24531924523  2.51159149117e-24
2.31360065617  3.00969202502e-24
2.3839585429  3.52294007399e-24
2.45645605223  4.05179628248e-24
2.53115825126  4.59673530333e-24
2.60813218585  5.15824622383e-24
2.68744694072  5.73683300469e-24
2.76917370155  6.33301493236e-24
2.85338581877  6.94732708507e-24
2.94015887345  7.58032081307e-24
3.02957074514  8.50661495828e-24
3.12170168173  1.00325288969e-23
3.21663437151  1.16048467297e-23
3.31445401734  1.3224979625e-23
3.41524841318  1.48943816656e-23
3.51910802283  1.66145511536e-23
3.62612606115  1.83870319554e-23
3.73639857773  2.02134148873e-23
3.85002454306  2.20953391431e-23
3.96710593738  2.40344937655e-23
4.08774784223  2.59114701912e-23
4.21205853471  2.77987302623e-23
4.34014958471  2.97433829652e-23
4.472135955  3.17471736416e-23
4.60813610445  3.38119007105e-23
4.74827209431  3.59394172814e-23
4.89266969782  3.81316328183e-23
5.041458513  4.03112171549e-23
5.19477207907  4.23455501944e-23
5.35274799621  4.44417484366e-23
5.51552804914  4.66016932368e-23
5.68325833429  4.88273231635e-23
5.85608939099  5.11206357379e-23
6.03417633655  5.33711721088e-23
6.21767900547  5.52182875951e-23
6.40676209294  5.71189318821e-23
6.6015953026  5.90773758222e-23
6.80235349885  6.10953771351e-23
7.00921686386  6.31384063531e-23
7.22237105921  6.48795475087e-23
7.44200739256  6.66548899548e-23
7.66832298935  6.84842215552e-23
7.9015209697  7.03691841502e-23
8.14181063074  7.1952348268e-23
8.38940763443  7.33266849564e-23
8.64453420113  7.47428159902e-23
8.90741930907  7.62020123589e-23
9.17829889981  7.72705361706e-23
9.45741609003  7.81387888054e-23
9.74502138973  7.90334454872e-23
10.041372927  7.98867636474e-23
10.34673668  8.03829802093e-23
10.661386715  8.08878645089e-23
10.9856054331  8.13972064672e-23
11.3196838233  8.17040213716e-23
11.6639217237  8.19977974382e-23
12.0186280908  8.22969209657e-23
12.3841212763  8.25710838067e-23
12.7607293136  8.28519543148e-23
13.1487902114  8.30693532773e-23
13.5486522576  8.3174037161e-23
13.9606743317  8.3281365318e-23
14.3852262269  8.33737177219e-23
14.8226889821  8.34662892155e-23
15.2734552238  8.35358835632e-23
15.7379295184  8.35903617532e-23
16.2165287354  8.36147990138e-23
16.7096824217  8.36004482415e-23
17.2178331866  8.35467996138e-23
17.7414370999  8.34381518018e-23
18.2809641002  8.32760478573e-23
18.8368984177  8.30614572108e-23
19.4097390079  8.27778555443e-23
20  8.246e-23

