1 20000 251
251
1  0
1.04040904696  5.04622840402e-36
1.082450985  1.02963700886e-35
1.12619179768  1.5758664995e-35
1.17170013492  2.14416860329e-35
1.21904742069  2.73543525347e-35
1.26830796516  3.35059442549e-35
1.31955908129  3.99061159337e-35
1.37288120617  4.65649124505e-35
1.4283580273  5.34927845884e-35
1.4860766139  6.07006054369e-35
1.54612755358  6.81996874566e-35
1.6086050945  7.60018002337e-35
1.6736072933  8.41191889524e-35
1.74123616901  9.2564593613e-35
1.81159786313  1.01351269027e-34
1.88480280626  1.10493005621e-34
1.96096589137  1.20004151078e-34
2.04020665416  5.2289555532e-32
2.12264946065  1.59252008637e-31
2.20842370239  2.70536712533e-31
2.29766399949  3.86318325254e-31
2.39051041194  5.06778562601e-31
2.48710865943  6.32106483335e-31
2.58761035005  7.62498785904e-31
2.6921732182  8.98160117151e-31
2.8009613722  1.0393033935e-30
2.91414555182  1.18615013514e-30
3.03190339627  1.0273161736e-29
3.15441972299  4.4741602982e-29
3.28188681771  8.06028810888e-29
3.41450473624  1.17913279267e-28
3.55248161847  1.56731355077e-28
3.69603401502  1.97118032335e-28
3.8453872271  2.39136696731e-28
4.00077566014  2.90268740693e-28
4.16244319166  1.88132151439e-27
4.33064355406  3.53666721434e-27
4.50564073281  5.25890385642e-27
4.68770938077  7.05073443984e-27
4.87713524927  8.91497118945e-27
5.07421563659  1.90507109389e-26
5.27925985453  4.37131758391e-26
5.49258971391  6.93722274416e-26
5.71454002959  9.60681368652e-26
5.945459146  1.23842802546e-25
6.18570948383  2.66647115325e-25
6.43566810884  4.50027165588e-25
6.69572732367  6.40817428913e-25
6.96629528353  8.39317344949e-25
7.24779663678  1.51727891533e-24
7.54067319143  2.28935168968e-24
7.84538460853  3.09262318903e-24
8.1624091236  4.47633049518e-24
8.49224429718  6.45871261937e-24
8.83540779578  8.52120091592e-24
9.19243820431  1.13411697611e-23
9.56389587139  1.48749792858e-23
9.95036378878  1.85515866855e-23
10.3524485064  2.32898873065e-23
10.7707810842  2.83534523476e-23
11.2060180829  3.39828109012e-23
11.6588425938  4.02577391212e-23
12.1299653117  4.68906400613e-23
12.6201256496  5.40767171941e-23
13.1300928996  6.15045425783e-23
13.6606674402  6.9084767446e-23
14.2126819923  7.67047674214e-23
14.7870029263  8.41902462984e-23
15.384531622  9.13591042829e-23
16.0062058827  9.84512144227e-23
16.6530014079  1.04834352531e-22
17.3259333238  1.11072705387e-22
18.0260577771  1.17133707289e-22
18.7544735924  1.23887427197e-22
19.5123239965  1.30914058491e-22
20.3007984131  1.38224629258e-22
21.1211343295  1.45830613223e-22
21.9746192385  1.5374394775e-22
22.8625926593  1.61977052585e-22
23.7864482397  1.70542849339e-22
24.7476359436  1.75109553148e-22
25.7476643266  1.78349565218e-22
26.7881029035  1.81643272367e-22
27.8705846117  1.83834901069e-22
28.996808374  1.85802306133e-22
30.1685417653  1.87705443062e-22
31.3876237862  1.88795164143e-22
32.6559677498  1.89928919815e-22
33.9755642841  1.91484705948e-22
35.3484844568  1.92491029346e-22
36.7768830251  1.91243044334e-22
38.2630018183  1.89944629437e-22
39.8091732557  1.88593746831e-22
41.4178240072  1.87483922984e-22
43.0914788025  1.86370651607e-22
44.832764393  1.85212393994e-22
46.6444136747  1.84112691896e-22
48.5292699773  1.82979699856e-22
50.4902915267  1.81734099763e-22
52.5305560881  1.80229610883e-22
54.6532657959  1.78664327042e-22
56.8617521799  1.77539496361e-22
59.159481394  1.76466813512e-22
61.5500596558  1.75040202937e-22
64.0372389068  1.73380726352e-22
66.624922701  1.72191307584e-22
69.3171723311  1.7128492447e-22
72.118213203  1.70702796081e-22
75.032441467  1.70218178984e-22
78.0644309178  1.69713978972e-22
81.2189401726  1.6910882096e-22
84.5009201401  1.68346078481e-22
87.9155217902  1.67552514304e-22
91.4681042388  1.66870970492e-22
95.1642431583  1.66374734844e-22
99.009739529  1.65858446787e-22
103.010628743  1.65523396285e-22
107.173190077  1.65243968027e-22
111.503956548  1.64953248339e-22
116.009725165  1.64650780946e-22
120.697567597  1.64388860338e-22
125.574841273  1.64430407488e-22
130.649200932  1.64473633519e-22
135.928610627  1.64518606273e-22
141.421356237  1.64625935586e-22
147.136058463  1.64918020395e-22
153.081686359  1.65064399644e-22
159.267571411  1.65064399644e-22
165.703422184  1.64967230219e-22
172.399339552  1.64853151616e-22
179.36583256  1.64734463205e-22
186.613834911  1.64610978708e-22
194.154722129  1.6448250432e-22
202.000329413  1.64342430228e-22
210.162970211  1.6417721348e-22
218.655455543  1.64005320481e-22
227.491114114  1.6382648145e-22
236.683813228  1.63640415704e-22
246.247980551  1.63446831219e-22
256.198626761  1.63331172732e-22
266.551369101  1.63264841442e-22
277.322455892  1.63195829768e-22
288.528792035  1.63124029398e-22
300.187965542  1.63054298181e-22
312.318275138  1.63297350206e-22
324.938758985  1.63550223731e-22
338.069224556  1.63813315634e-22
351.730279727  1.64109916482e-22
365.943365117  1.64582625108e-22
380.730787743  1.65074435438e-22
396.115756024  1.65586119355e-22
412.122416211  1.65956962539e-22
428.775890281  1.6628894672e-22
446.102315367  1.66634346065e-22
464.128884777  1.66993702669e-22
482.883890678  1.6736758053e-22
502.396768493  1.67865107797e-22
522.698143103  1.69189191311e-22
543.819876914  1.70566779778e-22
565.795119858  1.72000035282e-22
588.658361426  1.73491207275e-22
612.445484796  1.7448029162e-22
637.193823152  1.74976167978e-22
662.942218274  1.75492082227e-22
689.731081504  1.76028844079e-22
717.602457167  1.7650091604e-22
746.600088557  1.76939635368e-22
776.769486596  1.77396082926e-22
808.158001257  1.77884873914e-22
840.814895881  1.784345937e-22
874.791424493  1.7900652714e-22
910.140912246  1.79515186307e-22
946.918839109  1.7982098274e-22
985.182926946  1.80139136115e-22
1024.99323011  1.80404053977e-22
1066.41222967  1.80638911521e-22
1109.50493154  1.80883259435e-22
1154.33896842  1.81137481216e-22
1200.98470601  1.81401975856e-22
1249.51535339  1.81677158473e-22
1300.00707798  1.81963460957e-22
1352.53912504  1.82261332652e-22
1407.19394206  1.82571241058e-22
1464.05730815  1.82893672567e-22
1523.21846867  1.83097477884e-22
1584.7702753  1.83097477884e-22
1648.80933177  1.83097477884e-22
1715.43614549  1.83097477884e-22
1784.75528525  1.83097477884e-22
1856.87554538  1.83097477884e-22
1931.9101165  1.83097477884e-22
2009.97676312  1.83067492592e-22
2091.19800853  1.8282338108e-22
2175.70132706  1.82569405254e-22
2263.61934415  1.82305166508e-22
2355.09004453  1.82030250125e-22
2450.25698873  1.81744224633e-22
2549.26953846  1.81446641124e-22
2652.28309095  1.81137032548e-22
2759.45932292  1.80814912986e-22
2870.96644429  1.80479776878e-22
2986.97946215  1.8013109824e-22
3107.68045551  1.79982988993e-22
3233.25886097  1.79855899879e-22
3363.91177012  1.79723675215e-22
3499.84423881  1.79586107478e-22
3641.26960901  1.79442980761e-22
3788.40984363  1.79294070429e-22
3941.49587491  1.79139142772e-22
4100.76796681  1.78977954637e-22
4266.47609215  1.78810253043e-22
4438.88032492  1.78635774787e-22
4618.25124841  1.78454246031e-22
4804.87037999  1.78265381871e-22
4999.03061281  1.7806888589e-22
5201.0366756  1.77983302616e-22
5411.20561086  1.77894857263e-22
5629.8672725  1.77802837918e-22
5857.36484349  1.77707100159e-22
6094.05537452  1.77607493729e-22
6340.31034432  1.77503862297e-22
6596.51624277  1.77396043218e-22
6863.0751774  1.77283867273e-22
7140.40550453  1.77140920209e-22
7428.94248588  1.76965575069e-22
7729.13897165  1.76783144399e-22
8041.46611132  1.76593341879e-22
8366.41409304  1.7639586962e-22
8704.49291301  1.76190417695e-22
9056.2331759  1.75976663654e-22
9422.18692758  1.75754272016e-22
9802.92852161  1.75522893744e-22
10199.0555206  1.75383393327e-22
10611.1896341  1.75342524239e-22
11039.9776943  1.7530000367e-22
11486.0926714  1.75255764885e-22
11950.2347295  1.75209738454e-22
12433.1323259  1.75161852138e-22
12935.5433539  1.75112030781e-22
13458.2563327  1.75060196191e-22
14002.0916449  1.75006267015e-22
14567.9028237  1.74950158612e-22
15156.577893  1.74891782922e-22
15769.0407609  1.74831048326e-22
16406.2526695  1.74767859503e-22
17069.213704  1.7470211728e-22
17758.9643622  1.74633718476e-22
18476.5871871  1.74562555741e-22
19223.2084664  1.74488517389e-22
20000  1.74411487217e-22

