1 20 101
101
1  0
1.03041055791  4.35758966422e-35
1.06174591785  8.84769606127e-35
1.09403420358  1.34743490989e-34
1.12730439408  1.82417012368e-34
1.16158634964  2.31540312128e-34
1.1969108386  2.82157478841e-34
1.23330956497  3.34313941834e-34
1.27081519692  3.88056511965e-34
1.30946139606  4.43433423637e-34
1.34928284767  5.00494378088e-34
1.39031529185  5.59290588e-34
1.43259555555  6.19874823457e-34
1.47616158565  6.82301459316e-34
1.52105248304  7.46626524e-34
1.56730853766  8.12907749788e-34
1.61497126471  8.81204624632e-34
1.66408344188  9.51578445543e-34
1.71468914776  1.02409237361e-33
1.76683380139  1.09881149069e-33
1.82056420303  1.1758028578e-33
1.87592857615  1.25513557534e-33
1.93297661076  1.33688084508e-33
1.99175950792  7.16743518972e-33
2.05233002578  3.7131394861e-31
2.11474252688  8.12460303154e-31
2.17905302696  1.26702216446e-30
2.24531924523  1.73540750557e-30
2.31360065617  2.21803670623e-30
2.3839585429  2.71534293014e-30
2.45645605223  3.22777251377e-30
2.53115825126  3.75578536694e-30
2.60813218585  4.29985538555e-30
2.68744694072  4.86047087696e-30
2.76917370155  5.43813499825e-30
2.85338581877  6.03336620775e-30
2.94015887345  6.64669873042e-30
3.02957074514  3.58680370359e-29
3.12170168173  1.25592543967e-28
3.21663437151  2.18045623212e-28
3.31445401734  3.13310252177e-28
3.41524841318  4.11471931658e-28
3.51910802283  5.12618762578e-28
3.62612606115  6.16841525057e-28
3.73639857773  7.2423375989e-28
3.85002454306  8.348918525e-28
3.96710593738  9.48915119444e-28
4.08774784223  3.17335177513e-27
4.21205853471  6.27928550448e-27
4.34014958471  9.47967241138e-27
4.472135955  1.27773848697e-26
4.60813610445  1.61753826036e-26
4.74827209431  1.96767153444e-26
4.89266969782  2.32845255674e-26
5.041458513  3.61285438738e-26
5.19477207907  7.3708887839e-26
5.35274799621  1.12432071031e-25
5.51552804914  1.52332847827e-25
5.68325833429  1.93447029507e-25
5.85608939099  2.3581151639e-25
6.03417633655  3.15785907398e-25
6.21767900547  5.50513485204e-25
6.40676209294  7.93232448515e-25
6.6015953026  1.04333263092e-24
6.80235349885  1.3010384994e-24
7.00921686386  1.61935274558e-24
7.22237105921  2.47594879731e-24
7.44200739256  3.38581866459e-24
7.66832298935  4.32335818215e-24
7.9015209697  5.28940879951e-24
8.14181063074  6.91052165709e-24
8.38940763443  9.02864717246e-24
8.64453420113  1.12111860665e-23
8.90741930907  1.34600971859e-23
9.17829889981  1.63823617653e-23
9.45741609003  1.97171702189e-23
9.74502138973  2.31533920581e-23
10.041372927  2.67505863349e-23
10.34673668  3.07727713772e-23
10.661386715  3.49225648288e-23
10.9856054331  3.92034426784e-23
11.3196838233  4.37122835517e-23
11.6639217237  4.83682732741e-23
12.0186280908  5.31670672706e-23
12.3841212763  5.81233143376e-23
12.7607293136  6.3230834878e-23
13.1487902114  6.84291640199e-23
13.5486522576  7.36786769194e-23
13.9606743317  7.90776163732e-23
14.3852262269  8.42952409007e-23
14.8226889821  8.96224873489e-23
15.2734552238  9.47381137268e-23
15.7379295184  9.97596800232e-23
16.2165287354  1.04603469309e-22
16.7096824217  1.09182401285e-22
17.2178331866  1.13607813335e-22
17.7414370999  1.1776575201e-22
18.2809641002  1.21772824353e-22
18.8368984177  1.25638791596e-22
19.4097390079  1.29326493497e-22
20  1.33005e-22

