0.5 20 151
151
0.5  0
0.512448710082  5.58307218998e-37
0.52520736093  1.13051484741e-36
0.538283669269  1.71696896956e-36
0.55168554395  2.31802428641e-36
0.565421090737  2.93404433002e-36
0.579498617203  3.56540168348e-36
0.59392663776  4.21247820625e-36
0.608713878807  4.87566526508e-36
0.623869284008  5.55536397077e-36
0.6394020197  6.25198542071e-36
0.655321480438  6.96595094759e-36
0.67163729468  7.69769237418e-36
0.688359330604  8.44765227451e-36
0.705497702082  9.2162842416e-36
0.723062774796  1.00040531617e-35
0.741065172505  1.08114354956e-35
0.759515783475  1.16389195667e-35
0.778425767058  1.24870058565e-35
0.797806560447  1.33562073069e-35
0.817669885593  1.4247049631e-35
0.83802775629  1.51600716308e-35
0.858892485448  1.60958255229e-35
0.880276692535  1.70548772728e-35
0.90219331121  1.80378069371e-35
0.924655597149  1.90452090143e-35
0.947677136058  2.00776928042e-35
0.971271851895  2.11358827769e-35
0.995454015286  2.45144489109e-33
1.02023825216  4.19965702775e-31
1.04563955259  9.47042117134e-31
1.07167327987  1.48724137444e-30
1.0983551798  2.04089019963e-30
1.1257013902  2.60832345224e-30
1.15372845069  3.18988432896e-30
1.18245331269  3.78592457117e-30
1.21189334964  4.39680467774e-30
1.24206636756  5.02289412298e-30
1.27299061578  5.66457158021e-30
1.30468479801  6.32222515069e-30
1.33716808361  6.99625259845e-30
1.37046011922  7.68706159077e-30
1.40458104063  8.39506994483e-30
1.43955148495  9.12070588036e-30
1.47539260312  9.86440827866e-30
1.51212607267  1.06266269481e-29
1.54977411084  1.14078228959e-29
1.58835948804  1.22084686075e-29
1.62790554158  1.30290483318e-29
1.66843618984  1.38700583743e-29
1.70997594668  1.47320073971e-29
1.75254993629  1.5615416727e-29
1.79618390842  1.65208206701e-29
1.84090425388  1.74487668356e-29
1.88673802057  1.83998164666e-29
1.93371292981  1.93745447799e-29
1.9818573931  2.03735413136e-29
2.03120052932  2.49498864752e-28
2.08177218234  6.20268478862e-28
2.13360293905  1.00026929984e-27
2.18672414789  1.38973116092e-27
2.24116793778  1.78888961759e-27
2.29696723759  2.19798609008e-27
2.35415579601  2.61726800932e-27
2.41276820199  3.04698896668e-27
2.47283990568  3.48740886726e-27
2.53440723981  3.93879408716e-27
2.59750744173  4.40141763454e-27
2.66217867588  4.87555931475e-27
2.72846005693  5.36150589959e-27
2.79639167337  5.85955130073e-27
2.86601461181  6.36999674749e-27
2.9373709818  6.893150969e-27
3.01050394131  9.2972598249e-27
3.08545772284  2.19318929168e-26
3.16227766017  3.50378105618e-26
3.24101021575  4.84700317451e-26
3.32170300885  6.2236680583e-26
3.40440484432  7.63460834612e-26
3.48916574214  9.08067740711e-26
3.57603696765  1.05627498571e-25
3.66507106256  1.20817220876e-25
3.75632187674  1.36385128079e-25
3.84984460077  1.52340636009e-25
3.94569579937  1.68693394924e-25
4.04393344553  2.56257592488e-25
4.14461695564  4.35698966081e-25
4.2478072254  6.19607966946e-25
4.35356666667  8.08095827479e-25
4.46195924519  1.00127654947e-24
4.57305051927  1.19926697307e-24
4.68690767949  1.40218684743e-24
4.80359958925  1.61015890316e-24
4.92319682653  1.82330892654e-24
5.04577172647  2.23132161385e-24
5.1713984252  2.975479027e-24
5.30015290463  3.73816403993e-24
5.43211303844  4.51983794208e-24
5.56735863914  5.32097350781e-24
5.70597150638  6.14205528233e-24
5.84803547643  6.98357987477e-24
5.99363647282  7.87433346027e-24
6.1428625584  9.35085647122e-24
6.29580398853  1.09214653938e-23
6.4525532657  1.25311784266e-23
6.6132051955  1.41809691612e-23
6.77785694388  1.58718354288e-23
6.94660809603  1.76047999044e-23
7.11956071652  1.96448829721e-23
7.29681941106  2.18565751557e-23
7.47849138981  2.41233327689e-23
7.66468653214  2.64465267988e-23
7.85551745316  2.88275623665e-23
8.0510995718  3.13248096102e-23
8.25155118063  3.40492075612e-23
8.45699351738  3.68414359928e-23
8.66755083831  3.97031837087e-23
8.88335049333  4.263618156e-23
9.10452300303  4.56672681073e-23
9.33120213764  4.88024898859e-23
9.5635249979  5.20157705985e-23
9.80163209803  5.5309053711e-23
10.0456674507  5.86588483102e-23
10.295778654  6.19828588654e-23
10.5521169811  6.53889543863e-23
10.8148374712  6.88798528986e-23
11.0840990237  7.23572851831e-23
11.3600644943  7.56947839873e-23
11.6429007931  7.91153779015e-23
11.9327789861  8.26207488513e-23
12.2298743982  8.57740167856e-23
12.5343667197  8.88734776198e-23
12.8464401144  9.20501070327e-23
13.1662833315  9.49487627994e-23
13.4940898196  9.75816356725e-23
13.8300578436  1.00280060288e-22
14.1743906047  1.02754647417e-22
14.5272963631  1.05000186759e-22
14.8889885645  1.07301634236e-22
15.2596859686  1.09405110511e-22
15.6396127818  1.11449116766e-22
16.0289987924  1.13521161123e-22
16.4280795102  1.15456908273e-22
16.8370963082  1.17433686458e-22
17.2562965694  1.19350498981e-22
17.6859338356  1.21243910413e-22
18.1262679613  1.23126884715e-22
18.5775652707  1.24909960385e-22
19.0400987189  1.26711511682e-22
19.5141480567  1.28360523016e-22
20  1.30044e-22

