4 20 101
101
4  0
4.06489836507  9.27331440508e-28
4.13084967959  1.86970845461e-27
4.19787102722  2.82737515058e-27
4.26597976883  3.80057959727e-27
4.33519354694  4.78957388832e-27
4.4055302903  5.79461420751e-27
4.47700821858  6.81596089509e-27
4.54964584702  7.85387851521e-27
4.6234619913  8.90863592449e-27
4.69847577235  9.98050634162e-27
4.77470662134  1.10697674182e-26
4.85217428469  1.21767013105e-26
4.93089882922  1.33015947527e-26
5.0109006473  1.45510726339e-26
5.09220046219  2.02156794983e-26
5.17481933334  2.73044848742e-26
5.2587786619  3.45083032198e-26
5.34410019626  4.6620306346e-26
5.43080603763  6.2854792724e-26
5.51891864584  7.93526770079e-26
5.60846084511  9.61182327211e-26
5.69945582996  1.13155802723e-25
5.79192717125  1.30469800335e-25
5.88589882225  1.48064710481e-25
5.98139512488  1.66233578758e-25
6.07844081599  2.47862551561e-25
6.17706103378  3.4647413899e-25
6.27728132428  4.46685659119e-25
6.37912764804  5.48523070202e-25
6.48262638677  6.52012751656e-25
6.58780435024  7.57181510892e-25
6.69468878317  8.64056590261e-25
6.80330737234  9.72665674109e-25
6.91368825372  1.090923635e-24
7.02586001978  1.31246331128e-24
7.13985172691  1.60412862799e-24
7.25569290288  1.90057949908e-24
7.3734135546  2.20184016438e-24
7.49304417576  2.50798866085e-24
7.61461575486  2.81910429153e-24
7.73815978314  3.13526764616e-24
7.86370826279  3.48538224933e-24
7.9912937152  3.91581860045e-24
8.12094918942  4.62901183467e-24
8.25270827072  5.3865797041e-24
8.38660508926  6.15643880257e-24
8.52267432896  6.93878855024e-24
8.66095123645  7.7338316028e-24
8.80147163025  8.54177390393e-24
8.94427191  9.49840752129e-24
9.08938906592  1.1050608701e-23
9.23686068839  1.28257452666e-23
9.38672497765  1.46296826975e-23
9.53902075375  1.64628882758e-23
9.69378746657  1.83258368654e-23
9.85106520605  2.02190110343e-23
10.0108947126  2.21981777799e-23
10.1733173875  2.46813295898e-23
10.3383753039  2.7223680364e-23
10.5061112176  2.98072797405e-23
10.6765685779  3.24327969608e-23
10.8497915392  3.51009121248e-23
11.0258249723  3.78123607208e-23
11.2047144759  4.05680375306e-23
11.3865063885  4.33684274159e-23
11.5712478006  4.62142524824e-23
11.7589865666  4.91062498975e-23
11.9497713174  5.20451687886e-23
12.1436514728  5.50319099584e-23
12.3406772544  5.80671593589e-23
12.5408996988  6.11516750464e-23
12.7443706706  6.4286295044e-23
12.9511428756  6.74717853238e-23
13.1612698752  7.07089524855e-23
13.3748060995  7.39986369877e-23
13.5918068618  7.73416534142e-23
13.8123283727  8.07388528161e-23
14.036427755  8.4201115347e-23
14.2641630582  8.77998185325e-23
14.4955932736  9.14586063749e-23
14.7307783496  9.50656358316e-23
14.9697792074  9.86960453256e-23
15.2126577564  1.01712887756e-22
15.4594769106  1.04664625466e-22
15.7103006046  1.07593677457e-22
15.9651938106  1.09520784461e-22
16.2242225547  1.11020578551e-22
16.4874539343  1.12476985128e-22
16.7549561354  1.13957021306e-22
17.0267984504  1.15460883362e-22
17.3030512959  1.16987825123e-22
17.5837862308  1.18539503255e-22
17.8690759753  1.20116356731e-22
18.1589944294  1.2172011341e-22
18.4536166918  1.23351008795e-22
18.75301908  1.25008398061e-22
19.0572791496  1.26692655572e-22
19.3664757145  1.28403883991e-22
19.6806888673  1.3014283511e-22
20  1.3191e-22

