1.192004 20 101
101
1.192004  0
1.22609814562  1.93199736559e-27
1.26116746479  3.91925444468e-27
1.29723984978  5.96335179632e-27
1.33434399065  8.06591518731e-27
1.37250939809  1.02286168852e-26
1.41176642683  1.24531769885e-26
1.45214629983  1.47413647945e-26
1.49368113311  1.70950002066e-26
1.53640396128  1.95159551817e-26
1.5803487638  2.20061552194e-26
1.62555049205  2.45675808928e-26
1.6720450971  2.72022694243e-26
1.71986955828  2.99123163056e-26
1.76906191264  3.26998769646e-26
1.81966128518  3.55671684794e-26
1.87170791995  3.85164713418e-26
1.9252432121  4.15501312712e-26
1.98030974076  4.46705610801e-26
2.03695130294  5.48928134592e-26
2.09521294832  6.92511198041e-26
2.15514101514  8.40201078139e-26
2.21678316702  9.92115239598e-26
2.28018843085  1.1483745069e-25
2.34540723582  1.30910316039e-25
2.41249145353  1.47442903512e-25
2.48149443919  1.64448362255e-25
2.55247107414  1.8194021751e-25
2.62547780944  1.99932381371e-25
2.70057271076  2.18439163852e-25
2.77781550463  2.3747528427e-25
2.85726762586  2.57055882946e-25
2.93899226648  2.77196533251e-25
3.02305442593  3.63932764331e-25
3.1095209628  6.32850818846e-25
3.198460648  9.09460568449e-25
3.28994421945  1.19398201389e-24
3.38404443833  1.48664144845e-24
3.48083614697  1.78767163797e-24
3.58039632837  2.0973120059e-24
3.68280416744  2.41580882381e-24
3.78814111394  2.74341540719e-24
3.89649094731  3.08039231699e-24
4.00793984326  3.65440454656e-24
4.12257644235  6.15565347597e-24
4.24049192045  8.80429733014e-24
4.36178006129  1.15286986895e-23
4.48653733105  1.43310243988e-23
4.61486295504  1.72135032793e-23
4.74685899667  2.01784279022e-23
4.88263043861  2.3277723155e-23
5.02228526626  2.64549468009e-23
5.1659345537  2.94612651099e-23
5.31369255194  3.25504962497e-23
5.46567677989  3.57280867376e-23
5.62200811775  3.89965638608e-23
5.78281090318  4.23585271929e-23
5.94821303022  4.58166506615e-23
6.11834605094  4.73804635264e-23
6.29334528016  4.80918454918e-23
6.47334990298  4.8823574671e-23
6.65850308556  4.95762239303e-23
6.84895208893  5.01470443802e-23
7.04484838615  5.06879034991e-23
7.24634778276  5.13229776237e-23
7.45361054071  5.19781895761e-23
7.66680150582  5.26521421466e-23
7.8860902389  5.33453713614e-23
8.1116511506  5.44245434934e-23
8.34366364011  5.59187872199e-23
8.5823122379  5.76534499996e-23
8.82778675242  5.98969365261e-23
9.0802824211  6.22733959971e-23
9.34000006562  6.4869640056e-23
9.60714625166  6.75401428615e-23
9.88193345313  7.02870283902e-23
10.1645802212  7.2964512071e-23
10.4553113582  7.5429542201e-23
10.7543580963  7.78682803875e-23
11.0619582814  8.02952855069e-23
11.3783565623  8.2413436891e-23
11.7038045856  8.43605610156e-23
12.0385611954  8.63241628804e-23
12.3828926393  8.81010388812e-23
12.7370727803  8.99229592358e-23
13.1013833147  9.17427656468e-23
13.4761139956  9.34699730917e-23
13.861562864  9.52366133109e-23
14.2580364856  9.68722668758e-23
14.6658501945  9.85006088707e-23
15.085328344  1.00030937118e-22
15.516804565  1.01360084808e-22
15.9606220307  1.02709289296e-22
16.4171337301  1.03882487669e-22
16.8867027484  1.04931333216e-22
17.3697025559  1.0585227211e-22
17.8665173051  1.06732502376e-22
18.3775421362  1.07523770289e-22
18.9031834912  1.08249783757e-22
19.4438594375  1.08920980276e-22
20  1.095697e-22

