0.2 20 151
151
0.2  0
0.206235454919  5.04121980775e-36
0.212665314327  1.02396111097e-35
0.219295639229  1.56000740848e-35
0.22613267959  2.11276616859e-35
0.233182880236  2.68275844036e-35
0.240452886923  3.27052151769e-35
0.247949552606  3.87660944589e-35
0.255679943893  4.50159354385e-35
0.263651347711  5.14606294265e-35
0.271871278176  5.81062514086e-35
0.280347483669  6.49590657721e-35
0.289087954149  7.20255322107e-35
0.298100928677  7.93123118139e-35
0.307394903187  8.68262733457e-35
0.316978638492  9.45744997194e-35
0.326861168545  1.02564294674e-34
0.33705180895  1.10803189661e-34
0.34756016575  1.19298950938e-34
0.358396144475  1.28059586898e-34
0.369569959484  1.37093355611e-34
0.381092143593  1.46408772611e-34
0.392973557999  1.56014618926e-34
0.405225402524  1.65919949348e-34
0.417859226171  1.76134100977e-34
0.430886938006  1.86666702016e-34
0.444320818391  1.9752768085e-34
0.458173530554  2.08727275404e-34
0.472458132527  2.20276042792e-34
0.487188089458  2.32184869272e-34
0.502377286302  1.37013643055e-31
0.518040040906  9.73714087421e-31
0.534191117512  1.84525387876e-30
0.550845740668  2.7439659055e-30
0.568019609583  3.67069732387e-30
0.585728912925  4.62632170215e-30
0.60399034408  5.61173984408e-30
0.622821116889  6.627880638e-30
0.642238981873  7.67570193249e-30
0.662262242965  8.75619143919e-30
0.682909774767  9.87036766395e-30
0.704201040337  1.10192808668e-29
0.72615610954  1.22040140521e-29
0.748795677965  1.34256839892e-29
0.772141086431  1.46854422654e-29
0.796214341107  1.59844763713e-29
0.821038134255  1.73240108202e-29
0.846635865618  1.87053083024e-29
0.87303166448  2.01296708756e-29
0.900250412412  2.15984411918e-29
0.928317766723  2.31130037635e-29
0.957260184645  2.46747862684e-29
0.987104948279  2.62852608952e-29
1.0178801903  2.20033852644e-28
1.0496149205  5.62674334356e-28
1.08233905309  9.15997412452e-28
1.11608343495  1.28033614118e-27
1.15087987467  1.65603395849e-27
1.18676117255  2.04344500982e-27
1.2237611515  2.44293448187e-27
1.26191468896  2.85487894689e-27
1.30125774973  3.27966671762e-27
1.34182741991  3.71769821332e-27
1.38366194184  4.16938633723e-27
1.42680075014  4.63515686582e-27
1.47128450892  5.11544885008e-27
1.51715515006  5.61071502941e-27
1.56445591277  6.12142225842e-27
1.61323138435  6.64805194693e-27
1.66352754221  7.19110051386e-27
1.71539179718  7.75107985508e-27
1.76887303828  8.32851782598e-27
1.82402167871  8.92395873906e-27
1.88088970345  9.53796387699e-27
1.93953071822  1.01711120217e-26
2  1.12251743553e-26
2.06235454919  1.78531036207e-26
2.12665314327  2.5101355535e-26
2.19295639229  3.25755881897e-26
2.2613267959  4.02828470481e-26
2.33182880236  4.82303972324e-26
2.40452886923  5.64257303711e-26
2.47949552606  6.48765716615e-26
2.55679943893  7.35908871513e-26
2.63651347711  8.2576891248e-26
2.71871278176  9.18430544619e-26
2.80347483669  1.01398111391e-25
2.89087954149  1.11251068953e-25
2.98100928677  1.21765959124e-25
3.07394903187  2.5494597091e-25
3.16978638492  4.25231504885e-25
3.26861168545  6.00826077711e-25
3.3705180895  7.81895210752e-25
3.4756016575  9.68609585874e-25
3.58396144475  1.16114520634e-24
3.69569959484  1.35968356271e-24
3.81092143593  1.56441180394e-24
3.92973557999  1.77552291376e-24
4.05225402524  2.30615756846e-24
4.17859226171  3.28725874757e-24
4.30886938006  4.29894798755e-24
4.44320818391  5.34217894077e-24
4.58173530554  6.41793499187e-24
4.72458132527  7.52723018478e-24
4.87188089458  8.67111017853e-24
5.02377286302  1.00689806221e-23
5.18040040906  1.26209201439e-23
5.34191117512  1.52663952656e-23
5.50845740668  1.79943490916e-23
5.68019609583  2.08073530832e-23
5.85728912925  2.37080588726e-23
6.0399034408  2.70025714154e-23
6.22821116889  3.15053468257e-23
6.42238981873  3.61508962623e-23
6.62262242965  4.09412812692e-23
6.82909774767  4.5881017425e-23
7.04201040337  5.05159080194e-23
7.2615610954  5.34246605092e-23
7.48795677965  5.64151211024e-23
7.72141086431  5.94988161066e-23
7.96214341107  6.26733829446e-23
8.21038134255  6.55065716591e-23
8.46635865618  6.83389631942e-23
8.7303166448  7.12596609779e-23
9.00250412412  7.4230150226e-23
9.28317766723  7.6761725817e-23
9.57260184645  7.93352856187e-23
9.87104948279  8.1989082001e-23
10.178801903  8.43711953896e-23
10.496149205  8.65640017767e-23
10.8233905309  8.88251738906e-23
11.1608343495  9.08783569039e-23
11.5087987467  9.26802174623e-23
11.8676117255  9.45382551221e-23
12.237611515  9.61770522521e-23
12.6191468896  9.77076996832e-23
13.0125774973  9.92621651645e-23
13.4182741991  1.00603948032e-22
13.8366194184  1.01972518399e-22
14.2680075014  1.03243484614e-22
14.7128450892  1.04465898305e-22
15.1715515006  1.05653514136e-22
15.6445591277  1.06752310854e-22
16.1323138435  1.0783826133e-22
16.6352754221  1.08827586755e-22
17.1539179718  1.09803582193e-22
17.6887303828  1.10702067043e-22
18.2402167871  1.11580040411e-22
18.8088970345  1.12420549817e-22
19.3953071822  1.1323192101e-22
20  1.14041e-22

