0.2 20 151
151
0.2  0
0.206235454919  7.96793449805e-38
0.212665314327  1.61842874779e-37
0.219295639229  2.46568039507e-37
0.22613267959  3.33934703961e-37
0.233182880236  4.24025222903e-37
0.240452886923  5.16924518693e-37
0.247949552606  6.12720161336e-37
0.255679943893  7.11502451035e-37
0.263651347711  8.13364503305e-37
0.271871278176  9.1840233675e-37
0.280347483669  1.02671496357e-36
0.289087954149  1.1384044829e-36
0.298100928677  1.25357617704e-36
0.307394903187  1.37233861072e-36
0.316978638492  1.4948037334e-36
0.326861168545  1.62108698484e-36
0.33705180895  1.75130740388e-36
0.34756016575  1.88558774069e-36
0.358396144475  2.02405457243e-36
0.369569959484  2.16683842261e-36
0.381092143593  2.31407388409e-36
0.392973557999  2.46589974598e-36
0.405225402524  2.62245912446e-36
0.417859226171  2.78389959768e-36
0.430886938006  2.95037334485e-36
0.444320818391  3.12203728976e-36
0.458173530554  3.29905324861e-36
0.472458132527  3.48158808262e-36
0.487188089458  3.66981385527e-36
0.502377286302  1.15009490744e-32
0.518040040906  8.183476397e-32
0.534191117512  1.55097215708e-31
0.550845740668  2.3064379102e-31
0.568019609583  3.08545702656e-31
0.585728912925  3.88876383582e-31
0.60399034408  4.71711556206e-31
0.622821116889  5.57129303753e-31
0.642238981873  6.4521014387e-31
0.662262242965  7.36037104525e-31
0.682909774767  8.29695802274e-31
0.704201040337  9.2627452296e-31
0.72615610954  1.02586430494e-30
0.748795677965  1.1285590249e-30
0.772141086431  1.23445548634e-30
0.796214341107  1.34365351085e-30
0.821038134255  1.45625603214e-30
0.846635865618  1.57236919316e-30
0.87303166448  1.69210244609e-30
0.900250412412  1.81556865552e-30
0.928317766723  1.94288420487e-30
0.957260184645  2.07416910605e-30
0.987104948279  2.20954711266e-30
1.0178801903  1.20957135884e-28
1.0496149205  3.3161297182e-28
1.08233905309  5.48836482596e-28
1.11608343495  7.72832430417e-28
1.15087987467  1.00381196141e-27
1.18676117255  1.24199280467e-27
1.2237611515  1.48759947748e-27
1.26191468896  1.74086349697e-27
1.30125774973  2.00202359834e-27
1.34182741991  2.2713259599e-27
1.38366194184  2.54902443514e-27
1.42680075014  2.83538079199e-27
1.47128450892  3.13066495961e-27
1.51715515006  3.43515528281e-27
1.56445591277  3.74913878443e-27
1.61323138435  4.0729114359e-27
1.66352754221  4.40677843622e-27
1.71539179718  4.7510544997e-27
1.76887303828  5.10606415254e-27
1.82402167871  5.47214203881e-27
1.88088970345  5.84963323586e-27
1.93953071822  6.23889357962e-27
2  7.15356896421e-27
2.06235454919  1.51861499468e-26
2.12665314327  2.39984465158e-26
2.19295639229  3.30854864747e-26
2.2613267959  4.24558355736e-26
2.33182880236  5.21183266194e-26
2.40452886923  6.20820678019e-26
2.47949552606  7.23564512791e-26
2.55679943893  8.29511620313e-26
2.63651347711  9.38761869898e-26
2.71871278176  1.05141824451e-25
2.80347483669  1.16758693786e-25
2.89087954149  1.28737745445e-25
2.98100928677  1.41416691736e-25
3.07394903187  2.67060469042e-25
3.16978638492  4.26943720879e-25
3.26861168545  5.91811696761e-25
3.3705180895  7.61819806799e-25
3.4756016575  9.37128306367e-25
3.58396144475  1.11790244716e-24
3.69569959484  1.30431263299e-24
3.81092143593  1.49653458036e-24
3.92973557999  1.69474948417e-24
4.05225402524  2.1548682292e-24
4.17859226171  2.98391742425e-24
4.30886938006  3.83881411369e-24
4.44320818391  4.72036415197e-24
4.58173530554  5.62939851787e-24
4.72458132527  6.5667740978e-24
4.87188089458  7.53337449359e-24
5.02377286302  8.68858276157e-24
5.18040040906  1.06858492379e-23
5.34191117512  1.27555273344e-23
5.50845740668  1.48897323533e-23
5.68019609583  1.7090476068e-23
5.85728912925  1.93598329739e-23
6.0399034408  2.18410014915e-23
6.22821116889  2.49135768043e-23
6.42238981873  2.80830578162e-23
6.62262242965  3.1351354608e-23
6.82909774767  3.47215479863e-23
7.04201040337  3.81875393402e-23
7.2615610954  4.17237768464e-23
7.48795677965  4.53700830973e-23
7.72141086431  4.91300712395e-23
7.96214341107  5.30041345192e-23
8.21038134255  5.67356530494e-23
8.46635865618  6.0530212111e-23
8.7303166448  6.44430751824e-23
9.00250412412  6.84016599716e-23
9.28317766723  7.15013064423e-23
9.57260184645  7.46293132499e-23
9.87104948279  7.78548427847e-23
10.178801903  8.06648095422e-23
10.496149205  8.31785524292e-23
10.8233905309  8.57706669684e-23
11.1608343495  8.80823272419e-23
11.5087987467  9.00569869199e-23
11.8676117255  9.2093211105e-23
12.237611515  9.3885571092e-23
12.6191468896  9.55572301821e-23
13.0125774973  9.72603036244e-23
13.4182741991  9.87902873321e-23
13.8366194184  1.00354940287e-22
14.2680075014  1.0186811325e-22
14.7128450892  1.0336543657e-22
15.1715515006  1.04852830356e-22
15.6445591277  1.06288881512e-22
16.1323138435  1.07725115064e-22
16.6352754221  1.09082608364e-22
17.1539179718  1.10436095296e-22
17.6887303828  1.11718575458e-22
18.2402167871  1.12980505225e-22
18.8088970345  1.14200893036e-22
19.3953071822  1.15364850796e-22
20  1.16518e-22

