0.2 20000 301
301
0.2  0
0.207824460767  2.01594369892e-41
0.215955032466  4.11075575975e-41
0.22440369086  6.28752169449e-41
0.233182880236  8.54944772752e-41
0.242305531726  1.08998655181e-40
0.251785082359  1.33422370675e-40
0.261635494852  1.58801598189e-40
0.271871278176  1.85173719552e-40
0.282507508925  2.12577579059e-40
0.293559853524  2.41053540685e-40
0.305044591308  2.70643547534e-40
0.316978638492  3.01391183621e-40
0.329379573097  3.33341738069e-40
0.342265660832  3.66542271815e-40
0.355655882008  4.01041686931e-40
0.369569959484  4.36890798647e-40
0.384028387728  4.74142410204e-40
0.399052462994  5.12851390626e-40
0.414664314697  5.53074755542e-40
0.430886938006  5.94871751161e-40
0.447744227714  6.38303941542e-40
0.465261013431  6.83435299271e-40
0.483463096161  7.3033229969e-40
0.502377286302  4.60906114183e-35
0.522031443137  4.27137233032e-34
0.542454515866  8.23091276352e-34
0.563676586253  1.23453595406e-33
0.585728912925  1.66207729546e-33
0.608643977422  2.10634503912e-33
0.632455532034  2.56799356043e-33
0.65719864952  3.04770283546e-33
0.682909774767  3.5461794425e-33
0.709626778467  4.06415760281e-33
0.737389012904  4.60240026209e-33
0.766237369911  5.16170021423e-33
0.796214341107  5.74288126902e-33
0.827364080478  6.34679946563e-33
0.859732469416  6.97434433341e-33
0.893367184302  7.62644020219e-33
0.928317766723  8.30404756367e-33
0.964635696448  9.00816448622e-33
1.00237446725  1.37246439533e-30
1.04158966572  2.38791212186e-29
1.08233905309  4.72662903083e-29
1.12468265038  7.15684193331e-29
1.16868282675  9.68213036334e-29
1.21440439138  1.23062138946e-28
1.26191468896  1.50329576191e-28
1.31128369884  1.786637784e-28
1.36258413812  2.08106479877e-28
1.41589156877  2.38701047667e-28
1.47128450892  2.70492545434e-28
1.52884454851  3.03527799835e-28
1.58865646945  3.37855469497e-28
1.65080837054  3.73526116681e-28
1.71539179718  4.10592281763e-28
1.78250187627  4.49108560616e-28
1.85223745626  4.89131685034e-28
1.9247012528  5.30720606285e-28
2  5.7393658195e-28
2.07824460767  4.49446128683e-27
2.15955032466  8.5683659504e-27
2.2440369086  1.280165115e-26
2.33182880236  1.72005522194e-26
2.42305531726  2.1771548433e-26
2.51785082359  2.65213725493e-26
2.61635494852  3.14570207279e-26
2.71871278176  3.65857628341e-26
2.82507508925  4.19151531473e-26
2.93559853524  4.74530414875e-26
3.05044591308  8.54919959466e-26
3.16978638492  1.67847269895e-25
3.29379573097  2.53424471893e-25
3.42265660832  3.42349651189e-25
3.55655882008  4.34753788368e-25
3.69569959484  5.30772988278e-25
3.84028387728  6.305486805e-25
3.99052462994  7.34227827669e-25
4.14664314697  1.2692839173e-24
4.30886938006  1.85396425467e-24
4.47744227714  2.46151863384e-24
4.65261013431  3.09284194003e-24
4.83463096161  3.74886406842e-24
5.02377286302  4.58724991827e-24
5.22031443137  6.59110839482e-24
5.42454515866  8.67336243153e-24
5.63676586253  1.08370790433e-23
5.85728912925  1.30854452338e-23
6.08643977422  1.58440976439e-23
6.32455532034  1.94352056757e-23
6.5719864952  2.31668061271e-23
6.82909774767  2.70443953851e-23
7.09626778467  3.12453170686e-23
7.37389012904  3.592720404e-23
7.66237369911  4.0792257216e-23
7.96214341107  4.58476424805e-23
8.27364080478  5.03935329575e-23
8.59732469416  5.50155940844e-23
8.93367184302  5.9818480891e-23
9.28317766723  6.39869487194e-23
9.64635696448  6.81183510765e-23
10.0237446725  7.23580223477e-23
10.4158966572  7.59377304327e-23
10.8233905309  7.96574849451e-23
11.2468265038  8.32531372961e-23
11.6868282675  8.67889881433e-23
12.1440439138  9.03563531842e-23
12.6191468896  9.38219622745e-23
13.1128369884  9.73186436205e-23
13.6258413812  1.00585574217e-22
14.1589156877  1.03810114891e-22
14.7128450892  1.06744403277e-22
15.2884454851  1.09514599946e-22
15.8865646945  1.12104671147e-22
16.5080837054  1.14423108484e-22
17.1539179718  1.16666215142e-22
17.8250187627  1.18733033307e-22
18.5223745626  1.21744045239e-22
19.247012528  1.25173362534e-22
20  1.28736842622e-22
20.7824460767  1.32439734261e-22
21.5955032466  1.36287491552e-22
22.440369086  1.40285781973e-22
23.3182880236  1.44440494726e-22
24.2305531726  1.48089347483e-22
25.1785082359  1.49321491764e-22
26.1635494852  1.48336450515e-22
27.1871278176  1.47156932334e-22
28.2507508925  1.45206956697e-22
29.3559853524  1.43180693521e-22
30.5044591308  1.40822928695e-22
31.6978638492  1.38038317685e-22
32.9379573097  1.35144766277e-22
34.2265660832  1.32546867834e-22
35.5655882008  1.307172059e-22
36.9569959484  1.30021502026e-22
38.4028387728  1.29532387076e-22
39.9052462994  1.29031584567e-22
41.4664314697  1.27826854824e-22
43.0886938006  1.26529044959e-22
44.7744227714  1.25180461783e-22
46.5261013431  1.23473898657e-22
48.3463096161  1.21653690384e-22
50.2377286302  1.19857362822e-22
52.2031443137  1.18678113412e-22
54.2454515866  1.17452729048e-22
56.3676586253  1.159058731e-22
58.5728912925  1.14141686966e-22
60.8643977422  1.1269746079e-22
63.2455532034  1.11864056379e-22
65.719864952  1.10998047267e-22
68.2909774767  1.10098157883e-22
70.9626778467  1.09163062754e-22
73.7389012904  1.08191384548e-22
76.6237369911  1.07181692053e-22
79.6214341107  1.06132498061e-22
82.7364080478  1.0545271839e-22
85.9732469416  1.04805350612e-22
89.3367184302  1.04132656314e-22
92.8317766723  1.03490280199e-22
96.4635696448  1.02836557464e-22
100.237446725  1.02197625533e-22
104.158966572  1.02158410334e-22
108.233905309  1.02117660947e-22
112.468265038  1.0207531735e-22
116.868282675  1.02031317173e-22
121.440439138  1.01971191217e-22
126.191468896  1.01876170622e-22
131.128369884  1.01777432602e-22
136.258413812  1.01674831724e-22
141.589156877  1.016e-22
147.128450892  1.016e-22
152.884454851  1.016e-22
158.865646945  1.016e-22
165.080837054  1.016e-22
171.539179718  1.016e-22
178.250187627  1.016e-22
185.223745626  1.01495525087e-22
192.47012528  1.01350597494e-22
200  1.012e-22
207.824460767  1.01090457549e-22
215.955032466  1.00976629545e-22
224.40369086  1.00858348328e-22
233.182880236  1.00735439677e-22
242.305531726  1.00607722556e-22
251.785082359  1.005e-22
261.635494852  1.005e-22
271.871278176  1.005e-22
282.507508925  1.005e-22
293.559853524  1.005e-22
305.044591308  1.005e-22
316.978638492  1.005e-22
329.379573097  1.005e-22
342.265660832  1.005e-22
355.655882008  1.0055655882e-22
369.569959484  1.00695699595e-22
384.028387728  1.00840283877e-22
399.052462994  1.0099052463e-22
414.664314697  1.01733215735e-22
430.886938006  1.025443469e-22
447.744227714  1.03387211386e-22
465.261013431  1.04263050672e-22
483.463096161  1.05173154808e-22
502.377286302  1.06059432158e-22
522.031443137  1.06550786078e-22
542.454515866  1.07061362897e-22
563.676586253  1.07591914656e-22
585.728912925  1.08143222823e-22
608.643977422  1.08629659661e-22
632.455532034  1.08986832981e-22
657.19864952  1.09357979743e-22
682.909774767  1.09743646622e-22
709.626778467  1.10096267785e-22
737.389012904  1.10373890129e-22
766.237369911  1.10662373699e-22
796.214341107  1.10962143411e-22
827.364080478  1.11273640805e-22
859.732469416  1.11597324694e-22
893.367184302  1.11933671843e-22
928.317766723  1.12198224367e-22
964.635696448  1.12452449875e-22
1002.37446725  1.12710922549e-22
1041.58966572  1.12891312462e-22
1082.33905309  1.13078759644e-22
1124.68265038  1.13273540192e-22
1168.68282675  1.13475941003e-22
1214.40439138  1.136862602e-22
1261.91468896  1.13904807569e-22
1311.28369884  1.14131905015e-22
1362.58413812  1.14367887035e-22
1415.89156877  1.14613101216e-22
1471.28450892  1.14867908741e-22
1528.84454851  1.15057689097e-22
1588.65646945  1.15177312939e-22
1650.80837054  1.15301616741e-22
1715.39179718  1.15430783594e-22
1782.50187627  1.15565003753e-22
1852.23745626  1.15704474913e-22
1924.7012528  1.15849402506e-22
2000  1.16e-22
2078.24460767  1.15843510785e-22
2159.55032466  1.15680899351e-22
2244.0369086  1.15511926183e-22
2331.82880236  1.15336342395e-22
2423.05531726  1.15153889365e-22
2517.85082359  1.14964298353e-22
2616.35494852  1.14767290103e-22
2718.71278176  1.14562574436e-22
2825.07508925  1.14349849822e-22
2935.59853524  1.1412880293e-22
3050.44591308  1.13899108174e-22
3169.78638492  1.1366042723e-22
3293.79573097  1.13412408538e-22
3422.65660832  1.13154686783e-22
3556.55882008  1.1288688236e-22
3695.69959484  1.1260860081e-22
3840.28387728  1.12319432245e-22
3990.52462994  1.1201895074e-22
4146.64314697  1.11706713706e-22
4308.86938006  1.1138226124e-22
4477.44227714  1.11045115446e-22
4652.61013431  1.10694779731e-22
4834.63096161  1.10330738077e-22
5023.77286302  1.09982170353e-22
5220.31443137  1.09834764176e-22
5424.54515866  1.09681591131e-22
5636.76586253  1.09522425603e-22
5857.28912925  1.09357033153e-22
6086.43977422  1.09185170169e-22
6324.55532034  1.0900658351e-22
6571.9864952  1.08821010129e-22
6829.09774767  1.08628176689e-22
7096.26778467  1.08483955369e-22
7373.89012904  1.08437684978e-22
7662.37369911  1.08389604383e-22
7962.14341107  1.08339642765e-22
8273.64080478  1.08287726533e-22
8597.32469416  1.08233779218e-22
8933.67184302  1.08177721359e-22
9283.17766723  1.08119470389e-22
9646.35696448  1.08058940506e-22
10023.7446725  1.07997625533e-22
10415.8966572  1.07958410334e-22
10823.3905309  1.07917660947e-22
11246.8265038  1.0787531735e-22
11686.8282675  1.07831317173e-22
12144.0439138  1.07785595609e-22
12619.1468896  1.07738085311e-22
13112.8369884  1.07688716301e-22
13625.8413812  1.07637415862e-22
14158.9156877  1.07584108431e-22
14712.8450892  1.07528715491e-22
15288.4454851  1.07471155451e-22
15886.5646945  1.07411343531e-22
16508.0837054  1.07349191629e-22
17153.9179718  1.07284608203e-22
17825.0187627  1.07217498124e-22
18522.3745626  1.07147762544e-22
19247.012528  1.07075298747e-22
20000  1.07e-22

