0.5 20 151
151
0.5  0
0.512448710082  1.01676831391e-41
0.52520736093  2.05885153574e-41
0.538283669269  3.12687994139e-41
0.55168554395  4.22149949901e-41
0.565421090737  5.34337225967e-41
0.579498617203  6.49317675782e-41
0.59392663776  7.67160842168e-41
0.608713878807  8.8793799938e-41
0.623869284008  1.01172219622e-40
0.6394020197  1.13858830022e-40
0.655321480438  1.26861304292e-40
0.67163729468  1.40187506626e-40
0.688359330604  1.5384549702e-40
0.705497702082  1.67843536139e-40
0.723062774796  1.82190090319e-40
0.741065172505  1.96893836687e-40
0.759515783475  2.11963668406e-40
0.778425767058  2.27408700057e-40
0.797806560447  2.4323827315e-40
0.817669885593  2.59461961776e-40
0.83802775629  2.76089578394e-40
0.858892485448  2.9313117977e-40
0.880276692535  3.10597073055e-40
0.90219331121  3.28497822024e-40
0.924655597149  3.46844253461e-40
0.947677136058  3.6564746371e-40
0.971271851895  3.84918825385e-40
0.995454015286  3.22286611282e-36
1.02023825216  5.57070433752e-34
1.04563955259  1.25625645855e-33
1.07167327987  1.97285041158e-33
1.0983551798  2.70728570535e-33
1.1257013902  3.46000654321e-33
1.15372845069  4.23146818804e-33
1.18245331269  5.02213723758e-33
1.21189334964  5.83249190665e-33
1.24206636756  6.66302231641e-33
1.27299061578  7.51423079074e-33
1.30468479801  8.3866321601e-33
1.33716808361  9.2807540729e-33
1.37046011922  1.01971373146e-32
1.40458104063  1.1136336135e-32
1.43955148495  1.2098918583e-32
1.47539260312  1.30854668506e-32
1.51212607267  1.4096577625e-32
1.54977411084  1.51328624492e-32
1.58835948804  1.6194948092e-32
1.62790554158  1.72834769274e-32
1.66843618984  1.83991073225e-32
1.70997594668  1.95425140363e-32
1.75254993629  2.07143886275e-32
1.79618390842  2.19154398727e-32
1.84090425388  2.31463941955e-32
1.88673802057  2.44079961052e-32
1.93371292981  2.57010086478e-32
1.9818573931  2.70262138669e-32
2.03120052932  1.85086501445e-30
2.08177218234  4.80624077914e-30
2.13360293905  7.835197776e-30
2.18672414789  1.09395679879e-29
2.24116793778  1.41212290092e-29
2.29696723759  1.73821051819e-29
2.35415579601  2.07241687587e-29
2.41276820199  2.41494410966e-29
2.47283990568  2.76599938791e-29
2.53440723981  3.12579503692e-29
2.59750744173  3.49454866938e-29
2.66217867588  3.87248331597e-29
2.72846005693  4.25982756024e-29
2.79639167337  4.65681567691e-29
2.86601461181  5.06368777353e-29
2.9373709818  5.48068993568e-29
3.01050394131  1.1246650661e-28
3.08545772284  4.62241232114e-28
3.16227766017  8.25203382931e-28
3.24101021575  1.19720235492e-27
3.32170300885  1.57846314162e-27
3.40440484432  1.96921633831e-27
3.48916574214  2.36969828152e-27
3.57603696765  2.78015119194e-27
3.66507106256  3.20082332093e-27
3.75632187674  3.63196910067e-27
3.84984460077  4.07384929804e-27
3.94569579937  4.52673117234e-27
4.04393344553  8.42912214437e-27
4.14461695564  1.67843321558e-26
4.2478072254  2.53475653414e-26
4.35356666667  3.41240009416e-26
4.46195924519  4.31189471464e-26
4.57305051927  5.23378443063e-26
4.68690767949  6.17862682223e-26
4.80359958925  7.14699335184e-26
4.92319682653  8.1394697098e-26
5.04577172647  1.15838347488e-25
5.1713984252  1.92880666694e-25
5.30015290463  2.71841140893e-25
5.43211303844  3.52767527193e-25
5.56735863914  4.35708771736e-25
5.70597150638  5.20715039294e-25
5.84803547643  6.07837743611e-25
5.99363647282  7.09908321857e-25
6.1428625584  1.06921289962e-24
6.29580398853  1.46336864393e-24
6.4525532657  1.86733784941e-24
6.6132051955  2.28136484594e-24
6.77785694388  2.70570004657e-24
6.94660809603  3.14060009897e-24
7.11956071652  4.10434063899e-24
7.29681941106  5.32916276657e-24
7.47849138981  6.58447980528e-24
7.66468653214  7.87105099975e-24
7.85551745316  9.18965449782e-24
8.0510995718  1.08033359336e-23
8.25155118063  1.3217154162e-23
8.45699351738  1.56910702369e-23
8.66755083831  1.82265804399e-23
8.88335049333  2.08252183056e-23
9.10452300303  2.37379683401e-23
9.33120213764  2.70085175621e-23
9.5635249979  3.03604950222e-23
9.80163209803  3.37959280736e-23
10.0456674507  3.72986918991e-23
10.295778654  4.08106731468e-23
10.5521169811  4.44096119912e-23
10.8148374712  4.80981551282e-23
11.0840990237  5.1802415447e-23
11.3600644943  5.5427139113e-23
11.6429007931  5.9142109047e-23
11.9327789861  6.29494267564e-23
12.2298743982  6.66864366287e-23
12.5343667197  7.0466769698e-23
12.8464401144  7.43412233081e-23
13.1662833315  7.81985526739e-23
13.4940898196  8.20444111731e-23
13.8300578436  8.59860216272e-23
14.1743906047  8.98802407972e-23
14.5272963631  9.37260701197e-23
14.8889885645  9.76676506707e-23
15.2596859686  1.01406125491e-22
15.6396127818  1.05105697028e-22
16.0289987924  1.08839240977e-22
16.4280795102  1.12187751592e-22
16.8370963082  1.15601405789e-22
17.2562965694  1.18768916e-22
17.6859338356  1.21799577276e-22
18.1262679613  1.24783466812e-22
18.5775652707  1.27530062238e-22
19.0400987189  1.30309096416e-22
19.5141480567  1.32883569283e-22
20  1.35513e-22

