1.98201 20000 251
251
1.98201  0
2.05646602053  1.14245410678e-25
2.13371904964  2.62928888705e-25
2.21387415953  4.1719779773e-25
2.29704036952  5.77261959583e-25
2.38333079435  7.43339078242e-25
2.47286279799  9.15655035936e-25
2.56575815334  1.09444420037e-24
2.66214320777  1.27994974347e-24
2.76214905502  1.47242397217e-24
2.8659117135  1.6721286715e-24
2.97357231127  1.87933546074e-24
3.08527727796  3.34278096955e-24
3.20117854402  5.25419632157e-24
3.32143374726  7.23741574153e-24
3.44620644733  9.29513661498e-24
3.57566634813  1.14301576572e-23
3.70998952864  1.36453827199e-23
3.84935868243  1.59438247406e-23
3.9939633661  1.83286098403e-23
4.14400025712  2.1074649184e-23
4.29967342133  2.39356624087e-23
4.4611945905  2.69041522148e-23
4.6287834503  2.99841560587e-23
4.80266793907  3.31798630673e-23
4.98308455788  3.64956197359e-23
5.17027869218  3.89371893136e-23
5.36450494555  4.13763973096e-23
5.56602748597  4.39077999327e-23
5.77512040515  4.65342970132e-23
5.9920680913  4.92533845257e-23
6.21716561593  5.13507451553e-23
6.4507191352  5.3499999083e-23
6.69304630627  5.57168107357e-23
6.94447671942  5.80159244971e-23
7.20535234626  6.02954015556e-23
7.47602800491  6.26307708594e-23
7.75687184252  6.50538704496e-23
8.04826583606  6.75329793666e-23
8.35060631178  6.99247891591e-23
8.66430448432  7.24064494766e-23
8.98978701596  7.49698178158e-23
9.32749659693  7.67632398148e-23
9.67789254755  7.85960082383e-23
10.0414514429  8.04417426869e-23
10.4186677611  8.18442898203e-23
10.8100545556  8.30378779463e-23
11.2161441535  8.40018148838e-23
11.6374888789  8.47525732216e-23
12.0746618048  8.54888622153e-23
12.528257532  8.60361862217e-23
12.998892998  8.66041225982e-23
13.4872083162  8.70389801196e-23
13.9938676465  8.74897817004e-23
14.5195600985  8.77761598356e-23
15.0650006688  8.80461697121e-23
15.6309312135  8.81325882132e-23
16.2181214574  8.8025153733e-23
16.8273700405  8.78112954511e-23
17.4595056045  8.74930481199e-23
18.1153879197  8.69340797924e-23
18.7959090547  8.58238093467e-23
19.5019945893  8.4671830575e-23
20.2346048735  8.3476576666e-23
20.9947363339  8.22364219494e-23
21.7834228286  8.09496796853e-23
22.6017370537  7.96145997698e-23
23.450792002  7.82293663548e-23
24.3317424768  7.72227525077e-23
25.2457866629  7.68402386691e-23
26.1941677559  7.62237909587e-23
27.1781756529  7.55693378545e-23
28.1991487077  7.4820624281e-23
29.2584755502  7.40437845965e-23
30.3575969754  7.31781627221e-23
31.4980079035  7.21517928868e-23
32.6812594123  7.10868665289e-23
33.9089608476  6.99819352372e-23
35.1827820114  6.87989397875e-23
36.5044554336  6.7345099023e-23
37.8757787282  6.5836643399e-23
39.298617038  6.42715212582e-23
40.7749055718  6.27250944282e-23
42.3066522361  6.11933477639e-23
43.8959403665  5.96040596335e-23
45.5449315608  5.83365205318e-23
47.2558686192  5.78232394142e-23
49.0310785949  5.72906764215e-23
50.8729759588  5.6301619233e-23
52.7840658838  5.4772747293e-23
54.7669476517  5.31864418786e-23
56.824318189  5.15405454488e-23
58.9589757343  4.98328194125e-23
61.173823645  4.88239264532e-23
63.4718743456  4.84792188482e-23
65.8562534249  4.81215619863e-23
68.3302038878  4.77504694168e-23
70.897090565  4.73654364152e-23
73.5604046908  4.69659392964e-23
76.3237686504  4.65514347024e-23
79.1909409075  4.61213588639e-23
82.1658211158  4.56967850438e-23
85.2524554232  4.52646562408e-23
88.4550419746  4.48162941236e-23
91.7779366225  4.43333095066e-23
95.2256588504  4.38161511724e-23
98.8028979208  4.32795653119e-23
102.514519253  4.29994192299e-23
106.365571038  4.28453771585e-23
110.361291111  4.26855483556e-23
114.507114066  4.25197154374e-23
118.808678657  4.23476528537e-23
123.271835461  4.23327183546e-23
127.902654837  4.23790265484e-23
132.707435183  4.24270743518e-23
137.692711503  4.2476927115e-23
142.865264292  4.25e-23
148.232128763  4.25e-23
153.800604413  4.25e-23
159.578264949  4.25e-23
165.572968593  4.25e-23
171.79286877  4.25e-23
178.246425191  4.25e-23
184.942415369  4.24258637695e-23
191.88994655  4.23216508018e-23
199.098468101  4.22135229785e-23
206.577784364  4.22e-23
214.338067992  4.22e-23
222.38987378  4.22e-23
230.744153025  4.22e-23
239.41226842  4.22e-23
248.406009507  4.22e-23
257.737608713  4.20452478257e-23
267.419757988  4.18516048402e-23
277.465626067  4.16506874787e-23
287.888876378  4.14422224724e-23
298.703685632  4.12259262874e-23
309.924763098  4.12793981048e-23
321.567370614  4.13725389649e-23
333.647343342  4.14691787467e-23
346.181111307  4.15694488905e-23
359.185721743  4.17102286609e-23
372.678862277  4.18721463473e-23
386.678884991  4.20401466199e-23
401.204831378  4.22216869648e-23
416.276458242  4.24929762484e-23
431.91426457  4.27744567623e-23
448.139519411  4.30665113494e-23
464.974290808  4.33695372345e-23
482.441475807  4.36839465645e-23
500.564831605  4.40112966321e-23
519.369007859  4.43873801572e-23
538.879580212  4.47775916042e-23
559.123085081  4.51824617016e-23
580.127055747  4.56025411149e-23
601.920059804  4.60230407176e-23
624.531738013  4.62943808562e-23
647.99284462  4.65759141354e-23
672.335289178  4.68680234701e-23
697.592179957  4.71711061595e-23
723.797868964  4.72951914759e-23
750.987998675  4.74039519947e-23
779.199550506  4.7516798202e-23
808.470895114  4.76254126853e-23
838.841844585  4.77165255338e-23
870.353706583  4.78110611198e-23
903.049340532  4.79030493405e-23
936.973215909  4.79369732159e-23
972.171472727  4.79721714727e-23
1008.69198429  4.80208607623e-23
1046.58442232  4.81118026136e-23
1085.90032447  4.82061607787e-23
1126.69316449  4.83040635948e-23
1169.0184249  4.84056442198e-23
1212.93367247  4.85110408139e-23
1258.49863653  4.86203967277e-23
1305.77529019  4.87338606964e-23
1354.82793463  4.88515870431e-23
1405.72328657  4.89737358878e-23
1458.53056902  4.91004733656e-23
1513.32160538  4.92106572843e-23
1570.1709172  4.92561367338e-23
1629.15582547  4.93033246604e-23
1690.35655583  4.93522852447e-23
1753.85634767  4.94030850781e-23
1819.74156733  4.94557932539e-23
1888.1018256  4.95104814605e-23
1959.03009956  4.95672240797e-23
2032.62285909  4.95739017127e-23
2108.98019801  4.95128158416e-23
2188.20597029  4.94494352238e-23
2270.40793125  4.9383673655e-23
2355.69788414  4.93154416927e-23
2444.19183221  4.92446465342e-23
2536.01013647  4.91711918908e-23
2631.27767941  4.90949778565e-23
2730.12403483  4.90159007721e-23
2832.6836441  4.89338530847e-23
2939.09599901  4.88487232008e-23
3049.50583147  4.87603953348e-23
3164.06331038  4.86687493517e-23
3282.92424589  4.85736606033e-23
3406.25030128  4.8474999759e-23
3534.20921286  4.83726326297e-23
3666.97501813  4.82664199855e-23
3804.72829244  4.8156217366e-23
3947.65639464  4.80418748843e-23
4095.95372187  4.79232370225e-23
4249.82197399  4.78001424208e-23
4409.4704279  4.76724236577e-23
4575.11622217  4.75399070223e-23
4746.98465237  4.74024122781e-23
4925.30947753  4.7259752418e-23
5110.33323803  4.72e-23
5302.30758552  4.72e-23
5501.49362516  4.72e-23
5708.16227077  4.72e-23
5922.59461329  4.72e-23
6145.08230311  4.72e-23
6375.92794672  4.72e-23
6615.44551831  4.72e-23
6863.9607868  4.72e-23
7121.81175891  4.71675168643e-23
7389.3491389  4.7096173563e-23
7666.93680554  4.70221501852e-23
7954.95230706  4.69453460515e-23
8253.78737462  4.68656567001e-23
8563.84845514  4.67829737453e-23
8885.55726405  4.66971847296e-23
9219.35135896  4.66081729709e-23
9565.68473468  4.65158174041e-23
9925.02844079  4.64199924158e-23
10297.8712223  4.63880851511e-23
10684.7201842  4.63726111926e-23
11086.1014817  4.63565559407e-23
11502.5610351  4.63398975586e-23
11934.665273  4.63226133891e-23
12383.0019022  4.63046799239e-23
12848.1807075  4.62860727717e-23
13330.8343805  4.62667666248e-23
13831.6193807  4.62467352248e-23
14351.216828  4.62259513269e-23
14890.3334292  4.62043866628e-23
15449.7024392  4.61820119024e-23
16030.0846582  4.61587966137e-23
16632.2694668  4.61347092213e-23
17257.075899  4.6109716964e-23
17905.353757  4.60837858497e-23
18577.9847664  4.60568806093e-23
19275.8837755  4.6028964649e-23
20000  4.6e-23

