0.2 20 151
151
0.2  0
0.206235454919  1.27552257967e-40
0.212665314327  2.59081247705e-40
0.219295639229  3.94710952873e-40
0.22613267959  5.34569222602e-40
0.233182880236  6.78787892011e-40
0.240452886923  8.27502906477e-40
0.247949552606  9.80854449786e-40
0.255679943893  1.13898707627e-39
0.263651347711  1.30204984707e-39
0.271871278176  1.47019647065e-39
0.280347483669  1.64358544769e-39
0.289087954149  1.82238022048e-39
0.298100928677  2.00674932699e-39
0.307394903187  2.19686655976e-39
0.316978638492  2.39291112971e-39
0.326861168545  2.59506783504e-39
0.33705180895  2.80352723549e-39
0.34756016575  3.01848583191e-39
0.358396144475  3.24014625151e-39
0.369569959484  3.46871743888e-39
0.381092143593  3.70441485293e-39
0.392973557999  3.94746066997e-39
0.405225402524  4.19808399319e-39
0.417859226171  4.45652106858e-39
0.430886938006  4.72301550763e-39
0.444320818391  4.99781851698e-39
0.458173530554  5.28118913522e-39
0.472458132527  5.57339447703e-39
0.487188089458  5.87470998502e-39
0.502377286302  1.7626758811e-34
0.518040040906  1.25455004809e-33
0.534191117512  2.37773124937e-33
0.550845740668  3.53593017939e-33
0.568019609583  4.73023859548e-33
0.585728912925  5.96178229301e-33
0.60399034408  7.23172216656e-33
0.622821116889  8.54125530428e-33
0.642238981873  9.89161611621e-33
0.662262242965  1.1284077498e-32
0.682909774767  1.27199520306e-32
0.704201040337  1.42005932178e-32
0.72615610954  1.57273967619e-32
0.748795677965  1.73018018793e-32
0.772141086431  1.89252926574e-32
0.796214341107  2.05993994533e-32
0.821038134255  2.23257003365e-32
0.846635865618  2.41058225763e-32
0.87303166448  2.5941444176e-32
0.900250412412  2.78342954543e-32
0.928317766723  2.97861606768e-32
0.957260184645  3.17988797372e-32
0.987104948279  3.38743498925e-32
1.0178801903  2.51230960144e-29
1.0496149205  6.9651213932e-29
1.08233905309  1.15567597209e-28
1.11608343495  1.62915528176e-28
1.15087987467  2.11739638588e-28
1.18676117255  2.62085951696e-28
1.2237611515  3.14001925634e-28
1.26191468896  3.67536498147e-28
1.30125774973  4.22740132727e-28
1.34182741991  4.79664866181e-28
1.38366194184  5.38364357681e-28
1.42680075014  5.98893939346e-28
1.47128450892  6.61310668399e-28
1.51715515006  7.25673380954e-28
1.56445591277  7.92042747471e-28
1.61323138435  8.60481329953e-28
1.66352754221  9.31053640914e-28
1.71539179718  1.00382620419e-27
1.76887303828  1.07886761766e-27
1.82402167871  1.15624861788e-27
1.88088970345  1.23604214679e-27
1.93953071822  1.31832342046e-27
2  1.88499058043e-27
2.06235454919  9.1242114527e-27
2.12665314327  1.70859739349e-26
2.19295639229  2.52959624723e-26
2.2613267959  3.37619160767e-26
2.33182880236  4.24918150413e-26
2.40452886923  5.14938884631e-26
2.47949552606  6.07766219999e-26
2.55679943893  7.03487658691e-26
2.63651347711  8.02193430962e-26
2.71871278176  9.03976580199e-26
2.80347483669  1.00893305063e-25
2.89087954149  1.11716177776e-25
2.98100928677  1.23172585582e-25
3.07394903187  2.37101940763e-25
3.16978638492  3.82089672002e-25
3.26861168545  5.31597725551e-25
3.3705180895  6.85767032739e-25
3.4756016575  8.4474291875e-25
3.58396144475  1.00867523961e-24
3.69569959484  1.17771852346e-24
3.81092143593  1.35203211618e-24
3.92973557999  1.53178033165e-24
4.05225402524  1.99343825378e-24
4.17859226171  2.85261292764e-24
4.30886938006  3.73857432624e-24
4.44320818391  4.65215758664e-24
4.58173530554  5.59422388321e-24
4.72458132527  6.56566123939e-24
4.87188089458  7.56738536478e-24
5.02377286302  8.79683361734e-24
5.18040040906  1.10640433847e-23
5.34191117512  1.34145142469e-23
5.50845740668  1.58382663846e-23
5.68019609583  1.83375845083e-23
5.85728912925  2.09148245594e-23
6.0399034408  2.36692700795e-23
6.22821116889  2.68625493834e-23
6.42238981873  3.01561493883e-23
6.62262242965  3.3552434865e-23
6.82909774767  3.70546072666e-23
7.04201040337  4.05836148857e-23
7.2615610954  4.38869126893e-23
7.48795677965  4.72915868264e-23
7.72141086431  5.0802409424e-23
7.96214341107  5.44164632148e-23
8.21038134255  5.76228397267e-23
8.46635865618  6.08238616314e-23
8.7303166448  6.41246826749e-23
9.00250412412  6.74858475862e-23
9.28317766723  7.04035506231e-23
9.57260184645  7.33741135714e-23
9.87104948279  7.64372905765e-23
10.178801903  7.93685688319e-23
10.496149205  8.22221240364e-23
10.8233905309  8.51646453151e-23
11.1608343495  8.8083330824e-23
11.5087987467  9.09621446714e-23
11.8676117255  9.39307120886e-23
12.237611515  9.6772682247e-23
12.6191468896  9.95773487855e-23
13.0125774973  1.02429264199e-22
13.4182741991  1.0493098226e-22
13.8366194184  1.07485398169e-22
14.2680075014  1.09789268562e-22
14.7128450892  1.11957406965e-22
15.1715515006  1.14029138779e-22
15.6445591277  1.15882382662e-22
16.1323138435  1.17708460151e-22
16.6352754221  1.19356162283e-22
17.1539179718  1.20991359317e-22
17.6887303828  1.22521457625e-22
18.2402167871  1.24028636493e-22
18.8088970345  1.25488438688e-22
19.3953071822  1.26898879813e-22
20  1.28306e-22

