3.43 20 101
101
3.43  0
3.49101310237  6.10729286492e-27
3.55311151048  4.54347727509e-25
3.61631452981  9.9502427673e-25
3.68064180929  1.54531842177e-24
3.74611334734  2.10540124115e-24
3.81274949811  2.67544685656e-24
3.88057097784  3.25563248699e-24
3.94959887123  3.84613850379e-24
4.01985463806  4.27823233409e-24
4.09136011986  4.28159008851e-24
4.16413754663  4.28500757091e-24
4.23820954384  4.28848584376e-24
4.3135991394  4.29202598839e-24
4.39032977085  4.29562910538e-24
4.46842529264  4.29929631489e-24
4.54790998355  4.32233092282e-24
4.62880855422  4.35872249765e-24
4.71114615486  4.39576140859e-24
4.79494838303  4.43345917052e-24
4.88024129165  4.47182750312e-24
4.96705139705  4.51087833455e-24
5.05540568725  4.97617846169e-24
5.14533163032  5.70732543434e-24
5.23685718294  6.45147810528e-24
5.33001079909  7.25850009002e-24
5.4248214389  8.31147760064e-24
5.52131857761  9.46296289166e-24
5.61953221481  1.0911362061e-23
5.71949288371  1.23859758509e-23
5.82123166062  1.38868201836e-23
5.92478017469  1.54143616502e-23
6.03017061764  1.71430594385e-23
6.13743575385  1.93439920077e-23
6.24660893051  2.15840749338e-23
6.35772408799  2.38640046264e-23
6.47081577039  2.61844898827e-23
6.58591913629  2.87391199486e-23
6.70306996966  3.1405868886e-23
6.82230469102  3.41200541575e-23
6.94366036873  3.68825195643e-23
7.06717473051  3.93749580287e-23
7.1928861752  4.16383654094e-23
7.3208337847  4.37075790388e-23
7.45105733605  4.57539286811e-23
7.5835973139  4.75719957509e-23
7.71849492301  4.92646855542e-23
7.85579210111  5.09874850531e-23
7.99553153192  5.27308729014e-23
8.13775665842  5.43242722551e-23
8.28251169634  5.59291337243e-23
8.42984164795  5.7562542592e-23
8.57979231601  5.91507347611e-23
8.73241031802  6.06130606055e-23
8.88774310073  6.21013984139e-23
9.04583895485  6.35362958127e-23
9.20674703013  6.47975287065e-23
9.37051735055  6.60811965074e-23
9.53720082996  6.73347437723e-23
9.70684928786  6.84244506198e-23
9.8795154655  6.9533274826e-23
10.0552530423  7.05854443916e-23
10.2341166526  7.14868168237e-23
10.4161619024  7.24042229377e-23
10.6014453871  7.32546734523e-23
10.7900247086  7.40502066348e-23
10.9819584935  7.48566598684e-23
11.1773064112  7.55684874301e-23
11.3761291927  7.6277728056e-23
11.5784886489  7.69783305217e-23
11.7844476907  7.76285677772e-23
11.9940703476  7.82514919609e-23
12.2074217884  7.88196103422e-23
12.424568341  7.93918479663e-23
12.645577513  7.99392502936e-23
12.8705180131  8.04779243068e-23
13.0994597721  8.10025406959e-23
13.3324739645  8.15051662899e-23
13.5696330312  8.20009155476e-23
13.8110107016  8.24571349623e-23
14.0566820164  8.28720299841e-23
14.3067233513  8.32121315339e-23
14.5612124407  8.35185035197e-23
14.8202284014  8.37065289646e-23
15.0838517579  8.38671821269e-23
15.3521644667  8.39533784468e-23
15.6252499426  8.40267119632e-23
15.9031930838  8.40865140641e-23
16.1860802989  8.41308402223e-23
16.4739995334  8.41721013825e-23
16.7670402972  8.4205430343e-23
17.0652936926  8.42338874385e-23
17.3688524421  8.4247465573e-23
17.677810918  8.42528505792e-23
17.9922651708  8.42504982947e-23
18.31231296  8.42215248876e-23
18.6380537837  8.41727727868e-23
18.9695889101  8.41265573952e-23
19.3070214086  8.41191762928e-23
19.6504561823  8.41454590583e-23
20  8.4293e-23

