2 20 101
101
2  0
2.04658598456  4.65859845615e-44
2.0942570961  9.42570961018e-44
2.14303861048  1.43038610475e-43
2.19295639229  1.92956392286e-43
2.2440369086  2.44036908604e-43
2.29630724299  2.96307242994e-43
2.34979510988  3.49795109879e-43
2.40452886923  4.04528869235e-43
2.46053754162  4.60537541625e-43
2.51785082359  5.17850823588e-43
2.57649910339  5.76499103386e-43
2.63651347711  6.36513477113e-43
2.69792576518  6.97925765183e-43
2.76076852921  7.60768529206e-43
2.82507508925  8.25075089246e-43
2.89087954149  8.90879541492e-43
2.95821677634  9.58216776336e-43
3.02712249687  1.81325662479e-29
3.09763323782  6.5272056669e-29
3.16978638492  1.13509566877e-28
3.24362019472  1.62870673037e-28
3.31917381488  2.13381547062e-28
3.39648730492  3.12340832337e-28
3.4756016575  4.92767466854e-28
3.55655882008  6.77396777575e-28
3.63940171722  8.66326657406e-28
3.72417427333  1.05965727947e-27
3.81092143593  1.25749115022e-27
3.89968919952  1.4599331638e-27
3.99052462994  1.92771779912e-27
4.08347588934  1.23077346635e-26
4.17859226171  2.44075644857e-26
4.275924179  3.67892355505e-26
4.3755232479  4.94593127838e-26
4.47744227714  6.24245140284e-26
4.58173530554  7.56917136054e-26
4.68845763064  8.92679459598e-26
4.79766583804  1.0316040939e-25
4.90941783137  1.17376469863e-25
5.02377286302  1.32887472906e-25
5.14079156554  1.52605137423e-25
5.26053598379  1.80405415332e-25
5.38306960785  2.15800827444e-25
5.50845740668  2.52020704617e-25
5.63676586253  2.89084251109e-25
5.76806300625  3.27011118504e-25
5.90241845333  3.65821416128e-25
6.0399034408  4.43091662875e-25
6.18059086503  6.16141886262e-25
6.32455532034  7.93222967168e-25
6.47187313859  9.74428796324e-25
6.62262242965  1.15988079965e-24
6.77688312278  1.44991582382e-24
6.93473700905  1.77888658015e-24
7.09626778467  2.30466476164e-24
7.2615610954  2.97390389756e-24
7.43070458194  3.65873161551e-24
7.60378792641  4.3595110202e-24
7.78090289989  5.15202533816e-24
7.96214341107  6.23312134758e-24
8.14760555608  7.68975378134e-24
8.33738766941  9.27373419918e-24
8.53159037603  1.08946102607e-23
8.7303166448  1.25532413757e-23
8.93367184302  1.46297442532e-23
9.1417637923  1.72660744862e-23
9.35470282574  2.01156267611e-23
9.57260184645  2.30315536352e-23
9.79557638737  2.60154011715e-23
10.0237446725  2.91409653161e-23
10.2572276798  3.28337177342e-23
10.496149205  3.66258801817e-23
10.7406359274  4.05063734398e-23
10.9908174772  4.44776013003e-23
11.2468265038  4.85492979945e-23
11.5087987467  5.27168282707e-23
11.7768731071  5.69814327974e-23
12.0511917215  6.13048373806e-23
12.3319000372  6.55549878431e-23
12.6191468896  6.98013001388e-23
12.9130845807  7.40397257504e-23
13.2138689602  7.83655055218e-23
13.5216595078  8.27517222153e-23
13.8366194184  8.7233267636e-23
14.1589156877  9.17607419897e-23
14.4887192015  9.63321726573e-23
14.826204826  1.00921749422e-22
15.1715515006  1.05016687366e-22
15.5249423326  1.08635409486e-22
15.8865646945  1.12338422472e-22
16.2566103233  1.14852336404e-22
16.6352754221  1.16847901474e-22
17.022760764  1.1882378088e-22
17.4192717991  1.20233690375e-22
17.8250187627  1.21568132788e-22
18.2402167871  1.22839030851e-22
18.6650860159  1.24075400306e-22
19.0998517204  1.2543427414e-22
19.5447444191  1.27144659422e-22
20  1.2892e-22

