1 20 101
101
1  0
1.03041055791  4.22119831199e-35
1.06174591785  8.5707656197e-35
1.09403420358  1.30526056959e-34
1.12730439408  1.76707410293e-34
1.16158634964  2.24293164347e-34
1.1969108386  2.7332602773e-34
1.23330956497  3.23850007845e-34
1.27081519692  3.75910450383e-34
1.30946139606  4.29554080024e-34
1.34928284767  4.8482904237e-34
1.39031529185  5.4178494716e-34
1.43259555555  6.00472912791e-34
1.47616158565  6.609456122e-34
1.52105248304  7.23257320135e-34
1.56730853766  7.87463961874e-34
1.61497126471  8.53623163409e-34
1.66408344188  9.21794303175e-34
1.71468914776  9.92038565333e-34
1.76683380139  1.06441899469e-33
1.82056420303  1.13900055329e-33
1.87592857615  1.2158501787e-33
1.93297661076  1.29503684409e-33
1.99175950792  7.17063724418e-33
2.05233002578  3.74335368621e-31
2.11474252688  8.19138774305e-31
2.17905302696  1.27746889972e-30
2.24531924523  1.74973709995e-30
2.31360065617  2.23636723964e-30
2.3839585429  2.73779607337e-30
2.45645605223  3.25447363769e-30
2.53115825126  3.78686365499e-30
2.60813218585  4.33544394976e-30
2.68744694072  4.90070687734e-30
2.76917370155  5.48315976592e-30
2.85338581877  6.08332537179e-30
2.94015887345  6.70174234859e-30
3.02957074514  3.70210431912e-29
3.12170168173  1.30155449675e-28
3.21663437151  2.26122125421e-28
3.31445401734  3.25007201317e-28
3.41524841318  4.2689942754e-28
3.51910802283  5.3189025321e-28
3.62612606115  6.40073908463e-28
3.73639857773  7.5154748903e-28
3.85002454306  8.66411043374e-28
3.96710593738  9.8476766249e-28
4.08774784223  3.33850115808e-27
4.21205853471  6.62588250351e-27
4.34014958471  1.00132349497e-26
4.472135955  1.35035986736e-26
4.60813610445  1.71001063057e-26
4.74827209431  2.08059857415e-26
4.89266969782  2.46245630384e-26
5.041458513  3.83247858013e-26
5.19477207907  7.84920355607e-26
5.35274799621  1.19880793795e-25
5.51552804914  1.62528207259e-25
5.68325833429  2.06472552359e-25
5.85608939099  2.51753269511e-25
6.03417633655  3.37083386054e-25
6.21767900547  5.87188112775e-25
6.40676209294  8.4580707291e-25
6.6015953026  1.11229077991e-24
6.80235349885  1.38687840511e-24
7.00921686386  1.7243621851e-24
7.22237105921  2.6184845096e-24
7.44200739256  3.56793723687e-24
7.66832298935  4.54626335129e-24
7.9015209697  5.55434090867e-24
8.14181063074  7.20552783712e-24
8.38940763443  9.34517448404e-24
8.64453420113  1.15498889792e-23
8.90741930907  1.38216500723e-23
9.17829889981  1.67354512872e-23
9.45741609003  2.00444134889e-23
9.74502138973  2.34540030774e-23
10.041372927  2.70299902547e-23
10.34673668  3.10651664858e-23
10.661386715  3.5228930399e-23
10.9856054331  3.95280416844e-23
11.3196838233  4.41324658531e-23
11.6639217237  4.88948250868e-23
12.0186280908  5.38058860158e-23
12.3841212763  5.89030991019e-23
12.7607293136  6.41570825081e-23
13.1487902114  6.94894393562e-23
13.5486522576  7.48490702646e-23
13.9606743317  8.03595266188e-23
14.3852262269  8.56261036434e-23
14.8226889821  9.09944278443e-23
15.2734552238  9.61156041793e-23
15.7379295184  1.01118317464e-22
16.2165287354  1.05935662711e-22
16.7096824217  1.10478594468e-22
17.2178331866  1.14878456671e-22
17.7414370999  1.19025923268e-22
18.2809641002  1.23038500989e-22
18.8368984177  1.26925593736e-22
19.4097390079  1.3064284862e-22
20  1.34355e-22

