0.2 20 151
151
0.2  0
0.206235454919  1.77740603213e-42
0.212665314327  3.61022674018e-42
0.219295639229  5.50018980272e-42
0.22613267959  7.44907676264e-42
0.233182880236  9.45872470646e-42
0.240452886923  1.15310279961e-41
0.247949552606  1.36679400544e-41
0.255679943893  1.58714752067e-41
0.263651347711  1.81437105795e-41
0.271871278176  2.04867880585e-41
0.280347483669  2.29029163075e-41
0.289087954149  2.53943728503e-41
0.298100928677  2.79635062179e-41
0.307394903187  3.0612738162e-41
0.316978638492  3.33445659378e-41
0.326861168545  3.61615646584e-41
0.33705180895  3.90663897216e-41
0.34756016575  4.20617793134e-41
0.358396144475  4.5150556989e-41
0.369569959484  4.83356343344e-41
0.381092143593  5.16200137108e-41
0.392973557999  5.50067910849e-41
0.405225402524  5.84991589472e-41
0.417859226171  6.21004093213e-41
0.430886938006  6.58139368672e-41
0.444320818391  6.9643242081e-41
0.458173530554  7.35919345951e-41
0.472458132527  7.76637365799e-41
0.487188089458  8.18624862533e-41
0.502377286302  1.19507628987e-35
0.518040040906  8.5059236103e-35
0.534191117512  1.61211882557e-34
0.550845740668  2.39738760981e-34
0.568019609583  3.20713893456e-34
0.585728912925  4.04213609872e-34
0.60399034408  4.90316619875e-34
0.622821116889  5.79104087064e-34
0.642238981873  6.70659705498e-34
0.662262242965  7.65069778589e-34
0.682909774767  8.62423300452e-34
0.704201040337  9.628120398e-34
0.72615610954  1.06633062644e-33
0.748795677965  1.17307664048e-33
0.772141086431  1.28315070431e-33
0.796214341107  1.39665657746e-33
0.821038134255  1.51370125438e-33
0.846635865618  1.63439506533e-33
0.87303166448  1.75885178037e-33
0.900250412412  1.88718871659e-33
0.928317766723  2.01952684871e-33
0.957260184645  2.15599092312e-33
0.987104948279  2.29670957544e-33
1.0178801903  4.47670781942e-30
1.0496149205  1.24180270929e-29
1.08233905309  2.0606935058e-29
1.11608343495  2.90511508553e-29
1.15087987467  3.77586342873e-29
1.18676117255  4.67375933213e-29
1.2237611515  5.59964918266e-29
1.26191468896  6.5544057553e-29
1.30125774973  7.53892903578e-29
1.34182741991  8.55414706892e-29
1.38366194184  9.60101683345e-29
1.42680075014  1.06805251441e-28
1.47128450892  1.17936895818e-28
1.51715515006  1.29415594528e-28
1.56445591277  1.41252167779e-28
1.61323138435  1.53457773126e-28
1.66352754221  1.66043915981e-28
1.71539179718  1.79022460469e-28
1.76887303828  1.92405640602e-28
1.82402167871  2.06206071817e-28
1.88088970345  2.20436762865e-28
1.93953071822  2.35111128076e-28
2  3.20722025467e-28
2.06235454919  1.38245551651e-27
2.12665314327  2.54996733355e-27
2.19295639229  3.75387898709e-27
2.2613267959  4.99532532485e-27
2.33182880236  6.27547657597e-27
2.40452886923  7.59553945416e-27
2.47949552606  8.95675829519e-27
2.55679943893  1.03604162298e-26
2.63651347711  1.18078363933e-26
2.71871278176  1.33003831727e-26
2.80347483669  1.48394634928e-26
2.89087954149  1.64265281427e-26
2.98100928677  1.8094446793e-26
3.07394903187  3.06339008341e-26
3.16978638492  4.64786999978e-26
3.26861168545  6.2817496816e-26
3.3705180895  7.96656927891e-26
3.4756016575  9.70391695944e-26
3.58396144475  1.14954304057e-25
3.69569959484  1.33427983586e-25
3.81092143593  1.52477622094e-25
3.92973557999  1.72121176413e-25
4.05225402524  2.41048229233e-25
4.17859226171  3.79611206135e-25
4.30886938006  5.22494199017e-25
4.44320818391  6.69831894203e-25
4.58173530554  8.2176317717e-25
4.72458132527  9.78431263465e-25
4.87188089458  1.13998383371e-24
5.02377286302  1.43956117132e-24
5.18040040906  2.42490066296e-24
5.34191117512  3.44947166426e-24
5.50845740668  4.50598599701e-24
5.68019609583  5.59543956722e-24
5.85728912925  6.71885933055e-24
6.0399034408  8.28477694449e-24
6.22821116889  1.13844350973e-23
6.42238981873  1.45839419539e-23
6.62262242965  1.78832007143e-23
6.82909774767  2.1285321371e-23
7.04201040337  2.4834975135e-23
7.2615610954  2.86643379337e-23
7.48795677965  3.26139012037e-23
7.72141086431  3.66866010922e-23
7.96214341107  4.08799101557e-23
8.21038134255  4.46719169473e-23
8.46635865618  4.84744625011e-23
8.7303166448  5.23955610617e-23
9.00250412412  5.63740766525e-23
9.28317766723  5.96416023263e-23
9.57260184645  6.29529622456e-23
9.87104948279  6.63675613425e-23
10.178801903  6.94908001909e-23
10.496149205  7.24155649565e-23
10.8233905309  7.54315159163e-23
11.1608343495  7.83642758543e-23
11.5087987467  8.11878016386e-23
11.8676117255  8.40993572616e-23
12.237611515  8.69609689623e-23
12.6191468896  8.98309505415e-23
13.0125774973  9.27654393435e-23
13.4182741991  9.55186070875e-23
13.8366194184  9.83418934688e-23
14.2680075014  1.00974420822e-22
14.7128450892  1.03513776192e-22
15.1715515006  1.05954488611e-22
15.6445591277  1.08164380245e-22
16.1323138435  1.10333482101e-22
16.6352754221  1.12266363447e-22
17.1539179718  1.1416961867e-22
17.6887303828  1.15912572317e-22
18.2402167871  1.17615221095e-22
18.8088970345  1.19244490004e-22
19.3953071822  1.20813078452e-22
20  1.22375e-22

