0.2 20 151
151
0.2  0
0.206235454919  1.93048229341e-42
0.212665314327  3.92115176337e-42
0.219295639229  5.97388488203e-42
0.22613267959  8.09061662479e-42
0.233182880236  1.02733422943e-41
0.240452886923  1.25241194014e-41
0.247949552606  1.48450696045e-41
0.255679943893  1.72383807093e-41
0.263651347711  1.97063087316e-41
0.271871278176  2.22511800235e-41
0.280347483669  2.48753934666e-41
0.289087954149  2.75814227327e-41
0.298100928677  3.03718186163e-41
0.307394903187  3.32492114386e-41
0.316978638492  3.6216313527e-41
0.326861168545  3.9275921772e-41
0.33705180895  4.24309202634e-41
0.34756016575  4.56842830091e-41
0.358396144475  4.90390767385e-41
0.369569959484  5.24984637931e-41
0.381092143593  5.60657051079e-41
0.392973557999  5.97441632848e-41
0.405225402524  6.35373057622e-41
0.417859226171  6.74487080843e-41
0.430886938006  7.14820572706e-41
0.444320818391  7.5641155292e-41
0.458173530554  7.99299226545e-41
0.472458132527  8.43524020947e-41
0.487188089458  8.89127623908e-41
0.502377286302  1.35353498818e-35
0.518040040906  9.63375159758e-35
0.534191117512  1.82587492264e-34
0.550845740668  2.71526507748e-34
0.568019609583  3.63238399338e-34
0.585728912925  4.57809617757e-34
0.60399034408  5.5532930902e-34
0.622821116889  6.55889398477e-34
0.642238981873  7.59584677455e-34
0.662262242965  8.6651289262e-34
0.682909774767  9.76774838111e-34
0.704201040337  1.09047445055e-33
0.72615610954  1.20771890704e-33
0.748795677965  1.32861872613e-33
0.772141086431  1.45328787208e-33
0.796214341107  1.58184386223e-33
0.821038134255  1.71440787779e-33
0.846635865618  1.85110487806e-33
0.87303166448  1.99206371824e-33
0.900250412412  2.13741727089e-33
0.928317766723  2.28730255117e-33
0.957260184645  2.44186084598e-33
0.987104948279  2.60123784719e-33
1.0178801903  3.92521426729e-30
1.0496149205  1.08871581122e-29
1.08233905309  1.80661563921e-29
1.11608343495  2.54689762727e-29
1.15087987467  3.31025959014e-29
1.18676117255  4.09742109855e-29
1.2237611515  4.90912415745e-29
1.26191468896  5.74613390551e-29
1.30125774973  6.60923933632e-29
1.34182741991  7.49925404215e-29
1.38366194184  8.41701698085e-29
1.42680075014  9.36339326671e-29
1.47128450892  1.03392749859e-28
1.51715515006  1.13455820374e-28
1.56445591277  1.23832630002e-28
1.61323138435  1.34532960273e-28
1.66352754221  1.45566897679e-28
1.71539179718  1.56944843182e-28
1.76887303828  1.68677522015e-28
1.82402167871  1.80775993799e-28
1.88088970345  1.93251662959e-28
1.93953071822  2.06116289483e-28
2  2.49857492059e-28
2.06235454919  7.15888702822e-28
2.12665314327  1.22787513146e-27
2.19295639229  1.75582390156e-27
2.2613267959  2.30023267545e-27
2.33182880236  2.86161463116e-27
2.40452886923  3.44049894627e-27
2.47949552606  4.03743129662e-27
2.55679943893  4.65297437077e-27
2.63651347711  5.28770840037e-27
2.71871278176  5.9422317071e-27
2.80347483669  6.6171612667e-27
2.89087954149  7.31313329051e-27
2.98100928677  8.04674409963e-27
3.07394903187  1.43003987301e-26
3.16978638492  2.22297685627e-26
3.26861168545  3.04063545359e-26
3.3705180895  3.88378641752e-26
3.4756016575  4.75322453058e-26
3.58396144475  5.64976935443e-26
3.69569959484  6.57426600243e-26
3.81092143593  7.5275859363e-26
3.92973557999  8.51062778751e-26
4.05225402524  1.26489966723e-25
4.17859226171  2.12490463599e-25
4.30886938006  3.0117222158e-25
4.44320818391  3.92618835082e-25
4.58173530554  4.86916504764e-25
4.72458132527  5.84154118786e-25
4.87188089458  6.84423336602e-25
5.02377286302  8.54763163839e-25
5.18040040906  1.37091613844e-24
5.34191117512  1.90744584253e-24
5.50845740668  2.46070308052e-24
5.68019609583  3.03120937134e-24
5.85728912925  3.61950249345e-24
6.0399034408  4.50452619898e-24
6.22821116889  6.43165363177e-24
6.42238981873  8.42105661865e-24
6.62262242965  1.04724837687e-23
6.82909774767  1.25878688264e-23
7.04201040337  1.53289491039e-23
7.2615610954  2.04374369687e-23
7.48795677965  2.57161466613e-23
7.72141086431  3.11594321355e-23
7.96214341107  3.67560057224e-23
8.21038134255  4.11549829765e-23
8.46635865618  4.54133959683e-23
8.7303166448  4.98045746713e-23
9.00250412412  5.42530666896e-23
9.28317766723  5.78151205826e-23
9.57260184645  6.14169784449e-23
9.87104948279  6.51311324189e-23
10.178801903  6.8416413658e-23
10.496149205  7.13990625715e-23
10.8233905309  7.44747023491e-23
11.1608343495  7.73852800689e-23
11.5087987467  8.00911208144e-23
11.8676117255  8.28813222999e-23
12.237611515  8.55944700494e-23
12.6191468896  8.82979572218e-23
13.0125774973  9.10665776201e-23
13.4182741991  9.37122552377e-23
13.8366194184  9.64283615738e-23
14.2680075014  9.90076110222e-23
14.7128450892  1.01528011862e-22
15.1715515006  1.03968840319e-22
15.6445591277  1.06212788502e-22
16.1323138435  1.08418861091e-22
16.6352754221  1.10394997133e-22
17.1539179718  1.12335775389e-22
17.6887303828  1.14100121533e-22
18.2402167871  1.15808254808e-22
18.8088970345  1.1742103199e-22
19.3953071822  1.1895205857e-22
20  1.20465e-22

