1 20000 251
251
1  0
1.04040904696  5.75115446542e-35
1.082450985  1.17347076017e-34
1.12619179768  1.79600504177e-34
1.17170013492  2.44369534038e-34
1.21904742069  3.11755818669e-34
1.26830796516  3.8186511884e-34
1.31955908129  4.54807469013e-34
1.37288120617  5.30697350041e-34
1.4283580273  6.09653868834e-34
1.4860766139  6.91800945304e-34
1.54612755358  7.77267506843e-34
1.6086050945  8.66187690682e-34
1.6736072933  9.58701054405e-34
1.74123616901  1.05495279499e-33
1.81159786313  1.15509397668e-33
1.88480280626  1.25928176808e-33
1.96096589137  1.36767968883e-33
2.04020665416  2.86749023095e-31
2.12264946065  8.71802897421e-31
2.20842370239  1.48049824123e-30
2.29766399949  2.11379038377e-30
2.39051041194  2.77267325823e-30
2.48710865943  3.45818096172e-30
2.58761035005  4.17138937818e-30
2.6921732182  4.91341786704e-30
2.8009613722  5.68543101995e-30
2.91414555182  6.48864048861e-30
3.03190339627  3.85342586929e-29
3.15441972299  1.59257035205e-28
3.28188681771  2.84858104063e-28
3.41450473624  4.15534592411e-28
3.55248161847  5.51491593113e-28
3.69603401502  6.9294248664e-28
3.8453872271  8.40109275967e-28
4.00077566014  1.01216918813e-27
4.16244319166  5.12035669454e-27
4.33064355406  9.39455214283e-27
4.50564073281  1.38414637557e-26
4.68770938077  1.84680708288e-26
4.87713524927  2.32816346843e-26
5.07421563659  4.49505657811e-26
5.27925985453  9.61919071111e-26
5.49258971391  1.49503862209e-25
5.71454002959  2.04970102604e-25
5.945459146  2.62677680912e-25
6.18570948383  5.18985782816e-25
6.43566810884  8.45622263348e-25
6.69572732367  1.18545781276e-24
6.96629528353  1.53902579285e-24
7.24779663678  2.62109949759e-24
7.54067319143  3.84797066547e-24
7.84538460853  5.12441852798e-24
8.1624091236  7.16410113479e-24
8.49224429718  9.99108627569e-24
8.83540779578  1.29323071919e-23
9.19243820431  1.66372555824e-23
9.56389587139  2.10657668836e-23
9.95036378878  2.5673230106e-23
10.3524485064  3.09210145116e-23
10.7707810842  3.64473987381e-23
11.2060180829  4.22811408461e-23
11.6588425938  4.84479038081e-23
12.1299653117  5.4870438611e-23
12.6201256496  6.1570469105e-23
13.1300928996  6.84799783665e-23
13.6606674402  7.54825759088e-23
14.2126819923  8.25550427355e-23
14.7870029263  8.95595643089e-23
15.384531622  9.63086603973e-23
16.0062058827  1.03010656189e-22
16.6530014079  1.09002641987e-22
17.3259333238  1.1480428466e-22
18.0260577771  1.20382595156e-22
18.7544735924  1.26758470011e-22
19.5123239965  1.33391987893e-22
20.3007984131  1.4029355991e-22
21.1211343295  1.47474017876e-22
21.9746192385  1.54944631304e-22
22.8625926593  1.62717125101e-22
23.7864482397  1.70803697965e-22
24.7476359436  1.74973642919e-22
25.7476643266  1.78104959015e-22
26.7881029035  1.81381741797e-22
27.8705846117  1.82383400117e-22
28.996808374  1.82815869929e-22
30.1685417653  1.83217275419e-22
31.3876237862  1.83334307263e-22
32.6559677498  1.83456068252e-22
33.9755642841  1.83963192763e-22
35.3484844568  1.84227752443e-22
36.7768830251  1.83271531531e-22
38.2630018183  1.82276670643e-22
39.8091732557  1.81241608375e-22
41.4178240072  1.79992204102e-22
43.0914788025  1.78668155164e-22
44.832764393  1.77290602669e-22
46.6444136747  1.76139124448e-22
48.5292699773  1.74970926645e-22
50.4902915267  1.73762932532e-22
52.5305560881  1.7252924883e-22
54.6532657959  1.71245713145e-22
56.8617521799  1.70037644633e-22
59.159481394  1.68805432229e-22
61.5500596558  1.67328128313e-22
64.0372389068  1.6568094789e-22
66.624922701  1.64663207573e-22
69.3171723311  1.64033383399e-22
72.118213203  1.63423838839e-22
75.032441467  1.62805000458e-22
78.0644309178  1.62161155407e-22
81.2189401726  1.61401345437e-22
84.5009201401  1.60462231612e-22
87.9155217902  1.59485169092e-22
91.4681042388  1.58732834893e-22
95.1642431583  1.58340396069e-22
99.009739529  1.57932099167e-22
103.010628743  1.57659006071e-22
107.173190077  1.57426792161e-22
111.503956548  1.57185194709e-22
116.009725165  1.56933834533e-22
120.697567597  1.56707466895e-22
125.574841273  1.5668114297e-22
130.649200932  1.56653755321e-22
135.928610627  1.56625260963e-22
141.421356237  1.56603286607e-22
147.136058463  1.56603286607e-22
153.081686359  1.56586653937e-22
159.267571411  1.56553267094e-22
165.703422184  1.56549313985e-22
172.399339552  1.56549313985e-22
179.36583256  1.56549313985e-22
186.613834911  1.56567162285e-22
194.154722129  1.56587512358e-22
202.000329413  1.5658312767e-22
210.162970211  1.56500866142e-22
218.655455543  1.56415280503e-22
227.491114114  1.5632623643e-22
236.683813228  1.56233594171e-22
246.247980551  1.56137208327e-22
256.198626761  1.55987841296e-22
266.551369101  1.55801525977e-22
277.322455892  1.55607681834e-22
288.528792035  1.55406004634e-22
300.187965542  1.55203673813e-22
312.318275138  1.55469118229e-22
324.938758985  1.55745289001e-22
338.069224556  1.56032619571e-22
351.730279727  1.56360458934e-22
365.943365117  1.56908858172e-22
380.730787743  1.574794177e-22
396.115756024  1.58073032995e-22
412.122416211  1.58554492698e-22
428.775890281  1.5901002226e-22
446.102315367  1.59483959338e-22
464.128884777  1.59977047762e-22
482.883890678  1.60490061419e-22
502.396768493  1.61095409087e-22
522.698143103  1.62257226146e-22
543.819876914  1.63465991125e-22
565.795119858  1.64723601145e-22
588.658361426  1.66032029987e-22
612.445484796  1.66925224127e-22
637.193823152  1.67410684817e-22
662.942218274  1.67915762511e-22
689.731081504  1.68441249913e-22
717.602457167  1.68829578587e-22
746.600088557  1.69137461938e-22
776.769486596  1.69457786562e-22
808.158001257  1.69777845937e-22
840.814895881  1.70071704295e-22
874.791424493  1.70377437189e-22
910.140912246  1.7070647109e-22
946.918839109  1.71077111985e-22
985.182926946  1.71462730125e-22
1024.99323011  1.71752388333e-22
1066.41222967  1.71984952039e-22
1109.50493154  1.72226913422e-22
1154.33896842  1.72478652234e-22
1200.98470601  1.72740563571e-22
1249.51535339  1.73013058497e-22
1300.00707798  1.73296564682e-22
1352.53912504  1.73591527082e-22
1407.19394206  1.73898408631e-22
1464.05730815  1.74217690972e-22
1523.21846867  1.74419505735e-22
1584.7702753  1.74419505735e-22
1648.80933177  1.74419505735e-22
1715.43614549  1.74419505735e-22
1784.75528525  1.74419505735e-22
1856.87554538  1.74419505735e-22
1931.9101165  1.74419505735e-22
2009.97676312  1.74389342564e-22
2091.19800853  1.74143782922e-22
2175.70132706  1.7388830045e-22
2263.61934415  1.73622494174e-22
2355.09004453  1.73345946921e-22
2450.25698873  1.73058224656e-22
2549.26953846  1.72758875809e-22
2652.28309095  1.7244743056e-22
2759.45932292  1.72123400105e-22
2870.96644429  1.71786275889e-22
2986.97946215  1.71435528804e-22
3107.68045551  1.71318656923e-22
3233.25886097  1.71228267986e-22
3363.91177012  1.71134226517e-22
3499.84423881  1.71036384923e-22
3641.26960901  1.70934589642e-22
3788.40984363  1.70828680912e-22
3941.49587491  1.7071849251e-22
4100.76796681  1.70603851501e-22
4266.47609215  1.70484577957e-22
4438.88032492  1.70360484683e-22
4618.25124841  1.70231376918e-22
4804.87037999  1.70097052032e-22
4999.03061281  1.69957299205e-22
5201.0366756  1.6991137647e-22
5411.20561086  1.69864097098e-22
5629.8672725  1.69814907212e-22
5857.36484349  1.6976372961e-22
6094.05537452  1.6971048397e-22
6340.31034432  1.69655086724e-22
6596.51624277  1.69597450928e-22
6863.0751774  1.69537486124e-22
7140.40550453  1.69401398777e-22
7428.94248588  1.69185035575e-22
7729.13897165  1.68959929342e-22
8041.46611132  1.6872572678e-22
8366.41409304  1.68482060317e-22
8704.49291301  1.68228547524e-22
9056.2331759  1.67964790521e-22
9422.18692758  1.67690375348e-22
9802.92852161  1.6740487132e-22
10199.0555206  1.67230227127e-22
10611.1896341  1.67174599186e-22
11039.9776943  1.67116723373e-22
11486.0926714  1.67056508853e-22
11950.2347295  1.66993861122e-22
12433.1323259  1.66928681856e-22
12935.5433539  1.66860868759e-22
13458.2563327  1.66790315398e-22
14002.0916449  1.66716911043e-22
14567.9028237  1.66640540489e-22
15156.577893  1.66561083873e-22
15769.0407609  1.6647841649e-22
16406.2526695  1.66392408598e-22
17069.213704  1.66302925209e-22
17758.9643622  1.66209825881e-22
18476.5871871  1.66112964498e-22
19223.2084664  1.66012189039e-22
20000  1.6590734134e-22

