0.5 20000 301
301
0.5  0
0.51797667599  3.0786927207e-38
0.536599673739  6.26807476442e-38
0.555892230681  9.57212578336e-38
0.575878419714  1.29949685115e-37
0.596583179235  1.65408739091e-37
0.618032344264  2.02142664915e-37
0.640252678672  2.40197298504e-37
0.663271908584  2.79620123729e-37
0.687118756972  3.20460331665e-37
0.711822979493  3.62768881971e-37
0.737415401622  4.06598566479e-37
0.763927957112  4.52004075061e-37
0.791393727841  4.99042063875e-37
0.819846985093  5.47771226057e-37
0.849323232317  5.98252364959e-37
0.879859249433  6.50548470016e-37
0.911493138721  7.04724795346e-37
0.944264372364  7.60848941169e-37
0.978213841706  8.18990938161e-37
1.01338390827  4.64223953133e-32
1.04981845661  1.72794137666e-31
1.0875629491  3.03709367751e-31
1.12666448261  4.39331439183e-31
1.16717184731  5.79829578686e-31
1.20913558756  7.25379097251e-31
1.25260806493  8.76161608887e-31
1.29764352358  1.03236525724e-30
1.34429815793  1.19418495033e-30
1.39263018277  1.36182260382e-30
1.44269990591  1.53548739286e-30
1.49456980343  1.71539601319e-30
1.54830459763  1.90177295147e-30
1.6039713378  2.09485076541e-30
1.66163948387  2.29487037396e-30
1.7213809931  2.5020813579e-30
1.78327040983  2.71674227128e-30
1.84738495855  2.93912096403e-30
1.91380464021  3.16949491619e-30
1.98261233206  3.40815158415e-30
2.05389389107  1.28181701636e-28
2.12773826107  2.99061379743e-28
2.20423758369  4.76084755063e-28
2.28348731338  6.59472714105e-28
2.3655863365  8.49454084987e-28
2.4506370947  1.04626592297e-27
2.53874571274  1.25015380623e-27
2.63002213093  1.46137214232e-27
2.72458024232  1.6801844856e-27
2.82253803477  1.90686386607e-27
2.92401773821  2.1416931301e-27
3.02914597715  4.84453713399e-27
3.13805392866  1.42870841479e-26
3.25087748609  2.40691223782e-26
3.36775742859  3.42028576721e-26
3.48883959681  4.47009347179e-26
3.61427507483  5.55764528228e-26
3.74422037875  6.68429822581e-26
3.87883765192  7.85145811918e-26
4.01829486729  1.03129972607e-25
4.16276603701  2.14556885907e-25
4.31243142955  3.29989970241e-25
4.46747779462  4.49573260886e-25
4.62809859623  5.73455971671e-25
4.79449425406  7.0179268116e-25
4.96687239354  8.34743525538e-25
5.14544810495  1.28717924278e-24
5.33044421176  1.83013652641e-24
5.52209154871  2.39261494436e-24
5.72062924983  2.97531634685e-24
5.92630504679  3.57896781796e-24
6.13937557808  4.72407836489e-24
6.36010670917  6.19506152487e-24
6.58877386432  7.71893146015e-24
6.82566237018  9.29758962758e-24
7.07106781187  1.12506832309e-23
7.32529640178  1.40813151967e-23
7.58866536167  1.70137178699e-23
7.86150331847  2.00515502485e-23
8.14415071437  2.37332002233e-23
8.43696023158  2.80793133253e-23
8.74029723243  3.25816837615e-23
9.05454021523  3.73131072351e-23
9.38008128661  4.25460204423e-23
9.7173266507  4.796707442e-23
10.0666971161  5.35084454075e-23
10.4286286208  5.89215653779e-23
10.8035727762  6.45293051559e-23
11.1919974309  6.99249631916e-23
11.5943872539  7.50761524867e-23
12.0112443398  8.03860517395e-23
12.4430888353  8.48968445509e-23
12.8904595879  8.95698154839e-23
13.3539148186  9.37300720844e-23
13.8340328184  9.78216376785e-23
14.3314126696  1.01668575681e-22
14.8466749937  1.05450595987e-22
15.3804627255  1.09101892035e-22
15.9334419155  1.12773120877e-22
16.5063025609  1.16250790155e-22
17.0997594668  1.19734038884e-22
17.7145531376  1.22957402101e-22
18.3514507018  1.26722253429e-22
19.0112468682  1.30980560239e-22
19.6947649184  1.35391967453e-22
20.4028577337  1.39961979544e-22
21.1364088592  1.44696298887e-22
21.8963336065  1.4960083288e-22
22.6835801957  1.54681701311e-22
23.4991309386  1.59945243992e-22
24.3440034645  1.64374259638e-22
25.2192519896  1.66790485269e-22
26.1259686331  1.67347600464e-22
27.0652847792  1.67782174326e-22
28.0383724893  1.66255002431e-22
29.0464459643  1.64672923588e-22
30.0907630598  1.63140796929e-22
31.1726268555  1.62716325433e-22
32.2933872809  1.62276592765e-22
33.4544428005  1.61388592681e-22
34.6572421578  1.59772062107e-22
35.9032861837  1.58302256191e-22
37.1941296691  1.56860129988e-22
38.5313833047  1.55366154515e-22
39.9167156909  1.53818465615e-22
41.35185542  1.52783221226e-22
42.8385932329  1.51747013143e-22
44.3787842538  1.50673549906e-22
45.9743503045  1.49529974421e-22
47.627282303  1.48324466412e-22
49.3396427475  1.4707561635e-22
51.1135682897  1.45913323789e-22
52.9512724014  1.4479000152e-22
54.8550481358  1.43626292051e-22
56.8272709893  1.42144662598e-22
58.8704018652  1.40587075552e-22
60.9869901447  1.39354960056e-22
63.1796768676  1.38530832815e-22
65.4511980279  1.3764058779e-22
67.8043879881  1.36565836349e-22
70.2421830153  1.35493286771e-22
72.767624945  1.34765765566e-22
75.3838649774  1.34012087536e-22
78.0941676085  1.33231312254e-22
80.9019147041  1.32520709273e-22
83.8106097193  1.31999620163e-22
86.8238820702  1.31459796152e-22
89.9454916625  1.30900563658e-22
93.1793335833  1.3043285245e-22
96.5294429608  1.29950308072e-22
100  1.29450414607e-22
103.595335198  1.2911568986e-22
107.319934748  1.28768930638e-22
111.178446136  1.28409704259e-22
115.175683943  1.28037562487e-22
119.316635847  1.27652040971e-22
123.606468853  1.27436367363e-22
128.050535734  1.27249000746e-22
132.654381717  1.27054897671e-22
137.423751394  1.2685381594e-22
142.364595899  1.2674519854e-22
147.483080324  1.2674519854e-22
152.785591422  1.26627755024e-22
158.278745568  1.26396157765e-22
163.969397019  1.26323587835e-22
169.864646463  1.26323587835e-22
175.971849887  1.26323587835e-22
182.298627744  1.26372044138e-22
188.852874473  1.26510211168e-22
195.642768341  1.26653345765e-22
202.676781654  1.26717928205e-22
209.963691323  1.26643691119e-22
217.51258982  1.26566784961e-22
225.332896521  1.26487113769e-22
233.434369463  1.2640457813e-22
241.827117512  1.26319075058e-22
250.521612986  1.26233980516e-22
259.528704717  1.26202356286e-22
268.859631586  1.2616959506e-22
278.526036554  1.26135655957e-22
288.539981181  1.2610049663e-22
298.913960685  1.26064073207e-22
309.660919525  1.26387446517e-22
320.794267559  1.26764499698e-22
332.327896774  1.27155109205e-22
344.276198619  1.27559762433e-22
356.654081967  1.27934996654e-22
369.476991711  1.28284541316e-22
382.760928042  1.28646653281e-22
396.522466412  1.29021784384e-22
410.778778215  1.29572886021e-22
425.547652214  1.30198107979e-22
440.847516738  1.30845808762e-22
456.697462677  1.31516796559e-22
473.117267301  1.32211908616e-22
490.127418939  1.32932012282e-22
507.749142548  1.33627605611e-22
526.004426187  1.34281687903e-22
544.916048465  1.34959286647e-22
564.507606954  1.35661247336e-22
584.803547643  1.36388445865e-22
605.82919543  1.37027127045e-22
627.610785733  1.37379103557e-22
650.175497219  1.37743734805e-22
673.551485719  1.38121475768e-22
697.767919361  1.38512797785e-22
722.855014966  1.38878066742e-22
748.84407575  1.39252409003e-22
775.767530383  1.39640210122e-22
803.658973457  1.3999567412e-22
832.553207402  1.40046398478e-22
862.486285909  1.40098946546e-22
893.495558925  1.40153383894e-22
925.619719247  1.40425809405e-22
958.898850812  1.40764848293e-22
993.374478709  1.41116076766e-22
1029.08962099  1.41263274205e-22
1066.08884235  1.41364642963e-22
1104.41830974  1.41469656268e-22
1144.12584997  1.41578445154e-22
1185.26100936  1.41691145364e-22
1227.87511562  1.41807897525e-22
1272.02134183  1.41928847317e-22
1317.75477286  1.4205414566e-22
1365.13247404  1.42183948898e-22
1414.21356237  1.42318418997e-22
1465.05928036  1.42457723748e-22
1517.73307233  1.42553452718e-22
1572.30066369  1.42553452718e-22
1628.83014287  1.42553452718e-22
1687.39204632  1.42553452718e-22
1748.05944649  1.42553452718e-22
1810.90804305  1.42553452718e-22
1876.01625732  1.42553452718e-22
1943.46533014  1.42553452718e-22
2013.33942322  1.42512683176e-22
2085.72572415  1.42291447496e-22
2160.71455525  1.42062257651e-22
2238.39948618  1.41824827664e-22
2318.87745078  1.41578861272e-22
2402.24886796  1.41324051565e-22
2488.61776706  1.41060080594e-22
2578.09191758  1.40786618982e-22
2670.78296373  1.40503325508e-22
2766.80656368  1.40209846685e-22
2866.28253393  1.39905816314e-22
2969.33499874  1.39590855032e-22
3076.0925451  1.39330046732e-22
3186.68838309  1.39087197135e-22
3301.26051218  1.3883561628e-22
3419.95189335  1.38574990251e-22
3542.91062753  1.38304993842e-22
3670.29014035  1.38025290157e-22
3802.24937364  1.37735530188e-22
3938.95298368  1.37435352376e-22
4080.57154674  1.37124382165e-22
4227.28177184  1.36802231533e-22
4379.2667213  1.36468498506e-22
4536.71603914  1.36122766658e-22
4699.82618773  1.35764604591e-22
4868.8006929  1.35393565397e-22
5043.85039793  1.35103549591e-22
5225.19372662  1.35095590803e-22
5413.05695583  1.35087345869e-22
5607.67449785  1.35078804503e-22
5809.28919286  1.35069956045e-22
6018.15261197  1.35060789456e-22
6234.52537109  1.35051293298e-22
6458.67745619  1.3504145572e-22
6690.88856009  1.35031264449e-22
6931.44843155  1.35020706767e-22
7180.65723674  1.34991269254e-22
7438.82593382  1.34953500931e-22
7706.27666093  1.34914374709e-22
7983.34313818  1.34873841769e-22
8270.371084  1.34831851534e-22
8567.71864659  1.34788351609e-22
8875.75685075  1.34743287715e-22
9194.87006089  1.34696603624e-22
9525.4564606  1.34648241083e-22
9867.9285495  1.34598139747e-22
10222.7136579  1.34572953924e-22
10590.2544803  1.34563275554e-22
10971.0096272  1.34553249215e-22
11365.4541979  1.34542862394e-22
11774.080373  1.34532102133e-22
12197.3980289  1.34520955005e-22
12635.9353735  1.34509407099e-22
13090.2396056  1.34497444008e-22
13560.8775976  1.34485050804e-22
14048.4366031  1.34472212022e-22
14553.524989  1.34458911643e-22
15076.7729955  1.34445133071e-22
15618.8335217  1.34430859113e-22
16180.3829408  1.34416071958e-22
16762.1219439  1.34400753156e-22
17364.776414  1.34384883591e-22
17989.0983325  1.34368443463e-22
18635.8667167  1.34351412256e-22
19305.8885922  1.34333768721e-22
20000  1.34315490841e-22

