0.05 20 201
201
0.05  0
0.0515205278956  2.71850620864e-36
0.0530872958927  5.51968370777e-36
0.0547017101788  8.40604657746e-36
0.0563652197041  1.13801853523e-35
0.0580793174821  1.44447693467e-35
0.0598455419298  1.76025490501e-35
0.0616654782484  2.0856358596e-35
0.0635407598458  2.42091183055e-35
0.0654730698028  2.76638373084e-35
0.0674641423837  3.12236162435e-35
0.0695157645926  3.48916500421e-35
0.0716297777775  3.8671230795e-35
0.0738080792827  4.25657507072e-35
0.0760526241521  4.65787051428e-35
0.0783654268832  5.07136957616e-35
0.0807485632356  5.49744337521e-35
0.0832041720942  5.9364743162e-35
0.0857344573881  6.38885643304e-35
0.0883416900695  6.85499574245e-35
0.0910282101513  7.33531060832e-35
0.0937964288077  7.83023211724e-35
0.0966488305378  8.34020446536e-35
0.0995879753959  1.1958251288e-33
0.102616501289  7.13461588721e-32
0.105737126344  1.56332032299e-31
0.108952651348  2.43902373552e-31
0.112265962262  3.34135777738e-31
0.115680032808  4.27113230088e-31
0.119197927145  5.22918178638e-31
0.122822802612  6.21636609123e-31
0.126557912563  7.23357122155e-31
0.130406609292  8.2817101274e-31
0.134372347036  9.36172352215e-31
0.138458685077  1.04745807268e-30
0.142669290938  1.16212805399e-30
0.147007943673  1.2802852134e-30
0.151478537257  1.40203559796e-30
0.156085084087  1.52748847964e-30
0.160831718575  1.65675645344e-30
0.165722700867  1.78995553844e-30
0.170762420659  1.92720528193e-30
0.175955401141  2.06862886669e-30
0.181306303058  2.21435322157e-30
0.186819928886  2.36450913539e-30
0.192501227153  2.51923137431e-30
0.198355296869  2.67865880284e-30
0.204387392112  1.92932633329e-29
0.210602926736  4.27674014692e-29
0.217007479236  6.69554012427e-29
0.22360679775  9.18789715842e-29
0.230406805222  1.17560481605e-28
0.237413604716  1.44022980673e-28
0.244633484891  1.71290219102e-28
0.25207292565  1.99386669464e-28
0.259738603953  2.28337548557e-28
0.267637399811  2.58168840035e-28
0.275776402457  2.8890731773e-28
0.284162916714  3.20580569682e-28
0.292804469549  3.53217022896e-28
0.301708816827  3.8684596886e-28
0.310883950274  4.21497589833e-28
0.320338104647  4.57202985933e-28
0.33007976513  4.93994203048e-28
0.340117674943  5.31904261602e-28
0.350460843193  5.70967186187e-28
0.361118552961  6.11218036103e-28
0.372100369628  6.52692936821e-28
0.383416149468  6.95429112409e-28
0.395076048485  7.39464918939e-28
0.407090531537  7.84839878914e-28
0.419470381721  8.31594716738e-28
0.432226710057  8.79771395264e-28
0.445370965454  9.29413153463e-28
0.458914944991  9.80564545224e-28
0.472870804502  1.03327147935e-27
0.487251069486  1.08758126074e-27
0.502068646352  1.14165384767e-27
0.517336833998  1.18681575527e-27
0.533069335748  1.23317408887e-27
0.549280271653  1.28094220527e-27
0.565984191164  1.33016297673e-27
0.583196086186  1.38088057932e-27
0.600931404538  1.4331405325e-27
0.619206063817  1.48698974001e-27
0.63803646568  1.54247653196e-27
0.657439510569  1.59965070821e-27
0.677432612878  1.65856358306e-27
0.698033716583  1.71926803131e-27
0.719261311345  1.78181853569e-27
0.741134449107  1.84627123581e-27
0.763672761192  1.91268397849e-27
0.786896475921  1.98111636974e-27
0.810826436772  2.05162982818e-27
0.835484121084  2.12428764023e-27
0.860891659332  2.19915501689e-27
0.887071854993  2.27629915223e-27
0.914048205011  2.35578928378e-27
0.941844920883  2.43769675457e-27
0.970486950393  2.52209507724e-27
1  2.61490022382e-27
1.03041055791  2.79119704218e-27
1.06174591785  2.97887297343e-27
1.09403420358  3.17225623446e-27
1.12730439408  3.37152038834e-27
1.16158634964  3.57684427632e-27
1.1969108386  3.78841217828e-27
1.23330956497  4.00641397818e-27
1.27081519692  4.23104533443e-27
1.30946139606  4.46250785556e-27
1.34928284767  4.70100928109e-27
1.39031529185  4.94676366803e-27
1.43259555555  5.19999158298e-27
1.47616158565  5.46092030011e-27
1.52105248304  5.72978400511e-27
1.56730853766  6.00682400537e-27
1.61497126471  6.2922889466e-27
1.66408344188  6.58643503597e-27
1.71468914776  6.88952627201e-27
1.76683380139  7.20183468165e-27
1.82056420303  7.52364056426e-27
1.87592857615  7.8552327433e-27
1.93297661076  8.1969088255e-27
1.99175950792  9.99026546142e-27
2.05233002578  1.01666321639e-25
2.11474252688  2.12665810828e-25
2.17905302696  3.2704085641e-25
2.24531924523  4.4489411094e-25
2.31360065617  5.66331348692e-25
2.3839585429  6.91461560596e-25
2.45645605223  8.20397052054e-25
2.53115825126  9.53253543743e-25
2.60813218585  1.09015027547e-24
2.68744694072  1.23121011318e-24
2.76917370155  1.37655965925e-24
2.85338581877  1.52632936611e-24
2.94015887345  1.68065365332e-24
3.02957074514  2.18965671576e-24
3.12170168173  3.44392912913e-24
3.21663437151  4.73634466637e-24
3.31445401734  6.06806328115e-24
3.41524841318  7.44028020198e-24
3.51910802283  8.85422700495e-24
3.62612606115  1.03111727191e-23
3.73639857773  1.18124249652e-23
3.85002454306  1.33593311297e-23
3.96710593738  1.49532795737e-23
4.08774784223  1.70862271118e-23
4.21205853471  1.94735145124e-23
4.34014958471  2.19334006547e-23
4.472135955  2.4468093307e-23
4.60813610445  2.7079867377e-23
4.74827209431  2.97710669536e-23
4.89266969782  3.25441074108e-23
5.041458513  3.5470854251e-23
5.19477207907  3.8671673558e-23
5.35274799621  4.19698315658e-23
5.51552804914  4.53682883987e-23
5.68325833429  4.88700941999e-23
5.85608939099  5.24783918693e-23
6.03417633655  5.58964375369e-23
6.21767900547  5.81603974799e-23
6.40676209294  6.04861591632e-23
6.6015953026  6.28826485569e-23
6.80235349885  6.53520165301e-23
7.00921686386  6.78157739006e-23
7.22237105921  6.95460432966e-23
7.44200739256  7.12872959874e-23
7.66832298935  7.30815011441e-23
7.9015209697  7.49302690805e-23
8.14181063074  7.63409370028e-23
8.38940763443  7.74407876529e-23
8.64453420113  7.85740853749e-23
8.90741930907  7.97418473128e-23
9.17829889981  8.05885772329e-23
9.45741609003  8.12702930583e-23
9.74502138973  8.19727402423e-23
10.041372927  8.26447755434e-23
10.34673668  8.304792202e-23
10.661386715  8.34584773857e-23
10.9856054331  8.38738823348e-23
11.3196838233  8.4149141888e-23
11.6639217237  8.44170966697e-23
12.0186280908  8.46870853071e-23
12.3841212763  8.49072175885e-23
12.7607293136  8.51312654759e-23
13.1487902114  8.53502057129e-23
13.5486522576  8.55560506957e-23
13.9606743317  8.57680601359e-23
14.3852262269  8.59832898005e-23
14.8226889821  8.6204606583e-23
15.2734552238  8.6343832741e-23
15.7379295184  8.64279490358e-23
16.2165287354  8.64678098414e-23
16.7096824217  8.6450500147e-23
17.2178331866  8.63836298048e-23
17.7414370999  8.62473880666e-23
18.2809641002  8.60519341775e-23
18.8368984177  8.57983169419e-23
19.4097390079  8.54761776985e-23
20  8.51193e-23

