0.2 20 151
151
0.2  0
0.206235454919  1.53720383775e-39
0.212665314327  3.12233350166e-39
0.219295639229  4.75688318836e-39
0.22613267959  6.44239367948e-39
0.233182880236  8.18045379401e-39
0.240452886923  9.97270188599e-39
0.247949552606  1.18208273889e-38
0.255679943893  1.3726572408e-38
0.263651347711  1.5691733363e-38
0.271871278176  1.77181626806e-38
0.280347483669  1.98077705416e-38
0.289087954149  2.19625266806e-38
0.298100928677  2.41844622434e-38
0.307394903187  2.64756717014e-38
0.316978638492  2.88383148258e-38
0.326861168545  3.12746187237e-38
0.33705180895  3.37868799372e-38
0.34756016575  3.63774666084e-38
0.358396144475  3.90488207116e-38
0.369569959484  4.18034603552e-38
0.381092143593  4.46439821554e-38
0.392973557999  4.75730636837e-38
0.405225402524  5.05934659912e-38
0.417859226171  5.37080362107e-38
0.430886938006  5.69197102413e-38
0.444320818391  6.0231515515e-38
0.458173530554  6.36465738511e-38
0.472458132527  6.71681043987e-38
0.487188089458  7.07994266712e-38
0.502377286302  1.04785080106e-33
0.518040040906  7.45764379973e-33
0.534191117512  1.41343349687e-32
0.550845740668  2.10191871716e-32
0.568019609583  2.81186903022e-32
0.585728912925  3.54395365913e-32
0.60399034408  4.29886269155e-32
0.622821116889  5.07730773016e-32
0.642238981873  5.8800225635e-32
0.662262242965  6.70776385761e-32
0.682909774767  7.56131186935e-32
0.704201040337  8.44147118182e-32
0.72615610954  9.34907146287e-32
0.748795677965  1.02849682471e-31
0.772141086431  1.12500437424e-31
0.796214341107  1.22452076613e-31
0.821038134255  1.32713980791e-31
0.846635865618  1.43295823173e-31
0.87303166448  1.5420757856e-31
0.900250412412  1.65459532742e-31
0.928317766723  1.77062292188e-31
0.957260184645  1.89026794052e-31
0.987104948279  2.01364316476e-31
1.0178801903  4.40196572064e-29
1.0496149205  1.21781275573e-28
1.08233905309  2.01967289267e-28
1.11608343495  2.8465328433e-28
1.15087987467  3.69917203365e-28
1.18676117255  4.57839419017e-28
1.2237611515  5.48502809729e-28
1.26191468896  6.41992837869e-28
1.30125774973  7.38397630288e-28
1.34182741991  8.37808061392e-28
1.38366194184  9.40317838805e-28
1.42680075014  1.0460235917e-27
1.47128450892  1.15502496187e-27
1.51715515006  1.26742469769e-27
1.56445591277  1.38332875095e-27
1.61323138435  1.50284637669e-27
1.66352754221  1.62609023628e-27
1.71539179718  1.75317650351e-27
1.76887303828  1.8842249742e-27
1.82402167871  2.01935917904e-27
1.88088970345  2.15870650009e-27
1.93953071822  2.30239829084e-27
2  2.61817160443e-27
2.06235454919  5.25869652232e-27
2.12665314327  8.15437277632e-27
2.19295639229  1.1140328324e-26
2.2613267959  1.42193778278e-26
2.33182880236  1.73944237034e-26
2.40452886923  2.06684588561e-26
2.47949552606  2.40445695018e-26
2.55679943893  2.75259380761e-26
2.63651347711  3.11158462345e-26
2.71871278176  3.48176779453e-26
2.80347483669  3.86349226798e-26
2.89087954149  4.25711787016e-26
2.98100928677  4.67144950632e-26
3.07394903187  8.00720466006e-26
3.16978638492  1.22304079611e-25
3.26861168545  1.65852792311e-25
3.3705180895  2.10759235185e-25
3.4756016575  2.57065738559e-25
3.58396144475  3.04815952505e-25
3.69569959484  3.54054887983e-25
3.81092143593  4.04828959273e-25
3.92973557999  4.57186027725e-25
4.05225402524  6.20162576546e-25
4.17859226171  9.39341096726e-25
4.30886938006  1.26847073327e-24
4.44320818391  1.60786173488e-24
4.58173530554  1.95783402293e-24
4.72458132527  2.31871749311e-24
4.87188089458  2.69085232634e-24
5.02377286302  3.20771369467e-24
5.18040040906  4.41780524996e-24
5.34191117512  5.67414420055e-24
5.50845740668  6.96965237559e-24
5.68019609583  8.30555096474e-24
5.85728912925  9.68309923103e-24
6.0399034408  1.13873994216e-23
6.22821116889  1.41790778284e-23
6.42238981873  1.70600287846e-23
6.62262242965  2.00307999398e-23
6.82909774767  2.3094191643e-23
7.04201040337  2.6477497086e-23
7.2615610954  3.08811359563e-23
7.48795677965  3.54264594693e-23
7.72141086431  4.01134937816e-23
7.96214341107  4.49449125451e-23
8.21038134255  4.97811764992e-23
8.46635865618  5.473871473e-23
8.7303166448  5.98508154916e-23
9.00250412412  6.49775680598e-23
9.28317766723  6.84000615148e-23
9.57260184645  7.17996958088e-23
9.87104948279  7.53053214347e-23
10.178801903  7.82758050945e-23
10.496149205  8.08596468271e-23
10.8233905309  8.35240457028e-23
11.1608343495  8.59437827282e-23
11.5087987467  8.80678652777e-23
11.8676117255  9.02581709321e-23
12.237611515  9.23184490247e-23
12.6191468896  9.43290221727e-23
13.0125774973  9.63892792606e-23
13.4182741991  9.83717405271e-23
13.8366194184  1.00407826709e-22
14.2680075014  1.02389737216e-22
14.7128450892  1.04359478055e-22
15.1715515006  1.06298335337e-22
15.6445591277  1.08138335007e-22
16.1323138435  1.09965309887e-22
16.6352754221  1.11654254867e-22
17.1539179718  1.13324130774e-22
17.6887303828  1.14870808267e-22
18.2402167871  1.16363614814e-22
18.8088970345  1.17766548984e-22
19.3953071822  1.19050751567e-22
20  1.20294e-22

