0.2 20000 301
301
0.2  0
0.207824460767  1.32948542677e-34
0.215955032466  2.71098338635e-34
0.22440369086  4.14652872885e-34
0.233182880236  5.63823591241e-34
0.242305531726  7.18830211764e-34
0.251785082359  8.79901048392e-34
0.261635494852  1.04727334723e-33
0.271871278176  1.22119363599e-33
0.282507508925  1.40191808714e-33
0.293559853524  1.58971289517e-33
0.305044591308  1.78485466875e-33
0.316978638492  1.98763083808e-33
0.329379573097  2.19834007831e-33
0.342265660832  2.41729274947e-33
0.355655882008  2.64481135355e-33
0.369569959484  2.88123100958e-33
0.384028387728  3.12689994724e-33
0.399052462994  3.38218001971e-33
0.414664314697  3.64744723675e-33
0.430886938006  3.92309231844e-33
0.447744227714  4.20952127077e-33
0.465261013431  4.50715598361e-33
0.483463096161  4.81643485211e-33
0.502377286302  7.64953732064e-31
0.522031443137  7.04704736e-30
0.542454515866  1.35749109636e-29
0.563676586253  2.03581596304e-29
0.585728912925  2.74067846126e-29
0.608643977422  3.4731168043e-29
0.632455532034  4.23420982274e-29
0.65719864952  5.02507855348e-29
0.682909774767  5.84688789101e-29
0.709626778467  6.70084830313e-29
0.737389012904  7.58821761396e-29
0.766237369911  8.51030285658e-29
0.796214341107  9.46846219823e-29
0.827364080478  1.04641069408e-28
0.859732469416  1.14987035994e-28
0.893367184302  1.25737760629e-28
0.928317766723  1.3690907838e-28
0.964635696448  1.48517443817e-28
1.00237446725  3.43185859614e-28
1.04158966572  3.37152383624e-27
1.08233905309  6.51833737131e-27
1.12468265038  9.7882615016e-27
1.16868282675  1.31861125972e-26
1.21440439138  1.67168954558e-26
1.26191468896  2.03858106742e-26
1.31128369884  2.41982623085e-26
1.36258413812  2.81598658339e-26
1.41589156877  3.22764564162e-26
1.47128450892  3.6554097506e-26
1.52884454851  4.09990897702e-26
1.58865646945  4.56179803723e-26
1.65080837054  5.0417572616e-26
1.71539179718  5.54049359656e-26
1.78250187627  6.05874164596e-26
1.85223745626  6.59726475301e-26
1.9247012528  7.15685612467e-26
2  7.73834e-26
2.07824460767  2.94620680258e-25
2.15955032466  5.20356783399e-25
2.2440369086  7.54924202953e-25
2.33182880236  9.98668440365e-25
2.42305531726  1.25194851389e-24
2.51785082359  1.51513748741e-24
2.61635494852  1.78862301992e-24
2.71871278176  2.07280793652e-24
2.82507508925  2.36811082178e-24
2.93559853524  2.67496663623e-24
3.05044591308  3.46979178093e-24
3.16978638492  4.92712153307e-24
3.29379573097  6.44146538256e-24
3.42265660832  8.01505385224e-24
3.55655882008  9.65020472815e-24
3.69569959484  1.13493264734e-23
3.84028387728  1.31149217759e-23
3.99052462994  1.49495912342e-23
4.14664314697  1.76922066776e-23
4.30886938006  2.05982625267e-23
4.47744227714  2.36180099757e-23
4.65261013431  2.67558969019e-23
4.83463096161  3.00165451939e-23
5.02377286302  3.33655465987e-23
5.22031443137  3.65621379746e-23
5.42454515866  3.98837873695e-23
5.63676586253  4.33353873413e-23
5.85728912925  4.6922021856e-23
6.08643977422  5.02485155898e-23
6.32455532034  5.3018132753e-23
6.5719864952  5.58961037203e-23
6.82909774767  5.88866675422e-23
7.09626778467  6.17253628148e-23
7.37389012904  6.41791279055e-23
7.66237369911  6.67288899396e-23
7.96214341107  6.93784045387e-23
8.27364080478  7.17780850614e-23
8.59732469416  7.42208302695e-23
8.93367184302  7.67591412977e-23
9.28317766723  7.92266265906e-23
9.64635696448  8.17492373031e-23
10.0237446725  8.43448912628e-23
10.4158966572  8.66451724528e-23
10.8233905309  8.90354459424e-23
11.2468265038  9.12203280099e-23
11.6868282675  9.32684482194e-23
12.1440439138  9.52628082326e-23
12.6191468896  9.70327140993e-23
13.1128369884  9.88024883239e-23
13.6258413812  1.00398183358e-22
14.1589156877  1.01979312596e-22
14.7128450892  1.03433931204e-22
15.2884454851  1.04804984893e-22
15.8865646945  1.06084361882e-22
16.5080837054  1.07167878532e-22
17.1539179718  1.08171319105e-22
17.8250187627  1.08996773078e-22
18.5223745626  1.09865953854e-22
19.247012528  1.10773118605e-22
20  1.11715773732e-22
20.7824460767  1.12695307698e-22
21.5955032466  1.13713163291e-22
22.440369086  1.14770839738e-22
23.3182880236  1.15869894926e-22
24.2305531726  1.16835105812e-22
25.1785082359  1.17146428596e-22
26.1635494852  1.1680569979e-22
27.1871278176  1.16309459766e-22
28.2507508925  1.15133400456e-22
29.3559853524  1.13911330996e-22
30.5044591308  1.1244906183e-22
31.6978638492  1.10674363466e-22
32.9379573097  1.08830234813e-22
34.2265660832  1.07508665009e-22
35.5655882008  1.06132789258e-22
36.9569959484  1.04654969251e-22
38.4028387728  1.02288820241e-22
39.9052462994  9.98036465977e-23
41.4664314697  9.7827335606e-23
43.0886938006  9.58144013979e-23
44.7744227714  9.3722716566e-23
46.5261013431  9.27511540993e-23
48.3463096161  9.1926196604e-23
50.2377286302  9.1008873115e-23
52.2031443137  8.96212973666e-23
54.2454515866  8.81794364581e-23
56.3676586253  8.61644104335e-23
58.5728912925  8.37742996283e-23
60.8643977422  8.19285498277e-23
63.2455532034  8.11049008114e-23
65.719864952  8.0249028748e-23
68.2909774767  7.93596729977e-23
70.9626778467  7.85456668011e-23
73.7389012904  7.79029995825e-23
76.6237369911  7.72351897416e-23
79.6214341107  7.65412536412e-23
82.7364080478  7.59572952884e-23
85.9732469416  7.53702039024e-23
89.3367184302  7.47601441487e-23
92.8317766723  7.42342151394e-23
96.4635696448  7.37139963062e-23
100.237446725  7.32006980838e-23
104.158966572  7.30893985199e-23
108.233905309  7.29737446607e-23
112.468265038  7.28535661561e-23
116.868282675  7.27286859915e-23
121.440439138  7.2584867242e-23
126.191468896  7.24036734948e-23
131.128369884  7.22153910308e-23
136.258413812  7.2019742523e-23
141.589156877  7.18467432558e-23
147.128450892  7.17411150562e-23
152.884454851  7.16313544381e-23
158.865646945  7.15172997317e-23
165.080837054  7.14156811943e-23
171.539179718  7.13140074247e-23
178.250187627  7.1208355943e-23
185.223745626  7.10997286943e-23
192.47012528  7.09872546191e-23
200  7.08703802989e-23
207.824460767  7.09106303439e-23
215.955032466  7.09524550634e-23
224.40369086  7.09959160623e-23
233.182880236  7.10410773557e-23
242.305531726  7.10880054628e-23
251.785082359  7.11524436562e-23
261.635494852  7.12896083042e-23
271.871278176  7.14321391492e-23
282.507508925  7.15802461293e-23
293.559853524  7.17341473956e-23
305.044591308  7.19693270779e-23
316.978638492  7.2313543236e-23
329.379573097  7.26712259232e-23
342.265660832  7.30429019811e-23
355.655882008  7.32513366655e-23
369.569959484  7.32152999329e-23
384.028387728  7.31778533604e-23
399.052462994  7.31389417916e-23
414.664314697  7.35494369571e-23
430.886938006  7.40062683913e-23
447.744227714  7.44809721236e-23
465.261013431  7.49742473595e-23
483.463096161  7.54868206591e-23
502.377286302  7.59882412537e-23
522.031443137  7.62837123624e-23
542.454515866  7.65907429815e-23
563.676586253  7.69097853458e-23
585.728912925  7.72413093824e-23
608.643977422  7.75858034031e-23
632.455532034  7.79437748236e-23
657.19864952  7.83157509107e-23
682.909774767  7.87022795593e-23
709.626778467  7.9037331452e-23
737.389012904  7.92626346364e-23
766.237369911  7.94967522004e-23
796.214341107  7.97400289829e-23
827.364080478  7.99600577264e-23
859.732469416  8.01839842372e-23
893.367184302  8.0416671269e-23
928.317766723  8.08126747545e-23
964.635696448  8.12617050074e-23
1002.37446725  8.17073518636e-23
1041.58966572  8.18461984681e-23
1082.33905309  8.19904770716e-23
1124.68265038  8.21404001865e-23
1168.68282675  8.2296188639e-23
1214.40439138  8.24580718947e-23
1261.91468896  8.26262883963e-23
1311.28369884  8.2801085915e-23
1362.58413812  8.29827219153e-23
1415.89156877  8.31714639345e-23
1471.28450892  8.33675899762e-23
1528.84454851  8.34800059738e-23
1588.65646945  8.35022867512e-23
1650.80837054  8.3525439204e-23
1715.39179718  8.3549497434e-23
1782.50187627  8.35744968774e-23
1852.23745626  8.36004743566e-23
1924.7012528  8.36274681347e-23
2000  8.36555179715e-23
2078.24460767  8.36349762141e-23
2159.55032466  8.36136308157e-23
2244.0369086  8.35914503362e-23
2331.82880236  8.35684021053e-23
2423.05531726  8.35444521745e-23
2517.85082359  8.35195652671e-23
2616.35494852  8.34937047267e-23
2718.71278176  8.34668324623e-23
2825.07508925  8.3438908893e-23
2935.59853524  8.34098928894e-23
3050.44591308  8.3325335288e-23
3169.78638492  8.31652946284e-23
3293.79573097  8.29989928095e-23
3422.65660832  8.28261848803e-23
3556.55882008  8.26466163067e-23
3695.69959484  8.24600225969e-23
3840.28387728  8.22661289112e-23
3990.52462994  8.20646496579e-23
4146.64314697  8.1855288072e-23
4308.86938006  8.16377357786e-23
4477.44227714  8.14116723382e-23
4652.61013431  8.11767647752e-23
4834.63096161  8.09326670872e-23
5023.77286302  8.06841749463e-23
5220.31443137  8.04632249079e-23
5424.54515866  8.0233630795e-23
5636.76586253  7.99950544314e-23
5857.28912925  7.97471444109e-23
6086.43977422  7.94895355792e-23
6324.55532034  7.92218484965e-23
6571.9864952  7.89436888785e-23
6829.09774767  7.86546470154e-23
7096.26778467  7.84162712721e-23
7373.89012904  7.82828953833e-23
7662.37369911  7.81443015224e-23
7962.14341107  7.80002855504e-23
8273.64080478  7.78506353419e-23
8597.32469416  7.76951304723e-23
8933.67184302  7.75335418941e-23
9283.17766723  7.73656315983e-23
9646.35696448  7.7191152265e-23
10023.7446725  7.70194411004e-23
10415.8966572  7.69894944215e-23
10823.3905309  7.69583761596e-23
11246.8265038  7.69260404795e-23
11686.8282675  7.68924397532e-23
12144.0439138  7.6857524489e-23
12619.1468896  7.68212432593e-23
13112.8369884  7.67835426243e-23
13625.8413812  7.67443670536e-23
14158.9156877  7.67036588443e-23
14712.8450892  7.6661358036e-23
15288.4454851  7.66174023227e-23
15886.5646945  7.65717269606e-23
16508.0837054  7.65242646732e-23
17153.9179718  7.64749455517e-23
17825.0187627  7.64236969525e-23
18522.3745626  7.63704433901e-23
19247.012528  7.63151064256e-23
20000  7.62576045516e-23

