0.2 20 151
151
0.2  0
0.206235454919  1.80156010599e-39
0.212665314327  3.65928794611e-39
0.219295639229  5.57493467722e-39
0.22613267959  7.55030605248e-39
0.233182880236  9.58726412354e-39
0.240452886923  1.16877289957e-38
0.247949552606  1.3853680638e-38
0.255679943893  1.60871607493e-38
0.263651347711  1.83902746834e-38
0.271871278176  2.07651934331e-38
0.280347483669  2.32141556767e-38
0.289087954149  2.57394698887e-38
0.298100928677  2.83435165153e-38
0.307394903187  3.10287502186e-38
0.316978638492  3.37977021905e-38
0.326861168545  3.66529825383e-38
0.33705180895  3.95972827455e-38
0.34756016575  4.26333782088e-38
0.358396144475  4.5764130854e-38
0.369569959484  4.89924918342e-38
0.381092143593  5.23215043111e-38
0.392973557999  5.57543063241e-38
0.405225402524  5.92941337481e-38
0.417859226171  6.29443233437e-38
0.430886938006  6.67083159027e-38
0.444320818391  7.05896594912e-38
0.458173530554  7.45920127946e-38
0.472458132527  7.87191485659e-38
0.487188089458  8.29749571825e-38
0.502377286302  1.12835719574e-33
0.518040040906  8.03057167864e-33
0.534191117512  1.52201883276e-32
0.550845740668  2.2633957629e-32
0.568019609583  3.02788680518e-32
0.585728912925  3.8162125946e-32
0.60399034408  4.62911623362e-32
0.622821116889  5.46736399262e-32
0.642238981873  6.33174603218e-32
0.662262242965  7.22307714794e-32
0.682909774767  8.14219753865e-32
0.704201040337  9.08997359816e-32
0.72615610954  1.00672987321e-31
0.748795677965  1.10750942002e-31
0.772141086431  1.21143099843e-31
0.796214341107  1.31859256842e-31
0.821038134255  1.42909514411e-31
0.846635865618  1.54304288894e-31
0.87303166448  1.6605432139e-31
0.900250412412  1.78170687876e-31
0.928317766723  1.90664809647e-31
0.957260184645  2.03548464084e-31
0.987104948279  2.16833795752e-31
1.0178801903  5.87822968436e-29
1.0496149205  1.62717264718e-28
1.08233905309  2.69892641625e-28
1.11608343495  3.80409454688e-28
1.15087987467  4.94371880779e-28
1.18676117255  6.11887344721e-28
1.2237611515  7.33066620551e-28
1.26191468896  8.5802393594e-28
1.30125774973  9.86877079862e-28
1.34182741991  1.11974751363e-27
1.38366194184  1.25676048541e-27
1.42680075014  1.39804514822e-27
1.47128450892  1.54373468177e-27
1.51715515006  1.6939664179e-27
1.56445591277  1.84888197013e-27
1.61323138435  2.00862736707e-27
1.66352754221  2.17335319011e-27
1.71539179718  2.34321471537e-27
1.76887303828  2.51837206004e-27
1.82402167871  2.69899033335e-27
1.88088970345  2.88523979216e-27
1.93953071822  3.07729600149e-27
2  3.54778625508e-27
2.06235454919  7.79596188444e-27
2.12665314327  1.24575244387e-26
2.19295639229  1.72644218088e-26
2.2613267959  2.22211851381e-26
2.33182880236  2.73324868388e-26
2.40452886923  3.26031449961e-26
2.47949552606  3.80381279101e-26
2.55679943893  4.36425587789e-26
2.63651347711  4.94217205278e-26
2.71871278176  5.53810607894e-26
2.80347483669  6.15261970387e-26
2.89087954149  6.78629218884e-26
2.98100928677  7.44695838272e-26
3.07394903187  1.06241601983e-25
3.16978638492  1.45727357181e-25
3.26861168545  1.86444170611e-25
3.3705180895  2.28430423314e-25
3.4756016575  2.71725692947e-25
3.58396144475  3.16370791089e-25
3.69569959484  3.62407801716e-25
3.81092143593  4.09880120864e-25
3.92973557999  4.58832497542e-25
4.05225402524  5.95934664237e-25
4.17859226171  8.57422976486e-25
4.30886938006  1.12706378165e-24
4.44320818391  1.40511125223e-24
4.58173530554  1.69182748516e-24
4.72458132527  1.98748274881e-24
4.87188089458  2.2923557378e-24
5.02377286302  2.74252874886e-24
5.18040040906  3.89743599827e-24
5.34191117512  5.09704106207e-24
5.50845740668  6.33404654235e-24
5.68019609583  7.60961848216e-24
5.85728912925  8.92495927859e-24
6.0399034408  1.08651175235e-23
6.22821116889  1.49932911084e-23
6.42238981873  1.92547687681e-23
6.62262242965  2.3649107687e-23
6.82909774767  2.81804501169e-23
7.04201040337  3.27599757492e-23
7.2615610954  3.71027644466e-23
7.48795677965  4.15791278342e-23
7.72141086431  4.61950520323e-23
7.96214341107  5.09450815588e-23
8.21038134255  5.50236825281e-23
8.46635865618  5.90635702471e-23
8.7303166448  6.32294106548e-23
9.00250412412  6.74383863117e-23
9.28317766723  7.06613314351e-23
9.57260184645  7.39071049412e-23
9.87104948279  7.72540728192e-23
10.178801903  8.00767439989e-23
10.496149205  8.2519908846e-23
10.8233905309  8.50392449144e-23
11.1608343495  8.73936688436e-23
11.5087987467  8.95458251606e-23
11.8676117255  9.17650798461e-23
12.237611515  9.39131249524e-23
12.6191468896  9.60474758066e-23
13.0125774973  9.82341289965e-23
13.4182741991  1.00333372765e-22
13.8366194184  1.02489101497e-22
14.2680075014  1.04554990259e-22
14.7128450892  1.06586563522e-22
15.1715515006  1.08568937919e-22
15.6445591277  1.10418870749e-22
16.1323138435  1.12248149647e-22
16.6352754221  1.13917479126e-22
17.1539179718  1.15561279091e-22
17.6887303828  1.17066776028e-22
18.2402167871  1.18512794219e-22
18.8088970345  1.19861703766e-22
19.3953071822  1.21098103528e-22
20  1.22296e-22

