0.02 20 201
201
0.02  0
0.0207028433336  5.42897276162e-39
0.0214303861048  1.10487313889e-38
0.0221834963052  1.68659805106e-38
0.0229630724299  2.28876603706e-38
0.0237700445487  2.91209551078e-38
0.0246053754162  3.55733013277e-38
0.0254700616203  4.22523969739e-38
0.0263651347711  4.91662105126e-38
0.0272916627318  5.63229904391e-38
0.0282507508925  6.37312751186e-38
0.0292435434891  7.13999029731e-38
0.0302712249687  7.93380230259e-38
0.0313350214022  8.75551058167e-38
0.0324362019472  9.60609547006e-38
0.0335760803625  1.04865717544e-37
0.034756016575  1.1397989883e-37
0.0359774183026  1.23414372195e-37
0.0372417427333  1.33180393395e-37
0.0385504982638  1.43289613739e-37
0.0399052462994  1.5375409399e-37
0.0413076031162  1.64586318751e-37
0.04275924179  1.75799211359e-37
0.0442618941921  1.87406149308e-37
0.0458173530554  1.99420980205e-37
0.0474274741132  2.11858038293e-37
0.0490941783137  2.24732161549e-37
0.050819454111  7.88473951798e-34
0.0526053598379  2.50635696809e-33
0.0544540261616  4.28461011568e-33
0.0563676586253  6.12535493178e-33
0.05834854028  8.03078750902e-33
0.060399034408  1.00031811155e-32
0.0625215873425  1.20448889068e-32
0.0647187313859  1.41583467337e-32
0.0669930878316  1.63460760478e-32
0.0693473700905  1.861068691e-32
0.071784386929  2.09548811047e-32
0.0743070458194  2.33814553625e-32
0.0769183564091  2.58933046973e-32
0.0796214341107  2.84934258601e-32
0.0824195038195  3.11849209142e-32
0.0853159037603  3.39710009361e-32
0.0883140894707  3.68549898465e-32
0.091417637923  3.9840328376e-32
0.0946302517923  4.29305781696e-32
0.0979557638737  4.61294260365e-32
0.101398141655  1.19701124323e-31
0.10496149205  3.02196839124e-31
0.108650066298  4.91105848753e-31
0.112468265038  6.86653530286e-31
0.116420643554  8.89073181037e-31
0.120511917215  1.09860629689e-30
0.124746967096  1.31550286043e-30
0.129130845807  1.54002163916e-30
0.133668783514  1.77243049423e-30
0.138366194184  2.01300670003e-30
0.143228682043  2.26203727494e-30
0.14826204826  2.51981932383e-30
0.153472297872  2.78666039245e-30
0.158865646945  3.06287883438e-30
0.164448529989  3.34880419083e-30
0.17022760764  3.64477758382e-30
0.176209774602  3.95115212312e-30
0.182402167871  4.26829332755e-30
0.188812175257  4.59657956104e-30
0.195447444191  4.93640248407e-30
0.202315890852  5.78395225647e-30
0.20942570961  7.67014546208e-30
0.216785382804  9.62262358372e-30
0.22440369086  1.16437160169e-29
0.232289722768  1.37358340173e-29
0.240452886923  1.59014735772e-29
0.248902922354  1.81432184034e-29
0.257649910339  2.0463743e-29
0.266704286433  2.28658158588e-29
0.276076852921  2.53523027623e-29
0.285778791702  2.7926170203e-29
0.295821677634  3.05904889224e-29
0.306217492336  3.33484375742e-29
0.316978638492  3.62033065173e-29
0.32811795464  3.91585017406e-29
0.339648730492  4.22175489271e-29
0.351584722792  4.53840976596e-29
0.363940171722  4.86619257755e-29
0.376729817898  5.20549438734e-29
0.389968919952  5.55671999788e-29
0.403673272736  5.92028843737e-29
0.417859226171  6.29663345957e-29
0.432543704745  6.68620406126e-29
0.447744227714  7.08946501796e-29
0.463478929994  7.50689743843e-29
0.479766583804  7.93899933859e-29
0.496626621059  8.39970676391e-29
0.514079156554  1.19687404609e-28
0.53214501196  1.6450778741e-28
0.550845740668  2.10903255573e-28
0.570203653501  2.58929161012e-28
0.590241845333  3.08642800825e-28
0.610984222643  3.60103485655e-28
0.632455532034  4.13372610448e-28
0.654681389758  4.68513727704e-28
0.677688312278  5.25592623293e-28
0.701503747905  5.84677394944e-28
0.72615610954  6.4583853349e-28
0.751674808577  7.0914900696e-28
0.778090289989  7.74684347641e-28
0.805434068651  8.42522742189e-28
0.833738766941  9.12745124904e-28
0.863038153656  9.85435274298e-28
0.893367184302  1.06067991304e-27
0.924762042799  1.13856881141e-27
0.957260184645  1.21919489444e-27
0.99090038161  1.30265435271e-27
1.02572276798  1.55788394789e-27
1.06176888846  1.88390921241e-27
1.09908174772  2.22139171111e-27
1.13770586169  2.57073407603e-27
1.17768731071  2.93235308857e-27
1.21907379448  3.30668017672e-27
1.26191468896  3.6941619298e-27
1.30626110529  4.09526063123e-27
1.35216595078  4.51045481008e-27
1.399683992  4.94023981196e-27
1.44887192015  5.38512839002e-27
1.49978841866  5.84565131665e-27
1.55249423326  6.32235801672e-27
1.60705224437  6.8158172231e-27
1.66352754221  7.32661765516e-27
1.72198750437  7.85536872114e-27
1.78250187627  8.40270124522e-27
1.84514285431  8.96926822009e-27
1.90998517204  9.55574558602e-27
1.97710618931  1.01628330373e-26
2.04658598456  2.32547782229e-25
2.11850745035  5.75555644082e-25
2.19295639229  9.30617545388e-25
2.27002163134  1.29815709121e-24
2.34979510988  1.67861277301e-24
2.43237200129  2.0724384918e-24
2.51785082359  2.48010409964e-24
2.6063335569  2.90209596022e-24
2.69792576518  3.3389175291e-24
2.79273672211  3.79108995437e-24
2.89087954149  4.25915269837e-24
2.99247131219  4.76404734077e-24
3.09763323782  5.82921810553e-24
3.20649078138  6.99953793626e-24
3.31917381488  8.21098534156e-24
3.43581677432  9.46500563349e-24
3.55655882008  1.07630949155e-23
3.68154400294  1.21068018675e-23
3.81092143593  1.34977295931e-23
3.94484547223  1.49375375328e-23
4.08347588934  1.63854851014e-23
4.22697807967  1.78552775854e-23
4.3755232479  1.9376721762e-23
4.52928861519  2.09516327833e-23
4.68845763064  2.25818895903e-23
4.85322019016  2.42694371537e-23
5.02377286302  2.593917043e-23
5.20031912633  2.72348892393e-23
5.38306960785  2.85687484538e-23
5.57224233726  2.99494823712e-23
5.76806300625  3.137873827e-23
5.97076523784  3.28606797669e-23
6.18059086503  3.45565986831e-23
6.39779021938  3.6342628974e-23
6.62262242965  3.8191424239e-23
6.85535573093  4.01051901754e-23
7.09626778467  4.24002451337e-23
7.34564600996  4.5264378989e-23
7.60378792641  4.82291647136e-23
7.87100150912  5.12981394323e-23
8.14760555608  5.41639596655e-23
8.43393006857  5.68491395761e-23
8.7303166448  5.96286825266e-23
9.0371188875  6.23474326565e-23
9.35470282574  6.41740408194e-23
9.68344735168  6.60427266156e-23
10.0237446725  6.79010369611e-23
10.3760007786  6.91783378069e-23
10.7406359274  7.04741745525e-23
11.1180851454  7.16541061598e-23
11.5087987467  7.25084444276e-23
11.9132428706  7.33939172936e-23
12.3319000372  7.47423977411e-23
12.7652697238  7.62568904511e-23
13.2138689602  7.70722617657e-23
13.6782329456  7.70615396013e-23
14.1589156877  7.69984402454e-23
14.6564906628  7.68241347559e-23
15.1715515006  7.66147321764e-23
15.7047126922  7.63379202173e-23
16.2566103233  7.60343903168e-23
16.8279028329  7.56999556816e-23
17.4192717991  7.534047318e-23
18.0314227521  7.49615699745e-23
18.6650860159  7.45584402078e-23
19.3210175798  7.41328110745e-23
20  7.36838e-23

