0.5 20 151
151
0.5  0
0.512448710082  2.17066165912e-42
0.52520736093  4.3953671936e-42
0.538283669269  6.67546215651e-42
0.55168554395  9.01232560174e-42
0.565421090737  1.1407370918e-41
0.579498617203  1.38620466839e-41
0.59392663776  1.63778375436e-41
0.608713878807  1.89562651054e-41
0.623869284008  2.15988888616e-41
0.6394020197  2.43073071318e-41
0.655321480438  2.70831580297e-41
0.67163729468  2.99281204537e-41
0.688359330604  3.28439151024e-41
0.705497702082  3.58323055157e-41
0.723062774796  3.88950991407e-41
0.741065172505  4.20341484255e-41
0.759515783475  4.52513519392e-41
0.778425767058  4.85486555206e-41
0.797806560447  5.19280534546e-41
0.817669885593  5.5391589679e-41
0.83802775629  5.89413590199e-41
0.858892485448  6.25795084596e-41
0.880276692535  6.63082384345e-41
0.90219331121  7.01298041663e-41
0.924655597149  7.40465170259e-41
0.947677136058  7.80607459311e-41
0.971271851895  8.217491878e-41
0.995454015286  1.22556676433e-36
1.02023825216  2.11850061372e-34
1.04563955259  4.7774579182e-34
1.07167327987  7.50261639989e-34
1.0983551798  1.02956242973e-33
1.1257013902  1.31581708859e-33
1.15372845069  1.60919874996e-33
1.18245331269  1.90988485783e-33
1.21189334964  2.21805727405e-33
1.24206636756  2.53390238841e-33
1.27299061578  2.85761123129e-33
1.30468479801  3.18937958924e-33
1.33716808361  3.5294081234e-33
1.37046011922  3.87790249084e-33
1.40458104063  4.23507346897e-33
1.43955148495  4.60113708301e-33
1.47539260312  4.97631473666e-33
1.51212607267  5.36083334599e-33
1.54977411084  5.7549254767e-33
1.58835948804  6.15882948476e-33
1.62790554158  6.57278966063e-33
1.66843618984  6.99705637692e-33
1.70997594668  7.43188623991e-33
1.75254993629  7.8775422447e-33
1.79618390842  8.33429393429e-33
1.84090425388  8.8024175626e-33
1.88673802057  9.28219626158e-33
1.93371292981  9.77392021241e-33
1.9818573931  1.02778868211e-32
2.03120052932  9.16600817294e-31
2.08177218234  2.38531450696e-30
2.13360293905  3.89059537845e-30
2.18672414789  5.43335386027e-30
2.24116793778  7.01452304822e-30
2.29696723759  8.6350592698e-30
2.35415579601  1.02959426626e-29
2.41276820199  1.1998177767e-29
2.47283990568  1.37427941341e-29
2.53440723981  1.55308469479e-29
2.59750744173  1.73634176638e-29
2.66217867588  1.92416146629e-29
2.72846005693  2.11665739218e-29
2.79639167337  2.31394597002e-29
2.86601461181  2.51614652447e-29
2.9373709818  2.72338135108e-29
3.01050394131  6.07989207498e-29
3.08545772284  2.66393348337e-28
3.16227766017  4.79744384659e-28
3.24101021575  6.98407311375e-28
3.32170300885  9.22514380852e-28
3.40440484432  1.1522011382e-27
3.48916574214  1.38760650325e-27
3.57603696765  1.62887285458e-27
3.66507106256  1.87614611564e-27
3.75632187674  2.12957584297e-27
3.84984460077  2.3893153167e-27
3.94569579937  2.65552163325e-27
4.04393344553  5.2227919736e-27
4.14461695564  1.07606427795e-26
4.2478072254  1.64363717837e-26
4.35356666667  2.22534117977e-26
4.46195924519  2.8215281101e-26
4.57305051927  3.43255855694e-26
4.68690767949  4.05880208554e-26
4.80359958925  4.7006374624e-26
4.92319682653  5.35845288431e-26
5.04577172647  7.81939379951e-26
5.1713984252  1.34143433984e-25
5.30015290463  1.91485928082e-25
5.43211303844  2.50256102349e-25
5.56735863914  3.10489502338e-25
5.70597150638  3.72222558595e-25
5.84803547643  4.35492608691e-25
5.99363647282  5.10561381029e-25
6.1428625584  7.91262635038e-25
6.29580398853  1.0996778995e-24
6.4525532657  1.41577190838e-24
6.6132051955  1.73973584262e-24
6.77785694388  2.07176564304e-24
6.94660809603  2.41206212892e-24
7.11956071652  3.21256761371e-24
7.29681941106  4.2397569324e-24
7.47849138981  5.29252061513e-24
7.66468653214  6.37149539761e-24
7.85551745316  7.4773338686e-24
8.0510995718  8.86709441115e-24
8.25155118063  1.10344393458e-23
8.45699351738  1.32557455779e-23
8.66755083831  1.55323566046e-23
8.88335049333  1.78656493725e-23
9.10452300303  2.05616454534e-23
9.33120213764  2.36731792625e-23
9.5635249979  2.68621822362e-23
9.80163209803  3.01305831568e-23
10.0456674507  3.34869873479e-23
10.295778654  3.6955358374e-23
10.5521169811  4.05102582939e-23
10.8148374712  4.41536660506e-23
11.0840990237  4.78366194151e-23
11.3600644943  5.14958111683e-23
11.6429007931  5.5246107356e-23
11.9327789861  5.9089668195e-23
12.2298743982  6.29062287299e-23
12.5343667197  6.67808630711e-23
12.8464401144  7.07519658115e-23
13.1662833315  7.47222352798e-23
13.4940898196  7.86969872901e-23
13.8300578436  8.27707003713e-23
14.1743906047  8.68009372453e-23
14.5272963631  9.07867960436e-23
14.8889885645  9.48718924432e-23
15.2596859686  9.87514627348e-23
15.6396127818  1.02593016721e-22
16.0289987924  1.06470836901e-22
16.4280795102  1.09957010943e-22
16.8370963082  1.13511366919e-22
17.2562965694  1.16815393123e-22
17.6859338356  1.199809605e-22
18.1262679613  1.23099705717e-22
18.5775652707  1.2597582347e-22
19.0400987189  1.28886164839e-22
19.5141480567  1.31584247777e-22
20  1.3434e-22

