0.2 20000 301
301
0.2  0
0.207824460767  2.38305447784e-40
0.215955032466  4.85933953702e-40
0.22440369086  7.43250257266e-40
0.233182880236  1.01063336744e-39
0.242305531726  1.28847712089e-39
0.251785082359  1.57719076208e-39
0.261635494852  1.87719954607e-39
0.271871278176  2.18894536485e-39
0.282507508925  2.51288739828e-39
0.293559853524  2.84950279036e-39
0.305044591308  3.19928735209e-39
0.316978638492  3.56275629172e-39
0.329379573097  3.94044497364e-39
0.342265660832  4.33290970693e-39
0.355655882008  4.74072856475e-39
0.369569959484  5.16450223585e-39
0.384028387728  5.60485490926e-39
0.399052462994  6.06243519376e-39
0.414664314697  6.53791707317e-39
0.430886938006  7.03200089914e-39
0.447744227714  7.54541442267e-39
0.465261013431  8.07891386606e-39
0.483463096161  8.63328503677e-39
0.502377286302  2.60591166287e-34
0.522031443137  2.4149467729e-33
0.542454515866  4.65358573412e-33
0.563676586253  6.97980540896e-33
0.585728912925  9.39703215671e-33
0.608643977422  1.19088263837e-32
0.632455532034  1.45188877876e-32
0.65719864952  1.72310608069e-32
0.682909774767  2.0049340283e-32
0.709626778467  2.2977877345e-32
0.737389012904  2.60209855238e-32
0.766237369911  2.91831471054e-32
0.796214341107  3.24690197332e-32
0.827364080478  3.58834432682e-32
0.859732469416  3.94314469183e-32
0.893367184302  4.31182566451e-32
0.928317766723  4.69493028622e-32
0.964635696448  5.09302284335e-32
1.00237446725  3.37022157042e-30
1.04158966572  5.8125516624e-29
1.08233905309  1.15022964967e-28
1.12468265038  1.74146372572e-28
1.16868282675  2.35582824093e-28
1.21440439138  2.99422811137e-28
1.26191468896  3.65760365551e-28
1.31128369884  4.34693197924e-28
1.36258413812  5.06322841509e-28
1.41589156877  5.80754801775e-28
1.47128450892  6.58098711805e-28
1.52884454851  7.38468493783e-28
1.58865646945  8.21982526791e-28
1.65080837054  9.08763821173e-28
1.71539179718  9.9894019972e-28
1.78250187627  1.09264448595e-27
1.85223745626  1.19001469973e-27
1.9247012528  1.29119426061e-27
2  1.396332199e-27
2.07824460767  6.3357206975e-27
2.15955032466  1.14683494536e-26
2.2440369086  1.68017784714e-26
2.33182880236  2.23438635196e-26
2.42305531726  2.81027677031e-26
2.51785082359  3.40869734857e-26
2.61635494852  4.03052951852e-26
2.71871278176  4.67668919555e-26
2.82507508925  5.3481281278e-26
2.93559853524  6.04583529796e-26
3.05044591308  9.93453808195e-26
3.16978638492  1.81723054179e-25
3.29379573097  2.67323531906e-25
3.42265660832  3.5627289753e-25
3.55655882008  4.48702167263e-25
3.69569959484  5.44747482969e-25
3.84028387728  6.44550312698e-25
3.99052462994  7.48257659055e-25
4.14664314697  1.19360329655e-24
4.30886938006  1.67903810125e-24
4.47744227714  2.18346423387e-24
4.65261013431  2.70762467891e-24
4.83463096161  3.25229148814e-24
5.02377286302  3.92658087033e-24
5.22031443137  5.410181538e-24
5.42454515866  6.95182408177e-24
5.63676586253  8.55377923354e-24
5.85728912925  1.02184065615e-23
6.08643977422  1.23818574224e-23
6.32455532034  1.53739921133e-23
6.5719864952  1.84831860067e-23
6.82909774767  2.17140187282e-23
7.09626778467  2.60702534185e-23
7.37389012904  3.24398101596e-23
7.66237369911  3.90585586349e-23
7.96214341107  4.59362477989e-23
8.27364080478  5.17203617795e-23
8.59732469416  5.7534874464e-23
8.93367184302  6.35768642803e-23
9.28317766723  6.8012614752e-23
9.64635696448  7.21734247563e-23
10.0237446725  7.64241633043e-23
10.4158966572  7.97137262421e-23
10.8233905309  8.31319844606e-23
11.2468265038  8.63330372303e-23
11.6868282675  8.93983972127e-23
12.1440439138  9.24973067059e-23
12.6191468896  9.55223157235e-23
13.1128369884  9.8599490714e-23
13.6258413812  1.01564941171e-22
14.1589156877  1.04524356394e-22
14.7128450892  1.07300947073e-22
15.2884454851  1.09957784808e-22
15.8865646945  1.12482311653e-22
16.5080837054  1.147630902e-22
17.1539179718  1.16970828082e-22
17.8250187627  1.1898993145e-22
18.5223745626  1.21732977517e-22
19.247012528  1.24807830794e-22
20  1.28002979415e-22
20.7824460767  1.31323129611e-22
21.5955032466  1.34773171731e-22
22.440369086  1.38358187448e-22
23.3182880236  1.42083457239e-22
24.2305531726  1.45368133146e-22
25.1785082359  1.4651225509e-22
26.1635494852  1.45607066136e-22
27.1871278176  1.44520280855e-22
28.2507508925  1.4271198365e-22
29.3559853524  1.40832941692e-22
30.5044591308  1.3857861664e-22
31.6978638492  1.35835771551e-22
32.9379573097  1.32985620043e-22
34.2265660832  1.30588755901e-22
35.5655882008  1.28855102694e-22
36.9569959484  1.28087101185e-22
38.4028387728  1.27114650338e-22
39.9052462994  1.26098599474e-22
41.4664314697  1.24712333909e-22
43.0886938006  1.23249646048e-22
44.7744227714  1.21729734469e-22
46.5261013431  1.20067496994e-22
48.3463096161  1.18327501504e-22
50.2377286302  1.16576032883e-22
52.2031443137  1.15165163966e-22
54.2454515866  1.13699098606e-22
56.3676586253  1.12152016259e-22
58.5728912925  1.10530843743e-22
60.8643977422  1.09151725939e-22
63.2455532034  1.08242725989e-22
65.719864952  1.07298163867e-22
68.2909774767  1.06316648298e-22
70.9626778467  1.05350157883e-22
73.7389012904  1.04444409703e-22
76.6237369911  1.03503226568e-22
79.6214341107  1.02525222179e-22
82.7364080478  1.01873488342e-22
85.9732469416  1.01248661043e-22
89.3367184302  1.00599389061e-22
92.8317766723  1.00023905713e-22
96.4635696448  9.94500500596e-23
100.237446725  9.88871039838e-23
104.158966572  9.88184237474e-23
108.233905309  9.87470565819e-23
112.468265038  9.86728973684e-23
116.868282675  9.85958368757e-23
121.440439138  9.84905342116e-23
126.191468896  9.83241181995e-23
131.128369884  9.81511916096e-23
136.258413812  9.79714997332e-23
141.589156877  9.78257433472e-23
147.128450892  9.77745090173e-23
152.884454851  9.77212702823e-23
158.865646945  9.76659487254e-23
165.080837054  9.76319598346e-23
171.539179718  9.7602092413e-23
178.250187627  9.75710565091e-23
185.223745626  9.74766217679e-23
192.47012528  9.73568474386e-23
200  9.72323872616e-23
207.824460767  9.71708048853e-23
215.955032466  9.71068132647e-23
224.40369086  9.70403181444e-23
233.182880236  9.69712215818e-23
242.305531726  9.68994218024e-23
251.785082359  9.68487689381e-23
261.635494852  9.69034343105e-23
271.871278176  9.69602383182e-23
282.507508925  9.70192646295e-23
293.559853524  9.70806001862e-23
305.044591308  9.71200728073e-23
316.978638492  9.71289032887e-23
329.379573097  9.71380792389e-23
342.265660832  9.71476141734e-23
355.655882008  9.72168197955e-23
369.569959484  9.73729939938e-23
384.028387728  9.75352780864e-23
399.052462994  9.77039111067e-23
414.664314697  9.83883240945e-23
430.886938006  9.91337009725e-23
447.744227714  9.99082387112e-23
465.261013431  1.00713078151e-22
483.463096161  1.01549404763e-22
502.377286302  1.02364935511e-22
522.031443137  1.02825547176e-22
542.454515866  1.03304179031e-22
563.676586253  1.03801536066e-22
585.728912925  1.04318350855e-22
608.643977422  1.04783947121e-22
632.455532034  1.05145202074e-22
657.19864952  1.05520590154e-22
682.909774767  1.0591066428e-22
709.626778467  1.06258411006e-22
737.389012904  1.06513527916e-22
766.237369911  1.06778625587e-22
796.214341107  1.0705409449e-22
827.364080478  1.073656501e-22
859.732469416  1.0769303292e-22
893.367184302  1.0803322371e-22
928.317766723  1.08306037798e-22
964.635696448  1.08569886768e-22
1002.37446725  1.08837767184e-22
1041.58966572  1.09018767676e-22
1082.33905309  1.09206849324e-22
1124.68265038  1.09402289159e-22
1168.68282675  1.09605375051e-22
1214.40439138  1.09816406131e-22
1261.91468896  1.10035693233e-22
1311.28369884  1.10263559352e-22
1362.58413812  1.10500340118e-22
1415.89156877  1.10746384294e-22
1471.28450892  1.11002054284e-22
1528.84454851  1.11182269366e-22
1588.65646945  1.11281131599e-22
1650.80837054  1.1138386155e-22
1715.39179718  1.11490610533e-22
1782.50187627  1.11601535783e-22
1852.23745626  1.11716800683e-22
1924.7012528  1.11836575013e-22
2000  1.1196103519e-22
2078.24460767  1.11828811027e-22
2159.55032466  1.11691413951e-22
2244.0369086  1.11548641584e-22
2331.82880236  1.11400283634e-22
2423.05531726  1.11246121579e-22
2517.85082359  1.11085928349e-22
2616.35494852  1.10919467991e-22
2718.71278176  1.1074649532e-22
2825.07508925  1.1056675556e-22
2935.59853524  1.10379983966e-22
3050.44591308  1.10174707349e-22
3169.78638492  1.09946544577e-22
3293.79573097  1.09709455552e-22
3422.65660832  1.09463091057e-22
3556.55882008  1.09207088216e-22
3695.69959484  1.08941069954e-22
3840.28387728  1.08664644445e-22
3990.52462994  1.08377404533e-22
4146.64314697  1.08078927134e-22
4308.86938006  1.07768772612e-22
4477.44227714  1.0744648413e-22
4652.61013431  1.0711158698e-22
4834.63096161  1.06763587882e-22
5023.77286302  1.06429391345e-22
5220.31443137  1.0628030067e-22
5424.54515866  1.06125377224e-22
5636.76586253  1.05964392816e-22
5857.28912925  1.05797110327e-22
6086.43977422  1.05623283362e-22
6324.55532034  1.05442655885e-22
6571.9864952  1.05254961845e-22
6829.09774767  1.05059924782e-22
7096.26778467  1.04908119325e-22
7373.89012904  1.04844201513e-22
7662.37369911  1.04777783089e-22
7962.14341107  1.04708766224e-22
8273.64080478  1.04637049259e-22
8597.32469416  1.04562526562e-22
8933.67184302  1.04485088365e-22
9283.17766723  1.04404620608e-22
9646.35696448  1.04321004767e-22
10023.7446725  1.04237314657e-22
10415.8966572  1.04199827591e-22
10823.3905309  1.04160873944e-22
11246.8265038  1.04120396341e-22
11686.8282675  1.04078335161e-22
12144.0439138  1.0403462845e-22
12619.1468896  1.03989211832e-22
13112.8369884  1.03942018412e-22
13625.8413812  1.03892978676e-22
14158.9156877  1.03842020392e-22
14712.8450892  1.03789068504e-22
15288.4454851  1.03734045015e-22
15886.5646945  1.03676868881e-22
16508.0837054  1.03617455884e-22
17153.9179718  1.03555718514e-22
17825.0187627  1.03491565837e-22
18522.3745626  1.03424903358e-22
19247.012528  1.0335563289e-22
20000  1.03283652402e-22

