3.337123 20000 251
251
3.337123  0
3.45527680945  6.03873356793e-33
3.57761395967  1.22912738716e-32
3.70428256556  6.2981518855e-29
3.83543598616  1.36166973118e-28
3.97123301033  1.80500157793e-28
4.11183804897  2.33200884033e-28
4.25742133414  2.89083506414e-28
4.40815912507  3.48856066114e-28
4.56423392162  4.07631347716e-28
4.72583468524  4.63878245244e-28
4.89315706769  5.1719857056e-28
5.06640364799  5.76894273935e-28
5.24578417764  6.47611605436e-28
5.43151583456  7.20832746988e-28
5.62382348608  8.00356957955e-28
5.82293996113  8.84821716668e-28
6.02910633217  9.69390830951e-28
6.24257220704  1.03877521964e-27
6.46359603117  1.11061622435e-27
6.69244540048  1.17653425957e-27
6.92939738535  1.24312789702e-27
7.17473886611  1.30855287525e-27
7.42876688032  1.37481897867e-27
7.69178898242  1.43421376053e-27
7.96412361611  1.49216673398e-27
8.24610049985  1.53881438096e-27
8.53806102608  1.58462248778e-27
8.84035867456  1.62877166877e-27
9.15335944029  1.67194153666e-27
9.47744227666  1.71389956923e-27
9.81299955425  1.74999155496e-27
10.1604375359  1.78246445317e-27
10.5201768684  1.81059731326e-27
10.8926530921  1.83550915631e-27
11.278317168  1.85852678375e-27
11.6776360236  1.87901132914e-27
12.0910931187  1.89602086259e-27
12.5191890302  1.90866947861e-27
12.9624420584  1.91790292676e-27
13.4213888545  1.924773779e-27
13.8965850703  1.92913312277e-27
14.388606031  1.93072359306e-27
14.8980474317  1.92963669607e-27
15.4255260585  1.92641116214e-27
15.9716805354  1.92125852221e-27
16.5371720977  1.91418326834e-27
17.1226853919  1.90528660927e-27
17.7289293053  1.89474499965e-27
18.356637824  1.88265713236e-27
19.0065709213  1.86941534496e-27
19.6795154784  1.85600670697e-27
20.3762862363  1.84246007454e-27
21.0977267829  1.82857703059e-27
21.8447105741  1.81433686774e-27
22.6181419911  1.79956479558e-27
23.4189574357  1.78416854253e-27
24.2481264638  1.76805290429e-27
25.1066529592  1.75111361691e-27
25.9955763491  1.7332424344e-27
26.9159728627  1.71430451883e-27
27.8689568338  1.69426222162e-27
28.8556820506  1.67303804737e-27
29.8773431516  1.65056457055e-27
30.9351770732  1.62678233513e-27
32.030464546  1.60163199394e-27
33.1645316465  1.57504969946e-27
34.3387514019  1.54704461923e-27
35.5545454527  1.51760269595e-27
36.8133857737  1.48672212835e-27
38.1167964565  1.45438843653e-27
39.4663555544  1.42046544681e-27
40.8636969931  1.38686247315e-27
42.3105125489  1.35392967648e-27
43.808553897  1.32221217133e-27
45.359634732  1.29233544547e-27
46.9656329643  1.263986774e-27
48.6284929932  1.23750818925e-27
50.3502280611  1.21314661447e-27
52.1329226913  1.19083273947e-27
53.9787352112  1.16982877735e-27
55.8899003659  1.15011402731e-27
57.8687320236  1.1320705141e-27
59.9176259771  1.11569251532e-27
62.0390628443  1.10035119094e-27
64.2356110716  1.0853782718e-27
66.5099300436  1.07072673115e-27
68.8647733026  1.05640558558e-27
71.3029918827  1.0424216949e-27
73.8275377614  1.0287798546e-27
76.4414674335  1.01559193535e-27
79.1479456117  1.0028022482e-27
81.9502490582  9.90297212401e-28
84.851770552  9.78051621197e-28
87.8560229962  9.65950851466e-28
90.9666436717  9.54140042981e-28
94.1873986402  9.42557080046e-28
97.5221873045  9.31318505956e-28
100.975047129  9.20052190858e-28
104.550158528  9.07028668898e-28
108.251849928  8.92285319727e-28
112.084603006  8.7632863446e-28
116.053058117  8.5965568177e-28
120.162019913  8.42734988236e-28
124.416463158  8.25995423735e-28
128.821538751  8.09823249545e-28
133.382579967  7.94330757609e-28
138.105108905  7.79173728229e-28
142.994843183  7.64329463596e-28
148.057702854  7.49726952311e-28
153.299817577  7.4432623e-28
158.727534036  7.4432623e-28
164.347423627  7.4432623e-28
170.16629041  7.4432623e-28
176.19117935  7.4432623e-28
182.429384844  7.4432623e-28
188.888459554  7.4432623e-28
195.576223553  7.4432623e-28
202.500773787  7.4432623e-28
209.670493884  7.4432623e-28
217.094064301  7.4432623e-28
224.780472836  7.4432623e-28
232.739025504  7.4432623e-28
240.979357812  7.4432623e-28
249.511446418  7.4432623e-28
258.345621213  5.90974119502e-28
267.492577829  2.69732976196e-27
276.963390583  6.34494519927e-27
286.769525891  1.15498958393e-26
296.922856145  1.83288690866e-26
307.435674092  2.66991794167e-26
318.320707714  3.66787832723e-26
329.591135638  4.82862937311e-26
341.260603092  6.15409948948e-26
353.343238425  7.64628559434e-26
365.853670215  9.30725447984e-26
378.807044974  1.11391441335e-25
392.219045494  1.31441650081e-25
406.105909828  1.5324601234e-25
420.484450951  1.76828117666e-25
435.372077117  2.02212314628e-25
450.786812936  2.29423720796e-25
466.747321194  2.58488231861e-25
483.27292545  6.02459302869e-25
500.38363343  7.50927690358e-25
518.100161253  8.89176761485e-25
536.443958509  1.0177969023e-24
555.43723423  1.13736837049e-24
575.102983781  1.24845848791e-24
595.465016694  1.35161911056e-24
616.547985502  1.44738438727e-24
638.377415582  1.53626881584e-24
660.97973606  1.61876560174e-24
684.382311807  1.6953453217e-24
708.613476575  1.76645489043e-24
733.702567294  1.83251682529e-24
759.679959596  1.89392879969e-24
786.577104589  1.95106347231e-24
814.426566936  2.00426857577e-24
843.26206428  2.05386724466e-24
873.118508067  2.10015856062e-24
904.032045816  2.14341828913e-24
936.040104878  2.18389978142e-24
969.181437754  2.22183501358e-24
1003.49616901  2.25743573473e-24
1039.02584387  2.29089469617e-24
1075.81347848  2.32238693462e-24
1113.90361203  2.35207108409e-24
1153.34236065  2.38009069288e-24
1194.17747327  2.4065755246e-24
1236.45838938  2.4316428251e-24
1280.23629896  2.45539853966e-24
1325.56420438  2.47793846795e-24
1372.49698462  2.49934934728e-24
1421.09146172  2.51970985724e-24
1471.40646953  2.53909154146e-24
1523.50292495  2.55755964472e-24
1577.44390175  2.5751738655e-24
1633.29470682  2.59198902596e-24
1691.12295935  2.60805566259e-24
1750.99867262  2.62342054207e-24
1812.99433881  2.63812710769e-24
1877.18501672  2.65221586197e-24
1943.6484227  2.66572469188e-24
2012.46502472  2.67868914267e-24
2083.71813978  2.69114264672e-24
2157.49403477  2.70311671325e-24
2233.88203098  2.7146410846e-24
2312.97461218  2.72574386427e-24
2394.86753659  2.73645162167e-24
2479.65995287  2.7467894778e-24
2567.4545201  2.75678117567e-24
2658.35753211  2.76644913896e-24
2752.47904615  2.77581452159e-24
2849.93301615  2.78489725085e-24
2950.83743069  2.79371606589e-24
3055.31445581  2.80228855345e-24
3163.49058298  2.8106311819e-24
3275.4967822  2.81875933474e-24
3391.46866057  2.8266873443e-24
3511.54662649  2.83442852604e-24
3635.87605966  2.84199521402e-24
3764.60748704  2.84939879741e-24
3897.89676517  2.85664975835e-24
4035.9052688  2.86375771103e-24
4178.80008631  2.87073144177e-24
4326.75422199  2.87757895009e-24
4479.94680552  2.88430749044e-24
4638.56330878  2.89092361432e-24
4802.79577049  2.89743321267e-24
4972.84302865  2.9038415581e-24
5148.91096131  2.91015334691e-24
5331.21273581  2.91637274041e-24
5519.96906686  2.92250340553e-24
5715.40848378  2.92854855449e-24
5917.76760717  2.93451098313e-24
6127.2914354  2.94039310812e-24
6344.23364123  2.94619700254e-24
6568.8568789  2.95192442996e-24
6801.43310219  2.95757687685e-24
7042.24389363  2.96315558325e-24
7291.58080543  2.96866157172e-24
7549.74571248  2.97409567439e-24
7817.05117779  2.97945855832e-24
8093.82083097  2.98475074901e-24
8380.38976002  2.98997265215e-24
8677.10491701  2.99512457365e-24
8984.32553818  3.00020673792e-24
9302.42357883  3.0049305835e-24
9631.78416367  3.00914212928e-24
9972.80605311  3.01314324562e-24
10325.902126  3.01694483594e-24
10691.4998796  3.02055747795e-24
11070.041947  3.02399142682e-24
11461.9866331  3.02725661905e-24
11867.8084697  3.03036267693e-24
12287.9987894  3.03331891356e-24
12723.0663214  3.03613433827e-24
13173.5378065  3.03881766242e-24
13639.9586354  3.04137730551e-24
14122.8935088  3.04382140151e-24
14622.9271212  3.04615780544e-24
15140.6648686  3.0483941e-24
15676.7335816  3.05053760241e-24
16231.7822845  3.05259537126e-24
16806.4829806  3.05457421339e-24
17401.5314663  3.05648069085e-24
18017.6481731  3.05832112774e-24
18655.5790402  3.06010161714e-24
19316.0964173  3.06182802785e-24
20000  3.0635060112e-24

