0.5 20 151
151
0.5  0
0.512448710082  4.61832205602e-43
0.52520736093  9.35162841673e-43
0.538283669269  1.42027818947e-42
0.55168554395  1.9174716579e-42
0.565421090737  2.42704396102e-42
0.579498617203  2.94930329988e-42
0.59392663776  3.48456554893e-42
0.608713878807  4.0331544471e-42
0.623869284008  4.59540179356e-42
0.6394020197  5.17164764844e-42
0.655321480438  5.76224053849e-42
0.67163729468  6.36753766787e-42
0.688359330604  6.9879051342e-42
0.705497702082  7.62371815e-42
0.723062774796  8.2753612696e-42
0.741065172505  8.94322862175e-42
0.759515783475  9.62772414797e-42
0.778425767058  1.03292618469e-41
0.797806560447  1.10482660247e-41
0.817669885593  1.17851715516e-41
0.83802775629  1.25404241251e-41
0.858892485448  1.33144805391e-41
0.880276692535  1.4107808961e-41
0.90219331121  1.49208892139e-41
0.924655597149  1.57542130675e-41
0.947677136058  1.66082845352e-41
0.971271851895  1.74836201791e-41
0.995454015286  5.04364472514e-37
1.02023825216  8.7186813241e-35
1.04563955259  1.96616123057e-34
1.07167327987  3.08769940378e-34
1.0983551798  4.23716098412e-34
1.1257013902  5.41524119239e-34
1.15372845069  6.62265255859e-34
1.18245331269  7.86012535288e-34
1.21189334964  9.12840802728e-34
1.24206636756  1.04282676683e-33
1.27299061578  1.1760490461e-33
1.30468479801  1.31258821643e-33
1.33716808361  1.45252685985e-33
1.37046011922  1.59594961447e-33
1.40458104063  1.74294322568e-33
1.43955148495  1.89359659859e-33
1.47539260312  2.04800085182e-33
1.51212607267  2.20624937262e-33
1.54977411084  2.36843787333e-33
1.58835948804  2.53466444929e-33
1.62790554158  2.70502963815e-33
1.66843618984  2.87963648071e-33
1.70997594668  3.05859058318e-33
1.75254993629  3.24200018114e-33
1.79618390842  3.42997620491e-33
1.84090425388  3.62263234674e-33
1.88673802057  3.82008512947e-33
1.93371292981  4.0224539771e-33
1.9818573931  4.22986128695e-33
2.03120052932  4.80437207364e-31
2.08177218234  1.25217539832e-30
2.13360293905  2.04312787927e-30
2.18672414789  2.85377303647e-30
2.24116793778  3.68460116675e-30
2.29696723759  4.53611477407e-30
2.35415579601  5.40882887346e-30
2.41276820199  6.30327130246e-30
2.47283990568  7.21998304042e-30
2.53440723981  8.1595185357e-30
2.59750744173  9.12244604096e-30
2.66217867588  1.01093479569e-29
2.72846005693  1.11208211845e-29
2.79639167337  1.21574774861e-29
2.86601461181  1.32199438551e-29
2.9373709818  1.43088628958e-29
3.01050394131  3.38582638091e-29
3.08545772284  1.54262047675e-28
3.16227766017  2.79210090563e-28
3.24101021575  4.07269017374e-28
3.32170300885  5.38516281091e-28
3.40440484432  6.73031263079e-28
3.48916574214  8.10895321091e-28
3.57603696765  9.52191838482e-28
3.66507106256  1.09700627463e-27
3.75632187674  1.24542621665e-27
3.84984460077  1.39754143232e-27
3.94569579937  1.55344392443e-27
4.04393344553  3.14045537188e-27
4.14461695564  6.57503469941e-27
4.2478072254  1.00951261915e-26
4.35356666667  1.37028588806e-26
4.46195924519  1.74004148062e-26
4.57305051927  2.11900303353e-26
4.68690767949  2.50739975145e-26
4.80359958925  2.90546654564e-26
4.92319682653  3.31344417606e-26
5.04577172647  4.90262599564e-26
5.1713984252  8.54526760158e-26
5.30015290463  1.22786015861e-25
5.43211303844  1.61048859554e-25
5.56735863914  2.00264349344e-25
5.70597150638  2.40456203659e-25
5.84803547643  2.81648731459e-25
5.99363647282  3.3094788173e-25
6.1428625584  5.22606320885e-25
6.29580398853  7.33391423421e-25
6.4525532657  9.4942453122e-25
6.6132051955  1.17083630607e-24
6.77785694388  1.39776066292e-24
6.94660809603  1.63033485081e-24
7.11956071652  2.21608702377e-24
7.29681941106  2.97541718395e-24
7.47849138981  3.75365270617e-24
7.66468653214  4.55126428517e-24
7.85551745316  5.36873433479e-24
8.0510995718  6.44936200506e-24
8.25155118063  8.26051044435e-24
8.45699351738  1.01167518073e-23
8.66755083831  1.20192087914e-23
8.88335049333  1.39690320464e-23
9.10452300303  1.63818408486e-23
9.33120213764  1.93287602702e-23
9.5635249979  2.23490503827e-23
9.80163209803  2.54445379272e-23
10.0456674507  2.86607149096e-23
10.295778654  3.21438628514e-23
10.5521169811  3.5714886452e-23
10.8148374712  3.93748193276e-23
11.0840990237  4.3064087537e-23
11.3600644943  4.67057830794e-23
11.6429007931  5.04381474457e-23
11.9327789861  5.42632817117e-23
12.2298743982  5.80061147118e-23
12.5343667197  6.17886705751e-23
12.8464401144  6.5665402321e-23
13.1662833315  6.95371387121e-23
13.4940898196  7.34091889497e-23
13.8300578436  7.73776432489e-23
14.1743906047  8.13339545195e-23
14.5272963631  8.5277958695e-23
14.8889885645  8.93201583995e-23
15.2596859686  9.32319818107e-23
15.6396127818  9.7139984996e-23
16.0289987924  1.01094184944e-22
16.4280795102  1.04726684601e-22
16.8370963082  1.08433603842e-22
17.2562965694  1.11894504337e-22
17.6859338356  1.15221185689e-22
18.1262679613  1.18491292995e-22
18.5775652707  1.21487455832e-22
19.0400987189  1.24515871413e-22
19.5141480567  1.27297195391e-22
20  1.30137e-22

