0.5 20 151
151
0.5  0
0.512448710082  4.91360545917e-37
0.52520736093  9.94954701799e-37
0.538283669269  1.51108705297e-36
0.55168554395  2.04006976815e-36
0.565421090737  2.58222278825e-36
0.579498617203  3.13787401989e-36
0.59392663776  3.7073595337e-36
0.608713878807  4.29102376763e-36
0.623869284008  4.88921973523e-36
0.6394020197  5.50230923917e-36
0.655321480438  6.13066309009e-36
0.67163729468  6.77466133085e-36
0.688359330604  7.43469346639e-36
0.705497702082  8.11115869934e-36
0.723062774796  8.80446617142e-36
0.741065172505  9.51503521093e-36
0.759515783475  1.02432955864e-35
0.778425767058  1.09896877664e-35
0.797806560447  1.17546631861e-35
0.817669885593  1.25386845202e-35
0.83802775629  1.3342225963e-35
0.858892485448  1.41657735146e-35
0.880276692535  1.50098252757e-35
0.90219331121  1.58748917481e-35
0.924655597149  1.67614961439e-35
0.947677136058  1.76701747019e-35
0.971271851895  1.86014770118e-35
0.995454015286  1.97472400715e-33
1.02023825216  3.38012313826e-31
1.04563955259  7.62231310646e-31
1.07167327987  1.19701226607e-30
1.0983551798  1.64261814563e-30
1.1257013902  2.09931846199e-30
1.15372845069  2.56738943802e-30
1.18245331269  3.04711417381e-30
1.21189334964  3.5387828179e-30
1.24206636756  4.04269274282e-30
1.27299061578  4.55914872485e-30
1.30468479801  5.08846312847e-30
1.33716808361  5.6309560952e-30
1.37046011922  6.18695573725e-30
1.40458104063  6.756798336e-30
1.43955148495  7.34082854536e-30
1.47539260312  7.93939960024e-30
1.51212607267  8.55287353016e-30
1.54977411084  9.18162137828e-30
1.58835948804  9.82602342575e-30
1.62790554158  1.04864694218e-29
1.66843618984  1.11633588192e-29
1.70997594668  1.18571010164e-29
1.75254993629  1.25681156046e-29
1.79618390842  1.32968326217e-29
1.84090425388  1.40436928125e-29
1.88673802057  1.48091478954e-29
1.93371292981  1.5593660835e-29
1.9818573931  1.6397706123e-29
2.03120052932  1.4159109294e-28
2.08177218234  3.44020787387e-28
2.13360293905  5.5149045899e-28
2.18672414789  7.64125590178e-28
2.24116793778  9.82054787569e-28
2.29696723759  1.20540985975e-27
2.35415579601  1.43432589702e-27
2.41276820199  1.66894135304e-27
2.47283990568  1.90939812865e-27
2.53440723981  2.15584165764e-27
2.59750744173  2.40842099471e-27
2.66217867588  2.66728890566e-27
2.72846005693  2.93260195976e-27
2.79639167337  3.20452062444e-27
2.86601461181  3.48320936237e-27
2.9373709818  3.7688367309e-27
3.01050394131  4.64031747309e-27
3.08545772284  8.68468161779e-27
3.16227766017  1.28782950558e-26
3.24101021575  1.71763186496e-26
3.32170300885  2.15813519426e-26
3.40440484432  2.60960592005e-26
3.48916574214  3.07231710218e-26
3.57603696765  3.54654859903e-26
3.66507106256  4.03258723671e-26
3.75632187674  4.53072698257e-26
3.84984460077  5.04126912298e-26
3.94569579937  5.56452244558e-26
4.04393344553  7.34908937824e-26
4.14461695564  1.07594543216e-25
4.2478072254  1.42547285538e-25
4.35356666667  1.78370260972e-25
4.46195924519  2.15085136077e-25
4.57305051927  2.52714116854e-25
4.68690767949  2.91279962175e-25
4.80359958925  3.30805997552e-25
4.92319682653  3.71316129239e-25
5.04577172647  4.80792951151e-25
5.1713984252  7.09865573055e-25
5.30015290463  9.44641512274e-25
5.43211303844  1.1852627667e-24
5.56735863914  1.43187486959e-24
5.70597150638  1.68462697763e-24
5.84803547643  1.9436719611e-24
5.99363647282  2.25392350645e-24
6.1428625584  3.4639499828e-24
6.29580398853  4.79483560189e-24
6.4525532657  6.15885683943e-24
6.6132051955  7.55683868684e-24
6.77785694388  8.98962667568e-24
6.94660809603  1.04580873891e-23
7.11956071652  1.30856131421e-23
7.29681941106  1.62923115558e-23
7.47849138981  1.95788484873e-23
7.66468653214  2.29472117096e-23
7.85551745316  2.63994384863e-23
8.0510995718  2.9747230019e-23
8.25155118063  3.26266572443e-23
8.45699351738  3.55777747791e-23
8.66755083831  3.86023675271e-23
8.88335049333  4.17022648316e-23
9.10452300303  4.47079865705e-23
9.33120213764  4.75925465621e-23
9.5635249979  5.05489246558e-23
9.80163209803  5.3578908937e-23
10.0456674507  5.66538759784e-23
10.295778654  5.96749076723e-23
10.5521169811  6.27703493381e-23
10.8148374712  6.59428595156e-23
11.0840990237  6.9135175688e-23
11.3600644943  7.22734274224e-23
11.6429007931  7.54898135289e-23
11.9327789861  7.87860337111e-23
12.2298743982  8.18853833506e-23
12.5343667197  8.4977898715e-23
12.8464401144  8.81474097337e-23
13.1662833315  9.10994499899e-23
13.4940898196  9.38444687407e-23
13.8300578436  9.66578313767e-23
14.1743906047  9.92332988107e-23
14.5272963631  1.01565331824e-22
14.8889885645  1.03955426443e-22
15.2596859686  1.0607909899e-22
15.6396127818  1.08112847221e-22
16.0289987924  1.10167192398e-22
16.4280795102  1.1202572045e-22
16.8370963082  1.13921104292e-22
17.2562965694  1.15755777447e-22
17.6859338356  1.17565839249e-22
18.1262679613  1.19376773134e-22
18.5775652707  1.21120134641e-22
19.0400987189  1.22887115939e-22
19.5141480567  1.24547405014e-22
20  1.26244e-22

