0.02 20000 351
351
0.02  0
0.0208052458838  5.92532598475e-39
0.0216429128143  1.20892191875e-38
0.0225143061372  1.85012848717e-38
0.0234207837545  2.51715150309e-38
0.0243637582402  3.2110303959e-38
0.0253446990421  3.93284644484e-38
0.0263651347711  4.68372446389e-38
0.0274266555837  5.46483455464e-38
0.0285309156595  6.27739392966e-38
0.0296796357794  7.12266880929e-38
0.0308746060066  8.0019763948e-38
0.0321176884767  8.916686921e-38
0.0334108202989  9.8682257915e-38
0.034756016575  1.08580757999e-37
0.0361553735393  1.18877794406e-37
0.0376110718253  1.29589413122e-37
0.039125379864  1.40732306182e-37
0.0407006574185  1.52323837681e-37
0.0423393592613  1.64382070831e-37
0.0440440389997  1.76925796111e-37
0.0458173530554  1.89974560549e-37
0.0476620648032  2.0354869818e-37
0.0495810488781  2.17669361733e-37
0.0515772956543  1.44906125655e-33
0.0536539159056  3.35656130194e-33
0.0558141456523  5.34086167533e-33
0.0580613512047  7.40505453411e-33
0.060399034408  9.55235653305e-33
0.0628308381003  1.17861138368e-32
0.0653605517882  1.41098073342e-32
0.0679921175528  1.65270580629e-32
0.0707296361925  1.90416328515e-32
0.073577373613  2.16574501901e-32
0.0765397674752  2.43785863358e-32
0.0796214341107  2.72092816656e-32
0.0828271757148  3.01539472836e-32
0.0861619878306  3.32171718949e-32
0.0896310671328  3.64037289568e-32
0.0932398195264  3.97185841165e-32
0.0969938685706  4.31669029499e-32
0.100899064242  1.78043229274e-31
0.10496149205  7.75005809115e-31
0.109187482522  1.39600347197e-30
0.113583621065  2.04200392541e-30
0.118156758232  2.71401383917e-30
0.122914020392  3.41308041377e-30
0.127862820842  4.14029301245e-30
0.133010871351  4.89678485872e-30
0.138366194184  5.68373480227e-30
0.1439371346  6.50236915595e-30
0.149732373859  7.35396360682e-30
0.155760942745  8.239845204e-30
0.162032235645  9.16139442666e-30
0.168556025186  1.01200473352e-29
0.175342477459  1.11172978093e-29
0.182402167871  1.21546998752e-29
0.189746097615  1.32338701284e-29
0.197385710819  1.43564902518e-29
0.205332912377  2.554505941e-29
0.213600086503  4.2294239604e-29
0.222200116025  5.97177802185e-29
0.231146402466  7.7842832551e-29
0.240452886923  9.66976410728e-29
0.250134071796  1.16311587442e-28
0.260205043382  1.36715236291e-28
0.270681495389  1.57940382852e-28
0.281579753389  1.80020102508e-28
0.292916800258  2.02988802332e-28
0.304710302644  2.26882274706e-28
0.316978638492  2.51737753094e-28
0.329740925688  2.77593970066e-28
0.343017051845  3.04491217651e-28
0.356827705299  3.32471410132e-28
0.371194407346  3.61578149354e-28
0.386139545777  3.91856792674e-28
0.401686409768  4.23354523638e-28
0.417859226171  4.56120425514e-28
0.434683197266  4.90205557769e-28
0.452184540034  5.25663035648e-28
0.470390527014  5.62548112932e-28
0.489329528798  6.00918268049e-28
0.509031058243  6.60837192214e-28
0.529525816463  7.47755415063e-28
0.550845740668  8.38173164971e-28
0.573024053933  9.32231340926e-28
0.596095316971  1.03007651483e-27
0.62009548199  1.13186115992e-27
0.645061948712  1.23774388832e-27
0.671033622664  1.34788969829e-27
0.698050975792  1.46247023127e-27
0.72615610954  1.58166403937e-27
0.755392820452  1.70565686364e-27
0.785806668419  1.83464192347e-27
0.817445047681  1.96882021774e-27
0.850357260677  2.10840083796e-27
0.884594594874  2.25360129417e-27
0.920210402694  2.40464785387e-27
0.957260184645  2.5617758946e-27
0.995801675818  2.72523027072e-27
1.03589493585  5.09769614705e-27
1.07760244251  7.83365397482e-27
1.12098918907  1.06797677416e-26
1.16612278558  1.36404725781e-26
1.21307356424  1.67203821837e-26
1.26191468896  1.9924296016e-26
1.31272226941  2.32572067696e-26
1.36557547962  2.67243081564e-26
1.42055668132  3.03310029993e-26
1.47775155234  3.40829116509e-26
1.53724922008  3.79858807525e-26
1.59914240042  4.20459923443e-26
1.66352754221  4.62695733435e-26
1.73050497751  5.06632054034e-26
1.80017907801  5.52337351698e-26
1.87265841765  5.99882849504e-26
1.94805594178  6.49342638129e-26
2.02648914321  2.05827585719e-25
2.10808024527  6.29307602476e-25
2.19295639229  1.06983789625e-24
2.2812498477  1.52810495032e-24
2.3730982002  2.00482288733e-24
2.46864457808  2.50073458217e-24
2.56803787234  3.01661281956e-24
2.67143296865  3.55326149831e-24
2.77899098875  4.11151688404e-24
2.89087954149  4.69224891235e-24
3.00727298406  5.34184858265e-24
3.12835269366  6.72753096898e-24
3.25430735015  8.1690041072e-24
3.38533323008  9.66851426099e-24
3.52163451252  1.12283981337e-23
3.6634235973  1.28510865099e-23
3.81092143593  1.45391080428e-23
3.96435787592  1.62950931952e-23
4.123972019  1.81254925685e-23
4.29001259367  2.003069886e-23
4.46273834281  2.20126131277e-23
4.64241842687  2.40743238107e-23
4.82933284333  2.62190436957e-23
5.02377286302  2.83599895941e-23
5.22604148398  2.9914068056e-23
5.43645390367  3.15307172821e-23
5.6553380101  3.3212456515e-23
5.88303489282  3.49619064276e-23
6.11989937441  3.68498585134e-23
6.36630056345  3.8882896841e-23
6.62262242965  4.0997789956e-23
6.88926440224  4.31978335197e-23
7.16664199237  4.59290767546e-23
7.45518744063  4.90762551944e-23
7.75535039062  5.23501462584e-23
8.06759858961  5.56158836806e-23
8.39241861745  5.84861461191e-23
8.7303166448  6.14719719084e-23
9.08181922194  6.42922934033e-23
9.44747409926  6.62464902197e-23
9.82785108081  6.82793674832e-23
10.2235429123  6.99377813589e-23
10.6351662047  7.12974158898e-23
11.0633623952  7.26287002272e-23
11.5087987467  7.35158863369e-23
11.9721693877  7.44387925946e-23
12.4541963937  7.59203693133e-23
12.9556309128  7.74948396495e-23
13.4772543361  7.76081357471e-23
14.019879515  7.75726219333e-23
14.5843520286  7.73734669775e-23
15.1715515006  7.71411476232e-23
15.7823929704  7.68360960125e-23
16.4178283193  7.64893335147e-23
17.0788477531  7.61100522969e-23
17.7664813458  7.56954265688e-23
18.4818006444  7.44921609398e-23
19.2259203392  7.28512390247e-23
20  7.11442498288e-23
20.8052458838  6.93685333317e-23
21.6429128143  6.75213224145e-23
22.5143061372  6.5599738548e-23
23.4207837545  6.36007873065e-23
24.3637582402  6.22950604121e-23
25.3446990421  6.20537635531e-23
26.3651347711  6.14867358382e-23
27.4266555837  6.08445446456e-23
28.5309156595  6.00954893612e-23
29.6796357794  5.93162753926e-23
30.8746060066  5.80513700646e-23
32.1176884767  5.6562421726e-23
33.4108202989  5.50135249113e-23
34.756016575  5.34022659574e-23
36.1553735393  5.24897022225e-23
37.6110718253  5.17081334723e-23
39.125379864  5.08950969712e-23
40.7006574185  5.00559011336e-23
42.3393592613  4.9191455763e-23
44.0440389997  4.82922058387e-23
45.8173530554  4.7359170357e-23
47.6620648032  4.63915134459e-23
49.5810488781  4.53848964475e-23
51.5772956543  4.45231742417e-23
53.6539159056  4.36779910786e-23
55.8141456523  4.27987789023e-23
58.0613512047  4.18841676268e-23
60.399034408  4.09733336926e-23
62.8308381003  4.0231026739e-23
65.3605517882  3.94588328044e-23
67.9921175528  3.86555485705e-23
70.7296361925  3.7868393736e-23
73.577373613  3.71883051657e-23
76.5397674752  3.64808346693e-23
79.6214341107  3.57448797876e-23
82.8271757148  3.52958665134e-23
86.1619878306  3.4872871543e-23
89.6310671328  3.44328458246e-23
93.2398195264  3.40944850481e-23
96.9938685706  3.37566429333e-23
100.899064242  3.34488064809e-23
104.96149205  3.32802549735e-23
109.187482522  3.31049171957e-23
113.583621065  3.29225199167e-23
118.156758232  3.27327789048e-23
122.914020392  3.262895531e-23
127.862820842  3.25825128771e-23
133.010871351  3.25342005653e-23
138.366194184  3.24839430889e-23
143.9371346  3.23947137614e-23
149.732373859  3.22859419435e-23
155.760942745  3.21229914311e-23
162.032235645  3.20131583926e-23
168.556025186  3.20336205631e-23
175.342477459  3.20549065875e-23
182.402167871  3.20779989737e-23
189.746097615  3.21039358759e-23
197.385710819  3.21309170573e-23
205.332912377  3.21101217673e-23
213.600086503  3.20635713739e-23
222.200116025  3.20151467548e-23
231.146402466  3.19647724495e-23
240.452886923  3.19123699591e-23
250.134071796  3.18587383698e-23
260.205043382  3.18681895575e-23
270.681495389  3.18780212718e-23
281.579753389  3.18882488334e-23
292.916800258  3.18988881802e-23
304.710302644  3.19542073306e-23
316.978638492  3.20809768392e-23
329.740925688  3.22128503791e-23
343.017051845  3.23500334502e-23
356.827705299  3.25141210277e-23
371.194407346  3.27075629269e-23
386.139545777  3.29087932408e-23
401.686409768  3.31218239753e-23
417.859226171  3.33750527149e-23
434.683197266  3.36384770246e-23
452.184540034  3.39125074013e-23
470.390527014  3.41975708696e-23
489.329528798  3.44941116472e-23
509.031058243  3.47219862358e-23
529.525816463  3.48599630985e-23
550.845740668  3.50034952264e-23
573.024053933  3.51528062869e-23
596.095316971  3.53081289534e-23
620.09548199  3.55074228139e-23
645.061948712  3.57223645405e-23
671.033622664  3.59459603142e-23
698.050975792  3.61785585666e-23
726.15610954  3.63837021277e-23
755.392820452  3.65942511578e-23
785.806668419  3.68132773748e-23
817.445047681  3.69755488632e-23
850.357260677  3.70888552288e-23
884.594594874  3.72067235687e-23
920.210402694  3.73990168776e-23
957.260184645  3.76543039631e-23
995.801675818  3.79198694924e-23
1035.89493585  3.79487255911e-23
1077.60244251  3.79486419887e-23
1120.98918907  3.79485550201e-23
1166.12278558  3.794846455e-23
1213.07356424  3.79483704374e-23
1261.91468896  3.79482725356e-23
1312.72226941  3.79481706921e-23
1365.57547962  3.79480647481e-23
1420.55668132  3.79479545385e-23
1477.75155234  3.79478398917e-23
1537.24922008  3.79746204297e-23
1599.14240042  3.80191929848e-23
1663.52754221  3.80655601333e-23
1730.50497751  3.81137941295e-23
1800.17907801  3.81639701371e-23
1872.65841765  3.82161663458e-23
1948.05594178  3.82704640937e-23
2026.48914321  3.83132755662e-23
2108.08024527  3.83299202176e-23
2192.95639229  3.83472350208e-23
2281.2498477  3.83652469578e-23
2373.0982002  3.83839840966e-23
2468.64457808  3.84034756356e-23
2568.03787234  3.84237519487e-23
2671.43296865  3.84448446327e-23
2778.99098875  3.84667865566e-23
2890.87954149  3.84896119126e-23
3007.27298406  3.85088837323e-23
3128.35269366  3.84591258576e-23
3254.30735015  3.84073646168e-23
3385.33323008  3.83535193496e-23
3521.63451252  3.82975061484e-23
3663.4235973  3.82392377273e-23
3810.92143593  3.81786232858e-23
3964.35787592  3.81155683679e-23
4123.972019  3.80499747143e-23
4290.01259367  3.79817401098e-23
4462.73834281  3.79107582235e-23
4642.41842687  3.78369184436e-23
4829.33284333  3.77601057048e-23
5023.77286302  3.76869931687e-23
5226.04148398  3.76616668506e-23
5436.45390367  3.76353208368e-23
5655.3380101  3.7607914072e-23
5883.03489282  3.7579403848e-23
6119.89937441  3.7549745737e-23
6366.30056345  3.75188935224e-23
6622.62242965  3.74867991269e-23
6889.26440224  3.74534125373e-23
7166.64199237  3.74256368809e-23
7455.18744063  3.74015507794e-23
7755.35039062  3.73764949161e-23
8067.59858961  3.73504302463e-23
8392.41861745  3.73233161531e-23
8730.3166448  3.72951103843e-23
9081.81922194  3.72657689865e-23
9447.47409926  3.72352462368e-23
9827.85108081  3.72034945711e-23
10223.5429123  3.71821242516e-23
10635.1662047  3.71692341223e-23
11063.3623952  3.71558250068e-23
11508.7987467  3.71418760095e-23
11972.1693877  3.71273653936e-23
12454.1963937  3.7112270547e-23
12955.6309128  3.70965679473e-23
13477.2543361  3.70802331249e-23
14019.879515  3.7063240625e-23
14584.3520286  3.70455639681e-23
15171.5515006  3.70271756085e-23
15782.3929704  3.70080468913e-23
16417.8283193  3.69881480081e-23
17078.8477531  3.69674479502e-23
17766.4813458  3.69459144604e-23
18481.8006444  3.6923513983e-23
19225.9203392  3.69002116109e-23
20000  3.68759710319e-23

