0.5 20000 301
301
0.5  0
0.51797667599  6.65349512834e-38
0.536599673739  1.35462057089e-37
0.555892230681  2.06867323391e-37
0.575878419714  2.80839848365e-37
0.596583179235  3.57471933567e-37
0.618032344264  4.36859199101e-37
0.640252678672  5.19100702935e-37
0.663271908584  6.04299064504e-37
0.687118756972  6.92560592755e-37
0.711822979493  7.83995418797e-37
0.737415401622  8.78717633323e-37
0.763927957112  9.76845428968e-37
0.791393727841  1.07850124779e-36
0.819846985093  1.18381193404e-36
0.849323232317  1.29290889247e-36
0.879859249433  1.40592825224e-36
0.911493138721  1.52301103684e-36
0.944264372364  1.64430334e-36
0.978213841706  1.76995650802e-36
1.01338390827  7.39204950555e-32
1.04981845661  2.7514665197e-31
1.0875629491  4.83607563732e-31
1.12666448261  6.99563344028e-31
1.16717184731  9.23283458505e-31
1.20913558756  1.155047061e-30
1.25260806493  1.39514334188e-30
1.29764352358  1.64387188885e-30
1.34429815793  1.90154306081e-30
1.39263018277  2.16847837512e-30
1.44269990591  2.44501090874e-30
1.49456980343  2.73148571387e-30
1.54830459763  3.02826024851e-30
1.6039713378  3.33570482245e-30
1.66163948387  3.65420305937e-30
1.7213809931  3.9841523755e-30
1.78327040983  4.32596447554e-30
1.84738495855  4.68006586632e-30
1.91380464021  5.04689838903e-30
1.98261233206  5.42691977056e-30
2.05389389107  1.76770950307e-28
2.12773826107  4.11411655802e-28
2.20423758369  6.54488481171e-28
2.28348731338  9.063047332e-28
2.3655863365  1.16717462357e-27
2.4506370947  1.43742366093e-27
2.53874571274  1.71738905706e-27
2.63002213093  2.00742014761e-27
2.72458024232  2.30787882805e-27
2.82253803477  2.61914000518e-27
2.92401773821  2.94159206497e-27
3.02914597715  6.36550911468e-27
3.13805392866  1.82572951683e-26
3.25087748609  3.05766307916e-26
3.36775742859  4.33388878248e-26
3.48883959681  5.65599907771e-26
3.61427507483  7.02564366974e-26
3.74422037875  8.44453157587e-26
3.87883765192  9.91443325831e-26
4.01829486729  1.29255340416e-25
4.16276603701  2.62562646823e-25
4.31243142955  4.00662797738e-25
4.46747779462  5.43728111988e-25
4.62809859623  6.91937103837e-25
4.79449425406  8.45474705737e-25
4.96687239354  1.00453249908e-24
5.14544810495  1.52661785638e-24
5.33044421176  2.15178139688e-24
5.52209154871  2.7994216622e-24
5.72062924983  3.47034676594e-24
5.92630504679  4.16539387608e-24
6.13937557808  5.44124740193e-24
6.36010670917  7.06742720313e-24
6.58877386432  8.7520736191e-24
6.82566237018  1.04972887206e-23
7.07106781187  1.26219369166e-23
7.32529640178  1.56277739572e-23
7.58866536167  1.87416809148e-23
7.86150331847  2.19675432654e-23
8.14415071437  2.57931859498e-23
8.43696023158  3.02379089405e-23
8.74029723243  3.48424346213e-23
9.05454021523  3.96569256259e-23
9.38008128661  4.48636180819e-23
9.7173266507  5.02575085845e-23
10.0666971161  5.57605989282e-23
10.4286286208  6.10895394367e-23
10.8035727762  6.66100732191e-23
11.1919974309  7.19185538152e-23
11.5943872539  7.6982784629e-23
12.0112443398  8.22030337759e-23
12.4430888353  8.66372024436e-23
12.8904595879  9.12307943382e-23
13.3539148186  9.53202382099e-23
13.8340328184  9.93421068941e-23
14.3314126696  1.03119208509e-22
14.8466749937  1.06830109223e-22
15.3804627255  1.10402113665e-22
15.9334419155  1.13988855914e-22
16.5063025609  1.17374434983e-22
17.0997594668  1.20763172857e-22
17.7145531376  1.23896379656e-22
18.3514507018  1.27533167747e-22
19.0112468682  1.31629639652e-22
19.6947649184  1.35873393453e-22
20.4028577337  1.40269724428e-22
21.1364088592  1.44824118239e-22
21.8963336065  1.49542257773e-22
22.6835801957  1.54430030238e-22
23.4991309386  1.59493534508e-22
24.3440034645  1.63801465923e-22
25.2192519896  1.66204788961e-22
26.1259686331  1.66694594755e-22
27.0652847792  1.67060796893e-22
28.0383724893  1.65481625144e-22
29.0464459643  1.63845676877e-22
30.0907630598  1.62261381655e-22
31.1726268555  1.61822457002e-22
32.2933872809  1.61367751536e-22
33.4544428005  1.60447456075e-22
34.6572421578  1.58770432865e-22
35.9032861837  1.57273585175e-22
37.1941296691  1.55817449423e-22
38.5313833047  1.54308960711e-22
39.9167156909  1.52746236772e-22
41.35185542  1.51715495155e-22
42.8385932329  1.50685233183e-22
44.3787842538  1.49617929839e-22
45.9743503045  1.48475070959e-22
47.627282303  1.47266563794e-22
49.3396427475  1.46014606746e-22
51.1135682897  1.44852158773e-22
52.9512724014  1.43730557374e-22
54.8550481358  1.42568630645e-22
56.8272709893  1.41077791592e-22
58.8704018652  1.39509755222e-22
60.9869901447  1.38280698201e-22
63.1796768676  1.37476200161e-22
65.4511980279  1.36599732043e-22
67.8043879881  1.3551184373e-22
70.2421830153  1.344266367e-22
72.767624945  1.33694941531e-22
75.3838649774  1.32936939468e-22
78.0941676085  1.3215168469e-22
80.9019147041  1.3144101237e-22
83.8106097193  1.30929858118e-22
86.8238820702  1.30400326157e-22
89.9454916625  1.29851755747e-22
93.1793335833  1.29381603369e-22
96.5294429608  1.28896290518e-22
100  1.28393529043e-22
103.595335198  1.2805555261e-22
107.319934748  1.27705424792e-22
111.178446136  1.27342708704e-22
115.175683943  1.26966951758e-22
119.316635847  1.2657768509e-22
123.606468853  1.26357850247e-22
128.050535734  1.2616611754e-22
132.654381717  1.259674914e-22
137.423751394  1.25761723985e-22
142.364595899  1.25650575541e-22
147.483080324  1.25650575541e-22
152.785591422  1.2553039531e-22
158.278745568  1.25293401282e-22
163.969397019  1.252191403e-22
169.864646463  1.252191403e-22
175.971849887  1.252191403e-22
182.298627744  1.25268725751e-22
188.852874473  1.25410112402e-22
195.642768341  1.25556582376e-22
202.676781654  1.25623346982e-22
209.963691323  1.25549223623e-22
217.51258982  1.25472435281e-22
225.332896521  1.25392886141e-22
233.434369463  1.25310476942e-22
241.827117512  1.25225104857e-22
250.521612986  1.25140359135e-22
259.528704717  1.25112555674e-22
268.859631586  1.25083752585e-22
278.526036554  1.25053913928e-22
288.539981181  1.25023002472e-22
298.913960685  1.24990979645e-22
309.660919525  1.2531754934e-22
320.794267559  1.25697755163e-22
332.327896774  1.26091630659e-22
344.276198619  1.264996673e-22
356.654081967  1.26874014988e-22
369.476991711  1.27218727806e-22
382.760928042  1.27575834206e-22
396.522466412  1.27945779778e-22
410.778778215  1.28499386331e-22
425.547652214  1.29129835935e-22
440.847516738  1.29782952315e-22
456.697462677  1.30459550419e-22
473.117267301  1.31160474492e-22
490.127418939  1.31886599135e-22
507.749142548  1.32580393449e-22
526.004426187  1.33222005293e-22
544.916048465  1.33886685233e-22
564.507606954  1.34575262645e-22
584.803547643  1.35288596723e-22
605.82919543  1.35916142342e-22
627.610785733  1.36265299021e-22
650.175497219  1.36627009053e-22
673.551485719  1.37001723773e-22
697.767919361  1.37389910743e-22
722.855014966  1.37756779436e-22
748.84407575  1.38133269388e-22
775.767530383  1.38523295416e-22
803.658973457  1.38879985884e-22
832.553207402  1.38924581839e-22
862.486285909  1.38970781168e-22
893.495558925  1.39018641518e-22
925.619719247  1.39289287603e-22
958.898850812  1.39627807102e-22
993.374478709  1.39978497512e-22
1029.08962099  1.40123032808e-22
1066.08884235  1.40221147095e-22
1104.41830974  1.4032278892e-22
1144.12584997  1.4042808511e-22
1185.26100936  1.4053716705e-22
1227.87511562  1.40650170852e-22
1272.02134183  1.40767237519e-22
1317.75477286  1.40888513126e-22
1365.13247404  1.41014148996e-22
1414.21356237  1.41144301898e-22
1465.05928036  1.41279134233e-22
1517.73307233  1.41371789799e-22
1572.30066369  1.41371789799e-22
1628.83014287  1.41371789799e-22
1687.39204632  1.41371789799e-22
1748.05944649  1.41371789799e-22
1810.90804305  1.41371789799e-22
1876.01625732  1.41371789799e-22
1943.46533014  1.41371789799e-22
2013.33942322  1.41331082714e-22
2085.72572415  1.41110185955e-22
2160.71455525  1.40881347217e-22
2238.39948618  1.40644280959e-22
2318.87745078  1.40398691375e-22
2402.24886796  1.40144272022e-22
2488.61776706  1.39880705441e-22
2578.09191758  1.39607662757e-22
2670.78296373  1.39324803274e-22
2766.80656368  1.39031774044e-22
2866.28253393  1.38728209432e-22
2969.33499874  1.38413730653e-22
3076.0925451  1.38150135015e-22
3186.68838309  1.3790302551e-22
3301.26051218  1.3764703159e-22
3419.95189335  1.37381833831e-22
3542.91062753  1.37107101324e-22
3670.29014035  1.36822491262e-22
3802.24937364  1.36527648514e-22
3938.95298368  1.36222205181e-22
4080.57154674  1.35905780137e-22
4227.28177184  1.35577978551e-22
4379.2667213  1.352383914e-22
4536.71603914  1.34886594953e-22
4699.82618773  1.34522150243e-22
4868.8006929  1.34144602525e-22
5043.85039793  1.33849765727e-22
5225.19372662  1.33842768501e-22
5413.05695583  1.33835519702e-22
5607.67449785  1.33828010284e-22
5809.28919286  1.33820230877e-22
6018.15261197  1.33812171774e-22
6234.52537109  1.3380382292e-22
6458.67745619  1.33795173897e-22
6690.88856009  1.33786213912e-22
6931.44843155  1.33776931785e-22
7180.65723674  1.33751050847e-22
7438.82593382  1.33717845607e-22
7706.27666093  1.33683446527e-22
7983.34313818  1.33647810685e-22
8270.371084  1.33610893616e-22
8567.71864659  1.33572649253e-22
8875.75685075  1.33533029878e-22
9194.87006089  1.33491986054e-22
9525.4564606  1.33449466566e-22
9867.9285495  1.3340541836e-22
10222.7136579  1.33383275432e-22
10590.2544803  1.33374766381e-22
10971.0096272  1.33365951401e-22
11365.4541979  1.33356819493e-22
11774.080373  1.33347359262e-22
12197.3980289  1.33337558904e-22
12635.9353735  1.33327406191e-22
13090.2396056  1.33316888453e-22
13560.8775976  1.33305992568e-22
14048.4366031  1.33294704939e-22
14553.524989  1.33283011482e-22
15076.7729955  1.33270897606e-22
15618.8335217  1.33258348195e-22
16180.3829408  1.33245347591e-22
16762.1219439  1.33231879572e-22
17364.776414  1.33217927333e-22
17989.0983325  1.33203473463e-22
18635.8667167  1.33188499929e-22
19305.8885922  1.33172988045e-22
20000  1.33156918458e-22

