0.2 20 151
151
0.2  0
0.206235454919  1.25268002981e-43
0.212665314327  2.5444152089e-43
0.219295639229  3.87642317036e-43
0.22613267959  5.24995950979e-43
0.233182880236  6.66631896884e-43
0.240452886923  8.12683665568e-43
0.247949552606  9.63288930348e-43
0.255679943893  1.11858965682e-42
0.263651347711  1.27873223669e-42
0.271871278176  1.44386762575e-42
0.280347483669  1.61415148617e-42
0.289087954149  1.78974433327e-42
0.298100928677  1.97081168679e-42
0.307394903187  2.1575242269e-42
0.316978638492  2.35005795514e-42
0.326861168545  2.5485943603e-42
0.33705180895  2.75332058948e-42
0.34756016575  2.96442962452e-42
0.358396144475  3.18212046392e-42
0.369569959484  3.40659831039e-42
0.381092143593  3.63807476432e-42
0.392973557999  3.87676802322e-42
0.405225402524  4.1229030874e-42
0.417859226171  4.37671197206e-42
0.430886938006  4.638433926e-42
0.444320818391  4.90831565718e-42
0.458173530554  5.18661156519e-42
0.472458132527  5.47358398115e-42
0.487188089458  5.76950341492e-42
0.502377286302  2.07252101569e-36
0.518040040906  1.47511668581e-35
0.534191117512  2.7957740493e-35
0.550845740668  4.15760591005e-35
0.568019609583  5.56189597668e-35
0.585728912925  7.00996798032e-35
0.60399034408  8.50318692245e-35
0.622821116889  1.00429603616e-34
0.642238981873  1.163073974e-34
0.662262242965  1.32680217521e-34
0.682909774767  1.49563497551e-34
0.704201040337  1.66973152239e-34
0.72615610954  1.84925592511e-34
0.748795677965  2.03437740943e-34
0.772141086431  2.2252704771e-34
0.796214341107  2.42211507036e-34
0.821038134255  2.62509674156e-34
0.846635865618  2.83440682806e-34
0.87303166448  3.05024263259e-34
0.900250412412  3.27280760928e-34
0.928317766723  3.50231155535e-34
0.957260184645  3.73897080898e-34
0.987104948279  3.98300845314e-34
1.0178801903  1.73496773622e-30
1.0496149205  4.81355680531e-30
1.08233905309  7.98812789116e-30
1.11608343495  1.12616734515e-29
1.15087987467  1.46372792406e-29
1.18676117255  1.81181272184e-29
1.2237611515  2.17074985493e-29
1.26191468896  2.54087766959e-29
1.30125774973  2.92254506076e-29
1.34182741991  3.31611180098e-29
1.38366194184  3.72194887954e-29
1.42680075014  4.14043885213e-29
1.47128450892  4.57197620152e-29
1.51715515006  5.01696770934e-29
1.56445591277  5.4758328396e-29
1.61323138435  5.94900413402e-29
1.66352754221  6.43692761982e-29
1.71539179718  6.94006323011e-29
1.76887303828  7.45888523749e-29
1.82402167871  7.99388270105e-29
1.88088970345  8.54555992744e-29
1.93953071822  9.11443694621e-29
2  1.71592000697e-28
2.06235454919  1.28466447272e-27
2.12665314327  2.50934625946e-27
2.19295639229  3.77221028656e-27
2.2613267959  5.0744469722e-27
2.33182880236  6.41728384858e-27
2.40452886923  7.80198671899e-27
2.47949552606  9.22986085102e-27
2.55679943893  1.07022522069e-26
2.63651347711  1.22205487125e-26
2.71871278176  1.37861815651e-26
2.80347483669  1.5400626583e-26
2.89087954149  1.70654055967e-26
2.98100928677  1.88601705447e-26
3.07394903187  4.76385212914e-26
3.16978638492  8.4567451873e-26
3.26861168545  1.22647725864e-25
3.3705180895  1.61915239013e-25
3.4756016575  2.02407006203e-25
3.58396144475  2.44161196337e-25
3.69569959484  2.87217168322e-25
3.81092143593  3.31615508168e-25
3.92973557999  3.77398067248e-25
4.05225402524  5.3909541101e-25
4.17859226171  8.64581493984e-25
4.30886938006  1.20021534594e-24
4.44320818391  1.54631334667e-24
4.58173530554  1.9032017398e-24
4.72458132527  2.27121694036e-24
4.87188089458  2.65070585188e-24
5.02377286302  3.18661263678e-24
5.18040040906  4.47464331537e-24
5.34191117512  5.81208489714e-24
5.50845740668  7.19122426235e-24
5.68019609583  8.61336143426e-24
5.85728912925  1.00798369673e-23
6.0399034408  1.18177064551e-23
6.22821116889  1.44321605906e-23
6.42238981873  1.71299039906e-23
6.62262242965  1.99117556774e-23
6.82909774767  2.27803379181e-23
7.04201040337  2.57678769334e-23
7.2615610954  2.89689146737e-23
7.48795677965  3.22703297392e-23
7.72141086431  3.56746739288e-23
7.96214341107  3.91816107547e-23
8.21038134255  4.25015898029e-23
8.46635865618  4.58651061063e-23
8.7303166448  4.93334876811e-23
9.00250412412  5.28797282686e-23
9.28317766723  5.61465843925e-23
9.57260184645  5.94881891386e-23
9.87104948279  6.29339760134e-23
10.178801903  6.62784794585e-23
10.496149205  6.95720398706e-23
10.8233905309  7.29682845201e-23
11.1608343495  7.63576667259e-23
11.5087987467  7.97250539037e-23
11.8676117255  8.31974270363e-23
12.237611515  8.65721499128e-23
12.6191468896  8.99337856064e-23
13.0125774973  9.33568640674e-23
13.4182741991  9.64129102265e-23
13.8366194184  9.95369408025e-23
14.2680075014  1.02361024896e-22
14.7128450892  1.05023377859e-22
15.1715515006  1.07564246342e-22
15.6445591277  1.09831371899e-22
16.1323138435  1.12067430906e-22
16.6352754221  1.14091348298e-22
17.1539179718  1.16108641077e-22
17.6887303828  1.18018456197e-22
18.2402167871  1.1991502846e-22
18.8088970345  1.21773475509e-22
19.3953071822  1.23584712161e-22
20  1.254e-22

