1 20 101
101
1  0
1.03041055791  2.38947309521e-36
1.06174591785  4.85161140035e-36
1.09403420358  7.38862470501e-36
1.12730439408  1.00027899997e-35
1.16158634964  1.26964535195e-35
1.1969108386  1.54720328497e-35
1.23330956497  1.83320190959e-35
1.27081519692  2.12789791194e-35
1.30946139606  2.43155578414e-35
1.34928284767  2.74444806165e-35
1.39031529185  3.06685556789e-35
1.43259555555  3.39906766626e-35
1.47616158565  3.74138251989e-35
1.52105248304  4.0941073592e-35
1.56730853766  4.45755875766e-35
1.61497126471  4.83206291593e-35
1.66408344188  5.21795595458e-35
1.71468914776  5.61558421584e-35
1.76683380139  6.02530457436e-35
1.82056420303  6.44748475757e-35
1.87592857615  6.8825036757e-35
1.93297661076  7.33075176182e-35
1.99175950792  8.52231235978e-34
2.05233002578  4.99132698359e-32
2.11474252688  1.09349663664e-31
2.17905302696  1.70593551389e-31
2.24531924523  2.33699899909e-31
2.31360065617  2.98725347694e-31
2.3839585429  3.65728255625e-31
2.45645605223  4.34768759368e-31
2.53115825126  5.05908823348e-31
2.60813218585  5.79212296364e-31
2.68744694072  6.54744968891e-31
2.76917370155  7.3257463213e-31
2.85338581877  8.1277113885e-31
2.94015887345  8.95406466082e-31
3.02957074514  7.64870725402e-30
3.12170168173  2.85118136673e-29
3.21663437151  5.00093787863e-29
3.31445401734  7.21606968543e-29
3.41524841318  9.49856488633e-29
3.51910802283  1.18504720397e-28
3.62612606115  1.42739020018e-28
3.73639857773  1.67710298211e-28
3.85002454306  1.93440966905e-28
3.96710593738  2.1995411959e-28
4.08774784223  9.66077234841e-28
4.21205853471  2.01254291783e-27
4.34014958471  3.09083220608e-27
4.472135955  4.20191287317e-27
4.60813610445  5.34678212323e-27
4.74827209431  6.52646748593e-27
4.89266969782  7.74202773866e-27
5.041458513  1.30807589188e-26
5.19477207907  2.94821598941e-26
5.35274799621  4.63823366237e-26
5.51552804914  6.37964571564e-26
5.68325833429  8.174015081e-26
5.85608939099  1.00229522199e-25
6.03417633655  1.38841092665e-25
6.21767900547  2.60654965239e-25
6.40676209294  3.86632725673e-25
6.6015953026  5.16441540085e-25
6.80235349885  6.50197912966e-25
7.00921686386  8.20292166656e-25
7.22237105921  1.3188046727e-24
7.44200739256  1.84912514343e-24
7.66832298935  2.39557295555e-24
7.9015209697  2.95863855051e-24
8.14181063074  3.98519909029e-24
8.38940763443  5.36238314421e-24
8.64453420113  6.78144813355e-24
8.90741930907  8.24366768093e-24
9.17829889981  1.03713478127e-23
9.45741609003  1.28959851276e-23
9.74502138973  1.54973980718e-23
10.041372927  1.83100326458e-23
10.34673668  2.19464751784e-23
10.661386715  2.57058823316e-23
10.9856054331  2.96101359328e-23
11.3196838233  3.42437970846e-23
11.6639217237  3.90810280617e-23
12.0186280908  4.40964874535e-23
12.3841212763  4.95600414472e-23
12.7607293136  5.52038894935e-23
13.1487902114  6.09512405577e-23
13.5486522576  6.67604803496e-23
13.9606743317  7.2731486128e-23
14.3852262269  7.83801951312e-23
14.8226889821  8.41291513008e-23
15.2734552238  8.95974748832e-23
15.7379295184  9.49277865327e-23
16.2165287354  1.00091219495e-22
16.7096824217  1.05001397871e-22
17.2178331866  1.09807189377e-22
17.7414370999  1.14410714982e-22
18.2809641002  1.18916259776e-22
18.8368984177  1.23333157928e-22
19.4097390079  1.27586905898e-22
20  1.31848e-22

