1 20 101
101
1  0
1.03041055791  6.21835088169e-36
1.06174591785  1.2625805283e-35
1.09403420358  1.92281139474e-35
1.12730439408  2.60312025018e-35
1.16158634964  3.30411767747e-35
1.1969108386  4.02643282762e-35
1.23330956497  4.77071398447e-35
1.27081519692  5.53762914654e-35
1.30946139606  6.32786662656e-35
1.34928284767  7.14213566923e-35
1.39031529185  7.98116708778e-35
1.43259555555  8.84571391987e-35
1.47616158565  9.73655210346e-35
1.52105248304  1.06544811732e-34
1.56730853766  1.16003249781e-34
1.61497126471  1.25749324208e-34
1.66408344188  1.35791782196e-34
1.71468914776  1.46139636934e-34
1.76683380139  1.56802175708e-34
1.82056420303  1.67788968235e-34
1.87592857615  1.79109875252e-34
1.93297661076  1.90775057367e-34
1.99175950792  1.75318328362e-33
2.05233002578  9.9990801819e-32
2.11474252688  2.19003048187e-31
2.17905302696  3.41634523366e-31
2.24531924523  4.67995290122e-31
2.31360065617  5.98198758294e-31
2.3839585429  7.32361786574e-31
2.45645605223  8.70604787396e-31
2.53115825126  1.013051835e-30
2.60813218585  1.15983077679e-30
2.68744694072  1.3110733481e-30
2.76917370155  1.46691529038e-30
2.85338581877  1.62749647306e-30
2.94015887345  1.79296101911e-30
3.02957074514  1.33757857254e-29
3.12170168173  4.91078417238e-29
3.21663437151  8.59265294805e-29
3.31445401734  1.23864894073e-28
3.41524841318  1.629569855e-28
3.51910802283  2.03237889236e-28
3.62612606115  2.44743757729e-28
3.73639857773  2.87511842839e-28
3.85002454306  3.31580529277e-28
3.96710593738  3.76989369057e-28
4.08774784223  1.52572644139e-27
4.21205853471  3.13504682367e-27
4.34014958471  4.79330753663e-27
4.472135955  6.50199688303e-27
4.60813610445  8.26264842576e-27
4.74827209431  1.00768423642e-26
4.89266969782  1.19462069524e-26
5.041458513  1.96283269995e-26
5.19477207907  4.28984593647e-26
5.35274799621  6.68762494379e-26
5.51552804914  9.15832174847e-26
5.68325833429  1.17041538214e-25
5.85608939099  1.4327406068e-25
6.03417633655  1.95964530545e-25
6.21767900547  3.57868058804e-25
6.40676209294  5.25297918346e-25
6.6015953026  6.97819413328e-25
6.80235349885  8.75587383223e-25
7.00921686386  1.09811933495e-24
7.22237105921  1.72166026394e-24
7.44200739256  2.38446780891e-24
7.66832298935  3.06743170112e-24
7.9015209697  3.77116490632e-24
8.14181063074  4.9928631355e-24
8.38940763443  6.6070346615e-24
8.64453420113  8.27029404417e-24
8.90741930907  9.98413407261e-24
9.17829889981  1.23677648962e-23
9.45741609003  1.51543592764e-23
9.74502138973  1.80256955465e-23
10.041372927  2.11029760467e-23
10.34673668  2.49367494743e-23
10.661386715  2.88982248799e-23
10.9856054331  3.30055162208e-23
11.3196838233  3.77448348478e-23
11.6639217237  4.26803113216e-23
12.0186280908  4.77864868833e-23
12.3841212763  5.32436448259e-23
12.7607293136  5.88761230755e-23
13.1487902114  6.45842279285e-23
13.5486522576  7.03074094107e-23
13.9606743317  7.61891611472e-23
14.3852262269  8.1726328458e-23
14.8226889821  8.73575721495e-23
15.2734552238  9.27021588619e-23
15.7379295184  9.7903337368e-23
16.2165287354  1.02932698987e-22
16.7096824217  1.07703467747e-22
17.2178331866  1.12366196085e-22
17.7414370999  1.16823112594e-22
18.2809641002  1.21178713685e-22
18.8368984177  1.25442173965e-22
19.4097390079  1.29540276366e-22
20  1.33642e-22

