1 20 101
101
1  0
1.03041055791  6.12581155397e-36
1.06174591785  1.2437912455e-35
1.09403420358  1.89419678659e-35
1.12730439408  2.56438152306e-35
1.16158634964  3.25494695127e-35
1.1969108386  3.96651285943e-35
1.23330956497  4.69971788385e-35
1.27081519692  5.45522008212e-35
1.30946139606  6.23369752374e-35
1.34928284767  7.03584889868e-35
1.39031529185  7.86239414447e-35
1.43259555555  8.71407509232e-35
1.47616158565  9.59165613295e-35
1.52105248304  1.04959249026e-34
1.56730853766  1.14276929901e-34
1.61497126471  1.2387796665e-34
1.66408344188  1.33770976283e-34
1.71468914776  1.43964837858e-34
1.76683380139  1.5446870045e-34
1.82056420303  1.65291991365e-34
1.87592857615  1.76444424595e-34
1.93297661076  1.87936009541e-34
1.99175950792  1.63771261527e-33
2.05233002578  9.2750675494e-32
2.11474252688  2.03131462881e-31
2.17905302696  3.16868991595e-31
2.24531924523  4.34065342013e-31
2.31360065617  5.54825698833e-31
2.3839585429  6.79258445476e-31
2.45645605223  8.07475261368e-31
2.53115825126  9.39591222164e-31
2.60813218585  1.07572490304e-30
2.68744694072  1.2159984851e-30
2.76917370155  1.36053786505e-30
2.85338581877  1.50947276818e-30
2.94015887345  1.66293686481e-30
3.02957074514  1.20083274334e-29
3.12170168173  4.39108044298e-29
3.21663437151  7.67834535504e-29
3.31445401734  1.10655778271e-28
3.41524841318  1.45558179284e-28
3.51910802283  1.81521981784e-28
3.62612606115  2.18579463583e-28
3.73639857773  2.56763884078e-28
3.85002454306  2.96109514104e-28
3.96710593738  3.3665166669e-28
4.08774784223  1.34135266344e-27
4.21205853471  2.74855691237e-27
4.34014958471  4.1985550276e-27
4.472135955  5.69264839448e-27
4.60813610445  7.23217797422e-27
4.74827209431  8.81852550741e-27
4.89266969782  1.04531147541e-26
5.041458513  1.71604367396e-26
5.19477207907  3.74710960136e-26
5.35274799621  5.83994137678e-26
5.51552804914  7.99641733409e-26
5.68325833429  1.02184729284e-25
5.85608939099  1.2508102473e-25
6.03417633655  1.71701784119e-25
6.21767900547  3.16313136136e-25
6.40676209294  4.65863128752e-25
6.6015953026  6.19961020079e-25
6.80235349885  7.78745114254e-25
7.00921686386  9.80044904565e-25
7.22237105921  1.56497012709e-24
7.44200739256  2.18712560044e-24
7.66832298935  2.82820116883e-24
7.9015209697  3.48877220293e-24
8.14181063074  4.68328353985e-24
8.38940763443  6.28181188716e-24
8.64453420113  7.92895237334e-24
8.90741930907  9.62618332066e-24
9.17829889981  1.20097417805e-23
9.45741609003  1.48053795578e-23
9.74502138973  1.76860342395e-23
10.041372927  2.07557587566e-23
10.34673668  2.44858640144e-23
10.661386715  2.83389110179e-23
10.9856054331  3.23282494271e-23
11.3196838233  3.6821431537e-23
11.6639217237  4.14905022997e-23
12.0186280908  4.63228800925e-23
12.3841212763  5.15046513121e-23
12.7607293136  5.68536905868e-23
13.1487902114  6.23264587319e-23
13.5486522576  6.79011354488e-23
13.9606743317  7.36339519964e-23
14.3852262269  7.91558569714e-23
14.8226889821  8.47909940814e-23
15.2734552238  9.01864081477e-23
15.7379295184  9.54712384742e-23
16.2165287354  1.00576575656e-22
16.7096824217  1.05412884541e-22
17.2178331866  1.10109839421e-22
17.7414370999  1.14556283852e-22
18.2809641002  1.18869064495e-22
18.8368984177  1.23058029577e-22
19.4097390079  1.27074864209e-22
20  1.31091e-22

