0.9687223 20 101
101
0.9687223  0
0.998498931119  3.36058947395e-27
1.02919083771  6.82447794401e-27
1.06082615355  1.03948396902e-26
1.09343387721  1.40749473818e-26
1.12704389859  1.78681743948e-26
1.16168702637  2.17779977961e-26
1.19739501622  2.58080015311e-26
1.23420059993  2.99618797083e-26
1.27213751538  3.42434399862e-26
1.31124053751  3.8656607063e-26
1.35154551014  4.32054262747e-26
1.3930893789  4.7894067303e-26
1.43591022503  5.27268279973e-26
1.48004730032  5.77081383146e-26
1.52554106309  6.28425643801e-26
1.57243321525  6.81348126729e-26
1.62076674056  7.35897343399e-26
1.67058594403  7.92123296429e-26
1.72193649248  8.50077525418e-26
1.77486545649  9.09813154194e-26
1.82942135345  9.71384939505e-26
1.88565419211  1.03484932122e-25
1.94361551838  1.10026447405e-25
2.0033584626  1.39192416601e-25
2.06493778821  3.77066978132e-25
2.128409942  6.3186052286e-25
2.1938331058  9.03455709421e-25
2.26126724986  1.47120427955e-24
2.33077418777  2.09616275786e-24
2.40241763317  2.74033123894e-24
2.47626325813  3.40430020077e-24
2.55237875335  4.08867827142e-24
2.6308338902  4.79409278705e-24
2.71170058469  5.52119036687e-24
2.7950529634  6.27063750592e-24
2.88096743141  7.043121186e-24
2.96952274233  7.83934950536e-24
3.06080007052  9.16403926654e-24
3.15488308546  1.07898464513e-23
3.2518580285  1.24656277729e-23
3.35181379184  1.41929193387e-23
3.45484200009  1.59733044731e-23
3.5610370942  1.78084151685e-23
3.67049641804  1.96999335818e-23
3.78332030768  2.16495935761e-23
3.89961218329  2.365918231e-23
4.01947864397  2.57605252824e-23
4.1430295655  2.80739636351e-23
4.27037820101  3.04601650603e-23
4.40164128479  3.29197136559e-23
4.53693913935  3.54548639706e-23
4.67639578566  3.80679398537e-23
4.82013905685  4.07613365847e-23
4.9683007154  4.35364134598e-23
5.1210165739  4.59591101328e-23
5.27842661956  4.83363528467e-23
5.44067514252  5.07866673577e-23
5.60791086814  5.33122997501e-23
5.78028709326  5.59155651485e-23
5.95796182681  5.8598420058e-23
6.14109793459  6.07247808897e-23
6.32986328857  6.27195700937e-23
6.52443092078  6.47756752211e-23
6.72497918191  6.68949810036e-23
6.93169190483  6.90794301058e-23
7.14475857304  7.09532032356e-23
7.36437449441  7.27008073838e-23
7.59074098018  7.45011159726e-23
7.82406552953  7.61605455396e-23
8.06456201972  7.77828482916e-23
8.31245090222  7.92485801128e-23
8.56795940472  8.07475739237e-23
8.83132173945  8.22926438762e-23
9.10277931788  8.37973958197e-23
9.38258097199  8.51798848801e-23
9.67098318235  8.64820015252e-23
9.96825031327  8.78182261218e-23
10.2746548551  8.90686061268e-23
10.590477674  9.01961206066e-23
10.9160082693  9.13119813481e-23
11.2515450393  9.22955342126e-23
11.5973955541  9.31889221714e-23
11.9538768381  9.40981847428e-23
12.3213156604  9.49849037569e-23
12.7000488343  9.58790377678e-23
13.0904235262  9.67431871947e-23
13.4927975734  9.75536640248e-23
13.9075398129  9.83887861112e-23
14.3350304186  9.91379439444e-23
14.7756612504  9.98780759589e-23
15.2298362132  1.00568856267e-22
15.6979716272  1.01208329243e-22
16.1804966093  1.01806341204e-22
16.6778534667  1.0231732285e-22
17.1904981024  1.02769129116e-22
17.7189004327  1.03126751813e-22
18.2635448184  1.0341557827e-22
18.8249305086  1.03623705819e-22
19.4035720983  1.03737969389e-22
20  1.038297e-22

