0.1 20000 301
301
0.1  0
0.10415259619  7.31758627364e-37
0.108477632931  1.49390423561e-36
0.112982270983  2.28769867334e-36
0.117673968462  3.11445618864e-36
0.122560493193  3.97554560503e-36
0.127649935564  4.87239258771e-36
0.132950721924  5.80648200402e-36
0.138471628537  6.77936038184e-36
0.144221796108  7.79263847011e-36
0.150210744918  8.84799390567e-36
0.156448390588  9.94717399083e-36
0.162945060494  1.10919985863e-35
0.169711510868  1.22843631244e-35
0.176758944602  1.35262417468e-35
0.1840990298  1.48196905735e-35
0.191743919097  1.6166851107e-35
0.199706269776  1.75699537774e-35
0.207999264725  7.80767444367e-31
0.216636634267  1.623798019e-30
0.225632678887  2.50183624915e-30
0.235002292913  3.4163358614e-30
0.244760989175  4.3688109497e-30
0.254924924685  5.36083848222e-30
0.265510927395  6.39406091226e-30
0.276536524049  7.47018889756e-30
0.28801996921  8.59100413258e-30
0.299980275477  9.75836229834e-30
0.312437244967  1.09741961348e-29
0.325411502097  1.22405186409e-29
0.338924527734  1.3559426407e-29
0.352998694759  1.49331030868e-29
0.367657305107  1.63638230121e-29
0.382924628351  1.78539549585e-29
0.398825941877  1.94059660673e-29
0.415387572744  2.10224259303e-29
0.432636941262  2.2706010844e-29
0.450602606401  2.44595082407e-29
0.469314313065  2.62858213034e-29
0.488803041347  2.81879737728e-29
0.509101057818  7.81326600745e-29
0.530241968947  1.91610925897e-28
0.552260776746  3.09801485862e-28
0.575193936719  4.32900022518e-28
0.599079418219  5.61110344315e-28
0.623956767313  6.94644723051e-28
0.649867172259  8.3372424531e-28
0.676853531693  9.78579178512e-28
0.70496052566  1.12944935215e-27
0.734234689588  1.28658455487e-27
0.764724491332  1.45024494803e-27
0.796480411421  1.62070149644e-27
0.829555026638  1.79823641699e-27
0.864003097066  1.98314364588e-27
0.899881656755  2.17572932532e-27
0.937250108145  2.37631231034e-27
0.976170320425  2.58522469675e-27
1.01670673196  5.28426796009e-27
1.05892645697  1.17817987841e-26
1.10289939667  1.85491458255e-26
1.148698355  2.55975134623e-26
1.19639915912  3.2938571345e-26
1.24608078501  4.05844737177e-26
1.29782548821  4.85478795409e-26
1.35171893999  5.6841973451e-26
1.40785036919  6.54804875887e-26
1.46631270998  7.44777243354e-26
1.5272027557  8.38485799924e-26
1.59062131914  9.36085694443e-26
1.65667339944  1.03773851846e-25
1.7254683559  1.14361257378e-25
1.7971200891  1.25388315109e-25
1.87174722945  1.36873282018e-25
1.94947333358  1.48835173226e-25
2.03042708895  1.77679854807e-25
2.11474252688  2.36062670513e-25
2.20255924448  2.96869888799e-25
2.29402263574  3.60202185315e-25
2.3892841323  4.26164416363e-25
2.48850145414  4.94865792505e-25
2.59183887071  5.66420059374e-25
2.6994674729  6.40945686003e-25
2.81156545633  7.18566060964e-25
2.92831841634  7.99409696657e-25
3.04991965532  9.63267633458e-25
3.17657050272  1.25306266121e-24
3.30848064838  1.55489170624e-24
3.44586848972  1.8692544927e-24
3.58896149333  2.19667149625e-24
3.73799657156  2.53768480581e-24
3.89322047476  2.89285902107e-24
4.05489019986  3.55964763315e-24
4.2232734158  4.85560768332e-24
4.39864890674  6.20538372115e-24
4.58130703365  7.6112105073e-24
4.77155021497  9.075415603e-24
4.96969342739  1.06004232237e-23
5.1760647273  1.36861549167e-23
5.39100579394  1.71684795432e-23
5.61487249513  2.07954110494e-23
5.84803547643  2.45729543752e-23
6.0908807748  2.92784376846e-23
6.34381045777  3.55221978343e-23
6.60724328913  4.20252361301e-23
6.8816154222  4.87983193464e-23
7.16738112202  5.41929019443e-23
7.4650135174  5.8588844866e-23
7.77500538429  6.31673335459e-23
8.09786996163  6.73772373288e-23
8.43414180111  7.04241956959e-23
8.78437765219  7.35976819401e-23
9.14915738387  7.64552459894e-23
9.52908494479  7.87573948391e-23
9.92478936312  8.11551426343e-23
10.3369257881  8.31226581802e-23
10.7661765745  8.50487001864e-23
11.2132524127  8.68255847083e-23
11.6788935051  8.84145813771e-23
12.1638707918  8.99076515071e-23
12.6689872269  9.11322814472e-23
13.1950791077  9.22379101193e-23
13.74301746  9.30892702583e-23
14.3137094794  9.37710268273e-23
14.9081000339  9.43062265013e-23
15.5271732278  9.46492225978e-23
16.1719540317  9.49325959213e-23
16.8435099786  9.51276905211e-23
17.5429529322  9.52888143447e-23
18.2714409272  9.52344394216e-23
19.030180087  9.4810300922e-23
19.8204266202  9.43685496632e-23
20.6434889008  9.39084542584e-23
21.5007296344  9.34292529495e-23
22.3935681139  9.29301523452e-23
23.3234825702  9.24103261082e-23
24.2920126187  9.21101591602e-23
25.3007618091  9.20756276404e-23
26.35140028  9.12943058037e-23
27.445667524  9.04432092726e-23
28.5853752678  8.95001867883e-23
29.772410472  8.85180043883e-23
31.0087384549  8.71438151859e-23
32.2964061465  8.56300291559e-23
33.6375454776  8.4053381705e-23
35.0343769094  8.24260881943e-23
36.48921311  8.13432060942e-23
38.0044627833  8.02153562733e-23
39.5826346568  7.90406714037e-23
41.2263416354  7.74973776563e-23
42.9383051273  7.57766285485e-23
44.72135955  7.39844236789e-23
46.5784570227  7.26580698946e-23
48.5126722543  7.13759714764e-23
50.5272076339  6.99899735855e-23
52.6253985329  6.83975695158e-23
54.8107188272  6.67390393354e-23
57.0867866488  6.50116370938e-23
59.457370376  6.32125028127e-23
61.9263948728  6.21622213533e-23
64.4979479868  6.13099418019e-23
67.1762873173  6.04222705224e-23
69.9658472649  5.94977378391e-23
72.8712463726  5.90535215391e-23
75.8972949729  5.85972848447e-23
79.0490031521  5.81221024828e-23
82.331589045  5.79033528877e-23
85.7504874747  5.77928378908e-23
89.3113589503  5.76777336524e-23
93.0200990391  5.72001338304e-23
96.8828481275  5.66177479841e-23
100.906001587  5.60704309218e-23
105.096220365  5.57127147578e-23
109.460442007  5.53401440861e-23
114.005892151  5.49521020588e-23
118.740096485  5.4547946213e-23
123.670893207  5.42451770332e-23
128.806446006  5.39720767828e-23
134.155257575  5.36876357818e-23
139.72618369  5.33913830946e-23
145.52844787  5.32270097264e-23
151.571656651  5.31058376763e-23
157.86581549  5.31058376763e-23
164.421345329  5.31058376763e-23
171.24909985  5.31058376763e-23
178.360383446  5.31058376763e-23
185.766969933  5.2966797248e-23
193.481122048  5.27808106683e-23
201.51561175  5.26099516625e-23
209.883741365  5.25343639328e-23
218.599365612  5.24556373499e-23
227.67691454  5.23736415699e-23
237.131417418  5.22882408363e-23
246.978527622  5.21992937551e-23
257.23454855  5.2157264471e-23
267.916460612  5.21355052374e-23
279.041949347  5.21128424307e-23
290.629434703  5.20892385292e-23
302.698101535  5.21210918423e-23
315.267931366  5.23584156075e-23
328.359735471  5.26055944703e-23
341.995189335  5.28630376732e-23
356.196868537  5.31336960777e-23
370.988286128  5.34189904433e-23
386.393931562  5.37161319319e-23
402.439311242  5.4027103182e-23
419.150990746  5.43596478265e-23
436.556638818  5.47060017072e-23
454.685073167  5.5066738266e-23
473.566308191  5.54424547574e-23
493.231604661  5.58337732375e-23
513.713521483  5.63060708821e-23
535.045969603  5.68312553434e-23
557.26426815  5.73782485947e-23
580.405202916  5.79479562668e-23
604.507087258  5.84969375278e-23
629.60982553  5.88677407662e-23
655.754979155  5.92539419658e-23
682.985835434  5.96561805417e-23
711.347479213  5.9963376829e-23
740.886867531  6.01088231243e-23
771.652907362  6.02603092169e-23
803.696536592  6.04177094199e-23
837.070808348  6.05786387498e-23
871.830978841  6.0746250825e-23
908.03459885  6.08974139888e-23
945.741609003  6.09693745354e-23
985.014439024  6.10443233129e-23
1025.91811109  6.1112033301e-23
1068.52034748  6.11763215876e-23
1112.89168271  6.12432795071e-23
1159.10558033  6.13130179187e-23
1207.23855449  6.13856522849e-23
1257.37029671  6.1461302863e-23
1309.58380774  6.15400949041e-23
1363.96553504  6.16221588605e-23
1420.60551588  6.17076306017e-23
1479.5975264  6.17966516391e-23
1541.03923691  6.18381975934e-23
1605.03237354  6.18549725546e-23
1671.68288673  6.18724441123e-23
1741.10112659  6.18906411931e-23
1813.40202564  6.19095939253e-23
1888.70528906  6.19293336879e-23
1967.13559293  6.19498931631e-23
2048.82279061  6.19104293206e-23
2133.90212774  6.18266464457e-23
2222.51446619  6.17393844062e-23
2314.80651723  6.16484987266e-23
2410.93108447  6.15538389318e-23
2511.04731682  6.14552482979e-23
2615.32097202  6.13525635931e-23
2723.92469106  6.12456148072e-23
2837.03828399  6.11342248701e-23
2954.84902768  6.10182093586e-23
3077.55197581  6.093940693e-23
3205.3502819  6.08828187228e-23
3338.45553557  6.08238806359e-23
3477.08811294  6.07624950883e-23
3621.47754143  6.06985604468e-23
3771.86287983  6.06319708577e-23
3928.49311406  6.0562616072e-23
4091.62756943  6.0490381262e-23
4261.53633998  6.04151468321e-23
4438.50073566  6.03367882201e-23
4622.81374809  6.02551756913e-23
4814.78053566  6.01701741238e-23
5014.71892873  6.00848363921e-23
5222.95995589  6.00378113483e-23
5439.84839201  5.99888335443e-23
5665.74332907  5.99378218898e-23
5901.01877067  5.98846919274e-23
6146.0642513  5.98293556921e-23
6401.28548122  5.97717215665e-23
6667.10501821  5.97116941284e-23
6943.96296717  5.96491739931e-23
7232.31770876  5.95252858019e-23
7532.64665837  5.9381488075e-23
7845.44705649  5.92317190091e-23
8171.23679203  5.90757306387e-23
8510.55525972  5.89132647012e-23
8863.96425316  5.87440522094e-23
9232.048895  5.85678130061e-23
9615.41860565  5.83842553003e-23
10014.7081123  5.81993932402e-23
10430.5784998  5.81789165782e-23
10863.7183051  5.8157589603e-23
11314.8446575  5.81353770047e-23
11784.7044657  5.81122420069e-23
12274.0756543  5.80881463061e-23
12783.7684522  5.80630500081e-23
13314.6267339  5.80369115622e-23
13867.5294163  5.80096876922e-23
14443.3919145  5.79813333247e-23
15043.1676568  5.79518015149e-23
15667.8496638  5.79210433683e-23
16318.4721919  5.78890079601e-23
16996.1124464  5.78556422508e-23
17701.8923642  5.78208909982e-23
18436.9804721  5.77846966665e-23
19202.5938207  5.77469993303e-23
20000  5.7707736576e-23

