1 20000 251
251
1  0
1.04040904696  3.48761594322e-38
1.082450985  7.11616312287e-38
1.12619179768  1.08913364359e-37
1.17170013492  1.48190609046e-37
1.21904742069  1.89055009758e-37
1.26830796516  2.31570701958e-37
1.31955908129  2.7580441276e-37
1.37288120617  3.21825565659e-37
1.4283580273  3.69706389487e-37
1.4860766139  4.19522031774e-37
1.54612755358  4.71350676689e-37
1.6086050945  5.2527366775e-37
1.6736072933  5.81375635489e-37
1.74123616901  6.39744630277e-37
1.81159786313  7.00472260517e-37
1.88480280626  7.63653836418e-37
1.96096589137  8.29388519588e-37
2.04020665416  1.59589469822e-33
2.12264946065  4.86646983012e-33
2.20842370239  8.26920578611e-33
2.29766399949  1.18094430591e-32
2.39051041194  1.54927379464e-32
2.48710865943  1.93248712697e-32
2.58761035005  2.33118574484e-32
2.6921732182  2.74599539389e-32
2.8009613722  3.17756710552e-32
2.91414555182  3.62657821872e-32
3.03190339627  7.03922688485e-31
3.15441972299  3.25479816391e-30
3.28188681771  5.90875208621e-30
3.41450473624  8.66994975719e-30
3.55248161847  1.15427247945e-29
3.69603401502  1.45315859332e-29
3.8453872271  1.76412241021e-29
4.00077566014  2.18491106706e-29
4.16244319166  2.27928108299e-28
4.33064355406  4.4233456182e-28
4.50564073281  6.6540497579e-28
4.68770938077  8.97489452594e-28
4.87713524927  1.13895224192e-27
5.07421563659  2.9524198022e-27
5.27925985453  7.52999526489e-27
5.49258971391  1.22925461894e-26
5.71454002959  1.72475472579e-26
5.945459146  2.24027751973e-26
6.18570948383  5.57386985179e-26
6.43566810884  9.89688452466e-26
6.69572732367  1.43945881005e-25
6.96629528353  1.90740395913e-25
7.24779663678  3.86065585703e-25
7.54067319143  6.10035257508e-25
7.84538460853  8.43055330299e-25
8.1624091236  1.3318826959e-24
8.49224429718  2.08450903876e-24
8.83540779578  2.86754829486e-24
9.19243820431  4.22884810053e-24
9.56389587139  6.13157128046e-24
9.95036378878  8.11118169071e-24
10.3524485064  1.15796255136e-23
10.7707810842  1.53946538005e-23
11.2060180829  2.0170073674e-23
11.6588425938  2.60717355251e-23
12.1299653117  3.24824331948e-23
12.6201256496  3.98910841621e-23
13.1300928996  4.75707956338e-23
13.6606674402  5.54748123164e-23
14.2126819923  6.34112935045e-23
14.7870029263  7.11921877758e-23
15.384531622  7.87770425316e-23
16.0062058827  8.636807709e-23
16.6530014079  9.3632114742e-23
17.3259333238  1.00937673587e-22
18.0260577771  1.08239550649e-22
18.7544735924  1.15304910394e-22
19.5123239965  1.22655774594e-22
20.3007984131  1.3030368021e-22
21.1211343295  1.38260630403e-22
21.9746192385  1.4653911337e-22
22.8625926593  1.55152121944e-22
23.7864482397  1.64113173986e-22
24.7476359436  1.70020358953e-22
25.7476643266  1.74732204081e-22
26.7881029035  1.79487346223e-22
27.8705846117  1.85256094675e-22
28.996808374  1.91465971371e-22
30.1685417653  1.975550548e-22
31.3876237862  2.01588187088e-22
32.6559677498  2.05784294408e-22
33.9755642841  2.10149962426e-22
35.3484844568  2.12844520123e-22
36.7768830251  2.09997353721e-22
38.2630018183  2.07035136038e-22
39.8091732557  2.03953217962e-22
41.4178240072  2.03004285437e-22
43.0914788025  2.02333128349e-22
44.832764393  2.01634850443e-22
46.6444136747  2.0067561344e-22
48.5292699773  1.99652988395e-22
50.4902915267  1.99028515325e-22
52.5305560881  1.9975037525e-22
54.6532657959  2.00501404847e-22
56.8617521799  1.98779596423e-22
59.159481394  1.96503177424e-22
61.5500596558  1.95286517307e-22
64.0372389068  1.94670463709e-22
66.624922701  1.94029515973e-22
69.3171723311  1.9336266815e-22
72.118213203  1.92731352303e-22
75.032441467  1.92095480084e-22
78.0644309178  1.91433912874e-22
81.2189401726  1.90673729916e-22
84.5009201401  1.89764073319e-22
87.9155217902  1.88817658365e-22
91.4681042388  1.88118697358e-22
95.1642431583  1.87813529743e-22
99.009739529  1.87496030596e-22
103.010628743  1.87289986224e-22
107.173190077  1.87118147592e-22
111.503956548  1.86939365124e-22
116.009725165  1.86753358228e-22
120.697567597  1.86554694709e-22
125.574841273  1.86317411534e-22
130.649200932  1.86070539972e-22
135.928610627  1.85813692566e-22
141.421356237  1.85577902051e-22
147.136058463  1.85426268242e-22
153.081686359  1.85259410991e-22
159.267571411  1.85077016249e-22
165.703422184  1.84685442417e-22
172.399339552  1.84251082116e-22
179.36583256  1.83799169728e-22
186.613834911  1.83328995992e-22
194.154722129  1.82839822983e-22
202.000329413  1.82356835002e-22
210.162970211  1.81933230358e-22
218.655455543  1.81492508254e-22
227.491114114  1.81033976989e-22
236.683813228  1.80556916914e-22
246.247980551  1.80060579295e-22
256.198626761  1.80063260849e-22
266.551369101  1.80392942856e-22
277.322455892  1.80735946998e-22
288.528792035  1.8109281161e-22
300.187965542  1.81466313694e-22
312.318275138  1.81995670093e-22
324.938758985  1.82546417278e-22
338.069224556  1.83119419633e-22
351.730279727  1.83695169109e-22
365.943365117  1.84147783339e-22
380.730787743  1.84618687279e-22
396.115756024  1.85108619999e-22
412.122416211  1.85389588176e-22
428.775890281  1.8560564843e-22
446.102315367  1.85830439472e-22
464.128884777  1.86064314106e-22
482.883890678  1.86307639392e-22
502.396768493  1.86660445463e-22
522.698143103  1.8776788477e-22
543.819876914  1.88920074644e-22
565.795119858  1.90118823413e-22
588.658361426  1.91366012477e-22
612.445484796  1.92270934753e-22
637.193823152  1.92840126888e-22
662.942218274  1.93432319535e-22
689.731081504  1.94048442123e-22
717.602457167  1.94777696782e-22
746.600088557  1.95589974571e-22
776.769486596  1.96435075731e-22
808.158001257  1.97331165532e-22
840.814895881  1.98313353123e-22
874.791424493  1.99335229979e-22
910.140912246  2.00174136266e-22
946.918839109  2.00466933583e-22
985.182926946  2.0077156256e-22
1024.99323011  2.00970590707e-22
1066.41222967  2.0110493417e-22
1109.50493154  2.01244706325e-22
1154.33896842  2.0139012654e-22
1200.98470601  2.01541423046e-22
1249.51535339  2.016988333e-22
1300.00707798  2.01862604353e-22
1352.53912504  2.02032993238e-22
1407.19394206  2.02210267375e-22
1464.05730815  2.02394704991e-22
1523.21846867  2.02524978152e-22
1584.7702753  2.02561276033e-22
1648.80933177  2.02599040676e-22
1715.43614549  2.02638331353e-22
1784.75528525  2.02679209728e-22
1856.87554538  2.0272173996e-22
1931.9101165  2.02765988798e-22
2009.97676312  2.02784961324e-22
2091.19800853  2.02612526395e-22
2175.70132706  2.02433123534e-22
2263.61934415  2.02246471175e-22
2355.09004453  2.02052276373e-22
2450.25698873  2.01850234343e-22
2549.26953846  2.01640027987e-22
2652.28309095  2.01421327393e-22
2759.45932292  2.01193789316e-22
2870.96644429  2.00957056643e-22
2986.97946215  2.00710757827e-22
3107.68045551  2.00540234243e-22
3233.25886097  2.00373604923e-22
3363.91177012  2.00200242271e-22
3499.84423881  2.00019874199e-22
3641.26960901  1.99832217626e-22
3788.40984363  1.99636978029e-22
3941.49587491  1.99433848986e-22
4100.76796681  1.99222511692e-22
4266.47609215  1.99002634459e-22
4438.88032492  1.98773872197e-22
4618.25124841  1.9853586587e-22
4804.87037999  1.98288241934e-22
4999.03061281  1.98030611751e-22
5201.0366756  1.97949298506e-22
5411.20561086  1.97865636244e-22
5629.8672725  1.97778593269e-22
5857.36484349  1.9768803297e-22
6094.05537452  1.97593813216e-22
6340.31034432  1.97495786132e-22
6596.51624277  1.97393797866e-22
6863.0751774  1.97287688352e-22
7140.40550453  1.97195922494e-22
7428.94248588  1.97119352242e-22
7729.13897165  1.97039687859e-22
8041.46611132  1.96956804314e-22
8366.41409304  1.96870571524e-22
8704.49291301  1.96780854149e-22
9056.2331759  1.96687511381e-22
9422.18692758  1.9659039672e-22
9802.92852161  1.96489357749e-22
10199.0555206  1.96425321519e-22
10611.1896341  1.96401017448e-22
11039.9776943  1.96375731273e-22
11486.0926714  1.96349423307e-22
11950.2347295  1.96322052261e-22
12433.1323259  1.96293575178e-22
12935.5433539  1.96263947363e-22
13458.2563327  1.96233122316e-22
14002.0916449  1.96201051658e-22
14567.9028237  1.96167685055e-22
15156.577893  1.9613297014e-22
15769.0407609  1.96096852428e-22
16406.2526695  1.96059275234e-22
17069.213704  1.96020179582e-22
17758.9643622  1.95979504111e-22
18476.5871871  1.95937184983e-22
19223.2084664  1.9589315578e-22
20000  1.95847347398e-22

