1.367034 20 101
101
1.367034  0
1.40420922879  4.62257277856e-27
1.44239540364  9.37085216036e-27
1.4816200163  1.42482566205e-26
1.52191130612  1.92582975965e-26
1.5632982804  2.44045820159e-26
1.60581073528  2.96908148936e-26
1.64947927716  3.51208019989e-26
1.69433534476  4.06984525953e-26
1.74041123175  4.64277822553e-26
1.78774010998  5.23129157512e-26
1.83635605341  5.83580900245e-26
1.88629406258  6.45676572366e-26
1.93759008985  7.09460879019e-26
1.99028106527  7.79173951067e-26
2.04440492317  1.49621134424e-25
2.10000062947  2.38407467507e-25
2.15710820972  3.29608263028e-25
2.21576877795  4.23289180068e-25
2.27602456622  5.19517663244e-25
2.33791895509  6.18362991266e-25
2.40149650477  7.19896326817e-25
2.46680298727  8.24190767782e-25
2.53388541934  1.055919016e-24
2.60279209627  1.39000497334e-24
2.67357262673  1.73317609016e-24
2.74627796843  2.08567942899e-24
2.82096046484  2.447768771e-24
2.89767388287  2.8197047987e-24
2.97647345154  3.20175528364e-24
3.0574159018  3.93335078447e-24
3.14055950734  4.82759177351e-24
3.22596412655  5.74615082147e-24
3.31369124561  6.68968923554e-24
3.40380402276  7.65888630653e-24
3.49636733377  8.65443979797e-24
3.59144781866  9.67706644839e-24
3.68911392963  1.07275024874e-23
3.78943598042  1.18065041656e-23
3.89248619684  1.29148482993e-23
3.99833876886  1.4067674954e-23
4.10706990394  1.54762772787e-23
4.21875788196  1.69419574974e-23
4.33348311153  1.84474955377e-23
4.4513281879  1.99939752965e-23
4.57237795243  2.1582510146e-23
4.69671955367  2.32142437356e-23
4.82444251007  2.48903508152e-23
4.95563877446  2.66120380809e-23
5.09040280026  2.75349660677e-23
5.22883160945  2.80567776168e-23
5.37102486243  2.85927793497e-23
5.51708492978  2.91433571553e-23
5.66711696594  2.97089074166e-23
5.82122898495  3.02898372956e-23
5.97953193818  3.08729916092e-23
6.14213979421  3.07520240975e-23
6.30916962092  3.05032582251e-23
6.4807416697  3.02477273942e-23
6.65697946211  2.99852476381e-23
6.83800987874  2.97156299871e-23
7.02396325058  2.96311934342e-23
7.21497345286  3.06861389568e-23
7.41117800141  3.2139253372e-23
7.61271815171  3.39901839751e-23
7.8197390005  3.62504070289e-23
8.03238959034  3.86368508188e-23
8.25082301684  4.15426057677e-23
8.47519653891  4.47010831071e-23
8.70567169197  4.79488495883e-23
8.94241440424  5.08868972497e-23
9.18559511622  5.32757443705e-23
9.43538890338  5.56079515581e-23
9.69197560219  5.80035809691e-23
9.95553993961  6.04628017772e-23
10.2262716661  6.28234936173e-23
10.5043656922  6.52120224914e-23
10.7900222288  6.76330007731e-23
11.0834469315  7.00898278367e-23
11.3848510484  7.25493969498e-23
11.6944515722  7.50758517763e-23
12.0124713967  7.76540288998e-23
12.3391394771  8.01259928687e-23
12.6746909945  8.26553299396e-23
13.019367526  8.50765692975e-23
13.3734172179  8.71840256951e-23
13.7370949646  8.93330884198e-23
14.1106625922  9.13708631209e-23
14.4943890469  9.30498545774e-23
14.8885505886  9.47702460539e-23
15.2934309899  9.62782426948e-23
15.7093217403  9.76980917833e-23
16.1365222561  9.90837038002e-23
16.5753400958  1.00408110111e-22
17.026091182  1.01704916735e-22
17.4891000283  1.02916399984e-22
17.964699973  1.04153366893e-22
18.4532334197  1.05306078106e-22
18.9550520828  1.0646840723e-22
19.4705172416  1.07556206337e-22
20  1.0865e-22

