0.02 20000 351
351
0.02  0
0.0208052458838  4.71747267071e-36
0.0216429128143  9.62488161393e-36
0.0225143061372  1.47298740997e-35
0.0234207837545  2.00404052949e-35
0.0243637582402  2.55647506593e-35
0.0253446990421  3.1311518842e-35
0.0263651347711  3.72896650959e-35
0.0274266555837  4.3508505233e-35
0.0285309156595  4.99777301413e-35
0.0296796357794  5.6707420886e-35
0.0308746060066  6.37080644192e-35
0.0321176884767  7.0990569922e-35
0.0334108202989  7.85662858038e-35
0.034756016575  8.64470173871e-35
0.0361553735393  9.46450453038e-35
0.0376110718253  1.03173144632e-34
0.039125379864  1.12044604805e-34
0.0407006574185  1.21273250317e-34
0.0423393592613  1.3087346227e-34
0.0440440389997  1.4086020078e-34
0.0458173530554  1.51249028294e-34
0.0476620648032  1.62056133839e-34
0.0495810488781  1.73298358246e-34
0.0515772956543  1.89041805056e-32
0.0536539159056  4.35614679586e-32
0.0558141456523  6.9211514373e-32
0.0580613512047  9.58942905022e-32
0.060399034408  1.23651376414e-31
0.0628308381003  1.52526026284e-31
0.0653605517882  1.82563235802e-31
0.0679921175528  2.13809812287e-31
0.0707296361925  2.46314447626e-31
0.073577373613  2.80127794157e-31
0.0765397674752  3.15302543592e-31
0.0796214341107  3.51893509138e-31
0.0828271757148  3.89957710903e-31
0.0861619878306  4.29554464758e-31
0.0896310671328  4.70745474765e-31
0.0932398195264  5.13594929336e-31
0.0969938685706  5.58169601252e-31
0.100899064242  2.16205073256e-30
0.10496149205  9.24791445046e-30
0.109187482522  1.6619071298e-29
0.113583621065  2.4287007831e-29
0.118156758232  3.22636730806e-29
0.122914020392  4.05614971731e-29
0.127862820842  4.91934107004e-29
0.133010871351  5.81728648696e-29
0.138366194184  6.75138524642e-29
0.1439371346  7.72309296494e-29
0.149732373859  8.73392386549e-29
0.155760942745  9.78545313714e-29
0.162032235645  1.08793193897e-28
0.168556025186  1.20172272071e-28
0.175342477459  1.32009498038e-28
0.182402167871  1.44323317879e-28
0.189746097615  1.57132920358e-28
0.197385710819  1.70458266819e-28
0.205332912377  4.18217305655e-28
0.213600086503  7.95228779475e-28
0.222200116025  1.18741960017e-27
0.231146402466  1.59540092306e-27
0.240452886923  2.01980851e-27
0.250134071796  2.46130372007e-27
0.260205043382  2.92057454016e-27
0.270681495389  3.39833665713e-27
0.281579753389  3.89533457301e-27
0.292916800258  4.41234276518e-27
0.304710302644  4.95016689329e-27
0.316978638492  5.50964505467e-27
0.329740925688  6.09164909038e-27
0.343017051845  6.6970859438e-27
0.356827705299  7.32689907392e-27
0.371194407346  7.98206992557e-27
0.386139545777  8.66361945879e-27
0.401686409768  9.37260973983e-27
0.417859226171  1.01101455961e-26
0.434683197266  1.08773763381e-26
0.452184540034  1.16754975499e-26
0.470390527014  1.25057529527e-26
0.489329528798  1.33694363428e-26
0.509031058243  1.43881254582e-26
0.529525816463  1.55956065041e-26
0.550845740668  1.6851703507e-26
0.573024053933  1.8158373857e-26
0.596095316971  1.95176537531e-26
0.62009548199  2.09316613762e-26
0.645061948712  2.24026001902e-26
0.671033622664  2.39327623755e-26
0.698050975792  2.55245324009e-26
0.72615610954  2.71803907393e-26
0.755392820452  2.89029177333e-26
0.785806668419  3.06947976158e-26
0.817445047681  3.25588226934e-26
0.850357260677  3.44978976969e-26
0.884594594874  3.65150443088e-26
0.920210402694  3.8613405871e-26
0.957260184645  4.07962522837e-26
0.995801675818  4.30669851008e-26
1.03589493585  4.45701872387e-26
1.07760244251  4.6029402102e-26
1.12098918907  4.75473683034e-26
1.16612278558  4.91264513065e-26
1.21307356424  5.07691118141e-26
1.26191468896  5.24779096023e-26
1.31272226941  5.42555075097e-26
1.36557547962  5.61046755871e-26
1.42055668132  5.80282954135e-26
1.47775155234  6.00293645874e-26
1.53724922008  6.2111001397e-26
1.59914240042  6.42764496803e-26
1.66352754221  6.65290838794e-26
1.73050497751  6.88724142993e-26
1.80017907801  7.1310092578e-26
1.87265841765  7.38459173767e-26
1.94805594178  7.64838402995e-26
2.02648914321  7.92619146034e-26
2.10808024527  8.22210802748e-26
2.19295639229  8.5299388745e-26
2.2812498477  8.85016369764e-26
2.3730982002  9.18328150683e-26
2.46864457808  9.52981140325e-26
2.56803787234  3.86334654599e-24
2.67143296865  8.26333725451e-24
2.77899098875  1.28404816834e-23
2.89087954149  1.76019124478e-23
3.00727298406  2.22791439023e-23
3.12835269366  2.28384669925e-23
3.25430735015  2.33361331975e-23
3.38533323008  2.38502309042e-23
3.52163451252  2.4385027364e-23
3.6634235973  2.49413559562e-23
3.81092143593  2.55200836139e-23
3.96435787592  2.61221121748e-23
4.123972019  2.66707742121e-23
4.29001259367  2.7218316613e-23
4.46273834281  2.77879043271e-23
4.64241842687  2.83804249494e-23
4.82933284333  2.89968018112e-23
5.02377286302  2.9634551772e-23
5.22604148398  3.02722614335e-23
5.43645390367  3.0935646749e-23
5.6553380101  3.16257414793e-23
5.88303489282  3.23436210066e-23
6.11989937441  3.30765930238e-23
6.36630056345  3.3823094246e-23
6.62262242965  3.45656328597e-23
6.88926440224  3.53380677815e-23
7.16664199237  3.60736055815e-23
7.45518744063  3.67917536706e-23
7.75535039062  3.75388160493e-23
8.06759858961  3.82788035071e-23
8.39241861745  3.88628048498e-23
8.7303166448  3.9466010646e-23
9.08181922194  4.00735205549e-23
9.44747409926  4.06753300507e-23
9.82785108081  4.13013697775e-23
10.2235429123  4.19421461026e-23
10.6351662047  4.26003346878e-23
11.0633623952  4.32876433905e-23
11.5087987467  4.40373646396e-23
11.9721693877  4.48254656688e-23
12.4541963937  4.55164895091e-23
12.9556309128  4.60887409063e-23
13.4772543361  4.65639249547e-23
14.019879515  4.70524299427e-23
14.5843520286  4.77193845102e-23
15.1715515006  4.83850364608e-23
15.7823929704  4.90065246238e-23
16.4178283193  4.95356267938e-23
17.0788477531  5.00222143918e-23
17.7664813458  5.05267348777e-23
18.4818006444  5.06339796341e-23
19.2259203392  5.05350037425e-23
20  5.04320428544e-23
20.8052458838  5.03249365248e-23
21.6429128143  5.02135178486e-23
22.5143061372  5.00976132009e-23
23.4207837545  4.99770419661e-23
24.3637582402  4.9936375824e-23
25.3446990421  4.96553009579e-23
26.3651347711  4.86348652289e-23
27.4266555837  4.77440066498e-23
28.5309156595  4.70814506043e-23
29.6796357794  4.63922185324e-23
30.8746060066  4.58151733571e-23
32.1176884767  4.52682170702e-23
33.4108202989  4.46992390685e-23
34.756016575  4.4107352707e-23
36.1553735393  4.36533879382e-23
37.6110718253  4.32166784524e-23
39.125379864  4.27623860408e-23
40.7006574185  4.21496712908e-23
42.3393592613  4.13303203694e-23
44.0440389997  4.04779805001e-23
45.8173530554  3.96240175945e-23
47.6620648032  3.87754501905e-23
49.5810488781  3.78927175161e-23
51.5772956543  3.70059899121e-23
53.6539159056  3.60922770015e-23
55.8141456523  3.5141775913e-23
58.0613512047  3.415300547e-23
60.399034408  3.31802896776e-23
62.8308381003  3.24507485699e-23
65.3605517882  3.16918344635e-23
67.9921175528  3.09023647341e-23
70.7296361925  3.01613691234e-23
73.577373613  2.96202990135e-23
76.5397674752  2.90574441797e-23
79.6214341107  2.8471927519e-23
82.8271757148  2.81172824285e-23
86.1619878306  2.77838012169e-23
89.6310671328  2.74368932867e-23
93.2398195264  2.72704072189e-23
96.9938685706  2.71202452572e-23
100.899064242  2.69910093576e-23
104.96149205  2.69503850795e-23
109.187482522  2.69081251748e-23
113.583621065  2.68641637893e-23
118.156758232  2.68184324177e-23
122.914020392  2.65960185725e-23
127.862820842  2.62496025411e-23
133.010871351  2.58892390054e-23
138.366194184  2.55143664071e-23
143.9371346  2.5321257308e-23
149.732373859  2.52053525228e-23
155.760942745  2.49119528628e-23
162.032235645  2.46796776435e-23
168.556025186  2.46144397481e-23
175.342477459  2.45465752254e-23
182.402167871  2.45e-23
189.746097615  2.45e-23
197.385710819  2.45e-23
205.332912377  2.44466708762e-23
213.600086503  2.4363999135e-23
222.200116025  2.42779988397e-23
231.146402466  2.41885359753e-23
240.452886923  2.40954711308e-23
250.134071796  2.4e-23
260.205043382  2.4e-23
270.681495389  2.4e-23
281.579753389  2.4e-23
292.916800258  2.4e-23
304.710302644  2.40376824212e-23
316.978638492  2.41358291079e-23
329.740925688  2.42379274055e-23
343.017051845  2.43441364148e-23
356.827705299  2.44819324636e-23
371.194407346  2.46543328881e-23
386.139545777  2.48336745493e-23
401.686409768  2.50168640977e-23
417.859226171  2.51785922617e-23
434.683197266  2.53468319727e-23
452.184540034  2.55218454003e-23
470.390527014  2.57039052701e-23
489.329528798  2.5893295288e-23
509.031058243  2.60722484659e-23
529.525816463  2.62362065317e-23
550.845740668  2.64067659253e-23
573.024053933  2.65841924315e-23
596.095316971  2.67687625358e-23
620.09548199  2.69406683739e-23
645.061948712  2.7115433641e-23
671.033622664  2.72972353586e-23
698.050975792  2.74863568305e-23
726.15610954  2.76307805477e-23
755.392820452  2.77769641023e-23
785.806668419  2.79290333421e-23
817.445047681  2.80872252384e-23
850.357260677  2.82517863034e-23
884.594594874  2.84229729744e-23
920.210402694  2.86010520135e-23
957.260184645  2.87863009232e-23
995.801675818  2.89790083791e-23
1035.89493585  2.90358949358e-23
1077.60244251  2.90776024425e-23
1120.98918907  2.91209891891e-23
1166.12278558  2.91661227856e-23
1213.07356424  2.92130735642e-23
1261.91468896  2.9261914689e-23
1312.72226941  2.93127222694e-23
1365.57547962  2.93655754796e-23
1420.55668132  2.94205566813e-23
1477.75155234  2.94777515523e-23
1537.24922008  2.95372492201e-23
1599.14240042  2.95991424004e-23
1663.52754221  2.96635275422e-23
1730.50497751  2.97305049775e-23
1800.17907801  2.9800179078e-23
1872.65841765  2.98726584176e-23
1948.05594178  2.99480559418e-23
2026.48914321  2.99841065141e-23
2108.08024527  2.99351518528e-23
2192.95639229  2.98842261646e-23
2281.2498477  2.98312500914e-23
2373.0982002  2.97761410799e-23
2468.64457808  2.97188132532e-23
2568.03787234  2.96591772766e-23
2671.43296865  2.95971402188e-23
2778.99098875  2.95326054068e-23
2890.87954149  2.94654722751e-23
3007.27298406  2.93992727016e-23
3128.35269366  2.93871647306e-23
3254.30735015  2.9374569265e-23
3385.33323008  2.9361466677e-23
3521.63451252  2.93478365487e-23
3663.4235973  2.93336576403e-23
3810.92143593  2.93189078564e-23
3964.35787592  2.93035642124e-23
4123.972019  2.92876027981e-23
4290.01259367  2.92709987406e-23
4462.73834281  2.92537261657e-23
4642.41842687  2.92357581573e-23
4829.33284333  2.92170667157e-23
5023.77286302  2.91976227137e-23
5226.04148398  2.91773958516e-23
5436.45390367  2.91563546096e-23
5655.3380101  2.9134466199e-23
5883.03489282  2.91116965107e-23
6119.89937441  2.90880100626e-23
6366.30056345  2.90633699437e-23
6622.62242965  2.9037737757e-23
6889.26440224  2.90110735598e-23
7166.64199237  2.89722263346e-23
7455.18744063  2.89241354266e-23
7755.35039062  2.88741082682e-23
8067.59858961  2.88220669017e-23
8392.41861745  2.87679302304e-23
8730.3166448  2.87116138925e-23
9081.81922194  2.86530301297e-23
9447.47409926  2.85920876501e-23
9827.85108081  2.85286914865e-23
10223.5429123  2.85e-23
10635.1662047  2.85e-23
11063.3623952  2.85e-23
11508.7987467  2.85e-23
11972.1693877  2.85e-23
12454.1963937  2.85e-23
12955.6309128  2.85e-23
13477.2543361  2.85e-23
14019.879515  2.85e-23
14584.3520286  2.85e-23
15171.5515006  2.85e-23
15782.3929704  2.85e-23
16417.8283193  2.85e-23
17078.8477531  2.85e-23
17766.4813458  2.85e-23
18481.8006444  2.85e-23
19225.9203392  2.85e-23
20000  2.85e-23

