0.2 20000 301
301
0.2  0
0.207824460767  6.15540947536e-36
0.215955032466  1.25516327504e-35
0.22440369086  1.91980910159e-35
0.233182880236  2.6104574041e-35
0.242305531726  3.32812545935e-35
0.251785082359  4.07387034231e-35
0.261635494852  4.84879048316e-35
0.271871278176  5.65402728521e-35
0.282507508925  6.49076680609e-35
0.293559853524  7.36024150474e-35
0.305044591308  8.26373205672e-35
0.316978638492  9.20256924059e-35
0.329379573097  1.0178135898e-34
0.342265660832  1.11918689706e-34
0.355655882008  1.22452616165e-34
0.369569959484  1.33398654096e-34
0.384028387728  1.44772926248e-34
0.399052462994  1.56592186131e-34
0.414664314697  1.6887384269e-34
0.430886938006  1.81635985949e-34
0.447744227714  1.94897413654e-34
0.465261013431  2.08677658963e-34
0.483463096161  2.22997019216e-34
0.502377286302  1.23174754553e-31
0.522031443137  1.13956787273e-30
0.542454515866  2.19572463128e-30
0.563676586253  3.29320067545e-30
0.585728912925  4.43361251086e-30
0.608643977422  5.6186398846e-30
0.632455532034  6.8500282593e-30
0.65719864952  8.12959138414e-30
0.682909774767  9.45921396633e-30
0.709626778467  1.08408544472e-29
0.737389012904  1.22765478867e-29
0.766237369911  1.37684089611e-29
0.796214341107  1.53186350779e-29
0.827364080478  1.69295096117e-29
0.859732469416  1.86034052685e-29
0.893367184302  2.03427875798e-29
0.928317766723  2.21502185344e-29
0.964635696448  2.40283603519e-29
1.00237446725  6.45348229447e-29
1.04158966572  7.03310189827e-28
1.08233905309  1.36707592069e-27
1.12468265038  2.05680969616e-27
1.16868282675  2.77352744596e-27
1.21440439138  3.51828484532e-27
1.26191468896  4.29217886995e-27
1.31128369884  5.09634941175e-27
1.36258413812  5.93198095782e-27
1.41589156877  6.80030433512e-27
1.47128450892  7.70259852342e-27
1.52884454851  8.64019253911e-27
1.58865646945  9.61446739275e-27
1.65080837054  1.06268581232e-26
1.71539179718  1.16788559115e-26
1.78250187627  1.27720102768e-26
1.85223745626  1.39079313594e-26
1.9247012528  1.50882922917e-26
2  1.6314831663e-26
2.07824460767  3.53493348136e-26
2.15955032466  5.51285115798e-26
2.2440369086  7.56814953091e-26
2.33182880236  9.70385591126e-26
2.42305531726  1.19231160455e-25
2.51785082359  1.4229198749e-25
2.61635494852  1.66255007208e-25
2.71871278176  1.91155515463e-25
2.82507508925  2.17030188968e-25
2.93559853524  2.43917139311e-25
3.05044591308  4.05552801929e-25
3.16978638492  7.50872785188e-25
3.29379573097  1.10970248175e-24
3.42265660832  1.48257042273e-24
3.55655882008  1.87002581659e-24
3.69569959484  2.27263935808e-24
3.84028387728  2.69100406888e-24
3.99052462994  3.125736171e-24
4.14664314697  4.61598821223e-24
4.30886938006  6.23427122593e-24
4.47744227714  7.91586519938e-24
4.65261013431  9.66324700318e-24
4.83463096161  1.14789904088e-23
5.02377286302  1.35152142744e-23
5.22031443137  1.67113368133e-23
5.42454515866  2.00324990293e-23
5.63676586253  2.34835927625e-23
5.85728912925  2.70697012334e-23
6.08643977422  3.10828403081e-23
6.32455532034  3.5744896373e-23
6.5719864952  4.05893428117e-23
6.82909774767  4.5623315156e-23
7.09626778467  5.03418741743e-23
7.37389012904  5.42998779962e-23
7.66237369911  5.84127280462e-23
7.96214341107  6.26864822656e-23
8.27364080478  6.60835718764e-23
8.59732469416  6.94635013347e-23
8.93367184302  7.29756614202e-23
9.28317766723  7.61367527902e-23
9.64635696448  7.93026232286e-23
10.0237446725  8.25481778528e-23
10.4158966572  8.5237089992e-23
10.8233905309  8.8031198569e-23
11.2468265038  9.0527320816e-23
11.6868282675  9.28182653343e-23
12.1440439138  9.50349740164e-23
12.6191468896  9.69682067838e-23
13.1128369884  9.88945823829e-23
13.6258413812  1.00607006303e-22
14.1589156877  1.023017496e-22
14.7128450892  1.03855633798e-22
15.2884454851  1.05340260849e-22
15.8865646945  1.06748438085e-22
16.5080837054  1.0801383712e-22
17.1539179718  1.09234945423e-22
17.8250187627  1.10344779564e-22
18.5223745626  1.11946569836e-22
19.247012528  1.13767151489e-22
20  1.1565895849e-22
20.7824460767  1.1762477734e-22
21.5955032466  1.19667503551e-22
22.440369086  1.21790145919e-22
23.3182880236  1.23995830945e-22
24.2305531726  1.2594884877e-22
25.1785082359  1.26657090353e-22
26.1635494852  1.2614015142e-22
27.1871278176  1.25506165879e-22
28.2507508925  1.24397653376e-22
29.3559853524  1.2324577331e-22
30.5044591308  1.21552838566e-22
31.6978638492  1.19135696754e-22
32.9379573097  1.16623990785e-22
34.2265660832  1.15210951409e-22
35.5655882008  1.13978974015e-22
36.9569959484  1.12945241832e-22
38.4028387728  1.09971384307e-22
39.9052462994  1.06820669511e-22
41.4664314697  1.04737870722e-22
43.0886938006  1.02653567454e-22
44.7744227714  1.00487721441e-22
46.5261013431  9.91036712756e-23
48.3463096161  9.77985688112e-23
50.2377286302  9.6332375588e-23
52.2031443137  9.40134702846e-23
54.2454515866  9.16038440633e-23
56.3676586253  9.01394005327e-23
58.5728912925  8.92135748395e-23
60.8643977422  8.81856622137e-23
63.2455532034  8.70045362582e-23
65.719864952  8.57772019343e-23
68.2909774767  8.4501851464e-23
70.9626778467  8.3454172494e-23
73.7389012904  8.28775412945e-23
76.6237369911  8.22783509539e-23
79.6214341107  8.16557189068e-23
82.7364080478  8.11583852444e-23
85.9732469416  8.06631089264e-23
89.3367184302  8.01484562578e-23
92.8317766723  7.98883343226e-23
96.4635696448  7.96848870054e-23
100.237446725  7.94752663069e-23
104.158966572  7.92850845079e-23
108.233905309  7.90874623588e-23
112.468265038  7.88821087759e-23
116.868282675  7.86687212878e-23
121.440439138  7.83771286673e-23
126.191468896  7.7916307648e-23
131.128369884  7.74374582487e-23
136.258413812  7.69398751578e-23
141.589156877  7.65005978555e-23
147.128450892  7.62344097233e-23
152.884454851  7.59578076982e-23
158.865646945  7.56703843646e-23
165.080837054  7.54937949688e-23
171.539179718  7.53386186804e-23
178.250187627  7.51773715382e-23
185.223745626  7.51307059619e-23
192.47012528  7.51242938012e-23
200  7.51176307819e-23
207.824460767  7.52631844898e-23
215.955032466  7.54144325941e-23
224.40369086  7.55715978727e-23
233.182880236  7.57349118191e-23
242.305531726  7.59046149833e-23
251.785082359  7.60992192884e-23
261.635494852  7.63832334132e-23
271.871278176  7.66783588248e-23
282.507508925  7.69850302225e-23
293.559853524  7.73036993118e-23
305.044591308  7.75087794466e-23
316.978638492  7.75546582423e-23
329.379573097  7.76023319222e-23
342.265660832  7.76518707062e-23
355.655882008  7.7771079715e-23
369.569959484  7.79911988387e-23
384.028387728  7.82199295297e-23
399.052462994  7.84576086922e-23
414.664314697  7.88573822621e-23
430.886938006  7.92830550747e-23
447.744227714  7.97253811885e-23
465.261013431  8.01850121188e-23
483.463096161  8.06626248701e-23
502.377286302  8.11334455507e-23
522.031443137  8.14385263004e-23
542.454515866  8.17555425118e-23
563.676586253  8.20849611279e-23
585.728912925  8.24272673591e-23
608.643977422  8.27791409666e-23
632.455532034  8.31382195746e-23
657.19864952  8.35113461649e-23
682.909774767  8.3899070327e-23
709.626778467  8.42073114713e-23
737.389012904  8.43530046579e-23
766.237369911  8.45043976975e-23
796.214341107  8.46617135816e-23
827.364080478  8.49566808092e-23
859.732469416  8.52820913429e-23
893.367184302  8.56202326864e-23
928.317766723  8.59134123626e-23
964.635696448  8.62038988152e-23
1002.37446725  8.64972821534e-23
1041.58966572  8.66710964592e-23
1082.33905309  8.68517107812e-23
1124.68265038  8.70393911515e-23
1168.68282675  8.72344140103e-23
1214.40439138  8.74370666126e-23
1261.91468896  8.76476474516e-23
1311.28369884  8.78664666982e-23
1362.58413812  8.80938466578e-23
1415.89156877  8.83301222453e-23
1471.28450892  8.85756414782e-23
1528.84454851  8.87054701118e-23
1588.65646945  8.87107627361e-23
1650.80837054  8.87162624201e-23
1715.39179718  8.87219772644e-23
1782.50187627  8.87279156865e-23
1852.23745626  8.87340864334e-23
1924.7012528  8.87404985941e-23
2000  8.87471616134e-23
2078.24460767  8.87251978922e-23
2159.55032466  8.87023748998e-23
2244.0369086  8.86786590192e-23
2331.82880236  8.86540153188e-23
2423.05531726  8.86284075e-23
2517.85082359  8.86017978444e-23
2616.35494852  8.85741471578e-23
2718.71278176  8.85454147126e-23
2825.07508925  8.85155581879e-23
2935.59853524  8.84845336072e-23
3050.44591308  8.83941155703e-23
3169.78638492  8.82229796116e-23
3293.79573097  8.804514842e-23
3422.65660832  8.78603600624e-23
3556.55882008  8.76683423585e-23
3695.69959484  8.74688124797e-23
3840.28387728  8.72614765324e-23
3990.52462994  8.70460291251e-23
4146.64314697  8.68221529189e-23
4308.86938006  8.65895181597e-23
4477.44227714  8.63477821929e-23
4652.61013431  8.6096588958e-23
4834.63096161  8.58355684651e-23
5023.77286302  8.55805021209e-23
5220.31443137  8.5432309628e-23
5424.54515866  8.52783195033e-23
5636.76586253  8.51183049303e-23
5857.28912925  8.49520302184e-23
6086.43977422  8.47792504568e-23
6324.55532034  8.45997111528e-23
6571.9864952  8.44131478577e-23
6829.09774767  8.42192857766e-23
7096.26778467  8.40434544458e-23
7373.89012904  8.39079971701e-23
7662.37369911  8.37672404937e-23
7962.14341107  8.36209770918e-23
8273.64080478  8.34689915286e-23
8597.32469416  8.33110599401e-23
8933.67184302  8.3146949704e-23
9283.17766723  8.29764190974e-23
9646.35696448  8.27992169405e-23
10023.7446725  8.26249651988e-23
10415.8966572  8.25968476186e-23
10823.3905309  8.25676300139e-23
11246.8265038  8.25372693491e-23
11686.8282675  8.25057209052e-23
12144.0439138  8.24729382135e-23
12619.1468896  8.24388729873e-23
13112.8369884  8.2403475051e-23
13625.8413812  8.23666922659e-23
14158.9156877  8.23284704535e-23
14712.8450892  8.22887533158e-23
15288.4454851  8.22474823521e-23
15886.5646945  8.22045967733e-23
16508.0837054  8.21600334118e-23
17153.9179718  8.21137266289e-23
17825.0187627  8.2065608218e-23
18522.3745626  8.2015607304e-23
19247.012528  8.19636502391e-23
20000  8.1909660494e-23

