1 20000 251
251
1  0
1.04040904696  8.18728631483e-36
1.082450985  1.67054130668e-35
1.12619179768  2.55677492028e-35
1.17170013492  3.47882038958e-35
1.21904742069  4.43812483755e-35
1.26830796516  5.43619386401e-35
1.31955908129  6.47459390862e-35
1.37288120617  7.55495470941e-35
1.4283580273  8.67897186052e-35
1.4860766139  9.84840947348e-35
1.54612755358  1.10651029459e-34
1.6086050945  1.23309618419e-34
1.6736072933  1.36479728895e-34
1.74123616901  1.50182030984e-34
1.81159786313  1.64438030041e-34
1.88480280626  1.79270100434e-34
1.96096589137  1.94701520656e-34
2.04020665416  7.43068788928e-32
2.12264946065  2.26255953245e-31
2.20842370239  3.84345144878e-31
2.29766399949  5.4882257008e-31
2.39051041194  7.1994637128e-31
2.48710865943  8.979851222e-31
2.58761035005  1.08321824937e-30
2.6921732182  1.27593647067e-30
2.8009613722  1.47644225162e-30
2.91414555182  1.68505028009e-30
3.03190339627  1.36216768622e-29
3.15441972299  5.88533823435e-29
3.28188681771  1.05912857936e-28
3.41450473624  1.54873962087e-28
3.55248161847  2.05813537795e-28
3.69603401502  2.5881153321e-28
3.8453872271  3.13951127111e-28
4.00077566014  3.80514950775e-28
4.16244319166  2.35690292056e-27
4.33064355406  4.41315484463e-27
4.50564073281  6.55249794926e-27
4.68770938077  8.77828986987e-27
4.87713524927  1.10940239207e-26
5.07421563659  2.32328546003e-26
5.27925985453  5.26204059374e-26
5.49258971391  8.31954802165e-26
5.71454002959  1.15006064108e-25
5.945459146  1.48102083378e-25
6.18570948383  3.12806293797e-25
6.43566810884  5.23971178635e-25
6.69572732367  7.43669035221e-25
6.96629528353  9.7224467281e-25
7.24779663678  1.72945344287e-24
7.54067319143  2.59076218662e-24
7.84538460853  3.48687559584e-24
8.1624091236  4.99667048054e-24
8.49224429718  7.13944854255e-24
8.83540779578  9.36881422389e-24
9.19243820431  1.23609712167e-23
9.56389587139  1.60726520395e-23
9.95036378878  1.99343183469e-23
10.3524485064  2.48106705542e-23
10.7707810842  3.00098823308e-23
11.2060180829  3.57420820368e-23
11.6588425938  4.20796871102e-23
12.1299653117  4.87563451148e-23
12.6201256496  5.59293593957e-23
13.1300928996  6.33308455547e-23
13.6606674402  7.08449366198e-23
14.2126819923  7.8390886469e-23
14.7870029263  8.5790618202e-23
15.384531622  9.28717779057e-23
16.0062058827  9.98735542114e-23
16.6530014079  1.06166406219e-22
17.3259333238  1.12312675334e-22
18.0260577771  1.18279072093e-22
18.7544735924  1.24911477895e-22
19.5123239965  1.31811892895e-22
20.3007984131  1.38991147088e-22
21.1211343295  1.46460508101e-22
21.9746192385  1.54231698875e-22
22.8625926593  1.62316916061e-22
23.7864482397  1.70728849168e-22
24.7476359436  1.75176882142e-22
25.7476643266  1.78450109829e-22
26.7881029035  1.81829076063e-22
27.8705846117  1.83809627388e-22
28.996808374  1.85481511396e-22
30.1685417653  1.87091628751e-22
31.3876237862  1.87965932145e-22
32.6559677498  1.88875565306e-22
33.9755642841  1.90245157641e-22
35.3484844568  1.91142935754e-22
36.7768830251  1.899897925e-22
38.2630018183  1.88790051827e-22
39.8091732557  1.87541830776e-22
41.4178240072  1.86397993257e-22
43.0914788025  1.8522961421e-22
44.832764393  1.8401402208e-22
46.6444136747  1.82909057541e-22
48.5292699773  1.81776345236e-22
50.4902915267  1.80547276806e-22
52.5305560881  1.7911067332e-22
54.6532657959  1.77616018056e-22
56.8617521799  1.76487537092e-22
59.159481394  1.75396110676e-22
61.5500596558  1.73950075808e-22
64.0372389068  1.72270433273e-22
66.624922701  1.71127113496e-22
69.3171723311  1.70310042794e-22
72.118213203  1.697331301e-22
75.032441467  1.69224524137e-22
78.0644309178  1.6869536589e-22
81.2189401726  1.68054177083e-22
84.5009201401  1.67237321293e-22
87.9155217902  1.66387457138e-22
91.4681042388  1.65683738275e-22
95.1642431583  1.65218202173e-22
99.009739529  1.64733854201e-22
103.010628743  1.6441953155e-22
107.173190077  1.6415739008e-22
111.503956548  1.63884655723e-22
116.009725165  1.63600900431e-22
120.697567597  1.63354106961e-22
125.574841273  1.63385556805e-22
130.649200932  1.63418277508e-22
135.928610627  1.63452320423e-22
141.421356237  1.63533565229e-22
147.136058463  1.6375466395e-22
153.081686359  1.63865468291e-22
159.267571411  1.63865468291e-22
165.703422184  1.6379191419e-22
172.399339552  1.6370556039e-22
179.36583256  1.63615717114e-22
186.613834911  1.63522243358e-22
194.154722129  1.63424992416e-22
202.000329413  1.63314095439e-22
210.162970211  1.63169177591e-22
218.655455543  1.63018403752e-22
227.491114114  1.62861537285e-22
236.683813228  1.62698331995e-22
246.247980551  1.62528531733e-22
256.198626761  1.62401701858e-22
266.551369101  1.62301128919e-22
277.322455892  1.62196491922e-22
288.528792035  1.62087626645e-22
300.187965542  1.61979953528e-22
312.318275138  1.62222945543e-22
324.938758985  1.62475756634e-22
338.069224556  1.6273878358e-22
351.730279727  1.63038174013e-22
365.943365117  1.63534282027e-22
380.730787743  1.64050437294e-22
396.115756024  1.64587449904e-22
412.122416211  1.64979670915e-22
428.775890281  1.65332238493e-22
446.102315367  1.65699052991e-22
464.128884777  1.66080690114e-22
482.883890678  1.66477748828e-22
502.396768493  1.66993418546e-22
522.698143103  1.68291983087e-22
543.819876914  1.69643021383e-22
565.795119858  1.71048653849e-22
588.658361426  1.72511086584e-22
612.445484796  1.7348585284e-22
637.193823152  1.73981606767e-22
662.942218274  1.74497393637e-22
689.731081504  1.75034022962e-22
717.602457167  1.75484135409e-22
746.600088557  1.75886763139e-22
776.769486596  1.76305660672e-22
808.158001257  1.76752006409e-22
840.814895881  1.77247558372e-22
874.791424493  1.77763135118e-22
910.140912246  1.78234154766e-22
946.918839109  1.78555088324e-22
985.182926946  1.78888990502e-22
1024.99323011  1.79162039424e-22
1066.41222967  1.7940026545e-22
1109.50493154  1.79648117962e-22
1154.33896842  1.79905985958e-22
1200.98470601  1.80174274154e-22
1249.51535339  1.80453403621e-22
1300.00707798  1.80743812443e-22
1352.53912504  1.81045956408e-22
1407.19394206  1.81360309724e-22
1464.05730815  1.81687365757e-22
1523.21846867  1.81894094184e-22
1584.7702753  1.81894094184e-22
1648.80933177  1.81894094184e-22
1715.43614549  1.81894094184e-22
1784.75528525  1.81894094184e-22
1856.87554538  1.81894094184e-22
1931.9101165  1.81894094184e-22
2009.97676312  1.81864116296e-22
2091.19800853  1.81620065055e-22
2175.70132706  1.81366151935e-22
2263.61934415  1.81101978429e-22
2355.09004453  1.80827129922e-22
2450.25698873  1.8054117505e-22
2549.26953846  1.80243665014e-22
2652.28309095  1.7993413288e-22
2759.45932292  1.79612092849e-22
2870.96644429  1.79277039486e-22
2986.97946215  1.78928446936e-22
3107.68045551  1.78793736368e-22
3233.25886097  1.78682261708e-22
3363.91177012  1.78566282463e-22
3499.84423881  1.78445616607e-22
3641.26960901  1.78320074759e-22
3788.40984363  1.78189459885e-22
3941.49587491  1.78053566988e-22
4100.76796681  1.77912182788e-22
4266.47609215  1.77765085388e-22
4438.88032492  1.77612043922e-22
4618.25124841  1.77452818197e-22
4804.87037999  1.77287158311e-22
4999.03061281  1.77114804267e-22
5201.0366756  1.77037677989e-22
5411.20561086  1.7695794779e-22
5629.8672725  1.7687499577e-22
5857.36484349  1.76788691737e-22
6094.05537452  1.76698900241e-22
6340.31034432  1.76605480356e-22
6596.51624277  1.76508285462e-22
6863.0751774  1.76407163015e-22
7140.40550453  1.76262171386e-22
7428.94248588  1.7607095635e-22
7729.13897165  1.75872014498e-22
8041.46611132  1.75665033595e-22
8366.41409304  1.7544968879e-22
8704.49291301  1.75225642108e-22
9056.2331759  1.74992541912e-22
9422.18692758  1.7475002236e-22
9802.92852161  1.74497702824e-22
10199.0555206  1.74344898015e-22
10611.1896341  1.74298924828e-22
11039.9776943  1.74251093909e-22
11486.0926714  1.74201330188e-22
11950.2347295  1.74149555562e-22
12433.1323259  1.74095688773e-22
12935.5433539  1.74039645279e-22
13458.2563327  1.7398133712e-22
14002.0916449  1.73920672784e-22
14567.9028237  1.73857557061e-22
15156.577893  1.73791890891e-22
15769.0407609  1.73723571213e-22
16406.2526695  1.73652490803e-22
17069.213704  1.73578538101e-22
17758.9643622  1.7350159704e-22
18476.5871871  1.73421546865e-22
19223.2084664  1.73338261939e-22
20000  1.73251611547e-22

