0.5 20000 301
301
0.5  0
0.51797667599  8.97821507342e-37
0.536599673739  1.82792270735e-36
0.555892230681  2.79146416318e-36
0.575878419714  3.78964816412e-36
0.596583179235  4.82372022579e-36
0.618032344264  5.89497064426e-36
0.640252678672  7.00473610609e-36
0.663271908584  8.15440135618e-36
0.687118756972  9.34540092566e-36
0.711822979493  1.05792209219e-35
0.737415401622  1.18574008827e-35
0.763927957112  1.31815356975e-35
0.791393727841  1.45532775975e-35
0.819846985093  1.59743382167e-35
0.849323232317  1.74464907286e-35
0.879859249433  1.89715720579e-35
0.911493138721  2.05514851731e-35
0.944264372364  2.21882014606e-35
0.978213841706  2.38837631848e-35
1.01338390827  3.00846112753e-31
1.04981845661  1.11976105015e-30
1.0875629491  1.96811872452e-30
1.12666448261  2.84697770097e-30
1.16717184731  3.75743460354e-30
1.20913558756  4.70062548359e-30
1.25260806493  5.67772723734e-30
1.29764352358  6.68995907436e-30
1.34429815793  7.7385840389e-30
1.39263018277  8.82491058588e-30
1.44269990591  9.95029421357e-30
1.49456980343  1.11161391549e-29
1.54830459763  1.23239001298e-29
1.6039713378  1.35750841602e-29
1.66163948387  1.48712524504e-29
1.7213809931  1.62140223353e-29
1.78327040983  1.76050692985e-29
1.84738495855  1.90461290629e-29
1.91380464021  2.05389997561e-29
1.98261233206  2.20855441549e-29
2.05389389107  4.43091779863e-28
2.12773826107  1.01941092163e-27
2.20423758369  1.61645066835e-27
2.28348731338  2.23495599524e-27
2.3655863365  2.87569866184e-27
2.4506370947  3.53947817507e-27
2.53874571274  4.22712278677e-27
2.63002213093  4.93949052723e-27
2.72458024232  5.6774702758e-27
2.82253803477  6.44198287003e-27
2.92401773821  7.23398225465e-27
3.02914597715  1.36762427699e-26
3.13805392866  3.55327928057e-26
3.25087748609  5.8175159078e-26
3.36775742859  8.16315943145e-26
3.48883959681  1.05931367023e-25
3.61427507483  1.31104798013e-25
3.74422037875  1.57183298228e-25
3.87883765192  1.8419940794e-25
4.01829486729  2.3847269019e-25
4.16276603701  4.75040860226e-25
4.31243142955  7.20114448947e-25
4.46747779462  9.73999254663e-25
4.62809859623  1.23701207016e-24
4.79449425406  1.50948107799e-24
4.96687239354  1.79174625996e-24
5.14544810495  2.70469787108e-24
5.33044421176  3.7968898505e-24
5.52209154871  4.92834979258e-24
5.72062924983  6.10048951222e-24
5.92630504679  7.31477158376e-24
6.13937557808  9.23273462273e-24
6.36010670917  1.15811901021e-23
6.58877386432  1.4014080428e-23
6.82566237018  1.65344413161e-23
7.07106781187  1.93159633802e-23
7.32529640178  2.26309008624e-23
7.58866536167  2.60650214587e-23
7.86150331847  2.96226102016e-23
8.14415071437  3.34470335782e-23
8.43696023158  3.75472350198e-23
8.74029723243  4.17948524471e-23
9.05454021523  4.61951821163e-23
9.38008128661  5.07536994326e-23
9.7173266507  5.54761107265e-23
10.0666971161  6.03216471387e-23
10.4286286208  6.51365280635e-23
10.8035727762  7.0124520097e-23
11.1919974309  7.50494928858e-23
11.5943872539  7.9894674557e-23
12.0112443398  8.48928665676e-23
12.4430888353  8.92788928154e-23
12.8904595879  9.38226114087e-23
13.3539148186  9.78011558395e-23
13.8340328184  1.0168914548e-22
14.3314126696  1.05185190686e-22
14.8466749937  1.08531072778e-22
15.3804627255  1.11624227416e-22
15.9334419155  1.14672859698e-22
16.5063025609  1.17534365813e-22
17.0997594668  1.20411797741e-22
17.7145531376  1.23154061117e-22
18.3514507018  1.26364523902e-22
19.0112468682  1.3000139891e-22
19.6947649184  1.33769031764e-22
20.4028577337  1.37672123648e-22
21.1364088592  1.41715544769e-22
21.8963336065  1.45904340432e-22
22.6835801957  1.50243737341e-22
23.4991309386  1.54739150114e-22
24.3440034645  1.58704012126e-22
25.2192519896  1.61e-22
26.1259686331  1.61e-22
27.0652847792  1.60869430442e-22
28.0383724893  1.58923255021e-22
29.0464459643  1.56907108071e-22
30.0907630598  1.5495461847e-22
31.1726268555  1.54413686572e-22
32.2933872809  1.5385330636e-22
33.4544428005  1.52704725099e-22
34.6572421578  1.50599826224e-22
35.9032861837  1.4891605658e-22
37.1941296691  1.47367044397e-22
38.5313833047  1.45762340034e-22
39.9167156909  1.44099941171e-22
41.35185542  1.43107775423e-22
42.8385932329  1.42126528466e-22
44.3787842538  1.41110002393e-22
45.9743503045  1.39978980775e-22
47.627282303  1.38755811096e-22
49.3396427475  1.37488664367e-22
51.1135682897  1.36331859026e-22
52.9512724014  1.35229236559e-22
54.8550481358  1.34086971119e-22
56.8272709893  1.32538183209e-22
58.8704018652  1.30903678508e-22
60.9869901447  1.29703902957e-22
63.1796768676  1.2904609694e-22
65.4511980279  1.28274400986e-22
67.8043879881  1.27097806006e-22
70.2421830153  1.25927345095e-22
72.767624945  1.25169712516e-22
75.3838649774  1.24384840507e-22
78.0941676085  1.23571749717e-22
80.9019147041  1.22864712794e-22
83.8106097193  1.22428408542e-22
86.8238820702  1.21976417689e-22
89.9454916625  1.21508176251e-22
93.1793335833  1.21023099963e-22
96.5294429608  1.20520583556e-22
100  1.2e-22
103.595335198  1.1964046648e-22
107.319934748  1.19268006525e-22
111.178446136  1.18882155386e-22
115.175683943  1.18482431606e-22
119.316635847  1.18068336415e-22
123.606468853  1.17819676557e-22
128.050535734  1.17597473213e-22
132.654381717  1.17367280914e-22
137.423751394  1.1712881243e-22
142.364595899  1.17e-22
147.483080324  1.17e-22
152.785591422  1.16860720429e-22
158.278745568  1.16586062722e-22
163.969397019  1.165e-22
169.864646463  1.165e-22
175.971849887  1.165e-22
182.298627744  1.16557465694e-22
188.852874473  1.16721321862e-22
195.642768341  1.16891069209e-22
202.676781654  1.16973232183e-22
209.963691323  1.16900363087e-22
217.51258982  1.16824874102e-22
225.332896521  1.16746671035e-22
233.434369463  1.16665656305e-22
241.827117512  1.16581728825e-22
250.521612986  1.165e-22
259.528704717  1.165e-22
268.859631586  1.165e-22
278.526036554  1.165e-22
288.539981181  1.165e-22
298.913960685  1.165e-22
309.660919525  1.16847793103e-22
320.794267559  1.17248593632e-22
332.327896774  1.17663804284e-22
344.276198619  1.1809394315e-22
356.654081967  1.18459697967e-22
369.476991711  1.18767447801e-22
382.760928042  1.19086262273e-22
396.522466412  1.19416539194e-22
410.778778215  1.1998504502e-22
425.547652214  1.2064964435e-22
440.847516738  1.21338138253e-22
456.697462677  1.2205138582e-22
473.117267301  1.22790277029e-22
490.127418939  1.23555733852e-22
507.749142548  1.24232474276e-22
526.004426187  1.24780132786e-22
544.916048465  1.25347481454e-22
564.507606954  1.25935228209e-22
584.803547643  1.26544106429e-22
605.82919543  1.27087437931e-22
627.610785733  1.27414161786e-22
650.175497219  1.27752632458e-22
673.551485719  1.28103272286e-22
697.767919361  1.2846651879e-22
722.855014966  1.28842825224e-22
748.84407575  1.29232661136e-22
775.767530383  1.29636512956e-22
803.658973457  1.3e-22
832.553207402  1.3e-22
862.486285909  1.3e-22
893.495558925  1.3e-22
925.619719247  1.30256197192e-22
958.898850812  1.30588988508e-22
993.374478709  1.30933744787e-22
1029.08962099  1.31058179242e-22
1066.08884235  1.31132177685e-22
1104.41830974  1.31208836619e-22
1144.12584997  1.312882517e-22
1185.26100936  1.31370522019e-22
1227.87511562  1.31455750231e-22
1272.02134183  1.31544042684e-22
1317.75477286  1.31635509546e-22
1365.13247404  1.31730264948e-22
1414.21356237  1.31828427125e-22
1465.05928036  1.31930118561e-22
1517.73307233  1.32e-22
1572.30066369  1.32e-22
1628.83014287  1.32e-22
1687.39204632  1.32e-22
1748.05944649  1.32e-22
1810.90804305  1.32e-22
1876.01625732  1.32e-22
1943.46533014  1.32e-22
2013.33942322  1.3195998173e-22
2085.72572415  1.31742822828e-22
2160.71455525  1.31517856334e-22
2238.39948618  1.31284801541e-22
2318.87745078  1.31043367648e-22
2402.24886796  1.30793253396e-22
2488.61776706  1.30534146699e-22
2578.09191758  1.30265724247e-22
2670.78296373  1.29987651109e-22
2766.80656368  1.29699580309e-22
2866.28253393  1.29401152398e-22
2969.33499874  1.29091995004e-22
3076.0925451  1.28809768637e-22
3186.68838309  1.28533279042e-22
3301.26051218  1.2824684872e-22
3419.95189335  1.27950120267e-22
3542.91062753  1.27642723431e-22
3670.29014035  1.27324274649e-22
3802.24937364  1.26994376566e-22
3938.95298368  1.26652617541e-22
4080.57154674  1.26298571133e-22
4227.28177184  1.2593179557e-22
4379.2667213  1.25551833197e-22
4536.71603914  1.25158209902e-22
4699.82618773  1.24750434531e-22
4868.8006929  1.24327998268e-22
5043.85039793  1.24e-22
5225.19372662  1.24e-22
5413.05695583  1.24e-22
5607.67449785  1.24e-22
5809.28919286  1.24e-22
6018.15261197  1.24e-22
6234.52537109  1.24e-22
6458.67745619  1.24e-22
6690.88856009  1.24e-22
6931.44843155  1.24e-22
7180.65723674  1.24e-22
7438.82593382  1.24e-22
7706.27666093  1.24e-22
7983.34313818  1.24e-22
8270.371084  1.24e-22
8567.71864659  1.24e-22
8875.75685075  1.24e-22
9194.87006089  1.24e-22
9525.4564606  1.24e-22
9867.9285495  1.24e-22
10222.7136579  1.24e-22
10590.2544803  1.24e-22
10971.0096272  1.24e-22
11365.4541979  1.24e-22
11774.080373  1.24e-22
12197.3980289  1.24e-22
12635.9353735  1.24e-22
13090.2396056  1.24e-22
13560.8775976  1.24e-22
14048.4366031  1.24e-22
14553.524989  1.24e-22
15076.7729955  1.24e-22
15618.8335217  1.24e-22
16180.3829408  1.24e-22
16762.1219439  1.24e-22
17364.776414  1.24e-22
17989.0983325  1.24e-22
18635.8667167  1.24e-22
19305.8885922  1.24e-22
20000  1.24e-22

