0.8886149 20000 251
251
0.8886149  0
0.924959796943  4.41315765141e-25
0.962791222566  9.00681617e-25
1.00216997681  1.37883580449e-24
1.04315934636  1.87654660097e-24
1.08582520638  2.3946140757e-24
1.13023612637  2.93387082936e-24
1.17646348035  3.49518351651e-24
1.22458156159  4.07945423843e-24
1.27466770201  4.68762199288e-24
1.32680239642  5.32066418322e-24
1.38106943197  5.9795981892e-24
1.4375560227  6.66548300204e-24
1.4963529498  7.37942092635e-24
1.55755470745  8.3260632431e-24
1.62125965469  9.32484660634e-24
1.68757017353  1.03644808245e-23
1.75659283345  1.14466367229e-23
1.82843856269  1.25730534642e-23
1.90322282652  1.37455413443e-23
1.98106581282  1.49659847012e-23
2.06209262523  1.65165472286e-23
2.14643348419  1.82194667646e-23
2.23422393625  1.99920367589e-23
2.32560507189  2.18371059582e-23
2.42072375229  2.37576396246e-23
2.51973284532  2.57567243013e-23
2.62279147127  2.7837572773e-23
2.73006525851  3.00035292294e-23
2.84172660975  3.22580746394e-23
2.95795497906  3.46048323459e-23
3.0789371603  3.67513282516e-23
3.20486758728  3.88213713511e-23
3.33594864633  4.09760804889e-23
3.47239100146  4.32189185581e-23
3.61441393298  4.55534900862e-23
3.76224568992  4.79835470284e-23
3.9161238568  5.05129947968e-23
4.07629573552  5.26556778369e-23
4.24301874277  5.43250286261e-23
4.41656082374  5.60626568911e-23
4.59720088276  5.78713552229e-23
4.7852292315  5.97540304308e-23
4.98094805556  6.17137082149e-23
5.18467190012  6.21473410737e-23
5.39672817544  6.24262266823e-23
5.61745768309  6.27165188842e-23
5.84721516361  6.30334962736e-23
6.08636986665  6.34610743108e-23
6.3353061444  6.39656756139e-23
6.5944240693  6.44909154212e-23
6.86414007698  6.50376378602e-23
7.14488763557  6.56728496143e-23
7.43711794229  6.63985857742e-23
7.74130064862  6.71540049901e-23
8.05792461506  6.7959777018e-23
8.38749869683  6.88868408927e-23
8.73055256161  6.98541477982e-23
9.08763754084  7.08470866094e-23
9.45932751574  7.18259879118e-23
9.84621983963  7.28449268807e-23
10.248936298  7.37467098115e-23
10.6681241076  7.44047033536e-23
11.1044569569  7.48414921917e-23
11.5586360886  7.51054874655e-23
12.0313914267  7.536086013e-23
12.5234827493  7.55749960316e-23
13.0357009103  7.57939391496e-23
13.5688691097  7.59986757381e-23
14.1238442169  7.61955960248e-23
14.701518148  7.63419035013e-23
15.3028192988  7.64678986636e-23
15.9287140372  7.65588658263e-23
16.580208256  7.66292280115e-23
17.2583489898  7.6667160646e-23
17.9642260975  7.66679940796e-23
18.6989740138  7.65192321216e-23
19.4637735726  7.63577561667e-23
20.2598539046  7.61896757458e-23
21.0884944127  7.60147207322e-23
21.9510268282  7.58326099506e-23
22.8488373509  7.56430507259e-23
23.7833688772  7.54457384121e-23
24.7561233188  7.50975506725e-23
25.7686640164  7.46156679918e-23
26.8226182524  7.40886908738e-23
27.919679866  7.33868800893e-23
29.0616119757  7.26255920162e-23
30.2502498122  7.16746752441e-23
31.4875036687  7.00662452307e-23
32.7753619702  6.83920294387e-23
34.1158944698  6.66493371893e-23
35.5112555746  6.51114457633e-23
36.9636878084  6.40075972656e-23
38.4755254155  6.28586006842e-23
40.0491981122  6.16586735857e-23
41.6872349919  6.02827226068e-23
43.3922685893  5.8850494385e-23
45.1670391114  5.7383072622e-23
47.0143988414  5.6089920811e-23
48.9373167226  5.47438782942e-23
50.93888313  5.3342781809e-23
53.0223148367  5.18843796143e-23
55.190960184  5.03663278712e-23
57.4483044623  4.87861868764e-23
59.7979755124  4.71414171413e-23
62.2437495563  4.66634375666e-23
64.7895572655  4.62815664102e-23
67.4394900787  4.58840764882e-23
70.1978067767  4.54545044413e-23
73.0689403273  4.47941437247e-23
76.0575050092  4.41067738479e-23
79.168303828  4.33912901196e-23
82.4063362353  4.29112396518e-23
85.7768061632  4.25067832604e-23
89.2851303879  4.20857843535e-23
92.9369472351  4.16475663318e-23
96.7381256415  4.1191424923e-23
100.694774587  4.07722090165e-23
104.813252912  4.06074698835e-23
109.100179538  4.04359928185e-23
113.562444105  4.02575022358e-23
118.207218042  4.00717112783e-23
123.041966095  4.00456294914e-23
128.074458323  4.01211168748e-23
133.312782583  4.01996917387e-23
138.765357533  4.0281480363e-23
144.440946159  4.03e-23
150.348669856  4.03174334928e-23
156.498023093  4.06249011546e-23
162.898888666  4.07710111133e-23
169.561553584  4.07043844642e-23
176.496725604  4.0635032744e-23
183.715550432  4.05628444957e-23
191.229629644  4.04877037036e-23
199.051039325  4.04094896067e-23
207.192349482  4.03424612041e-23
215.66664424  4.02746668461e-23
224.487542876  4.0204099657e-23
233.669221701  4.01306462264e-23
243.226436847  4.00541885052e-23
253.174547982  4.00126981919e-23
263.529542991  4.0054118172e-23
274.308063677  4.00972322547e-23
285.5274325  4.014210973e-23
297.205680422  4.01888227217e-23
309.361575879  4.02374463035e-23
322.01465495  4.02880586198e-23
335.185252751  4.0340741011e-23
348.894536118  4.03955781445e-23
363.164537622  4.0505316301e-23
378.018190979  4.06241455278e-23
393.479367912  4.07478349433e-23
409.572916508  4.09531666641e-23
426.324701157  4.12211952185e-23
443.761644121  4.15001863059e-23
461.911768795  4.17905883007e-23
480.804244753  4.2092867916e-23
500.469434618  4.24065720846e-23
520.938942865  4.26931452001e-23
542.245666613  4.29914393326e-23
564.42384849  4.33019338789e-23
587.509131671  4.36251278434e-23
611.538617159  4.39153861716e-23
636.550923409  4.41655092341e-23
662.586248396  4.4425862484e-23
689.686434218  4.46968643422e-23
717.895034338  4.48357900687e-23
747.257383584  4.48945147672e-23
777.820671006  4.4955641342e-23
809.634015716  4.50385360629e-23
842.748545826  4.51709941833e-23
877.217480622  4.53088699225e-23
913.09621609  4.54261924322e-23
950.442413946  4.55008848279e-23
989.316094305  4.55786321886e-23
1029.77973214  4.56952951429e-23
1071.8983577  4.58300747446e-23
1115.739661  4.59703669152e-23
1161.37410061  4.6116397122e-23
1208.87501693  4.62684000542e-23
1258.31874998  4.64266199999e-23
1309.78476219  4.6591311239e-23
1363.35576601  4.67627384512e-23
1419.11785689  4.6941177142e-23
1477.16065164  4.71269140853e-23
1537.57743247  4.7260123892e-23
1600.46529686  4.7360744475e-23
1665.92531365  4.74654805018e-23
1734.06268546  4.75745002967e-23
1804.98691777  4.76879790684e-23
1878.81199487  4.78060991918e-23
1955.65656312  4.7929050501e-23
2035.64412156  4.79500982298e-23
2118.90322042  4.78335354914e-23
2205.56766773  4.77122052652e-23
2295.77674433  4.75859125579e-23
2389.67542775  4.74544544011e-23
2487.41462518  4.73176195247e-23
2589.15141601  4.71751880176e-23
2695.04930427  4.7026930974e-23
2805.27848141  4.6872610126e-23
2920.01609981  4.67119774603e-23
3039.4465575  4.65802767212e-23
3163.7617945  4.65181191027e-23
3293.1616013  4.64534191994e-23
3427.85393992  4.638607303e-23
3568.05527818  4.63159723609e-23
3713.99093757  4.62430045312e-23
3865.89545535  4.61670522723e-23
4024.0129615  4.60879935193e-23
4188.59757108  4.60057012145e-23
4359.9137926  4.59200431037e-23
4538.23695314  4.58308815234e-23
4723.85364083  4.57380731796e-23
4917.06216541  4.56414689173e-23
5118.1730377  4.55763653925e-23
5327.50946857  4.55344981063e-23
5545.40788846  4.54909184223e-23
5772.21848798  4.54455563024e-23
6008.30578078  4.53983388438e-23
6254.04918932  4.53491901621e-23
6509.84365469  4.52980312691e-23
6776.1002713  4.52447799457e-23
7053.24694759  4.5192900407e-23
7341.7290937  4.51544361208e-23
7642.01033735  4.51143986217e-23
7954.57326888  4.50727235641e-23
8279.92021691  4.50293439711e-23
8618.57405557  4.49841901259e-23
8971.07904491  4.49371894607e-23
9338.00170551  4.48882664393e-23
9719.93172901  4.48373424361e-23
10117.4829258  4.4795300683e-23
10531.2942115  4.47787482315e-23
10962.0306338  4.47615187746e-23
11410.3844411  4.47435846224e-23
11877.0761954  4.47249169522e-23
12362.85593  4.47054857628e-23
12868.5043551  4.46852598258e-23
13394.8341124  4.46642066355e-23
13942.691081  4.46422923568e-23
14512.9557372  4.46194817705e-23
15106.5445692  4.45957382172e-23
15724.4115502  4.4571023538e-23
16367.5496715  4.45452980131e-23
17036.9925381  4.45185202985e-23
17733.8160305  4.44906473588e-23
18459.1400331  4.44616343987e-23
19214.1302343  4.44314347906e-23
20000  4.44e-23

