2 20 101
101
2  0
2.04658598456  4.65859845615e-44
2.0942570961  9.42570961018e-44
2.14303861048  1.43038610475e-43
2.19295639229  1.92956392286e-43
2.2440369086  2.44036908604e-43
2.29630724299  2.96307242994e-43
2.34979510988  3.49795109879e-43
2.40452886923  4.04528869235e-43
2.46053754162  4.60537541625e-43
2.51785082359  5.17850823588e-43
2.57649910339  5.76499103386e-43
2.63651347711  6.36513477113e-43
2.69792576518  6.97925765183e-43
2.76076852921  7.60768529206e-43
2.82507508925  8.25075089246e-43
2.89087954149  8.90879541492e-43
2.95821677634  9.58216776336e-43
3.02712249687  4.58017604685e-29
3.09763323782  1.64873248715e-28
3.16978638492  2.86718268218e-28
3.24362019472  4.1140142282e-28
3.31917381488  5.3898882118e-28
3.39648730492  6.69548111824e-28
3.4756016575  8.03148519018e-28
3.55655882008  9.39860879465e-28
3.63940171722  1.07975767987e-27
3.72417427333  1.22291309537e-27
3.81092143593  1.36940302885e-27
3.89968919952  1.51930515122e-27
3.99052462994  1.8609072006e-27
4.08347588934  9.36057807773e-27
4.17859226171  1.81022784392e-26
4.275924179  2.70475991597e-26
4.3755232479  3.62012831668e-26
4.47744227714  4.56822387526e-26
4.58173530554  6.14843406552e-26
4.68845763064  7.87087735451e-26
4.79766583804  9.63344150174e-26
4.90941783137  1.1437061042e-25
5.02377286302  1.3376260219e-25
5.14079156554  1.57594690485e-25
5.26053598379  1.81999852686e-25
5.38306960785  2.07989274759e-25
5.50845740668  2.45337510583e-25
5.63676586253  2.84145768793e-25
5.76806300625  3.23857987463e-25
5.90241845333  3.64495222535e-25
6.0399034408  4.54698512162e-25
6.18059086503  6.68668496239e-25
6.32455532034  8.87622481503e-25
6.47187313859  1.11167656026e-24
6.62262242965  1.34094952894e-24
6.77688312278  1.5755629511e-24
6.93473700905  1.81564122191e-24
7.09626778467  2.27184085874e-24
7.2615610954  2.88471568255e-24
7.43070458194  3.5118661949e-24
7.60378792641  4.20084062847e-24
7.78090289989  5.20601166557e-24
7.96214341107  6.24223779518e-24
8.14760555608  7.55180589307e-24
8.33738766941  8.95841371632e-24
8.53159037603  1.06258371308e-23
8.7303166448  1.26381592756e-23
8.93367184302  1.46973544247e-23
9.1417637923  1.72660830685e-23
9.35470282574  2.01156332141e-23
9.57260184645  2.30315579092e-23
9.79557638737  2.60154032158e-23
10.0237446725  2.91405078957e-23
10.2572276798  3.28300312743e-23
10.496149205  3.66231967696e-23
10.7406359274  4.05049921168e-23
10.9908174772  4.4477620318e-23
11.2468265038  4.85505403645e-23
11.5087987467  5.27190820025e-23
11.7768731071  5.69847214488e-23
12.0511917215  6.12879779839e-23
12.3319000372  6.54479323762e-23
12.6191468896  6.9703350243e-23
12.9130845807  7.40400808337e-23
13.2138689602  7.83438407166e-23
13.5216595078  8.27344728793e-23
13.8366194184  8.72273760032e-23
14.1589156877  9.17354627526e-23
14.4887192015  9.62544304989e-23
14.826204826  1.00878658526e-22
15.1715515006  1.05392292308e-22
15.5249423326  1.09086842752e-22
15.8865646945  1.12446216691e-22
16.2566103233  1.1512872669e-22
16.6352754221  1.17094344299e-22
17.022760764  1.18828409039e-22
17.4192717991  1.20182945963e-22
17.8250187627  1.2155031323e-22
18.2402167871  1.22849979113e-22
18.6650860159  1.24080329195e-22
19.0998517204  1.25407385372e-22
19.5447444191  1.26998444565e-22
20  1.2892e-22

