0.1 20 151
151
0.1  0
0.103595335198  1.97422012922e-39
0.107319934748  4.01942008963e-39
0.111178446136  6.13815184409e-39
0.115175683943  8.33305910707e-39
0.119316635847  1.06068806434e-38
0.123606468853  1.29624536858e-38
0.128050535734  1.54027174749e-38
0.132654381717  1.7930716927e-38
0.137423751394  2.05496064331e-38
0.142364595899  2.32626537955e-38
0.147483080324  2.60732443046e-38
0.152785591422  2.89848849636e-38
0.158278745568  3.2001208864e-38
0.163969397019  3.51259797192e-38
0.169864646463  3.83630965609e-38
0.175971849887  4.17165986039e-38
0.182298627744  4.51906702861e-38
0.188852874473  4.87896464903e-38
0.195642768341  5.25180179527e-38
0.202676781654  1.10935298539e-32
0.209963691323  4.1292911158e-32
0.21751258982  7.25780614478e-32
0.225332896521  1.04988017758e-31
0.233434369463  1.38563220634e-31
0.241827117512  1.73345564598e-31
0.250521612986  2.09378450417e-31
0.259528704717  2.46706839262e-31
0.268859631586  2.8537730881e-31
0.278526036554  3.25438111362e-31
0.288539981181  3.66939234048e-31
0.298913960685  4.09932461205e-31
0.309660919525  4.54471438991e-31
0.320794267559  5.00611742323e-31
0.332327896774  5.4841094422e-31
0.344276198619  5.97928687648e-31
0.356654081967  6.49226759934e-31
0.369476991711  7.0236916987e-31
0.382760928042  7.57422227574e-31
0.396522466412  8.1445462724e-31
0.410778778215  8.73537532845e-31
0.425547652214  9.34744666952e-31
0.440847516738  9.98152402695e-31
0.456697462677  1.06383985908e-30
0.473117267301  1.1318889997e-30
0.490127418939  1.20238473503e-30
0.507749142548  6.478265314e-29
0.526004426187  2.14467461068e-28
0.544916048465  3.69533939582e-28
0.564507606954  5.30175577777e-28
0.584803547643  6.96592821334e-28
0.60582919543  8.68993322623e-28
0.627610785733  1.04759219982e-27
0.650175497219  1.23261230531e-27
0.673551485719  1.42428450377e-27
0.697767919361  1.62284796025e-27
0.722855014966  1.82855043857e-27
0.74884407575  2.0416486105e-27
0.775767530383  2.26240837601e-27
0.803658973457  2.49110519507e-27
0.832553207402  2.72802443137e-27
0.862486285909  2.97346170836e-27
0.893495558925  3.22772327815e-27
0.925619719247  3.49112640366e-27
0.958898850812  3.76399975446e-27
0.993374478709  4.20146640657e-27
1.02908962099  3.27379700152e-26
1.06608884235  6.91614498237e-26
1.10441830974  1.06894475822e-25
1.14412584997  1.45984130585e-25
1.18526100936  1.86479189465e-25
1.22787511562  2.2843018145e-25
1.27202134183  2.71889452216e-25
1.31775477286  3.16911229441e-25
1.36513247404  3.63551690469e-25
1.41421356237  4.11869032408e-25
1.46505928036  4.61923544749e-25
1.51773307233  5.13777684591e-25
1.57230066369  5.67496154574e-25
1.62883014287  6.23145983616e-25
1.68739204632  6.80796610549e-25
1.74805944649  7.40519970764e-25
1.81090804305  8.0239058597e-25
1.87601625732  8.66485657182e-25
1.94346533014  9.3288516105e-25
2.01333942322  1.09231808349e-24
2.08572572415  1.64126775673e-24
2.16071455525  2.21224320761e-24
2.23839948618  2.80374713986e-24
2.31887745078  3.41651762117e-24
2.40224886796  4.05131925529e-24
2.48861776706  4.70894413599e-24
2.57809191758  5.3902128355e-24
2.67078296373  6.09597542835e-24
2.76680656368  6.82711255212e-24
2.86628253393  7.58453650625e-24
2.96933499874  8.36919239039e-24
3.0760925451  9.87100728206e-24
3.18668838309  1.17144430409e-23
3.30126051218  1.36241564944e-23
3.41995189335  1.56025305478e-23
3.54291062753  1.765203378e-23
3.67029014035  1.97752235232e-23
3.80224937364  2.19747490547e-23
3.93895298368  2.42533549017e-23
4.08057154674  2.68622041624e-23
4.22728177184  2.97597604501e-23
4.3792667213  3.27614935989e-23
4.53671603914  3.58711491162e-23
4.69982618773  3.90926071728e-23
4.8688006929  4.24298874449e-23
5.04385039793  4.57556381398e-23
5.22519372662  4.87936353858e-23
5.41305695583  5.19407953469e-23
5.60767449785  5.52011062579e-23
5.80928919286  5.85786362745e-23
6.01815261197  6.19283913971e-23
6.23452537109  6.42588849654e-23
6.45867745619  6.66343389287e-23
6.69088856009  6.90951984245e-23
6.93144843155  7.16445340679e-23
7.18065723674  7.35309179819e-23
7.43882593382  7.51884875198e-23
7.70627666093  7.69056522388e-23
7.98334313818  7.86677548833e-23
8.270371084  8.01047734663e-23
8.56771864659  8.15490797821e-23
8.87575685075  8.30453137512e-23
9.19487006089  8.44974006542e-23
9.5254564606  8.5937005249e-23
9.8679285495  8.74283684545e-23
10.2227136579  8.88726422773e-23
10.5902544803  9.03069740118e-23
10.9710096272  9.1785167689e-23
11.3654541979  9.31071117667e-23
11.774080373  9.44501025541e-23
12.1973980289  9.57092401213e-23
12.6359353735  9.68569800596e-23
13.0902396056  9.80027088673e-23
13.5608775976  9.90137898511e-23
14.0484366031  1.00043448197e-22
14.553524989  1.00990167734e-22
15.0767729955  1.0195074076e-22
15.6188335217  1.02856214314e-22
16.1803829408  1.03748865308e-22
16.7621219439  1.04577261648e-22
17.364776414  1.05316159726e-22
17.9890983325  1.0598784882e-22
18.6358667167  1.06474639236e-22
19.3058885922  1.06855543554e-22
20  1.0712e-22

