1 20 101
101
1  0
1.03041055791  4.2794953515e-35
1.06174591785  8.68913254422e-35
1.09403420358  1.32328692642e-34
1.12730439408  1.79147835528e-34
1.16158634964  2.2739077467e-34
1.1969108386  2.77100808506e-34
1.23330956497  3.28322552206e-34
1.27081519692  3.81101977708e-34
1.30946139606  4.35486454986e-34
1.34928284767  4.9152479456e-34
1.39031529185  5.49267291305e-34
1.43259555555  6.08765769591e-34
1.47616158565  6.70073629797e-34
1.52105248304  7.33245896235e-34
1.56730853766  7.98339266541e-34
1.61497126471  8.65412162554e-34
1.66408344188  9.34524782755e-34
1.71468914776  1.0057391563e-33
1.76683380139  1.07911919867e-33
1.82056420303  1.15473076907e-33
1.87592857615  1.23264172951e-33
1.93297661076  1.31292200572e-33
1.99175950792  7.15411626959e-33
2.05233002578  3.72068806529e-31
2.11474252688  8.14146085967e-31
2.17905302696  1.26966718211e-30
2.24531924523  1.73904092893e-30
2.31360065617  2.22268859326e-30
2.3839585429  2.7210442529e-30
2.45645605223  3.23455518618e-30
2.53115825126  3.76368227344e-30
2.60813218585  4.30890041063e-30
2.68744694072  4.87069893555e-30
2.76917370155  5.44958206705e-30
2.85338581877  6.04606935754e-30
2.94015887345  6.66069615933e-30
3.02957074514  3.63809607784e-29
3.12170168173  1.27657147078e-28
3.21663437151  2.21709093126e-28
3.31445401734  3.18621211327e-28
3.41524841318  4.1848048111e-28
3.51910802283  5.21376527e-28
3.62612606115  6.27401699053e-28
3.73639857773  7.3665115574e-28
3.85002454306  8.49222949357e-28
3.96710593738  9.65218114023e-28
4.08774784223  3.25120607342e-27
4.21205853471  6.44355351048e-27
4.34014958471  9.73298201415e-27
4.472135955  1.31224438738e-26
4.60813610445  1.66149811597e-26
4.74827209431  2.02137284529e-26
4.89266969782  2.39219156591e-26
5.041458513  3.71809597241e-26
5.19477207907  7.60201613802e-26
5.35274799621  1.16040484828e-25
5.51552804914  1.57277848639e-25
5.68325833429  1.9976926369e-25
5.85608939099  2.4355286638e-25
6.03417633655  3.26166601329e-25
6.21767900547  5.68550052126e-25
6.40676209294  8.1918535706e-25
6.6015953026  1.07744262145e-24
6.80235349885  1.34355363333e-24
7.00921686386  1.6714811301e-24
7.22237105921  2.54752382022e-24
7.44200739256  3.47792309557e-24
7.66832298935  4.43661633196e-24
7.9015209697  5.42446396454e-24
8.14181063074  7.06207639594e-24
8.38940763443  9.19293830117e-24
8.64453420113  1.13886009058e-23
8.90741930907  1.36510348352e-23
9.17829889981  1.65695747377e-23
9.45741609003  1.9891097213e-23
9.74502138973  2.33136290399e-23
10.041372927  2.68993520898e-23
10.34673668  3.0924442765e-23
10.661386715  3.5077477112e-23
10.9856054331  3.93636511908e-23
11.3196838233  4.39171016428e-23
11.6639217237  4.86230747084e-23
12.0186280908  5.34749986612e-23
12.3841212763  5.85014377064e-23
12.7607293136  6.36820239721e-23
13.1487902114  6.89482265925e-23
13.5486522576  7.42553916019e-23
13.9606743317  7.97127773159e-23
14.3852262269  8.49581836728e-23
14.8226889821  9.03094512009e-23
15.2734552238  9.54305204798e-23
15.7379295184  1.0044479453e-22
16.2165287354  1.05276674274e-22
16.7096824217  1.09837852718e-22
17.2178331866  1.14250199337e-22
17.7414370999  1.18401854765e-22
18.2809641002  1.22410319779e-22
18.8368984177  1.26285181971e-22
19.4097390079  1.29986966189e-22
20  1.33682e-22

