0.2 20 151
151
0.2  0
0.206235454919  8.83884048653e-36
0.212665314327  1.795325193e-35
0.219295639229  2.73518258818e-35
0.22613267959  3.70434217544e-35
0.233182880236  4.70371751729e-35
0.240452886923  5.73425065859e-35
0.247949552606  6.79691301461e-35
0.255679943893  7.8927062867e-35
0.263651347711  9.02266340654e-35
0.271871278176  1.01878495098e-34
0.280347483669  1.13893629401e-34
0.289087954149  1.26283362846e-34
0.298100928677  1.39059374412e-34
0.307394903187  1.522337072e-34
0.316978638492  1.65818779778e-34
0.326861168545  1.79827397894e-34
0.33705180895  1.94272766544e-34
0.34756016575  2.09168502419e-34
0.358396144475  2.24528646742e-34
0.369569959484  2.40367678502e-34
0.381092143593  2.56700528104e-34
0.392973557999  2.73542591444e-34
0.405225402524  2.90909744417e-34
0.417859226171  3.08818357887e-34
0.430886938006  3.27285313117e-34
0.444320818391  3.4632801768e-34
0.458173530554  3.65964421873e-34
0.472458132527  3.86213035632e-34
0.487188089458  4.07092945982e-34
0.502377286302  2.41032215145e-31
0.518040040906  1.71295099403e-30
0.534191117512  3.24615895958e-30
0.550845740668  4.82716817087e-30
0.568019609583  6.45746894048e-30
0.585728912925  8.13859804485e-30
0.60399034408  9.87214017293e-30
0.622821116889  1.165972942e-29
0.642238981873  1.35030508278e-29
0.662262242965  1.54038419733e-29
0.682909774767  1.73638946064e-29
0.704201040337  1.93850563386e-29
0.72615610954  2.14692323851e-29
0.748795677965  2.36183873605e-29
0.772141086431  2.58345471307e-29
0.796214341107  2.81198007226e-29
0.821038134255  3.04763022933e-29
0.846635865618  3.29062731605e-29
0.87303166448  3.54120038967e-29
0.900250412412  3.79958564881e-29
0.928317766723  4.06602665613e-29
0.957260184645  4.34077456789e-29
0.987104948279  4.62408837075e-29
1.0178801903  2.21963160475e-27
1.0496149205  6.07491054595e-27
1.08233905309  1.00503865773e-26
1.11608343495  1.41498071166e-26
1.15087987467  1.83770364157e-26
1.18676117255  2.27360592034e-26
1.2237611515  2.72309844415e-26
1.26191468896  3.1866049198e-26
1.30125774973  3.66456226412e-26
1.34182741991  4.15742101581e-26
1.38366194184  4.66564576014e-26
1.42680075014  5.18971556687e-26
1.47128450892  5.73012444188e-26
1.51715515006  6.28738179277e-26
1.56445591277  6.86201290911e-26
1.61323138435  7.45455945756e-26
1.66352754221  8.06557999245e-26
1.71539179718  8.69565048234e-26
1.76887303828  9.34536485291e-26
1.82402167871  1.00153355468e-25
1.88088970345  1.0706194101e-25
1.93953071822  1.14185917421e-25
2  1.31073519101e-25
2.06235454919  2.80274710154e-25
2.12665314327  4.43966585373e-25
2.19295639229  6.12761927134e-25
2.2613267959  7.86819847615e-25
2.33182880236  9.66304419678e-25
2.40452886923  1.15138483153e-24
2.47949552606  1.3422355462e-24
2.55679943893  1.53903646601e-24
2.63651347711  1.74197310214e-24
2.71871278176  1.9512367495e-24
2.80347483669  2.16702466705e-24
2.89087954149  2.38954026377e-24
2.98100928677  2.62032004562e-24
3.07394903187  3.31584047193e-24
3.16978638492  4.15629188976e-24
3.26861168545  5.02294629222e-24
3.3705180895  5.91662061697e-24
3.4756016575  6.83815727153e-24
3.58396144475  7.78842492743e-24
3.69569959484  8.76831933897e-24
3.81092143593  9.77876418764e-24
3.92973557999  1.08207119528e-23
4.05225402524  1.2151912729e-23
4.17859226171  1.38806493539e-23
4.30886938006  1.56632832752e-23
4.44320818391  1.75014948637e-23
4.58173530554  1.93970168798e-23
4.72458132527  2.13516361062e-23
4.87188089458  2.3367195033e-23
5.02377286302  2.54866185888e-23
5.18040040906  2.78807870595e-23
5.34191117512  3.03522248017e-23
5.50845740668  3.2900715237e-23
5.68019609583  3.55286606584e-23
5.85728912925  3.82385382558e-23
6.0399034408  4.10044614814e-23
6.22821116889  4.37529735467e-23
6.42238981873  4.65869526874e-23
6.62262242965  4.9509287574e-23
6.82909774767  5.25227328979e-23
7.04201040337  5.55839103354e-23
7.2615610954  5.85521028288e-23
7.48795677965  6.16119310596e-23
7.72141086431  6.47671563955e-23
7.96214341107  6.80162261694e-23
8.21038134255  7.0988288706e-23
8.46635865618  7.39764424365e-23
8.7303166448  7.70577586563e-23
9.00250412412  8.01814877755e-23
9.28317766723  8.27115481211e-23
9.57260184645  8.52724571919e-23
9.87104948279  8.79132084281e-23
10.178801903  9.01654895878e-23
10.496149205  9.21378665389e-23
10.8233905309  9.41717368278e-23
11.1608343495  9.5998656716e-23
11.5087987467  9.75764003655e-23
11.8676117255  9.92033337619e-23
12.237611515  1.00675261706e-22
12.6191468896  1.02074882258e-22
13.0125774973  1.03503405289e-22
13.4182741991  1.04815496728e-22
13.8366194184  1.06159221572e-22
14.2680075014  1.07453181529e-22
14.7128450892  1.08729865406e-22
15.1715515006  1.09988711502e-22
15.6445591277  1.1118731283e-22
16.1323138435  1.12381075163e-22
16.6352754221  1.1349513506e-22
17.1539179718  1.14603755717e-22
17.6887303828  1.15648779168e-22
18.2402167871  1.16676658727e-22
18.8088970345  1.17670143119e-22
19.3953071822  1.18613563675e-22
20  1.19546e-22

