0.5 20000 301
301
0.5  0
0.51797667599  1.46086995323e-41
0.536599673739  2.97426307809e-41
0.555892230681  4.54206775865e-41
0.575878419714  6.16624027273e-41
0.596583179235  7.84880723288e-41
0.618032344264  9.59186811518e-41
0.640252678672  1.13975978789e-40
0.663271908584  1.32682496804e-40
0.687118756972  1.52061576845e-40
0.711822979493  1.72137399773e-40
0.737415401622  1.92935015828e-40
0.763927957112  2.14480375894e-40
0.791393727841  2.36800363873e-40
0.819846985093  2.59922830237e-40
0.849323232317  2.83876626772e-40
0.879859249433  3.08691642586e-40
0.911493138721  3.34398841397e-40
0.944264372364  3.61030300176e-40
0.978213841706  3.88619249166e-40
1.01338390827  3.79339851633e-34
1.04981845661  1.41200244033e-33
1.0875629491  2.48179271055e-33
1.12666448261  3.59004552691e-33
1.16717184731  4.73814374685e-33
1.20913558756  5.9275199462e-33
1.25260806493  7.15965820668e-33
1.29764352358  8.43609596773e-33
1.34429815793  9.75842594488e-33
1.39263018277  1.11282981171e-32
1.44269990591  1.25474217858e-32
1.49456980343  1.40175677072e-32
1.54830459763  1.55405703023e-32
1.6039713378  1.71183299459e-32
1.66163948387  1.87528153372e-32
1.7213809931  2.04460659571e-32
1.78327040983  2.22001946126e-32
1.84738495855  2.4017390073e-32
1.91380464021  2.58999198014e-32
1.98261233206  2.78501327838e-32
2.05389389107  3.25374752443e-30
2.12773826107  7.67313465695e-30
2.20423758369  1.22514135706e-29
2.28348731338  1.69942969575e-29
2.3655863365  2.19077029002e-29
2.4506370947  2.69977622561e-29
2.53874571274  3.22708263077e-29
2.63002213093  3.77334746871e-29
2.72458024232  4.33925235865e-29
2.82253803477  4.92550342628e-29
2.92401773821  5.5328321849e-29
3.02914597715  1.98046904508e-28
3.13805392866  7.14342774406e-28
3.25087748609  1.24920121144e-27
3.36775742859  1.80328960212e-27
3.48883959681  2.37729932774e-27
3.61427507483  2.97194662706e-27
3.74422037875  3.58797349004e-27
3.87883765192  4.22614858365e-27
4.01829486729  6.29071534608e-27
4.16276603701  1.80583658541e-26
4.31243142955  3.02491028427e-26
4.46747779462  4.28781376892e-26
4.62809859623  5.59612286707e-26
4.79449425406  6.95147006273e-26
4.96687239354  8.35554653317e-26
5.14544810495  1.72271243711e-25
5.33044421176  2.81677199682e-25
5.52209154871  3.95016666497e-25
5.72062924983  5.12431067055e-25
5.92630504679  6.34066908885e-25
6.13937557808  1.02098250086e-24
6.36010670917  1.56472348121e-24
6.58877386432  2.12801377242e-24
6.82566237018  2.71155623773e-24
7.07106781187  3.61336380115e-24
7.32529640178  5.30308848117e-24
7.58866536167  7.05356442737e-24
7.86150331847  8.86697585138e-24
8.14415071437  1.14954794166e-23
8.43696023158  1.49648709788e-23
8.74029723243  1.85589987971e-23
9.05454021523  2.2428440391e-23
9.38008128661  2.71576587659e-23
9.7173266507  3.20569083936e-23
10.0666971161  3.71089153635e-23
10.4286286208  4.22398768847e-23
10.8035727762  4.75553136714e-23
11.1919974309  5.28522205252e-23
11.5943872539  5.81173833641e-23
12.0112443398  6.35620639063e-23
12.4430888353  6.88369295275e-23
12.8904595879  7.4301444249e-23
13.3539148186  7.97065065563e-23
13.8340328184  8.52238411257e-23
14.3314126696  9.06834549371e-23
14.8466749937  9.62065040432e-23
15.3804627255  1.01528983957e-22
15.9334419155  1.06876189274e-22
16.5063025609  1.11749413703e-22
17.0997594668  1.1657899367e-22
17.7145531376  1.20925355298e-22
18.3514507018  1.25743763075e-22
19.0112468682  1.31001105069e-22
19.6947649184  1.3644746613e-22
20.4028577337  1.42089642127e-22
21.1364088592  1.47934673264e-22
21.8963336065  1.53989852862e-22
22.6835801957  1.60262736464e-22
23.4991309386  1.66761151258e-22
24.3440034645  1.71877592627e-22
25.2192519896  1.74498917711e-22
26.1259686331  1.76463894765e-22
27.0652847792  1.78332233939e-22
28.0383724893  1.77947610959e-22
29.0464459643  1.77549159493e-22
30.0907630598  1.7716328864e-22
31.1726268555  1.77056384177e-22
32.2933872809  1.7694563614e-22
33.4544428005  1.76765538912e-22
34.6572421578  1.76473672539e-22
35.9032861837  1.75616982461e-22
37.1941296691  1.74511584735e-22
38.5313833047  1.73366444257e-22
39.9167156909  1.72180132139e-22
41.35185542  1.71078697657e-22
42.8385932329  1.69945802154e-22
44.3787842538  1.68772175261e-22
45.9743503045  1.67645519581e-22
47.627282303  1.66537250962e-22
49.3396427475  1.65389136371e-22
51.1135682897  1.64262730368e-22
52.9512724014  1.63134521244e-22
54.8550481358  1.61965749221e-22
56.8272709893  1.60720444885e-22
58.8704018652  1.59427531601e-22
60.9869901447  1.58165292403e-22
63.1796768676  1.56949153546e-22
65.4511980279  1.55792518156e-22
67.8043879881  1.55025735352e-22
70.2421830153  1.54250953683e-22
72.767624945  1.53632110681e-22
75.3838649774  1.52991018199e-22
78.0941676085  1.52326876292e-22
80.9019147041  1.51637670655e-22
83.8106097193  1.50921090396e-22
86.8238820702  1.50178746675e-22
89.9454916625  1.4940971321e-22
93.1793335833  1.49006747211e-22
96.5294429608  1.48596286032e-22
100  1.48171067397e-22
103.595335198  1.47914499024e-22
107.319934748  1.47648706159e-22
111.178446136  1.47373357149e-22
115.175683943  1.47088108418e-22
119.316635847  1.4679260404e-22
123.606468853  1.46670983187e-22
128.050535734  1.46581207715e-22
132.654381717  1.46488204514e-22
137.423751394  1.46391857536e-22
142.364595899  1.46339814229e-22
147.483080324  1.46339814229e-22
152.785591422  1.46283541947e-22
158.278745568  1.46172573657e-22
163.969397019  1.46137802256e-22
169.864646463  1.46137802256e-22
175.971849887  1.46137802256e-22
182.298627744  1.46161019772e-22
188.852874473  1.46227221588e-22
195.642768341  1.46295803581e-22
202.676781654  1.46312425258e-22
209.963691323  1.46237865214e-22
217.51258982  1.46160624487e-22
225.332896521  1.46080606696e-22
233.434369463  1.45997711998e-22
241.827117512  1.45911836957e-22
250.521612986  1.45821752132e-22
259.528704717  1.45710211671e-22
268.859631586  1.45594660958e-22
278.526036554  1.45474955808e-22
288.539981181  1.45350946858e-22
298.913960685  1.45222479369e-22
309.660919525  1.45469184226e-22
320.794267559  1.45768988462e-22
332.327896774  1.46079571665e-22
344.276198619  1.46401321376e-22
356.654081967  1.46784779831e-22
369.476991711  1.47226706385e-22
382.760928042  1.4768452168e-22
396.522466412  1.48158796969e-22
410.778778215  1.48641466346e-22
425.547652214  1.49138595666e-22
440.847516738  1.49653598451e-22
456.697462677  1.50187117312e-22
473.117267301  1.50739817965e-22
490.127418939  1.51312390059e-22
507.749142548  1.52026519805e-22
526.004426187  1.52925986803e-22
544.916048465  1.53857792655e-22
564.507606954  1.5482310005e-22
584.803547643  1.55823113482e-22
605.82919543  1.56679380573e-22
627.610785733  1.57081119914e-22
650.175497219  1.57497303131e-22
673.551485719  1.5792844953e-22
697.767919361  1.58375097088e-22
722.855014966  1.58696289136e-22
748.84407575  1.59014711592e-22
775.767530383  1.59344582402e-22
803.658973457  1.59664138479e-22
832.553207402  1.59843046181e-22
862.486285909  1.60028386214e-22
893.495558925  1.60220389842e-22
925.619719247  1.60522806446e-22
958.898850812  1.60863320275e-22
993.374478709  1.61216076718e-22
1029.08962099  1.61415445709e-22
1066.08884235  1.61582798214e-22
1104.41830974  1.61756167603e-22
1144.12584997  1.61935770202e-22
1185.26100936  1.62121830117e-22
1227.87511562  1.62314579509e-22
1272.02134183  1.62514258888e-22
1317.75477286  1.6272111741e-22
1365.13247404  1.62935413189e-22
1414.21356237  1.6315741362e-22
1465.05928036  1.6338739571e-22
1517.73307233  1.63545437332e-22
1572.30066369  1.63545437332e-22
1628.83014287  1.63545437332e-22
1687.39204632  1.63545437332e-22
1748.05944649  1.63545437332e-22
1810.90804305  1.63545437332e-22
1876.01625732  1.63545437332e-22
1943.46533014  1.63545437332e-22
2013.33942322  1.63504490428e-22
2085.72572415  1.63282292293e-22
2160.71455525  1.6305210539e-22
2238.39948618  1.62813642497e-22
2318.87745078  1.62566606063e-22
2402.24886796  1.62310687842e-22
2488.61776706  1.62045568503e-22
2578.09191758  1.61770917234e-22
2670.78296373  1.61486391332e-22
2766.80656368  1.6119163577e-22
2866.28253393  1.60886282758e-22
2969.33499874  1.60569951281e-22
3076.0925451  1.60375405941e-22
3186.68838309  1.60229458085e-22
3301.26051218  1.60078262914e-22
3419.95189335  1.5992163177e-22
3542.91062753  1.59759369211e-22
3670.29014035  1.59591272769e-22
3802.24937364  1.59417132697e-22
3938.95298368  1.59236731705e-22
4080.57154674  1.59049844693e-22
4227.28177184  1.58856238467e-22
4379.2667213  1.58655671448e-22
4536.71603914  1.58447893372e-22
4699.82618773  1.58232644978e-22
4868.8006929  1.58009657683e-22
5043.85039793  1.5782973261e-22
5225.19372662  1.5780166151e-22
5413.05695583  1.57772581159e-22
5607.67449785  1.57742455272e-22
5809.28919286  1.57711246258e-22
6018.15261197  1.57678915176e-22
6234.52537109  1.57645421683e-22
6458.67745619  1.57610723986e-22
6690.88856009  1.57574778791e-22
6931.44843155  1.57537541246e-22
7180.65723674  1.5743371346e-22
7438.82593382  1.5730050243e-22
7706.27666093  1.57162502016e-22
7983.34313818  1.57019540025e-22
8270.371084  1.56871438071e-22
8567.71864659  1.56718011355e-22
8875.75685075  1.56559068435e-22
9194.87006089  1.56394410984e-22
9525.4564606  1.56223833546e-22
9867.9285495  1.56047123277e-22
10222.7136579  1.55958291443e-22
10590.2544803  1.5592415528e-22
10971.0096272  1.55888791809e-22
11365.4541979  1.55852156902e-22
11774.080373  1.55814204847e-22
12197.3980289  1.55774888289e-22
12635.9353735  1.55734158169e-22
13090.2396056  1.55691963664e-22
13560.8775976  1.55648252125e-22
14048.4366031  1.55602969011e-22
14553.524989  1.55556057816e-22
15076.7729955  1.55507460007e-22
15618.8335217  1.55457114943e-22
16180.3829408  1.55404959806e-22
16762.1219439  1.55350929517e-22
17364.776414  1.55294956657e-22
17989.0983325  1.55236971386e-22
18635.8667167  1.5517690135e-22
19305.8885922  1.55114671595e-22
20000  1.55050204471e-22

