0.2 20 151
151
0.2  0
0.206235454919  1.5073069099e-41
0.212665314327  3.06160754123e-41
0.219295639229  4.66436703014e-41
0.22613267959  6.31709619174e-41
0.233182880236  8.02135294424e-41
0.240452886923  9.77874377749e-41
0.247949552606  1.15909252673e-40
0.255679943893  1.34596056371e-40
0.263651347711  1.53865463678e-40
0.271871278176  1.73735638589e-40
0.280347483669  1.94225311399e-40
0.289087954149  2.15353796364e-40
0.298100928677  2.37141009907e-40
0.307394903187  2.59607489389e-40
0.316978638492  2.82774412471e-40
0.326861168545  3.06663617076e-40
0.33705180895  3.31297621972e-40
0.34756016575  3.56699648003e-40
0.358396144475  3.82893639975e-40
0.369569959484  4.09904289228e-40
0.381092143593  4.37757056909e-40
0.392973557999  4.66478197976e-40
0.405225402524  4.96094785945e-40
0.417859226171  5.2663473841e-40
0.430886938006  5.58126843358e-40
0.444320818391  5.90600786311e-40
0.458173530554  6.24087178299e-40
0.472458132527  6.58617584726e-40
0.487188089458  6.94224555116e-40
0.502377286302  4.5349384606e-35
0.518040040906  3.22770585319e-34
0.534191117512  6.11743363369e-34
0.550845740668  9.0972552507e-34
0.568019609583  1.21699795845e-33
0.585728912925  1.53385030886e-33
0.60399034408  1.86058125201e-33
0.622821116889  2.19749877548e-33
0.642238981873  2.54492046911e-33
0.662262242965  2.90317382427e-33
0.682909774767  3.27259654266e-33
0.704201040337  3.65353685459e-33
0.72615610954  4.04635384722e-33
0.748795677965  4.45141780309e-33
0.772141086431  4.86911054915e-33
0.796214341107  5.29982581665e-33
0.821038134255  5.74396961231e-33
0.846635865618  6.20196060105e-33
0.87303166448  6.6742305006e-33
0.900250412412  7.1612244885e-33
0.928317766723  7.66340162168e-33
0.957260184645  8.18123526924e-33
0.987104948279  8.71521355862e-33
1.0178801903  1.06628225288e-29
1.0496149205  2.95718997625e-29
1.08233905309  4.90705104894e-29
1.11608343495  6.91770347571e-29
1.15087987467  8.9910425653e-29
1.18676117255  1.1129022717e-28
1.2237611515  1.3333659263e-28
1.26191468896  1.56070303679e-28
1.30125774973  1.79512789881e-28
1.34182741991  2.03686148912e-28
1.38366194184  2.28613167395e-28
1.42680075014  2.54317342378e-28
1.47128450892  2.80822903483e-28
1.51715515006  3.08154835745e-28
1.56445591277  3.36338903164e-28
1.61323138435  3.65401672992e-28
1.66352754221  3.95370540775e-28
1.71539179718  4.26273756178e-28
1.76887303828  4.58140449614e-28
1.82402167871  4.91000659702e-28
1.88088970345  5.24885361583e-28
1.93953071822  5.59826496118e-28
2  8.45666236341e-28
2.06235454919  4.59077285568e-27
2.12665314327  8.71023929997e-27
2.19295639229  1.29581394808e-26
2.2613267959  1.7338477612e-26
2.33182880236  2.18553827479e-26
2.40452886923  2.65131126755e-26
2.47949552606  3.13160579281e-26
2.55679943893  3.62687459237e-26
2.63651347711  4.13758452328e-26
2.71871278176  4.66421699796e-26
2.80347483669  5.2072684379e-26
2.89087954149  5.76725074171e-26
2.98100928677  6.36213773298e-26
3.07394903187  1.29919969409e-25
3.16978638492  2.1449168857e-25
3.26861168545  3.01700123442e-25
3.3705180895  3.91627479634e-25
3.4756016575  4.84358525705e-25
3.58396144475  5.79980673061e-25
3.69569959484  6.78584058363e-25
3.81092143593  7.80261628485e-25
3.92973557999  8.8510922813e-25
4.05225402524  1.18095744174e-24
4.17859226171  1.74633695591e-24
4.30886938006  2.32934346244e-24
4.44320818391  2.93052652291e-24
4.58173530554  3.55045283275e-24
4.72458132527  4.18970675537e-24
4.87188089458  4.84889087307e-24
5.02377286302  5.70754465621e-24
5.18040040906  7.50300718219e-24
5.34191117512  9.3658981996e-24
5.50845740668  1.12868690818e-23
5.68019609583  1.32677306007e-23
5.85728912925  1.5310349983e-23
6.0399034408  1.76090701261e-23
6.22821116889  2.06806693496e-23
6.42238981873  2.38495484078e-23
6.62262242965  2.71172244785e-23
6.82909774767  3.04867777833e-23
7.04201040337  3.39329072604e-23
7.2615610954  3.73703820119e-23
7.48795677965  4.09144706113e-23
7.72141086431  4.45690542342e-23
7.96214341107  4.83315455347e-23
8.21038134255  5.17072337216e-23
8.46635865618  5.50861342615e-23
8.7303166448  5.85703797114e-23
9.00250412412  6.21151043075e-23
9.28317766723  6.51501765499e-23
9.57260184645  6.82367696517e-23
9.87104948279  7.14195943142e-23
10.178801903  7.44007468405e-23
10.496149205  7.7251068276e-23
10.8233905309  8.01902549656e-23
11.1608343495  8.30938076565e-23
11.5087987467  8.59437752553e-23
11.8676117255  8.88825970766e-23
12.237611515  9.17501131369e-23
12.6191468896  9.46134216624e-23
13.0125774973  9.75332548454e-23
13.4182741991  1.00186372679e-22
13.8366194184  1.02901596307e-22
14.2680075014  1.0538645987e-22
14.7128450892  1.07750771649e-22
15.1715515006  1.10013127489e-22
15.6445591277  1.12042803217e-22
16.1323138435  1.14037184889e-22
16.6352754221  1.15820686647e-22
17.1539179718  1.17583295896e-22
17.6887303828  1.19213938937e-22
18.2402167871  1.20814708143e-22
18.8088970345  1.22357537655e-22
19.3953071822  1.23847269747e-22
20  1.25333e-22

