0.5 20000 301
301
0.5  0
0.51797667599  6.39346985901e-43
0.536599673739  1.30168063902e-42
0.555892230681  1.9878274071e-42
0.575878419714  2.69864345145e-42
0.596583179235  3.43501571523e-42
0.618032344264  4.19786303019e-42
0.640252678672  4.98813726318e-42
0.663271908584  5.80682450383e-42
0.687118756972  6.654946295e-42
0.711822979493  7.53356090745e-42
0.737415401622  8.44376466032e-42
0.763927957112  9.38669328909e-42
0.791393727841  1.03635233627e-41
0.819846985093  1.13754737519e-41
0.849323232317  1.24238071495e-41
0.879859249433  1.35098316468e-41
0.911493138721  1.46349023651e-41
0.944264372364  1.58004231469e-41
0.978213841706  1.70078483076e-41
1.01338390827  5.17976480097e-35
1.04981845661  1.92804536642e-34
1.0875629491  3.38881095573e-34
1.12666448261  4.90209596443e-34
1.16717184731  6.4697886417e-34
1.20913558756  8.09384512558e-34
1.25260806493  9.77629188387e-34
1.29764352358  1.15192282426e-33
1.34429815793  1.33248290058e-33
1.39263018277  1.51953471687e-33
1.44269990591  1.71331167296e-33
1.49456980343  1.91405556015e-33
1.54830459763  2.12201686297e-33
1.6039713378  2.33745507172e-33
1.66163948387  2.56063900621e-33
1.7213809931  2.79184715125e-33
1.78327040983  3.03136800412e-33
1.84738495855  3.27950043451e-33
1.91380464021  3.53655405751e-33
1.98261233206  3.8028496199e-33
2.05389389107  7.76662671151e-31
2.12773826107  1.83552808776e-30
2.20423758369  2.93246326539e-30
2.28348731338  4.06883693956e-30
2.3655863365  5.24606705642e-30
2.4506370947  6.46562254203e-30
2.53874571274  7.72902513528e-30
2.63002213093  9.03785128665e-30
2.72458024232  1.03937341253e-29
2.82253803477  1.17983654969e-29
2.92401773821  1.32534980747e-29
3.02914597715  6.24389568458e-29
3.13805392866  2.4215604218e-28
3.25087748609  4.2833455914e-28
3.36775742859  6.21206817852e-28
3.48883959681  8.21013480768e-28
3.61427507483  1.02800386296e-27
3.74422037875  1.24243624323e-27
3.87883765192  1.46457818633e-27
4.01829486729  2.34689508528e-27
4.16276603701  7.73550684779e-27
4.31243142955  1.33178572657e-26
4.46747779462  1.9100911893e-26
4.62809859623  2.50918867189e-26
4.79449425406  3.12982571714e-26
4.96687239354  3.77277674452e-26
5.14544810495  8.7413441896e-26
5.33044421176  1.49037283692e-25
5.52209154871  2.12876709163e-25
5.72062924983  2.79011375969e-25
5.92630504679  3.47523805727e-25
6.13937557808  5.98255998267e-25
6.36010670917  9.56466495778e-25
6.58877386432  1.32755586139e-24
6.82566237018  1.71198713358e-24
7.07106781187  2.34551988081e-24
7.32529640178  3.59975040103e-24
7.58866536167  4.8990747126e-24
7.86150331847  6.24511408849e-24
8.14415071437  8.32076734777e-24
8.43696023158  1.11490785079e-23
8.74029723243  1.40790769346e-23
9.05454021523  1.72886958999e-23
9.38008128661  2.14733990761e-23
9.7173266507  2.58085563585e-23
10.0666971161  3.03483428658e-23
10.4286286208  3.52654580981e-23
10.8035727762  4.03593601051e-23
11.1919974309  4.56113808271e-23
11.5943872539  5.10257073416e-23
12.0112443398  5.66317195706e-23
12.4430888353  6.23280199336e-23
12.8904595879  6.82291213885e-23
13.3539148186  7.41525531555e-23
13.8340328184  8.0228084018e-23
14.3314126696  8.62218194554e-23
14.8466749937  9.22752922522e-23
15.3804627255  9.80583666112e-23
15.9334419155  1.03845611955e-22
16.5063025609  1.0909412319e-22
17.0997594668  1.14296999486e-22
17.7145531376  1.1900695544e-22
18.3514507018  1.24180282486e-22
19.0112468682  1.29787006006e-22
19.6947649184  1.3559531003e-22
20.4028577337  1.41612442054e-22
21.1364088592  1.47845910142e-22
21.8963336065  1.54303492304e-22
22.6835801957  1.60993246189e-22
23.4991309386  1.67923519151e-22
24.3440034645  1.73263249046e-22
25.2192519896  1.75944214717e-22
26.1259686331  1.78486553576e-22
27.0652847792  1.80944269114e-22
28.0383724893  1.81048945643e-22
29.0464459643  1.81157385643e-22
30.0907630598  1.81262401784e-22
31.1726268555  1.81291496219e-22
32.2933872809  1.81321636695e-22
33.4544428005  1.8144409069e-22
34.6572421578  1.81717900656e-22
35.9032861837  1.81130593774e-22
37.1941296691  1.80179797019e-22
38.5313833047  1.79194815934e-22
39.9167156909  1.78174421478e-22
41.35185542  1.7705641693e-22
42.8385932329  1.75894328087e-22
44.3787842538  1.74690458255e-22
45.9743503045  1.7358279565e-22
47.627282303  1.72527441136e-22
49.3396427475  1.71434143089e-22
51.1135682897  1.70334783194e-22
52.9512724014  1.69216321594e-22
54.8550481358  1.6805764755e-22
56.8272709893  1.66925766545e-22
58.8704018652  1.65758815881e-22
60.9869901447  1.64497010064e-22
63.1796768676  1.63127118712e-22
65.4511980279  1.61869461718e-22
67.8043879881  1.61241516345e-22
70.2421830153  1.60601323429e-22
72.767624945  1.60035123932e-22
75.3838649774  1.59448567666e-22
78.0941676085  1.58840922735e-22
80.9019147041  1.58168027625e-22
83.8106097193  1.5737592685e-22
86.8238820702  1.56555347396e-22
89.9454916625  1.5570526536e-22
93.1793335833  1.55334021148e-22
96.5294429608  1.54958476927e-22
100  1.54569430633e-22
103.595335198  1.54348745923e-22
107.319934748  1.54120126858e-22
111.178446136  1.53883288172e-22
115.175683943  1.53637934341e-22
119.316635847  1.53383759217e-22
123.606468853  1.53303359428e-22
128.050535734  1.53255974138e-22
132.654381717  1.53206885189e-22
137.423751394  1.53156031327e-22
142.364595899  1.53128561829e-22
147.483080324  1.53128561829e-22
152.785591422  1.53098860193e-22
158.278745568  1.53040288909e-22
163.969397019  1.53021935869e-22
169.864646463  1.53021935869e-22
175.971849887  1.53021935869e-22
182.298627744  1.53034190538e-22
188.852874473  1.53069133181e-22
195.642768341  1.53105332128e-22
202.676781654  1.53101409493e-22
209.963691323  1.53027493635e-22
217.51258982  1.52950920253e-22
225.332896521  1.52871593802e-22
233.434369463  1.52789415299e-22
241.827117512  1.52704282203e-22
250.521612986  1.52613021927e-22
259.528704717  1.52468707953e-22
268.859631586  1.52319205408e-22
278.526036554  1.52164327746e-22
288.539981181  1.52003881712e-22
298.913960685  1.51837667106e-22
309.660919525  1.52049223621e-22
320.794267559  1.5231307651e-22
332.327896774  1.52586415795e-22
344.276198619  1.52869582544e-22
356.654081967  1.53252515574e-22
369.476991711  1.53729047828e-22
382.760928042  1.54222713014e-22
396.522466412  1.54734127117e-22
410.778778215  1.55182673473e-22
425.547652214  1.55620188996e-22
440.847516738  1.56073434669e-22
456.697462677  1.56542976044e-22
473.117267301  1.57029399004e-22
490.127418939  1.57533310501e-22
507.749142548  1.58247829383e-22
526.004426187  1.59242091364e-22
544.916048465  1.60272100395e-22
564.507606954  1.61339141704e-22
584.803547643  1.62444546724e-22
605.82919543  1.63384254674e-22
627.610785733  1.63802919485e-22
650.175497219  1.64236636701e-22
673.551485719  1.64685947504e-22
697.767919361  1.65151412536e-22
722.855014966  1.6545051809e-22
748.84407575  1.65741853103e-22
775.767530383  1.66043662586e-22
803.658973457  1.66344618885e-22
832.553207402  1.66576094362e-22
862.486285909  1.66815892159e-22
893.495558925  1.67064311491e-22
925.619719247  1.67376296873e-22
958.898850812  1.67713868724e-22
993.374478709  1.68063577415e-22
1029.08962099  1.68283015665e-22
1066.08884235  1.68476639329e-22
1104.41830974  1.68677224412e-22
1144.12584997  1.68885021201e-22
1185.26100936  1.69100288981e-22
1227.87511562  1.6932329636e-22
1272.02134183  1.69554321601e-22
1317.75477286  1.69793652974e-22
1365.13247404  1.70041589112e-22
1414.21356237  1.70298439386e-22
1465.05928036  1.70564524288e-22
1517.73307233  1.70747375437e-22
1572.30066369  1.70747375437e-22
1628.83014287  1.70747375437e-22
1687.39204632  1.70747375437e-22
1748.05944649  1.70747375437e-22
1810.90804305  1.70747375437e-22
1876.01625732  1.70747375437e-22
1943.46533014  1.70747375437e-22
2013.33942322  1.70706782306e-22
2085.72572415  1.70486503923e-22
2160.71455525  1.70258305794e-22
2238.39948618  1.70021903177e-22
2318.87745078  1.69777001094e-22
2402.24886796  1.6952329396e-22
2488.61776706  1.69260465204e-22
2578.09191758  1.68988186874e-22
2670.78296373  1.68706119224e-22
2766.80656368  1.68413910298e-22
2866.28253393  1.6811119548e-22
2969.33499874  1.67797597051e-22
3076.0925451  1.67633233974e-22
3186.68838309  1.67529972152e-22
3301.26051218  1.67422997723e-22
3419.95189335  1.67312177204e-22
3542.91062753  1.67197372315e-22
3670.29014035  1.67078439807e-22
3802.24937364  1.66955231275e-22
3938.95298368  1.66827592985e-22
4080.57154674  1.66695365669e-22
4227.28177184  1.66558384339e-22
4379.2667213  1.66416478071e-22
4536.71603914  1.66269469796e-22
4699.82618773  1.66117176081e-22
4868.8006929  1.65959406897e-22
5043.85039793  1.65828125617e-22
5225.19372662  1.65791806491e-22
5413.05695583  1.6575418157e-22
5607.67449785  1.65715203907e-22
5809.28919286  1.65674824866e-22
6018.15261197  1.65632994064e-22
6234.52537109  1.65589659304e-22
6458.67745619  1.65544766514e-22
6690.88856009  1.65498259678e-22
6931.44843155  1.65450080765e-22
7180.65723674  1.65315745652e-22
7438.82593382  1.65143393726e-22
7706.27666093  1.64964845171e-22
7983.34313818  1.64779877196e-22
8270.371084  1.64588259003e-22
8567.71864659  1.64389751494e-22
8875.75685075  1.64184106974e-22
9194.87006089  1.63971068844e-22
9525.4564606  1.6375037128e-22
9867.9285495  1.63521738898e-22
10222.7136579  1.63406805941e-22
10590.2544803  1.63362639679e-22
10971.0096272  1.63316885491e-22
11365.4541979  1.63269486288e-22
11774.080373  1.63220382924e-22
12197.3980289  1.63169514129e-22
12635.9353735  1.63116816431e-22
13090.2396056  1.63062224074e-22
13560.8775976  1.63005668939e-22
14048.4366031  1.62947080457e-22
14553.524989  1.62886385523e-22
15076.7729955  1.62823508402e-22
15618.8335217  1.62758370638e-22
16180.3829408  1.62690890953e-22
16762.1219439  1.62620985148e-22
17364.776414  1.62548565994e-22
17989.0983325  1.62473543129e-22
18635.8667167  1.62395822941e-22
19305.8885922  1.62315308451e-22
20000  1.62231899195e-22

