0.02 20 201
201
0.02  0
0.0207028433336  2.70119092775e-39
0.0214303861048  5.49730755732e-39
0.0221834963052  8.39168578354e-39
0.0229630724299  1.13877787318e-38
0.0237700445487  1.44891608779e-38
0.0246053754162  1.76995323122e-38
0.0254700616203  2.10227231547e-38
0.0263651347711  2.44626981236e-38
0.0272916627318  2.80235612662e-38
0.0282507508925  3.17095608549e-38
0.0292435434891  3.55250944556e-38
0.0302712249687  3.9474714174e-38
0.0313350214022  4.35631320868e-38
0.0324362019472  4.77952258635e-38
0.0335760803625  5.2176044585e-38
0.034756016575  5.67108147682e-38
0.0359774183026  6.14049466011e-38
0.0372417427333  6.62640403972e-38
0.0385504982638  7.12938932775e-38
0.0399052462994  7.6500506086e-38
0.0413076031162  8.18900905497e-38
0.04275924179  8.74690766889e-38
0.0442618941921  9.32441204889e-38
0.0458173530554  9.92221118408e-38
0.0474274741132  1.05410182761e-37
0.0490941783137  1.11815715901e-37
0.050819454111  4.11333508271e-34
0.0526053598379  1.30753617378e-33
0.0544540261616  2.23523334273e-33
0.0563676586253  3.19553180022e-33
0.05834854028  4.18957722617e-33
0.060399034408  5.21855556216e-33
0.0625215873425  6.28369442635e-33
0.0647187313859  7.38626457804e-33
0.0669930878316  8.52758143377e-33
0.0693473700905  9.70900663668e-33
0.071784386929  1.0931949681e-32
0.0743070458194  1.21978695936e-32
0.0769183564091  1.35082766748e-32
0.0796214341107  1.48647343e-32
0.0824195038195  1.62688607853e-32
0.0853159037603  1.77223313175e-32
0.0883140894707  1.92268799534e-32
0.091417637923  2.07843016882e-32
0.0946302517923  2.23964545972e-32
0.0979557638737  2.40652620525e-32
0.101398141655  1.50983237534e-30
0.10496149205  5.29389344761e-30
0.108650066298  9.2109346248e-30
0.112468265038  1.32656291159e-29
0.116420643554  1.74628143567e-29
0.120511917215  2.18074977808e-29
0.124746967096  2.6304862794e-29
0.129130845807  3.0960274958e-29
0.133668783514  3.57792883923e-29
0.138366194184  4.07676523999e-29
0.143228682043  4.5931318327e-29
0.14826204826  5.12764466627e-29
0.153472297872  5.68094143893e-29
0.158865646945  6.253682259e-29
0.164448529989  6.84655043243e-29
0.17022760764  7.46025327804e-29
0.176209774602  8.09552297133e-29
0.182402167871  8.75311741807e-29
0.188812175257  9.43382115847e-29
0.195447444191  1.01384463032e-28
0.202315890852  1.50775126588e-28
0.20942570961  2.87563086322e-28
0.216785382804  4.29158071337e-28
0.22440369086  5.75729010916e-28
0.232289722768  7.27450770884e-28
0.240452886923  8.8450436223e-28
0.248902922354  1.04707715706e-27
0.257649910339  1.21536311214e-27
0.266704286433  1.38956300031e-27
0.276076852921  1.56988464998e-27
0.285778791702  1.75654319313e-27
0.295821677634  1.9497613219e-27
0.306217492336  2.14976955437e-27
0.316978638492  2.35680650947e-27
0.32811795464  2.57111919176e-27
0.339648730492  2.79296328606e-27
0.351584722792  3.02260346249e-27
0.363940171722  3.26031369228e-27
0.376729817898  3.50637757458e-27
0.389968919952  3.76108867485e-27
0.403673272736  4.02475087507e-27
0.417859226171  4.29767873627e-27
0.432543704745  4.58019787385e-27
0.447744227714  4.87264534607e-27
0.463478929994  5.17537005609e-27
0.479766583804  5.48873316833e-27
0.496626621059  5.81248969694e-27
0.514079156554  6.00504031634e-27
0.53214501196  6.16804094201e-27
0.550845740668  6.33676976283e-27
0.570203653501  6.51142808e-27
0.590241845333  6.69222426887e-27
0.610984222643  6.87937402754e-27
0.632455532034  7.07310063422e-27
0.654681389758  7.2736352136e-27
0.677688312278  7.4812170126e-27
0.701503747905  7.69609368577e-27
0.72615610954  7.91852159082e-27
0.751674808577  8.14876609437e-27
0.778090289989  8.38710188864e-27
0.805434068651  8.63381331913e-27
0.833738766941  8.88919472382e-27
0.863038153656  9.15355078441e-27
0.893367184302  9.42719688974e-27
0.924762042799  9.71045951211e-27
0.957260184645  1.00036765968e-26
0.99090038161  1.03071979651e-26
1.02572276798  2.26661520949e-26
1.06176888846  3.98700894789e-26
1.09908174772  5.7678610498e-26
1.13770586169  7.61129615311e-26
1.17768731071  9.51951356008e-26
1.21907379448  1.14947898612e-25
1.26191468896  1.35394816514e-25
1.30626110529  1.56560283412e-25
1.35216595078  1.78469550677e-25
1.399683992  2.01148757063e-25
1.44887192015  2.246249599e-25
1.49978841866  2.4892616737e-25
1.55249423326  2.74081371924e-25
1.60705224437  3.00120584869e-25
1.66352754221  3.27074872175e-25
1.72198750437  3.54976391539e-25
1.78250187627  3.83858430747e-25
1.84514285431  4.13755447391e-25
1.90998517204  4.44703109976e-25
1.97710618931  4.76738340479e-25
2.04658598456  9.14820091578e-25
2.11850745035  1.57428066961e-24
2.19295639229  2.2569161212e-24
2.27002163134  2.96354086161e-24
2.34979510988  3.69499792642e-24
2.43237200129  4.45215997733e-24
2.51785082359  5.23593034323e-24
2.6063335569  6.04724409796e-24
2.69792576518  6.8870691759e-24
2.79273672211  7.75640752671e-24
2.89087954149  8.65629631074e-24
2.99247131219  9.61871879925e-24
3.09763323782  1.14376770183e-23
3.20649078138  1.34232450353e-23
3.31917381488  1.54785902146e-23
3.43581677432  1.76061646767e-23
3.55655882008  1.98085067152e-23
3.68154400294  2.20882438247e-23
3.81092143593  2.44480958357e-23
3.94484547223  2.68908781594e-23
4.08347588934  2.98519387187e-23
4.22697807967  3.32128174172e-23
4.3755232479  3.66918046751e-23
4.52928861519  4.02930510831e-23
4.68845763064  4.40208530926e-23
4.85322019016  4.78796581417e-23
5.02377286302  5.15559969876e-23
5.20031912633  5.3576899745e-23
5.38306960785  5.56383251766e-23
5.57224233726  5.77721935643e-23
5.76806300625  5.99810507105e-23
5.97076523784  6.22601325952e-23
6.18059086503  6.41320334073e-23
6.39779021938  6.59778804004e-23
6.62262242965  6.78885944562e-23
6.85535573093  6.98664551437e-23
7.09626778467  7.16121285309e-23
7.34564600996  7.29499180204e-23
7.60378792641  7.43347203312e-23
7.87100150912  7.57681875957e-23
8.14760555608  7.69984008546e-23
8.43393006857  7.80424001553e-23
8.7303166448  7.91230878534e-23
9.0371188875  8.01749449832e-23
9.35470282574  8.0847380656e-23
9.68344735168  8.15341246832e-23
10.0237446725  8.22026848591e-23
10.3760007786  8.25350791034e-23
10.7406359274  8.28644904968e-23
11.1180851454  8.31141876753e-23
11.5087987467  8.31651015647e-23
11.9132428706  8.32174947398e-23
12.3319000372  8.31512761223e-23
12.7652697238  8.30496465971e-23
13.2138689602  8.29184412633e-23
13.6782329456  8.27530812481e-23
14.1589156877  8.2579574063e-23
14.6564906628  8.23950732622e-23
15.1715515006  8.22155998093e-23
15.7047126922  8.20536787554e-23
16.2566103233  8.18567625459e-23
16.8279028329  8.16180194061e-23
17.4192717991  8.13507235343e-23
18.0314227521  8.10612295611e-23
18.6650860159  8.07209569005e-23
19.3210175798  8.03403307601e-23
20  7.99178e-23

