1 20 101
101
1  0
1.03041055791  2.63825882842e-35
1.06174591785  5.35674857973e-35
1.09403420358  8.15790912106e-35
1.12730439408  1.10442545172e-34
1.16158634964  1.40183752872e-34
1.1969108386  1.70829407292e-34
1.23330956497  2.02407013159e-34
1.27081519692  2.34944911639e-34
1.30946139606  2.68472305764e-34
1.34928284767  3.03019286651e-34
1.39031529185  3.386168605e-34
1.43259555555  3.7529697643e-34
1.47616158565  4.1309255515e-34
1.52105248304  4.52037518505e-34
1.56730853766  4.92166819924e-34
1.61497126471  5.33516475788e-34
1.66408344188  5.76123597755e-34
1.71468914776  6.20026426073e-34
1.76683380139  6.65264363894e-34
1.82056420303  7.11878012643e-34
1.87592857615  7.59909208456e-34
1.93297661076  8.09401059731e-34
1.99175950792  4.92335286908e-33
2.05233002578  2.62385409296e-31
2.11474252688  5.74290164276e-31
2.17905302696  8.9568011687e-31
2.24531924523  1.22684371723e-30
2.31360065617  1.56807818744e-30
2.3839585429  1.91968978826e-30
2.45645605223  2.28199409403e-30
2.53115825126  2.65531627588e-30
2.60813218585  3.03999139355e-30
2.68744694072  3.43636469617e-30
2.76917370155  3.84479193206e-30
2.85338581877  4.26563966807e-30
2.94015887345  4.69928561852e-30
3.02957074514  2.74237776553e-29
3.12170168173  9.72927161898e-29
3.21663437151  1.69286408126e-28
3.31445401734  2.434694684e-28
3.41524841318  3.19908476924e-28
3.51910802283  3.98672038344e-28
3.62612606115  4.79830843609e-28
3.73639857773  5.63457733423e-28
3.85002454306  6.49627763611e-28
3.96710593738  7.38418272493e-28
4.08774784223  2.58864512433e-27
4.21205853471  5.17448603812e-27
4.34014958471  7.83896381678e-27
4.472135955  1.05844698512e-26
4.60813610445  1.34134682559e-26
4.74827209431  1.63284980804e-26
4.89266969782  1.93321755883e-26
5.041458513  3.0439915087e-26
5.19477207907  6.32600874648e-26
5.35274799621  9.70783395953e-26
5.51552804914  1.31925023641e-25
5.68325833429  1.67831414789e-25
5.85608939099  2.04829739325e-25
6.03417633655  2.76000501072e-25
6.21767900547  4.87925443592e-25
6.40676209294  7.07071418387e-25
6.6015953026  9.32881744541e-25
6.80235349885  1.16555908869e-24
7.00921686386  1.45450037533e-24
7.22237105921  2.24493690364e-24
7.44200739256  3.08478670784e-24
7.66832298935  3.95017681314e-24
7.9015209697  4.84188391437e-24
8.14181063074  6.35739499024e-24
8.38940763443  8.34595794552e-24
8.64453420113  1.03949942097e-23
8.90741930907  1.25063428099e-23
9.17829889981  1.52918324903e-23
9.45741609003  1.84883662879e-23
9.74502138973  2.17821084616e-23
10.041372927  2.52458705191e-23
10.34673668  2.92053386099e-23
10.661386715  3.32917615444e-23
10.9856054331  3.7511861622e-23
11.3196838233  4.2048512709e-23
11.6639217237  4.67424374481e-23
12.0186280908  5.15859753336e-23
12.3841212763  5.66420298828e-23
12.7607293136  6.18549630129e-23
13.1487902114  6.71637836688e-23
13.5486522576  7.25302522182e-23
13.9606743317  7.80488886755e-23
14.3852262269  8.33622709014e-23
14.8226889821  8.87842717824e-23
15.2734552238  9.39773558674e-23
15.7379295184  9.90652537377e-23
16.2165287354  1.03971803171e-22
16.7096824217  1.08608434129e-22
17.2178331866  1.13096785149e-22
17.7414370999  1.17324363144e-22
18.2809641002  1.2140881186e-22
18.8368984177  1.25359837054e-22
19.4097390079  1.29136412782e-22
20  1.32907e-22

