0.02 20 201
201
0.02  0
0.0207028433336  1.13755685531e-30
0.0214303861048  2.31508992324e-30
0.0221834963052  3.53400405452e-30
0.0229630724299  4.79575346936e-30
0.0237700445487  6.10184349245e-30
0.0246053754162  7.45383234882e-30
0.0254700616203  8.85333302294e-30
0.0263651347711  1.0302015183e-29
0.0272916627318  1.1801607173e-29
0.0282507508925  1.33538980747e-29
0.0292435434891  1.4960739842e-29
0.0302712249687  1.66240495105e-29
0.0313350214022  1.83458114846e-29
0.0324362019472  2.01280799049e-29
0.0335760803625  2.19729810992e-29
0.034756016575  2.38827161187e-29
0.0359774183026  2.58595633646e-29
0.0372417427333  2.7905881306e-29
0.0385504982638  3.00241112935e-29
0.0399052462994  3.22167804723e-29
0.0413076031162  3.44865047968e-29
0.04275924179  3.68359921519e-29
0.0442618941921  3.92680455832e-29
0.0458173530554  4.17855666416e-29
0.0474274741132  4.43915588446e-29
0.0490941783137  4.708913126e-29
0.050819454111  3.15891375419e-28
0.0526053598379  8.98519715961e-28
0.0544540261616  1.50162287876e-27
0.0563676586253  2.12592039343e-27
0.05834854028  2.77215707542e-27
0.060399034408  3.4411039146e-27
0.0625215873425  4.1335589951e-27
0.0647187313859  4.85034844746e-27
0.0669930878316  5.59232743423e-27
0.0693473700905  6.36038117022e-27
0.071784386929  7.15542597862e-27
0.0743070458194  7.9784103842e-27
0.0769183564091  8.83031624493e-27
0.0796214341107  9.71215992342e-27
0.0824195038195  1.06249934994e-26
0.0853159037603  1.15699060251e-26
0.0883140894707  1.25480248243e-26
0.091417637923  1.35605168374e-26
0.0946302517923  1.46085900135e-26
0.0979557638737  1.56934947519e-26
0.101398141655  2.76576446263e-26
0.10496149205  5.64501786012e-26
0.108650066298  8.62545446041e-26
0.112468265038  1.17106300605e-25
0.116420643554  1.49042254157e-25
0.120511917215  1.82100506313e-25
0.124746967096  2.16320497075e-25
0.129130845807  2.51743052457e-25
0.133668783514  2.88410433185e-25
0.138366194184  3.26366385117e-25
0.143228682043  3.65656191439e-25
0.14826204826  4.06326726683e-25
0.153472297872  4.48426512656e-25
0.158865646945  4.92005776325e-25
0.164448529989  5.37116509741e-25
0.17022760764  5.8381253207e-25
0.176209774602  6.32149553799e-25
0.182402167871  6.82185243202e-25
0.188812175257  7.33979295143e-25
0.195447444191  7.87593502289e-25
0.202315890852  9.46111648856e-25
0.20942570961  1.31983265975e-24
0.216785382804  1.7066870367e-24
0.22440369086  2.10713631464e-24
0.232289722768  2.52165824786e-24
0.240452886923  2.95074737995e-24
0.248902922354  3.39491563383e-24
0.257649910339  3.85469292253e-24
0.266704286433  4.33062778135e-24
0.276076852921  4.8232880223e-24
0.285778791702  5.33326141155e-24
0.295821677634  5.86115637065e-24
0.306217492336  6.4076027024e-24
0.316978638492  6.97325234221e-24
0.32811795464  7.55878013595e-24
0.339648730492  8.16488464501e-24
0.351584722792  8.79228897976e-24
0.363940171722  9.44174166221e-24
0.376729817898  1.01140175191e-23
0.389968919952  1.08099186062e-23
0.403673272736  1.15302751652e-23
0.417859226171  1.22759466146e-23
0.432543704745  1.30478225743e-23
0.447744227714  1.38468239276e-23
0.463478929994  1.46739039197e-23
0.479766583804  1.55300492947e-23
0.496626621059  1.64152578347e-23
0.514079156554  1.7095724671e-23
0.53214501196  1.77400325645e-23
0.550845740668  1.84069828335e-23
0.570203653501  1.90973711799e-23
0.590241845333  1.98120212687e-23
0.610984222643  2.055178571e-23
0.632455532034  2.13175470767e-23
0.654681389758  2.21102189569e-23
0.677688312278  2.29307470444e-23
0.701503747905  2.37801102668e-23
0.72615610954  2.46593219531e-23
0.751674808577  2.5569431043e-23
0.778090289989  2.65115233383e-23
0.805434068651  2.7486722798e-23
0.833738766941  2.84961928797e-23
0.863038153656  2.95411379272e-23
0.893367184302  3.06228046078e-23
0.924762042799  3.17424833992e-23
0.957260184645  3.29015101293e-23
0.99090038161  3.41012675699e-23
1.02572276798  3.44568833928e-23
1.06176888846  3.45004415248e-23
1.09908174772  3.45455303839e-23
1.13770586169  3.45922037633e-23
1.17768731071  3.46405173463e-23
1.21907379448  3.46905287733e-23
1.26191468896  3.47422977101e-23
1.30626110529  3.47958859196e-23
1.35216595078  3.48513573349e-23
1.399683992  3.49087781359e-23
1.44887192015  3.49682168283e-23
1.49978841866  3.50297443251e-23
1.55249423326  3.50934340315e-23
1.60705224437  3.51593619321e-23
1.66352754221  3.5227606682e-23
1.72198750437  3.52982497003e-23
1.78250187627  3.53713752673e-23
1.84514285431  3.54470706251e-23
1.90998517204  3.55254260819e-23
1.97710618931  3.56065351192e-23
2.04658598456  3.57521976403e-23
2.11850745035  3.5934367521e-23
2.19295639229  3.6122939246e-23
2.27002163134  3.631813779e-23
2.34979510988  3.65201960338e-23
2.43237200129  3.67293550421e-23
2.51785082359  3.69458643511e-23
2.6063335569  3.71699822663e-23
2.69792576518  3.74019761706e-23
2.79273672211  3.76421228434e-23
2.89087954149  3.78907087906e-23
2.99247131219  3.81628535133e-23
3.09763323782  3.88390998126e-23
3.20649078138  3.95883553992e-23
3.31917381488  4.03639414504e-23
3.43581677432  4.11667832759e-23
3.55655882008  4.19978387027e-23
3.68154400294  4.28580992178e-23
3.81092143593  4.37485911513e-23
3.94484547223  4.46703769008e-23
4.08347588934  4.53661315405e-23
4.22697807967  4.59095886855e-23
4.3755232479  4.64721440921e-23
4.52928861519  4.70544689146e-23
4.68845763064  4.7657257893e-23
4.85322019016  4.82812301822e-23
5.02377286302  4.89487395954e-23
5.20031912633  4.97609517787e-23
5.38306960785  5.06037787245e-23
5.57224233726  5.14762244352e-23
5.76806300625  5.23793297785e-23
5.97076523784  5.33080524395e-23
6.18059086503  5.38664014722e-23
6.39779021938  5.4368416512e-23
6.62262242965  5.48880734479e-23
6.85535573093  5.54259922545e-23
7.09626778467  5.58791516175e-23
7.34564600996  5.61870065428e-23
7.60378792641  5.65056801573e-23
7.87100150912  5.6835552653e-23
8.14760555608  5.71721628362e-23
8.43393006857  5.75162103704e-23
8.7303166448  5.78723484804e-23
9.0371188875  5.82083963287e-23
9.35470282574  5.83530367678e-23
9.68344735168  5.84982103505e-23
10.0237446725  5.86745024352e-23
10.3760007786  5.90781089113e-23
10.7406359274  5.9504914353e-23
11.1180851454  6.01753787383e-23
11.5087987467  6.13892868263e-23
11.9132428706  6.26433282599e-23
12.3319000372  6.2959741845e-23
12.7652697238  6.30176400351e-23
13.2138689602  6.30327245721e-23
13.6782329456  6.29973864728e-23
14.1589156877  6.29177085817e-23
14.6564906628  6.27449007928e-23
15.1715515006  6.25986321041e-23
15.7047126922  6.25148191648e-23
16.2566103233  6.23094042437e-23
16.8279028329  6.19554314047e-23
17.4192717991  6.15543034883e-23
18.0314227521  6.11211346018e-23
18.6650860159  6.06421384336e-23
19.3210175798  6.01281825502e-23
20  5.95782e-23

