0.5 20000 301
301
0.5  0
0.51797667599  1.82332215496e-38
0.536599673739  3.71219885314e-38
0.555892230681  5.66898700009e-38
0.575878419714  7.69612824003e-38
0.596583179235  9.79615200249e-38
0.618032344264  1.19716786584e-37
0.640252678672  1.422542279e-37
0.663271908584  1.65601965776e-37
0.687118756972  1.8978913309e-37
0.711822979493  2.14845910143e-37
0.737415401622  2.40803562322e-37
0.763927957112  2.67694479105e-37
0.791393727841  2.95552214485e-37
0.819846985093  3.24411528831e-37
0.849323232317  3.54308432263e-37
0.879859249433  3.85280229587e-37
0.911493138721  4.17365566842e-37
0.944264372364  4.5060447952e-37
0.978213841706  4.85038442526e-37
1.01338390827  3.52017738142e-32
1.04981845661  1.31028958736e-31
1.0875629491  2.30301452167e-31
1.12666448261  3.33143124496e-31
1.16717184731  4.39682299668e-31
1.20913558756  5.50051915305e-31
1.25260806493  6.64389688581e-31
1.29764352358  7.82838288064e-31
1.34429815793  9.05545511736e-31
1.39263018277  1.03266447141e-30
1.44269990591  1.16435378379e-30
1.49456980343  1.30077776836e-30
1.54830459763  1.44210665247e-30
1.6039713378  1.5885167837e-30
1.66163948387  1.74019084991e-30
1.7213809931  1.8973181072e-30
1.78327040983  2.06009461609e-30
1.84738495855  2.22872348609e-30
1.91380464021  2.40341512921e-30
1.98261233206  2.58438752246e-30
2.05389389107  1.0148923493e-28
2.12773826107  2.36944088485e-28
2.20423758369  3.77268998066e-28
2.28348731338  5.22639058514e-28
2.3655863365  6.73235659912e-28
2.4506370947  8.29246713926e-28
2.53874571274  9.90866888279e-28
2.63002213093  1.15829784965e-27
2.72458024232  1.3317485153e-27
2.82253803477  1.51143531379e-27
2.92401773821  1.69758245499e-27
3.02914597715  3.82902183056e-27
3.13805392866  1.12726388826e-26
3.25087748609  1.89838789185e-26
3.36775742859  2.69723638816e-26
3.48883959681  3.52480616563e-26
3.61427507483  4.3821298506e-26
3.74422037875  5.27027719578e-26
3.87883765192  6.19035641508e-26
4.01829486729  8.15064055252e-26
4.16276603701  1.70911479688e-25
4.31243142955  2.63530965951e-25
4.46747779462  3.59480433204e-25
4.62809859623  4.58879605426e-25
4.79449425406  5.61852511073e-25
4.96687239354  6.6852763784e-25
5.14544810495  1.0542827085e-24
5.33044421176  1.51885126441e-24
5.52209154871  2.00012261713e-24
5.72062924983  2.4986972882e-24
5.92630504679  3.0151973899e-24
6.13937557808  4.07603101611e-24
6.36010670917  5.46299807514e-24
6.58877386432  6.89983124902e-24
6.82566237018  8.38832339174e-24
7.07106781187  1.02894585061e-23
7.32529640178  1.31715996198e-23
7.58866536167  1.61573633674e-23
7.86150331847  1.925047533e-23
8.14415071437  2.30508594801e-23
8.43696023158  2.75811550935e-23
8.74029723243  3.22743300197e-23
9.05454021523  3.71888275676e-23
9.38008128661  4.25394240076e-23
9.7173266507  4.80823923246e-23
10.0666971161  5.37184389476e-23
10.4286286208  5.9090801075e-23
10.8035727762  6.4656317629e-23
11.1919974309  6.99776702094e-23
11.5943872539  7.50194889354e-23
12.0112443398  8.02180447008e-23
12.4430888353  8.46867097659e-23
12.8904595879  8.93160383189e-23
13.3539148186  9.35424424063e-23
13.8340328184  9.77382396929e-23
14.3314126696  1.0176671919e-22
14.8466749937  1.05774971565e-22
15.3804627255  1.09665161028e-22
15.9334419155  1.13585762488e-22
16.5063025609  1.17254552228e-22
17.0997594668  1.20912676139e-22
17.7145531376  1.24245618378e-22
18.3514507018  1.2806992902e-22
19.0112468682  1.32344347442e-22
19.6947649184  1.36772445534e-22
20.4028577337  1.41359748595e-22
21.1364088592  1.46111980579e-22
21.8963336065  1.51035071231e-22
22.6835801957  1.56135163494e-22
23.4991309386  1.6141862117e-22
24.3440034645  1.65853862607e-22
25.2192519896  1.68304500947e-22
26.1259686331  1.69051286168e-22
27.0652847792  1.69678634179e-22
28.0383724893  1.68299640701e-22
29.0464459643  1.66871067785e-22
30.0907630598  1.65487600294e-22
31.1726268555  1.65104314414e-22
32.2933872809  1.64707248122e-22
33.4544428005  1.63911225776e-22
34.6572421578  1.62466939767e-22
35.9032861837  1.61074760988e-22
37.1941296691  1.59673424464e-22
38.5313833047  1.58221705196e-22
39.9167156909  1.56717791753e-22
41.35185542  1.55670699699e-22
42.8385932329  1.54618567537e-22
44.3787842538  1.53528607697e-22
45.9743503045  1.52383971166e-22
47.627282303  1.51187950766e-22
49.3396427475  1.49948929423e-22
51.1135682897  1.48788054902e-22
52.9512724014  1.47660817627e-22
54.8550481358  1.46493052393e-22
56.8272709893  1.45038686736e-22
58.8704018652  1.43511929505e-22
60.9869901447  1.42272212098e-22
63.1796768676  1.41393329395e-22
65.4511980279  1.40464916481e-22
67.8043879881  1.39428180083e-22
70.2421830153  1.38392289404e-22
72.767624945  1.3767717185e-22
75.3838649774  1.36936343424e-22
78.0941676085  1.36168879733e-22
80.9019147041  1.35459071184e-22
83.8106097193  1.34910356465e-22
86.8238820702  1.34341913612e-22
89.9454916625  1.33753033333e-22
93.1793335833  1.3329261204e-22
96.5294429608  1.32818294656e-22
100  1.32326923971e-22
103.595335198  1.32001666715e-22
107.319934748  1.3166471537e-22
111.178446136  1.31315649494e-22
115.175683943  1.30954033531e-22
119.316635847  1.30579416261e-22
123.606468853  1.30375679206e-22
128.050535734  1.3020080398e-22
132.654381717  1.30019641405e-22
137.423751394  1.29831965427e-22
142.364595899  1.29730589353e-22
147.483080324  1.29730589353e-22
152.785591422  1.29620975582e-22
158.278745568  1.29404818491e-22
163.969397019  1.29337086667e-22
169.864646463  1.29337086667e-22
175.971849887  1.29337086667e-22
182.298627744  1.29382312477e-22
188.852874473  1.29511268161e-22
195.642768341  1.29644860235e-22
202.676781654  1.29703223975e-22
209.963691323  1.29628728157e-22
217.51258982  1.29551553965e-22
225.332896521  1.29471605103e-22
233.434369463  1.2938878181e-22
241.827117512  1.29302980743e-22
250.521612986  1.2921697251e-22
259.528704717  1.29174581803e-22
268.859631586  1.29130667008e-22
278.526036554  1.29085173328e-22
288.539981181  1.29038043998e-22
298.913960685  1.28989220211e-22
309.660919525  1.29303291811e-22
320.794267559  1.29671121637e-22
332.327896774  1.30052176178e-22
344.276198619  1.30446930907e-22
356.654081967  1.30824353385e-22
369.476991711  1.31187252876e-22
382.760928042  1.31563199819e-22
396.522466412  1.31952663316e-22
410.778778215  1.32496224724e-22
425.547652214  1.331061527e-22
440.847516738  1.33738009632e-22
456.697462677  1.34392583938e-22
473.117267301  1.35070692385e-22
490.127418939  1.35773181103e-22
507.749142548  1.36473270476e-22
526.004426187  1.37162029029e-22
544.916048465  1.3787555076e-22
564.507606954  1.38614725989e-22
584.803547643  1.39380477045e-22
605.82919543  1.40050076594e-22
627.610785733  1.40409722249e-22
650.175497219  1.40782298369e-22
673.551485719  1.41168269851e-22
697.767919361  1.41568118301e-22
722.855014966  1.41928560563e-22
748.84407575  1.42296520589e-22
775.767530383  1.42677710011e-22
803.658973457  1.43029409994e-22
832.553207402  1.43097403474e-22
862.486285909  1.43167841547e-22
893.495558925  1.43240812105e-22
925.619719247  1.43518034765e-22
958.898850812  1.43858255273e-22
993.374478709  1.44210707849e-22
1029.08962099  1.44365301468e-22
1066.08884235  1.44475778249e-22
1104.41830974  1.4459022704e-22
1144.12584997  1.44708790649e-22
1185.26100936  1.44831617018e-22
1227.87511562  1.44958859405e-22
1272.02134183  1.45090676584e-22
1317.75477286  1.45227233031e-22
1365.13247404  1.45368699141e-22
1414.21356237  1.45515251432e-22
1465.05928036  1.45667072768e-22
1517.73307233  1.45771403024e-22
1572.30066369  1.45771403024e-22
1628.83014287  1.45771403024e-22
1687.39204632  1.45771403024e-22
1748.05944649  1.45771403024e-22
1810.90804305  1.45771403024e-22
1876.01625732  1.45771403024e-22
1943.46533014  1.45771403024e-22
2013.33942322  1.45730491391e-22
2085.72572415  1.4550848466e-22
2160.71455525  1.45278496042e-22
2238.39948618  1.45040238563e-22
2318.87745078  1.44793414929e-22
2402.24886796  1.44537717157e-22
2488.61776706  1.44272826194e-22
2578.09191758  1.43998411513e-22
2670.78296373  1.43714130704e-22
2766.80656368  1.43419629047e-22
2866.28253393  1.43114539068e-22
2969.33499874  1.42798480082e-22
3076.0925451  1.42545765297e-22
3186.68838309  1.42315153877e-22
3301.26051218  1.42076251204e-22
3419.95189335  1.41828759178e-22
3542.91062753  1.41572368985e-22
3670.29014035  1.41306760705e-22
3802.24937364  1.41031602916e-22
3938.95298368  1.40746552283e-22
4080.57154674  1.40451253125e-22
4227.28177184  1.40145336971e-22
4379.2667213  1.39828422107e-22
4536.71603914  1.39500113091e-22
4699.82618773  1.39160000265e-22
4868.8006929  1.38807659243e-22
5043.85039793  1.3853150633e-22
5225.19372662  1.3852083797e-22
5413.05695583  1.38509786046e-22
5607.67449785  1.38498336769e-22
5809.28919286  1.38486475852e-22
6018.15261197  1.38474188495e-22
6234.52537109  1.38461459366e-22
6458.67745619  1.38448272583e-22
6690.88856009  1.3843461169e-22
6931.44843155  1.38420459643e-22
7180.65723674  1.3838100012e-22
7438.82593382  1.3833037356e-22
7706.27666093  1.38277926806e-22
7983.34313818  1.38223594414e-22
8270.371084  1.38167308592e-22
8567.71864659  1.38108999105e-22
8875.75685075  1.38048593196e-22
9194.87006089  1.37986015493e-22
9525.4564606  1.37921187912e-22
9867.9285495  1.37854029562e-22
10222.7136579  1.37820269218e-22
10590.2544803  1.37807295844e-22
10971.0096272  1.37793856034e-22
11365.4541979  1.37779933018e-22
11774.080373  1.37765509423e-22
12197.3980289  1.37750567251e-22
12635.9353735  1.37735087859e-22
13090.2396056  1.3771905193e-22
13560.8775976  1.37702439455e-22
14048.4366031  1.37685229707e-22
14553.524989  1.3766740121e-22
15076.7729955  1.37648931719e-22
15618.8335217  1.37629798188e-22
16180.3829408  1.37609976743e-22
16762.1219439  1.3758944265e-22
17364.776414  1.37568170287e-22
17989.0983325  1.37546133112e-22
18635.8667167  1.37523303627e-22
19305.8885922  1.37499653345e-22
20000  1.37475152756e-22

