0.5 20 151
151
0.5  0
0.512448710082  7.17787643863e-39
0.52520736093  1.45344634828e-38
0.538283669269  2.20742105657e-38
0.55168554395  2.98016778995e-38
0.565421090737  3.77215392344e-38
0.579498617203  4.58385846847e-38
0.59392663776  5.41577236259e-38
0.608713878807  6.26839876648e-38
0.623869284008  7.14225336819e-38
0.6394020197  8.03786469509e-38
0.655321480438  8.95577443349e-38
0.67163729468  9.89653775632e-38
0.688359330604  1.08607236589e-37
0.705497702082  1.1848915303e-37
0.723062774796  1.28617103696e-37
0.741065172505  1.38997214206e-37
0.759515783475  1.49635762688e-37
0.778425767058  1.60539183582e-37
0.797806560447  1.71714071527e-37
0.817669885593  1.83167185353e-37
0.83802775629  1.94905452166e-37
0.858892485448  2.06935971539e-37
0.880276692535  2.19266019809e-37
0.90219331121  2.3190305447e-37
0.924655597149  2.44854718694e-37
0.947677136058  2.58128845943e-37
0.971271851895  2.71733464715e-37
0.995454015286  1.84013978912e-34
1.02023825216  3.17615882545e-32
1.04563955259  7.16256197904e-32
1.07167327987  1.12482162869e-31
1.0983551798  1.54355928467e-31
1.1257013902  1.97272242801e-31
1.15372845069  2.41257062645e-31
1.18245331269  2.86336991029e-31
1.21189334964  3.32539293331e-31
1.24206636756  3.79891913767e-31
1.27299061578  4.28423492289e-31
1.30468479801  4.78163381913e-31
1.33716808361  5.29141666468e-31
1.37046011922  5.81389178793e-31
1.40458104063  6.34937519384e-31
1.43955148495  6.89819075511e-31
1.47539260312  7.46067040799e-31
1.51212607267  8.03715435313e-31
1.54977411084  8.62799126127e-31
1.58835948804  9.23353848416e-31
1.62790554158  9.85416227069e-31
1.66843618984  1.04902379884e-30
1.70997594668  1.11421503505e-30
1.75254993629  1.18102936486e-30
1.79618390842  1.24950719911e-30
1.84090425388  1.31968995477e-30
1.88673802057  1.39162007999e-30
1.93371292981  1.46534107976e-30
1.9818573931  1.54089754224e-30
2.03120052932  3.99391766043e-29
2.08177218234  1.02131215912e-28
2.13360293905  1.65871676553e-28
2.18672414789  2.31199110224e-28
2.24116793778  2.9815302846e-28
2.29696723759  3.66773926529e-28
2.35415579601  4.3710330793e-28
2.41276820199  5.0918370949e-28
2.47283990568  5.83058727092e-28
2.53440723981  6.58773042048e-28
2.59750744173  7.36372448116e-28
2.66217867588  8.15903879201e-28
2.72846005693  8.97415437742e-28
2.79639167337  9.80956423804e-28
2.86601461181  1.0665773649e-27
2.9373709818  1.15433004654e-27
3.01050394131  1.7402679433e-27
3.08545772284  5.0414612085e-27
3.16227766017  8.46645890919e-27
3.24101021575  1.19767302167e-26
3.32170300885  1.55743982238e-26
3.40440484432  1.9261638883e-26
3.48916574214  2.3040682322e-26
3.57603696765  2.69138141934e-26
3.66507106256  3.08833770564e-26
3.75632187674  3.49517717938e-26
3.84984460077  3.91214590644e-26
3.94569579937  4.33949607909e-26
4.04393344553  6.31903674423e-26
4.14461695564  1.03007463751e-25
4.2478072254  1.43815903035e-25
4.35356666667  1.85640367179e-25
4.46195924519  2.2850615258e-25
4.57305051927  2.72439185451e-25
4.68690767949  3.174660375e-25
4.80359958925  3.63613942003e-25
4.92319682653  4.10910810275e-25
5.04577172647  5.27119535571e-25
5.1713984252  7.6270678119e-25
5.30015290463  1.00415954145e-24
5.43211303844  1.25162385253e-24
5.56735863914  1.50524938654e-24
5.70597150638  1.76518954204e-24
5.84803547643  2.0316015368e-24
5.99363647282  2.33509103079e-24
6.1428625584  3.25292549438e-24
6.29580398853  4.25532962749e-24
6.4525532657  5.28269103748e-24
6.6132051955  6.33563109616e-24
6.77785694388  7.41478664589e-24
6.94660809603  8.52081038476e-24
7.11956071652  1.0087023235e-23
7.29681941106  1.18902493458e-23
7.47849138981  1.37383711348e-23
7.66468653214  1.56325063884e-23
7.85551745316  1.75738007233e-23
8.0510995718  1.96975518801e-23
8.25155118063  2.22628513892e-23
8.45699351738  2.4892020238e-23
8.66755083831  2.75866486084e-23
8.88335049333  3.03483662735e-23
9.10452300303  3.33672881058e-23
9.33120213764  3.66769168106e-23
9.5635249979  4.00689467318e-23
9.80163209803  4.35454294473e-23
10.0456674507  4.71113084076e-23
10.295778654  5.07781404245e-23
10.5521169811  5.45363422716e-23
10.8148374712  5.8388113649e-23
11.0840990237  6.22288531292e-23
11.3600644943  6.59239231532e-23
11.6429007931  6.97109908881e-23
11.9327789861  7.35919273714e-23
12.2298743982  7.70931606678e-23
12.5343667197  8.05381228493e-23
12.8464401144  8.40688557017e-23
13.1662833315  8.73167510403e-23
13.4940898196  9.02946107396e-23
13.8300578436  9.33466114631e-23
14.1743906047  9.61808207182e-23
14.5272963631  9.87921821685e-23
14.8889885645  1.01468559782e-22
15.2596859686  1.03958482349e-22
15.6396127818  1.06399512123e-22
16.0289987924  1.08876250645e-22
16.4280795102  1.11208563147e-22
16.8370963082  1.13591085996e-22
17.2562965694  1.15886325879e-22
17.6859338356  1.18143210438e-22
18.1262679613  1.20374716498e-22
18.5775652707  1.22453843202e-22
19.0400987189  1.24550283649e-22
19.5141480567  1.26436540453e-22
20  1.28361e-22

