0.5 20000 301
301
0.5  0
0.51797667599  9.14071052974e-40
0.536599673739  1.86100602425e-39
0.555892230681  2.84198648185e-39
0.575878419714  3.85823647513e-39
0.596583179235  4.91102406211e-39
0.618032344264  6.00166289177e-39
0.640252678672  7.13151384316e-39
0.663271908584  8.30198672349e-39
0.687118756972  9.51454202726e-39
0.711822979493  1.07706927587e-38
0.737415401622  1.20720063195e-38
0.763927957112  1.34201064647e-38
0.791393727841  1.4816675329e-38
0.819846985093  1.62634555253e-38
0.849323232317  1.77622523192e-38
0.879859249433  1.93149358817e-38
0.911493138721  2.09234436229e-38
0.944264372364  2.25897826091e-38
0.978213841706  2.43160320674e-38
1.01338390827  5.51162199544e-33
1.04981845661  2.05156497967e-32
1.0875629491  3.60591226905e-32
1.12666448261  5.21614355363e-32
1.16717184731  6.88426805036e-32
1.20913558756  8.61236721426e-32
1.25260806493  1.04025973357e-31
1.29764352358  1.22571922307e-31
1.34429815793  1.41784660288e-31
1.39263018277  1.61688160601e-31
1.44269990591  1.82307258465e-31
1.49456980343  2.03667682013e-31
1.54830459763  2.25796084387e-31
1.6039713378  2.48720077e-31
1.66163948387  2.72468263989e-31
1.7213809931  2.97070277903e-31
1.78327040983  3.22556816683e-31
1.84738495855  3.48959681962e-31
1.91380464021  3.7631181875e-31
1.98261233206  4.04647356539e-31
2.05389389107  2.59632649221e-29
2.12773826107  6.09733787038e-29
2.20423758369  9.72422234291e-29
2.28348731338  1.34815054695e-28
2.3655863365  1.73738755188e-28
2.4506370947  2.14061893185e-28
2.53874571274  2.55834783156e-28
2.63002213093  2.99109548542e-28
2.72458024232  3.43940186801e-28
2.82253803477  3.90382636777e-28
2.92401773821  4.38494848503e-28
3.02914597715  1.1556138947e-27
3.13805392866  3.70062030385e-27
3.25087748609  6.33712822421e-27
3.36775742859  9.06842744182e-27
3.48883959681  1.18979260216e-26
3.61427507483  1.48291545597e-26
3.74422037875  1.78657705892e-26
3.87883765192  2.10115631436e-26
4.01829486729  2.85544694439e-26
4.16276603701  6.57605788855e-26
4.31243142955  1.04304372676e-25
4.46747779462  1.44233945051e-25
4.62809859623  1.85599119396e-25
4.79449425406  2.28451510413e-25
4.96687239354  2.72844588529e-25
5.14544810495  4.80362078772e-25
5.33044421176  7.33453322251e-25
5.52209154871  9.95644044289e-25
5.72062924983  1.26726140164e-24
5.92630504679  1.54864431345e-24
6.13937557808  2.23554367227e-24
6.36010670917  3.16372402767e-24
6.58877386432  4.12527557808e-24
6.82566237018  5.12139812984e-24
7.07106781187  6.47585535087e-24
7.32529640178  8.69863640312e-24
7.58866536167  1.10013338849e-23
7.86150331847  1.33868210598e-23
8.14415071437  1.65535687188e-23
8.43696023158  2.05264109421e-23
8.74029723243  2.46420901603e-23
9.05454021523  2.90332065792e-23
9.38008128661  3.42109657065e-23
9.7173266507  3.95748826303e-23
10.0666971161  4.50808000757e-23
10.4286286208  5.05614135217e-23
10.8035727762  5.6239073392e-23
11.1919974309  6.17322137698e-23
11.5943872539  6.70109378836e-23
12.0112443398  7.24567123185e-23
12.4430888353  7.72485903368e-23
12.8904595879  8.22127524322e-23
13.3539148186  8.68011368023e-23
13.8340328184  9.13767730973e-23
14.3314126696  9.57865618204e-23
14.8466749937  1.00183510627e-22
15.3804627255  1.04461824418e-22
15.9334419155  1.08778431402e-22
16.5063025609  1.12837697018e-22
17.0997594668  1.16891697786e-22
17.7145531376  1.20604266467e-22
18.3514507018  1.24928738209e-22
19.0112468682  1.29811233626e-22
19.6947649184  1.34869271118e-22
20.4028577337  1.40109162013e-22
21.1364088592  1.4553744455e-22
21.8963336065  1.5116089204e-22
22.6835801957  1.56986521316e-22
23.4991309386  1.63021601492e-22
24.3440034645  1.6790574698e-22
25.2192519896  1.70407411699e-22
26.1259686331  1.71465399366e-22
27.0652847792  1.72409352104e-22
28.0383724893  1.71278091641e-22
29.0464459643  1.70106158572e-22
30.0907630598  1.68971227842e-22
31.1726268555  1.68656798391e-22
32.2933872809  1.68331064147e-22
33.4544428005  1.67688674581e-22
34.6572421578  1.6653198412e-22
35.9032861837  1.65271159507e-22
37.1941296691  1.63940416744e-22
38.5313833047  1.62561829318e-22
39.9167156909  1.61133677053e-22
41.35185542  1.60069495141e-22
42.8385932329  1.58993558863e-22
44.3787842538  1.5787893907e-22
45.9743503045  1.5673523969e-22
47.627282303  1.55557682415e-22
49.3396427475  1.54337788008e-22
51.1135682897  1.53181979269e-22
52.9512724014  1.52050929245e-22
54.8550481358  1.50879214183e-22
56.8272709893  1.49473249066e-22
58.8704018652  1.48000946309e-22
60.9869901447  1.4675159688e-22
63.1796768676  1.45784431338e-22
65.4511980279  1.44795221437e-22
67.8043879881  1.43823644475e-22
70.2421830153  1.428506736e-22
72.767624945  1.42157701375e-22
75.3838649774  1.41439814475e-22
78.0941676085  1.40696117135e-22
80.9019147041  1.39989286203e-22
83.8106097193  1.39396277665e-22
86.8238820702  1.38781948482e-22
89.9454916625  1.38145532106e-22
93.1793335833  1.37698220372e-22
96.5294429608  1.37238591362e-22
100  1.36762437147e-22
103.595335198  1.36453565058e-22
107.319934748  1.36133587981e-22
111.178446136  1.35802106656e-22
115.175683943  1.35458707467e-22
119.316635847  1.35102961925e-22
123.606468853  1.34919398639e-22
128.050535734  1.34765544894e-22
132.654381717  1.34606159592e-22
137.423751394  1.34441043855e-22
142.364595899  1.34351854042e-22
147.483080324  1.34351854042e-22
152.785591422  1.34255416774e-22
158.278745568  1.34065243593e-22
163.969397019  1.34005653707e-22
169.864646463  1.34005653707e-22
175.971849887  1.34005653707e-22
182.298627744  1.34045442992e-22
188.852874473  1.34158897112e-22
195.642768341  1.34276430289e-22
202.676781654  1.34324396104e-22
209.963691323  1.34249648313e-22
217.51258982  1.34172213088e-22
225.332896521  1.34091993808e-22
233.434369463  1.34008890376e-22
241.827117512  1.33922799096e-22
250.521612986  1.3383548524e-22
259.528704717  1.33775429357e-22
268.859631586  1.33713214264e-22
278.526036554  1.3364876233e-22
288.539981181  1.33581993133e-22
298.913960685  1.33512823359e-22
309.660919525  1.33810809596e-22
320.794267559  1.34162557106e-22
332.327896774  1.34526951119e-22
344.276198619  1.34904446318e-22
356.654081967  1.35284593148e-22
369.476991711  1.35668675968e-22
382.760928042  1.36066567853e-22
396.522466412  1.36478765286e-22
410.778778215  1.37008608881e-22
425.547652214  1.37591869488e-22
440.847516738  1.38196100269e-22
456.697462677  1.38822055171e-22
473.117267301  1.3947051525e-22
490.127418939  1.40142289643e-22
507.749142548  1.40848153523e-22
526.004426187  1.41592510632e-22
544.916048465  1.42363629874e-22
564.507606954  1.43162473438e-22
584.803547643  1.43990038105e-22
605.82919543  1.44709080671e-22
627.610785733  1.45080535897e-22
650.175497219  1.45465346183e-22
673.551485719  1.45863991688e-22
697.767919361  1.46276969836e-22
722.855014966  1.46628601633e-22
748.84407575  1.46985166895e-22
775.767530383  1.47354551874e-22
803.658973457  1.47699215346e-22
832.553207402  1.47795543261e-22
862.486285909  1.47895334487e-22
893.495558925  1.47998713542e-22
925.619719247  1.48283200528e-22
958.898850812  1.48624571792e-22
993.374478709  1.48978216497e-22
1029.08962099  1.49144650811e-22
1066.08884235  1.49269896429e-22
1104.41830974  1.49399645046e-22
1144.12584997  1.49534058561e-22
1185.26100936  1.49673304693e-22
1227.87511562  1.4981755719e-22
1272.02134183  1.49966996047e-22
1317.75477286  1.50121807732e-22
1365.13247404  1.50282185417e-22
1414.21356237  1.50448329216e-22
1465.05928036  1.50620446443e-22
1517.73307233  1.50738723851e-22
1572.30066369  1.50738723851e-22
1628.83014287  1.50738723851e-22
1687.39204632  1.50738723851e-22
1748.05944649  1.50738723851e-22
1810.90804305  1.50738723851e-22
1876.01625732  1.50738723851e-22
1943.46533014  1.50738723851e-22
2013.33942322  1.5069767384e-22
2085.72572415  1.50474916196e-22
2160.71455525  1.50244149669e-22
2238.39948618  1.50005086312e-22
2318.87745078  1.49757427826e-22
2402.24886796  1.49500865187e-22
2488.61776706  1.49235078261e-22
2578.09191758  1.48959735404e-22
2670.78296373  1.48674493048e-22
2766.80656368  1.48378995274e-22
2866.28253393  1.48072873364e-22
2969.33499874  1.47755745346e-22
3076.0925451  1.47516978317e-22
3186.68838309  1.47307101456e-22
3301.26051218  1.47089678817e-22
3419.95189335  1.46864439107e-22
3542.91062753  1.46631101273e-22
3670.29014035  1.46389374162e-22
3802.24937364  1.46138956152e-22
3938.95298368  1.45879534774e-22
4080.57154674  1.45610786329e-22
4227.28177184  1.45332375476e-22
4379.2667213  1.45043954819e-22
4536.71603914  1.44745164473e-22
4699.82618773  1.44435631613e-22
4868.8006929  1.44114970009e-22
5043.85039793  1.43862339381e-22
5225.19372662  1.43847225271e-22
5413.05695583  1.43831567759e-22
5607.67449785  1.43815347306e-22
5809.28919286  1.43798543674e-22
6018.15261197  1.43781135895e-22
6234.52537109  1.43763102248e-22
6458.67745619  1.43744420231e-22
6690.88856009  1.43725066533e-22
6931.44843155  1.43705017004e-22
7180.65723674  1.43649113798e-22
7438.82593382  1.43577389995e-22
7706.27666093  1.43503087481e-22
7983.34313818  1.43426113542e-22
8270.371084  1.43346372132e-22
8567.71864659  1.43263763751e-22
8875.75685075  1.43178185322e-22
9194.87006089  1.43089530062e-22
9525.4564606  1.42997687348e-22
9867.9285495  1.4290254258e-22
10222.7136579  1.4285471353e-22
10590.2544803  1.42836333856e-22
10971.0096272  1.4281729337e-22
11365.4541979  1.42797568316e-22
11774.080373  1.42777134079e-22
12197.3980289  1.42755965164e-22
12635.9353735  1.42734035154e-22
13090.2396056  1.42711316688e-22
13560.8775976  1.42687781416e-22
14048.4366031  1.42663399973e-22
14553.524989  1.42638141934e-22
15076.7729955  1.42611975785e-22
15618.8335217  1.42584868875e-22
16180.3829408  1.42556787381e-22
16762.1219439  1.42527696263e-22
17364.776414  1.42497559221e-22
17989.0983325  1.42466338652e-22
18635.8667167  1.42433995599e-22
19305.8885922  1.42400489705e-22
20000  1.42365779161e-22

