0.5 20 151
151
0.5  0
0.512448710082  1.48285299888e-37
0.52520736093  3.00262521191e-37
0.538283669269  4.56023583228e-37
0.55168554395  6.15662693872e-37
0.565421090737  7.79276406529e-37
0.579498617203  9.46963678534e-37
0.59392663776  1.11882593101e-36
0.608713878807  1.29496711019e-36
0.623869284008  1.47549375032e-36
0.6394020197  1.66051503806e-36
0.655321480438  1.85014287854e-36
0.67163729468  2.04449196304e-36
0.688359330604  2.24367983835e-36
0.705497702082  2.44782697789e-36
0.723062774796  2.65705685454e-36
0.741065172505  2.87149601533e-36
0.759515783475  3.09127415802e-36
0.778425767058  3.31652420946e-36
0.797806560447  3.54738240608e-36
0.817669885593  3.78398837621e-36
0.83802775629  4.0264852246e-36
0.858892485448  4.27501961891e-36
0.880276692535  4.52974187846e-36
0.90219331121  4.79080606514e-36
0.924655597149  5.05837007656e-36
0.947677136058  5.33259574159e-36
0.971271851895  5.61364891822e-36
0.995454015286  1.19322642945e-33
1.02023825216  2.05260164888e-31
1.04563955259  4.62877462453e-31
1.07167327987  7.26908766118e-31
1.0983551798  9.97513768086e-31
1.1257013902  1.27485613649e-30
1.15372845069  1.55910361436e-30
1.18245331269  1.85042812113e-30
1.21189334964  2.14900585654e-30
1.24206636756  2.45501740729e-30
1.27299061578  2.76864785618e-30
1.30468479801  3.09008689414e-30
1.33716808361  3.41952893489e-30
1.37046011922  3.75717323254e-30
1.40458104063  4.10322400214e-30
1.43955148495  4.45789054315e-30
1.47539260312  4.82138736605e-30
1.51212607267  5.19393432208e-30
1.54977411084  5.5757567362e-30
1.58835948804  5.96708554339e-30
1.62790554158  6.36815742832e-30
1.66843618984  6.77921496849e-30
1.70997594668  7.20050678094e-30
1.75254993629  7.63228767266e-30
1.79618390842  8.07481879466e-30
1.84090425388  8.52836779994e-30
1.88673802057  8.99320900537e-30
1.93371292981  9.46962355761e-30
1.9818573931  9.95789960312e-30
2.03120052932  1.60304996255e-28
2.08177218234  4.03698174676e-28
2.13360293905  6.53151215325e-28
2.18672414789  9.08814993138e-28
2.24116793778  1.17084413945e-27
2.29696723759  1.43939713551e-27
2.35415579601  1.71463640835e-27
2.41276820199  1.99672842902e-27
2.47283990568  2.28584381324e-27
2.53440723981  2.58215742467e-27
2.59750744173  2.88584848057e-27
2.66217867588  3.1971006603e-27
2.72846005693  3.51610221632e-27
2.79639167337  3.84304608812e-27
2.86601461181  4.17813001886e-27
2.9373709818  4.52155667502e-27
3.01050394131  6.53785833018e-27
3.08545772284  1.76664228752e-26
3.16227766017  2.92116927923e-26
3.24101021575  4.10444101454e-26
3.32170300885  5.31717316342e-26
3.40440484432  6.56009921415e-26
3.48916574214  7.83397091701e-26
3.57603696765  9.13955873888e-26
3.66507106256  1.04776523293e-25
3.75632187674  1.18490609981e-25
3.84984460077  1.32546142047e-25
3.94569579937  1.46951620601e-25
4.04393344553  2.13897136318e-25
4.14461695564  3.48614391301e-25
4.2478072254  4.86685758386e-25
4.35356666667  6.28194746309e-25
4.46195924519  7.73226942962e-25
4.57305051927  9.21870067152e-25
4.68690767949  1.07421402166e-24
4.80359958925  1.23035094761e-24
4.92319682653  1.39037528021e-24
5.04577172647  1.70255480297e-24
5.1713984252  2.27732207499e-24
5.30015290463  2.86639956928e-24
5.43211303844  3.47014357346e-24
5.56735863914  4.08891924578e-24
5.70597150638  4.72310083601e-24
5.84803547643  5.37307191174e-24
5.99363647282  6.06547834244e-24
6.1428625584  7.29836662705e-24
6.29580398853  8.61517092867e-24
6.4525532657  9.96476026026e-24
6.6132051955  1.13479508845e-23
6.77785694388  1.27655793869e-23
6.94660809603  1.42185031817e-23
7.11956071652  1.60957955475e-23
7.29681941106  1.81974987112e-23
7.47849138981  2.03515288615e-23
7.66468653214  2.25591888056e-23
7.85551745316  2.48218137868e-23
8.0510995718  2.72578209721e-23
8.25155118063  3.00936700177e-23
8.45699351738  3.30001243884e-23
8.66755083831  3.59789419748e-23
8.88335049333  3.90319244343e-23
9.10452300303  4.22413800885e-23
9.33120213764  4.56227754074e-23
9.5635249979  4.90883587462e-23
9.80163209803  5.26402261695e-23
10.0456674507  5.62490620243e-23
10.295778654  5.98129360852e-23
10.5521169811  6.34647088222e-23
10.8148374712  6.72074012794e-23
11.0840990237  7.09066986267e-23
11.3600644943  7.43899044396e-23
11.6429007931  7.79598330913e-23
11.9327789861  8.16181897397e-23
12.2298743982  8.48520698689e-23
12.5343667197  8.80112081532e-23
12.8464401144  9.12490008308e-23
13.1662833315  9.42031958119e-23
13.4940898196  9.68862263558e-23
13.8300578436  9.96360574385e-23
14.1743906047  1.02189836552e-22
14.5272963631  1.04543012149e-22
14.8889885645  1.06954775748e-22
15.2596859686  1.09208190139e-22
15.6396127818  1.11422023679e-22
16.0289987924  1.13668499582e-22
16.4280795102  1.15786112529e-22
16.8370963082  1.17949402374e-22
17.2562965694  1.20030202781e-22
17.6859338356  1.22073987256e-22
18.1262679613  1.24093906059e-22
18.5775652707  1.25973559353e-22
19.0400987189  1.27868706482e-22
19.5141480567  1.29572621747e-22
20  1.31311e-22

