4.812014 20 101
101
4.812014  0
4.88105738263  2.77537202141e-24
4.9510914084  5.59056542995e-24
5.02213029119  7.71022914989e-24
5.09418844881  8.21055999534e-24
5.16728050595  8.71806965074e-24
5.24142129713  9.23286111856e-24
5.31662586971  9.75503887917e-24
5.39290948697  1.0284708912e-23
5.47028763117  1.08219787172e-23
5.54877600672  1.13669573371e-23
5.62839054337  1.19197553789e-23
5.70914739941  1.24804850366e-23
5.79106296499  1.3049260114e-23
5.87415386541  1.36261960478e-23
5.95843696453  1.42114099311e-23
6.04392936817  1.47240397777e-23
6.13064842758  1.51663069806e-23
6.21861174297  1.56149198891e-23
6.30783716708  1.60699695521e-23
6.39834280881  1.65315483249e-23
6.49014703688  1.69997498881e-23
6.58326848357  1.74746692662e-23
6.6777260485  1.79564028473e-23
6.77353890246  1.84450484025e-23
6.87072649131  1.89407051057e-23
6.96930853992  1.94434735536e-23
7.06930505618  2.00158303371e-23
7.17073633503  2.06244180102e-23
7.27362296265  2.12417377759e-23
7.37798582055  2.18679149233e-23
7.48384608987  2.25030765392e-23
7.59122525567  2.3147351534e-23
7.70014511125  2.38008706675e-23
7.81062776263  2.44637665758e-23
7.922695633  2.5136173798e-23
8.03637146728  2.57309372822e-23
8.15167833674  2.61460420123e-23
8.26863964369  2.65671027173e-23
8.38727912618  2.69942048543e-23
8.50762086291  2.74274351065e-23
8.62968927802  2.78668814009e-23
8.75350914612  2.8312632926e-23
8.87910559728  2.87647801502e-23
9.00650412212  2.92022954428e-23
9.13573057704  2.94443150387e-23
9.2668111894  2.96802601409e-23
9.39977256289  2.99195906132e-23
9.5346416829  3.01623550292e-23
9.67144592203  3.04086026597e-23
9.8102130456  3.06583834821e-23
9.95097121732  3.09117481912e-23
10.093749005  3.12099855839e-23
10.2385753864  3.15343778507e-23
10.3854797549  3.18634245386e-23
10.5344919258  3.21971924298e-23
10.6856421421  3.25357492647e-23
10.8389610807  3.28791637557e-23
10.9944798587  3.32201184432e-23
11.1522300397  3.34286367716e-23
11.3122436402  3.36270552363e-23
11.474553136  3.38283206342e-23
11.6391914689  3.40324738133e-23
11.8061920533  3.4239556208e-23
11.975588783  3.44496098469e-23
12.1474160384  3.46626773618e-23
12.3217086929  3.48788019963e-23
12.4985021204  3.50980276143e-23
12.6778322021  3.5320398709e-23
12.8597353345  3.55459604121e-23
13.0442484359  3.57747580601e-23
13.2314089545  3.60068371036e-23
13.4212548758  3.62422460461e-23
13.6138247303  3.64810326656e-23
13.8091576013  3.67232454256e-23
14.0072931329  3.69689331529e-23
14.2082715381  3.72181425418e-23
14.4121336067  3.74709274297e-23
14.618920714  3.77273393069e-23
14.8286748287  3.7987430214e-23
15.0414385218  3.82574166915e-23
15.2572549752  3.85564176779e-23
15.4761679902  3.88598245494e-23
15.6982219967  3.91675847408e-23
15.9234620621  3.94797607142e-23
16.1519339003  3.98141890554e-23
16.3836838811  4.01624976892e-23
16.6187590399  4.0515803899e-23
16.8572070866  4.08741793909e-23
17.099076416  4.1225112213e-23
17.3444161169  4.15626824677e-23
17.5932759827  4.19050962229e-23
17.8457065212  4.22524229738e-23
18.1017589649  4.25774597748e-23
18.3614852812  4.28652131579e-23
18.6249381835  4.31570952628e-23
18.8921711411  4.34531653289e-23
19.1632383909  4.3658635411e-23
19.4381949476  4.38035017721e-23
19.7170966157  4.39504466939e-23
20  4.40995e-23

