0.2 20 151
151
0.2  0
0.206235454919  1.79305702397e-38
0.212665314327  3.64201667914e-38
0.219295639229  5.54862185719e-38
0.22613267959  7.51466978841e-38
0.233182880236  9.54201373585e-38
0.240452886923  1.16325647422e-37
0.247949552606  1.37882934314e-37
0.255679943893  1.60112318659e-37
0.263651347711  1.83034754623e-37
0.271871278176  2.06671849667e-37
0.280347483669  2.31045884915e-37
0.289087954149  2.56179836152e-37
0.298100928677  2.82097395489e-37
0.307394903187  3.0882299369e-37
0.316978638492  3.36381823204e-37
0.326861168545  3.64799861914e-37
0.33705180895  3.9410389762e-37
0.34756016575  4.24321553294e-37
0.358396144475  4.55481313117e-37
0.369569959484  4.87612549328e-37
0.381092143593  5.20745549913e-37
0.392973557999  5.54911547155e-37
0.405225402524  5.90142747075e-37
0.417859226171  6.2647235979e-37
0.430886938006  6.63934630816e-37
0.444320818391  7.02564873352e-37
0.458173530554  7.42399501568e-37
0.472458132527  7.83476064925e-37
0.487188089458  8.25833283578e-37
0.502377286302  4.73911094431e-33
0.518040040906  3.3725428829e-32
0.534191117512  6.39187113317e-32
0.550845740668  9.50533380937e-32
0.568019609583  1.27158657664e-31
0.585728912925  1.60264933598e-31
0.60399034408  1.94403372988e-31
0.622821116889  2.29606155876e-31
0.642238981873  2.65906465594e-31
0.662262242965  3.03338520035e-31
0.682909774767  3.41937603916e-31
0.704201040337  3.81740102034e-31
0.72615610954  4.22783533566e-31
0.748795677965  4.65106587432e-31
0.772141086431  5.08749158771e-31
0.796214341107  5.5375238654e-31
0.821038134255  6.00158692299e-31
0.846635865618  6.48011820196e-31
0.87303166448  6.97356878201e-31
0.900250412412  7.48240380629e-31
0.928317766723  8.00710291985e-31
0.957260184645  8.54816072175e-31
0.987104948279  9.10608723131e-31
1.0178801903  1.49962262134e-28
1.0496149205  4.14464424391e-28
1.08233905309  6.87213043192e-28
1.11608343495  9.68465220575e-28
1.15087987467  1.25848607432e-27
1.18676117255  1.55754898787e-27
1.2237611515  1.86593586798e-27
1.26191468896  2.18393741055e-27
1.30125774973  2.51185337452e-27
1.34182741991  2.84999286455e-27
1.38366194184  3.19867462231e-27
1.42680075014  3.55822732697e-27
1.47128450892  3.92898990504e-27
1.51715515006  4.31131184982e-27
1.56445591277  4.70555355085e-27
1.61323138435  5.11208663365e-27
1.66352754221  5.53129431e-27
1.71539179718  5.96357173919e-27
1.76887303828  6.40932640049e-27
1.82402167871  6.86897847727e-27
1.88088970345  7.34296125306e-27
1.93953071822  7.83172152e-27
2  9.06059566499e-27
2.06235454919  2.03397364322e-26
2.12665314327  3.27180053809e-26
2.19295639229  4.54821950196e-26
2.2613267959  5.86443373037e-26
2.33182880236  7.22168393119e-26
2.40452886923  8.62124949422e-26
2.47949552606  1.00644496971e-25
2.55679943893  1.1552644949e-25
2.63651347711  1.3087238073e-25
2.71871278176  1.46696756281e-25
2.80347483669  1.63014492734e-25
2.89087954149  1.79840971738e-25
2.98100928677  1.97637609577e-25
3.07394903187  3.69643468555e-25
3.16978638492  5.88401043932e-25
3.26861168545  8.13978884306e-25
3.3705180895  1.04658962695e-24
3.4756016575  1.28645253859e-24
3.58396144475  1.5337937221e-24
3.69569959484  1.7888463296e-24
3.81092143593  2.05185078227e-24
3.92973557999  2.32305499699e-24
4.05225402524  2.94969012627e-24
4.17859226171  4.07697588908e-24
4.30886938006  5.23940734966e-24
4.44320818391  6.43808025508e-24
4.58173530554  7.67412451482e-24
4.72458132527  8.94870526586e-24
4.87188089458  1.0263023971e-23
5.02377286302  1.17771004249e-23
5.18040040906  1.41459951326e-23
5.34191117512  1.65989075899e-23
5.50845740668  1.91282951724e-23
5.68019609583  2.17365421662e-23
5.85728912925  2.44261071927e-23
6.0399034408  2.72991915631e-23
6.22821116889  3.06250556886e-23
6.42238981873  3.40553962987e-23
6.62262242965  3.759268558e-23
6.82909774767  4.12402579005e-23
7.04201040337  4.49455818819e-23
7.2615610954  4.85382518036e-23
7.48795677965  5.22418361626e-23
7.72141086431  5.60608881881e-23
7.96214341107  5.99913453481e-23
8.21038134255  6.34040014329e-23
8.46635865618  6.67934482382e-23
8.7303166448  7.02885687572e-23
9.00250412412  7.38229660196e-23
9.28317766723  7.65699378736e-23
9.57260184645  7.93401642993e-23
9.87104948279  8.2196758835e-23
10.178801903  8.46821030077e-23
10.496149205  8.69026106408e-23
10.8233905309  8.91923476501e-23
11.1608343495  9.13672439338e-23
11.5087987467  9.3399077642e-23
11.8676117255  9.54942583876e-23
12.237611515  9.75396383796e-23
12.6191468896  9.95826458498e-23
13.0125774973  1.01674185155e-22
13.4182741991  1.03665269463e-22
13.8366194184  1.05708885859e-22
14.2680075014  1.07651124024e-22
14.7128450892  1.09550135686e-22
15.1715515006  1.11398217293e-22
15.6445591277  1.13113815956e-22
16.1323138435  1.14809335813e-22
16.6352754221  1.16353930821e-22
17.1539179718  1.17874648481e-22
17.6887303828  1.19266765186e-22
18.2402167871  1.20602113897e-22
18.8088970345  1.21845248917e-22
19.3953071822  1.22978901307e-22
20  1.24074e-22

