0.5 20 151
151
0.5  0
0.512448710082  7.16219106392e-37
0.52520736093  1.45027022081e-36
0.538283669269  2.20259731424e-36
0.55168554395  2.97365541142e-36
0.565421090737  3.76391086601e-36
0.579498617203  4.5738416427e-36
0.59392663776  5.40393760623e-36
0.608713878807  6.25470081775e-36
0.623869284008  7.12664583841e-36
0.6394020197  8.0203000406e-36
0.655321480438  8.93620392695e-36
0.67163729468  9.87491145719e-36
0.688359330604  1.08369903832e-35
0.705497702082  1.18230225925e-35
0.723062774796  1.283360446e-35
0.741065172505  1.38693472089e-35
0.759515783475  1.49308772801e-35
0.778425767058  1.60188367116e-35
0.797806560447  1.71338835261e-35
0.817669885593  1.82766921297e-35
0.83802775629  1.94479537193e-35
0.858892485448  2.06483767008e-35
0.880276692535  2.18786871176e-35
0.90219331121  2.31396290898e-35
0.924655597149  2.44319652641e-35
0.947677136058  2.57564772751e-35
0.971271851895  2.71139662182e-35
0.995454015286  3.24342904258e-33
1.02023825216  5.5579689863e-31
1.04563955259  1.25334889947e-30
1.07167327987  1.96826814556e-30
1.0983551798  2.70098703651e-30
1.1257013902  3.45194873755e-30
1.15372845069  4.22160744758e-30
1.18245331269  5.0104286739e-30
1.21189334964  5.81888951373e-30
1.24206636756  6.64747894277e-30
1.27299061578  7.49669811098e-30
1.30468479801  8.36706064562e-30
1.33716808361  9.25909296199e-30
1.37046011922  1.01733345817e-29
1.40458104063  1.11103384592e-29
1.43955148495  1.20706713159e-29
1.47539260312  1.30549139833e-29
1.51212607267  1.40636617539e-29
1.54977411084  1.50975247415e-29
1.58835948804  1.61571282504e-29
1.62790554158  1.7243113153e-29
1.66843618984  1.83561362781e-29
1.70997594668  1.94968708075e-29
1.75254993629  2.06660066839e-29
1.79618390842  2.18642510273e-29
1.84090425388  2.30923285637e-29
1.88673802057  2.43509820624e-29
1.93371292981  2.56409727862e-29
1.9818573931  2.6963080951e-29
2.03120052932  3.41096468298e-28
2.08177218234  8.4945479588e-28
2.13360293905  1.37046993434e-27
2.18672414789  1.90445700561e-27
2.24116793778  2.45173897736e-27
2.29696723759  3.01264685831e-27
2.35415579601  3.58751989844e-27
2.41276820199  4.17670579419e-27
2.47283990568  4.78056089875e-27
2.53440723981  5.39945043756e-27
2.59750744173  6.03374872926e-27
2.66217867588  6.68383941203e-27
2.72846005693  7.35011567568e-27
2.79639167337  8.03298049941e-27
2.86601461181  8.73284689557e-27
2.9373709818  9.45013815946e-27
3.01050394131  1.31974794739e-26
3.08545772284  3.34391668877e-26
3.16227766017  5.4437535702e-26
3.24101021575  7.59587097275e-26
3.32170300885  9.80157054651e-26
3.40440484432  1.20621863493e-25
3.48916574214  1.43790856536e-25
3.57603696765  1.67536697733e-25
3.66507106256  1.91873749116e-25
3.75632187674  2.16816730293e-25
3.84984460077  2.42380727352e-25
3.94569579937  2.68581201987e-25
4.04393344553  3.68607337865e-25
4.14461695564  5.63822092202e-25
4.2478072254  7.638971903e-25
4.35356666667  9.6895364218e-25
4.46195924519  1.1791154707e-24
4.57305051927  1.39450978657e-24
4.68690767949  1.61526686522e-24
4.80359958925  1.84152022561e-24
4.92319682653  2.07340671098e-24
5.04577172647  2.48635054243e-24
5.1713984252  3.21101810391e-24
5.30015290463  3.95372801815e-24
5.43211303844  4.71492949319e-24
5.56735863914  5.49508292118e-24
5.70597150638  6.29466015685e-24
5.84803547643  7.11414480292e-24
5.99363647282  7.98086292882e-24
6.1428625584  9.40391642691e-24
6.29580398853  1.0916791642e-23
6.4525532657  1.24673335469e-23
6.6132051955  1.40564799451e-23
6.77785694388  1.56851919889e-23
6.94660809603  1.73544547608e-23
7.11956071652  1.94462628749e-23
7.29681941106  2.17645229857e-23
7.47849138981  2.41405017924e-23
7.66468653214  2.65756363419e-23
7.85551745316  2.90713994594e-23
8.0510995718  3.17285360082e-23
8.25155118063  3.47393993535e-23
8.45699351738  3.78252254284e-23
8.66755083831  4.09878806118e-23
8.88335049333  4.422927775e-23
9.10452300303  4.75692612006e-23
9.33120213764  5.10128572739e-23
9.5635249979  5.45421900056e-23
9.80163209803  5.81593940172e-23
10.0456674507  6.18134601604e-23
10.295778654  6.5330571806e-23
10.5521169811  6.89338427682e-23
10.8148374712  7.26268258814e-23
11.0840990237  7.62485353617e-23
11.3600644943  7.95921054062e-23
11.6429007931  8.3018921719e-23
11.9327789861  8.65305760046e-23
12.2298743982  8.95835594398e-23
12.5343667197  9.25480997264e-23
12.8464401144  9.55864494181e-23
13.1662833315  9.83531601151e-23
13.4940898196  1.00860056955e-22
13.8300578436  1.03429369059e-22
14.1743906047  1.05830974231e-22
14.5272963631  1.08060985719e-22
14.8889885645  1.10346518739e-22
15.2596859686  1.12500942995e-22
15.6396127818  1.14626633514e-22
16.0289987924  1.16783774526e-22
16.4280795102  1.18818071991e-22
16.8370963082  1.20896286342e-22
17.2562965694  1.22886304942e-22
17.6859338356  1.24834709944e-22
18.1262679613  1.26756495767e-22
18.5775652707  1.28534607167e-22
19.0400987189  1.3032664421e-22
19.5141480567  1.31932193099e-22
20  1.3357e-22

