0.5 20 151
151
0.5  0
0.512448710082  2.35198210095e-37
0.52520736093  4.76252248849e-37
0.538283669269  7.23307911288e-37
0.55168554395  9.76514622359e-37
0.565421090737  1.2360255273e-36
0.579498617203  1.50199758429e-36
0.59392663776  1.77459165932e-36
0.608713878807  2.05397262358e-36
0.623869284008  2.34030945309e-36
0.6394020197  2.63377533096e-36
0.655321480438  2.93454775209e-36
0.67163729468  3.24280863056e-36
0.688359330604  3.55874440964e-36
0.705497702082  3.88254617456e-36
0.723062774796  4.21440976807e-36
0.741065172505  4.55453590891e-36
0.759515783475  4.90313031319e-36
0.778425767058  5.26040381881e-36
0.797806560447  5.62657251302e-36
0.817669885593  6.00185786306e-36
0.83802775629  6.38648685014e-36
0.858892485448  6.78069210672e-36
0.880276692535  7.1847120572e-36
0.90219331121  7.59879106214e-36
0.924655597149  8.02317956606e-36
0.947677136058  8.45813424886e-36
0.971271851895  8.90391818116e-36
0.995454015286  1.83640947308e-33
1.02023825216  3.15853490178e-31
1.04563955259  7.12273565152e-31
1.07167327987  1.1185634773e-30
1.0983551798  1.53496896009e-30
1.1257013902  1.96174186515e-30
1.15372845069  2.39914031454e-30
1.18245331269  2.8474288569e-30
1.21189334964  3.30687862746e-30
1.24206636756  3.777767512e-30
1.27299061578  4.26038031495e-30
1.30468479801  4.75500893163e-30
1.33716808361  5.26195252481e-30
1.37046011922  5.78151770562e-30
1.40458104063  6.31401871905e-30
1.43955148495  6.85977763394e-30
1.47539260312  7.41912453785e-30
1.51212607267  7.99239773664e-30
1.54977411084  8.57994395913e-30
1.58835948804  9.18211856679e-30
1.62790554158  9.79928576867e-30
1.66843618984  1.04318188417e-29
1.70997594668  1.10801003564e-29
1.75254993629  1.17445224083e-29
1.79618390842  1.24254868553e-29
1.84090425388  1.31234055602e-29
1.88673802057  1.38387006403e-29
1.93371292981  1.45718047226e-29
1.9818573931  1.53231612053e-29
2.03120052932  2.24383821375e-28
2.08177218234  5.62782707505e-28
2.13360293905  9.09606852886e-28
2.18672414789  1.26506602474e-27
2.24116793778  1.62937521294e-27
2.29696723759  2.00275476008e-27
2.35415579601  2.38543049468e-27
2.41276820199  2.77763386783e-27
2.47283990568  3.17960209315e-27
2.53440723981  3.59157829027e-27
2.59750744173  4.01381163186e-27
2.66217867588  4.44655749438e-27
2.72846005693  4.89007761245e-27
2.79639167337  5.34464023726e-27
2.86601461181  5.81052029872e-27
2.9373709818  6.28799957183e-27
3.01050394131  8.8226042469e-27
3.08545772284  2.25564042726e-26
3.16227766017  3.68037309833e-26
3.24101021575  5.14057793732e-26
3.32170300885  6.63713810972e-26
3.40440484432  8.17095876953e-26
3.48916574214  9.74296760676e-26
3.57603696765  1.13541154085e-25
3.66507106256  1.3005376634e-25
3.75632187674  1.46977500041e-25
3.84984460077  1.6432259105e-25
3.94569579937  1.82099530078e-25
4.04393344553  2.50272498441e-25
4.14461695564  3.83425333045e-25
4.2478072254  5.19893329717e-25
4.35356666667  6.59759027442e-25
4.46195924519  8.0310702021e-25
4.57305051927  9.50024008183e-25
4.68690767949  1.10059885014e-24
4.80359958925  1.25492261719e-24
4.92319682653  1.41308864792e-24
5.04577172647  1.71199976381e-24
5.1713984252  2.25362545644e-24
5.30015290463  2.80873623151e-24
5.43211303844  3.37766783279e-24
5.56735863914  3.96076436319e-24
5.70597150638  4.55837849291e-24
5.84803547643  5.17087167271e-24
5.99363647282  5.82818882928e-24
6.1428625584  7.09131939158e-24
6.29580398853  8.4458528146e-24
6.4525532657  9.83411062538e-24
6.6132051955  1.12569324742e-23
6.77785694388  1.27151789163e-23
6.94660809603  1.42097319329e-23
7.11956071652  1.63108854422e-23
7.29681941106  1.87249538773e-23
7.47849138981  2.11991263886e-23
7.66468653214  2.37348994125e-23
7.85551745316  2.63338066428e-23
8.0510995718  2.91436567129e-23
8.25155118063  3.24472395425e-23
8.45699351738  3.58330730619e-23
8.66755083831  3.9303205101e-23
8.88335049333  4.28597344754e-23
9.10452300303  4.64867517264e-23
9.33120213764  5.01834146524e-23
9.5635249979  5.39721149485e-23
9.80163209803  5.78551441078e-23
10.0456674507  6.17435552413e-23
10.295778654  6.53376068255e-23
10.5521169811  6.90187251742e-23
10.8148374712  7.27914938731e-23
11.0840990237  7.64524986593e-23
11.3600644943  7.97404920177e-23
11.6429007931  8.31103479282e-23
11.9327789861  8.65636348556e-23
12.2298743982  8.95695284663e-23
12.5343667197  9.24896402783e-23
12.8464401144  9.5482455341e-23
13.1662833315  9.82722219779e-23
13.4940898196  1.00868741112e-22
13.8300578436  1.03529906873e-22
14.1743906047  1.06091502514e-22
14.5272963631  1.08551255651e-22
14.8889885645  1.11072250295e-22
15.2596859686  1.1348929281e-22
15.6396127818  1.15893469683e-22
16.0289987924  1.18328510662e-22
16.4280795102  1.2058579996e-22
16.8370963082  1.22890200601e-22
17.2562965694  1.25050013175e-22
17.6859338356  1.27132035367e-22
18.1262679613  1.29170814765e-22
18.5775652707  1.31017974653e-22
19.0400987189  1.32879072755e-22
19.5141480567  1.34542405014e-22
20  1.36239e-22

