0.02 20 201
201
0.02  0
0.0207028433336  2.07856778945e-35
0.0214303861048  4.23018095461e-35
0.0221834963052  6.45740646825e-35
0.0229630724299  8.76290151212e-35
0.0237700445487  1.11494166471e-34
0.0246053754162  1.36197990947e-34
0.0254700616203  1.61769961341e-34
0.0263651347711  1.88240586181e-34
0.0272916627318  2.15641446131e-34
0.0282507508925  2.44005231668e-34
0.0292435434891  2.73365782085e-34
0.0302712249687  3.03758125858e-34
0.0313350214022  3.35218522441e-34
0.0324362019472  3.67784505525e-34
0.0335760803625  4.01494927815e-34
0.034756016575  4.36390007384e-34
0.0359774183026  4.72511375655e-34
0.0372417427333  5.09902127071e-34
0.0385504982638  5.48606870505e-34
0.0399052462994  5.88671782484e-34
0.0413076031162  6.30144662278e-34
0.04275924179  6.73074988926e-34
0.0442618941921  7.17513980269e-34
0.0458173530554  7.63514654053e-34
0.0474274741132  8.11131891183e-34
0.0490941783137  8.60422501196e-34
0.050819454111  2.31024552038e-31
0.0526053598379  7.32582344997e-31
0.0544540261616  1.25176596552e-30
0.0563676586253  1.78919482336e-30
0.05834854028  2.34551009571e-30
0.060399034408  2.92137549209e-30
0.0625215873425  3.51747804621e-30
0.0647187313859  4.13452893564e-30
0.0669930878316  4.77326433028e-30
0.0693473700905  5.43444627063e-30
0.071784386929  6.11886357692e-30
0.0743070458194  6.82733279028e-30
0.0769183564091  7.56069914681e-30
0.0796214341107  8.31983758609e-30
0.0824195038195  9.10565379493e-30
0.0853159037603  9.91908528796e-30
0.0883140894707  1.07611025261e-29
0.091417637923  1.16327100744e-29
0.0946302517923  1.25349478004e-29
0.0979557638737  1.34688921149e-29
0.101398141655  1.02199005126e-28
0.10496149205  3.26876336337e-28
0.108650066298  5.5944931577e-28
0.112468265038  8.00195413612e-28
0.116420643554  1.04940185095e-27
0.120511917215  1.30736594245e-27
0.124746967096  1.57439545105e-27
0.129130845807  1.85080895515e-27
0.133668783514  2.13693622868e-27
0.138366194184  2.43311863455e-27
0.143228682043  2.73970953189e-27
0.14826204826  3.05707469765e-27
0.153472297872  3.38559276297e-27
0.158865646945  3.72565566489e-27
0.164448529989  4.077669114e-27
0.17022760764  4.4420530784e-27
0.176209774602  4.81924228482e-27
0.182402167871  5.2096867372e-27
0.188812175257  5.6138522536e-27
0.195447444191  6.03222102195e-27
0.202315890852  8.06254703489e-27
0.20942570961  1.34144330069e-26
0.216785382804  1.89543958478e-26
0.22440369086  2.46890449862e-26
0.232289722768  3.06252221205e-26
0.240452886923  3.67700093811e-26
0.248902922354  4.31307377798e-26
0.257649910339  4.97149959561e-26
0.266704286433  5.65306392307e-26
0.276076852921  6.35857989773e-26
0.285778791702  7.08888923236e-26
0.295821677634  7.84486321936e-26
0.306217492336  8.62740377022e-26
0.316978638492  9.43744449155e-26
0.32811795464  1.02759517989e-25
0.339648730492  1.11439260698e-25
0.351584722792  1.20424028373e-25
0.363940171722  1.2972454025e-25
0.376729817898  1.39351892266e-25
0.389968919952  1.49317570292e-25
0.403673272736  1.59633463835e-25
0.417859226171  1.70311880229e-25
0.432543704745  1.81365559312e-25
0.447744227714  1.92807688628e-25
0.463478929994  2.04651919159e-25
0.479766583804  2.16912381613e-25
0.496626621059  2.29731788296e-25
0.514079156554  2.72512925861e-25
0.53214501196  3.24314128623e-25
0.550845740668  3.77935737886e-25
0.570203653501  4.3344172668e-25
0.590241845333  4.90898316184e-25
0.610984222643  5.50374054733e-25
0.632455532034  6.11939899599e-25
0.654681389758  6.75669301647e-25
0.677688312278  7.41638292965e-25
0.701503747905  8.09925577571e-25
0.72615610954  8.80612625315e-25
0.751674808577  9.53783769072e-25
0.778090289989  1.02952630536e-24
0.805434068651  1.10793059848e-24
0.833738766941  1.18909018834e-24
0.863038153656  1.27310190204e-24
0.893367184302  1.36006596938e-24
0.924762042799  1.45008614247e-24
0.957260184645  1.54326981948e-24
0.99090038161  1.63972817281e-24
1.02572276798  1.85883876362e-24
1.06176888846  2.12932200293e-24
1.09908174772  2.40931060932e-24
1.13770586169  2.69913862199e-24
1.17768731071  2.99915181899e-24
1.21907379448  3.30970812976e-24
1.26191468896  3.63117806217e-24
1.30626110529  3.96394514452e-24
1.35216595078  4.30840638315e-24
1.399683992  4.66497273604e-24
1.44887192015  5.03406960314e-24
1.49978841866  5.41613733386e-24
1.55249423326  5.81163175246e-24
1.60705224437  6.22102470184e-24
1.66352754221  6.64480460648e-24
1.72198750437  7.08347705516e-24
1.78250187627  7.53756540415e-24
1.84514285431  8.0076114016e-24
1.90998517204  8.49417583383e-24
1.97710618931  8.99783919444e-24
2.04658598456  9.59047706975e-24
2.11850745035  1.02401990498e-23
2.19295639229  1.09127536679e-23
2.27002163134  1.16089433126e-23
2.34979510988  1.23295985698e-23
2.43237200129  1.30755792141e-23
2.51785082359  1.38477752346e-23
2.6063335569  1.46471078964e-23
2.69792576518  1.54745308397e-23
2.79273672211  1.63310312181e-23
2.89087954149  1.72176308755e-23
2.99247131219  1.81387332197e-23
3.09763323782  1.91812554568e-23
3.20649078138  2.027152907e-23
3.31917381488  2.14001172603e-23
3.43581677432  2.25683664848e-23
3.55655882008  2.37776705184e-23
3.68154400294  2.50294721158e-23
3.81092143593  2.63252647337e-23
3.94484547223  2.76665943117e-23
4.08347588934  2.91036691276e-23
4.22697807967  3.06244909906e-23
4.3755232479  3.21987578289e-23
4.52928861519  3.38283478149e-23
4.68845763064  3.55152051238e-23
4.85322019016  3.72613422533e-23
5.02377286302  3.89739738674e-23
5.20031912633  4.02145065125e-23
5.38306960785  4.1489538347e-23
5.57224233726  4.28093775628e-23
5.76806300625  4.41755987883e-23
5.97076523784  4.55882127952e-23
6.18059086503  4.69438387467e-23
6.39779021938  4.83270076751e-23
6.62262242965  4.97587841565e-23
6.85535573093  5.12408763657e-23
7.09626778467  5.27855168145e-23
7.34564600996  5.44007146419e-23
7.60378792641  5.60726740206e-23
7.87100150912  5.78033896744e-23
8.14760555608  6.03913174435e-23
8.43393006857  6.37906479531e-23
8.7303166448  6.73094383021e-23
9.0371188875  7.05434826824e-23
9.35470282574  7.13457802787e-23
9.68344735168  7.21192832738e-23
10.0237446725  7.2918084238e-23
10.3760007786  7.37289393908e-23
10.7406359274  7.45676366966e-23
11.1180851454  7.52956405754e-23
11.5087987467  7.5730543885e-23
11.9132428706  7.61799643307e-23
12.3319000372  7.63473640979e-23
12.7652697238  7.64388484387e-23
13.2138689602  7.64466313921e-23
13.6782329456  7.63559411057e-23
14.1589156877  7.6171895005e-23
14.6564906628  7.57923945715e-23
15.1715515006  7.53751287368e-23
15.7047126922  7.48925645423e-23
16.2566103233  7.43797008257e-23
16.8279028329  7.38329224777e-23
17.4192717991  7.32683882196e-23
18.0314227521  7.2686164135e-23
18.6650860159  7.20981317718e-23
19.3210175798  7.14999430516e-23
20  7.089131e-23

