1 20000 251
251
1  0
1.04040904696  1.82121554197e-37
1.082450985  3.71602466829e-37
1.12619179768  5.68740122559e-37
1.17170013492  7.73843923076e-37
1.21904742069  9.872357727e-37
1.26830796516  1.2092505836e-36
1.31955908129  1.44023680141e-36
1.37288120617  1.68055695215e-36
1.4283580273  1.93058821115e-36
1.4860766139  2.19072299503e-36
1.54612755358  2.46136957761e-36
1.6086050945  2.74295273065e-36
1.6736072933  3.03591439055e-36
1.74123616901  3.34071435192e-36
1.81159786313  3.65783098925e-36
1.88480280626  3.98776200766e-36
1.96096589137  4.33102522409e-36
2.04020665416  4.83427069113e-33
2.12264946065  1.47375885843e-32
2.20842370239  2.50410901152e-32
2.29766399949  3.57609463234e-32
2.39051041194  4.69139817045e-32
2.48710865943  5.85177006161e-32
2.58761035005  7.059031475e-32
2.6921732182  8.31507717155e-32
2.8009613722  9.62187847763e-32
2.91414555182  1.09814863791e-31
3.03190339627  1.57548666673e-30
3.15441972299  7.16439627361e-30
3.28188681771  1.29791483913e-29
3.41450473624  1.90288691003e-29
3.55248161847  2.53230532575e-29
3.69603401502  3.1871579398e-29
3.8453872271  3.86847252387e-29
4.00077566014  4.75486578624e-29
4.16244319166  4.24978032634e-28
4.33064355406  8.17658968736e-28
4.50564073281  1.22620776722e-27
4.68770938077  1.6512656333e-27
4.87713524927  2.09349968264e-27
5.07421563659  5.16942744837e-27
5.27925985453  1.28751654968e-26
5.49258971391  2.08922850758e-26
5.71454002959  2.92333688164e-26
5.945459146  3.79115078015e-26
6.18570948383  9.21486848755e-26
6.43566810884  1.62391257809e-25
6.69572732367  2.35472266171e-25
6.96629528353  3.11506408432e-25
7.24779663678  6.17801696957e-25
7.54067319143  9.686244637e-25
7.84538460853  1.3336236441e-24
8.1624091236  2.05001827237e-24
8.49224429718  3.12880357791e-24
8.83540779578  4.25118156951e-24
9.19243820431  6.0091236831e-24
9.56389587139  8.36330722515e-24
9.95036378878  1.08126210805e-23
10.3524485064  1.4565053221e-23
10.7707810842  1.86455528518e-23
11.2060180829  2.3528608754e-23
11.6588425938  2.93471320249e-23
12.1299653117  3.56522851471e-23
12.6201256496  4.28991096789e-23
13.1300928996  5.04630208e-23
13.6606674402  5.84062522469e-23
14.2126819923  6.64212200795e-23
14.7870029263  7.43463320807e-23
15.384531622  8.19722521603e-23
16.0062058827  8.95403071274e-23
16.6530014079  9.64812574787e-23
17.3259333238  1.03342760109e-22
18.0260577771  1.10080407042e-22
18.7544735924  1.17024346172e-22
19.5123239965  1.24248883264e-22
20.3007984131  1.31765357015e-22
21.1211343295  1.39585564307e-22
21.9746192385  1.47721778722e-22
22.8625926593  1.56186769808e-22
23.7864482397  1.64993823116e-22
24.7476359436  1.70767540922e-22
25.7476643266  1.75188529495e-22
26.7881029035  1.79584892289e-22
27.8705846117  1.85037760117e-22
28.996808374  1.90933526409e-22
30.1685417653  1.96714609446e-22
31.3876237862  2.00543736265e-22
32.6559677498  2.04527594448e-22
33.9755642841  2.08672436545e-22
35.3484844568  2.11229863229e-22
36.7768830251  2.08523295473e-22
38.2630018183  2.05707357893e-22
39.8091732557  2.02777630959e-22
41.4178240072  2.01847404575e-22
43.0914788025  2.01176156453e-22
44.832764393  2.00477783834e-22
46.6444136747  1.99502186142e-22
48.5292699773  1.98460818609e-22
50.4902915267  1.97710441966e-22
52.5305560881  1.97969233137e-22
54.6532657959  1.98238481812e-22
56.8617521799  1.96621484062e-22
59.159481394  1.94571545208e-22
61.5500596558  1.93345884601e-22
64.0372389068  1.92582454714e-22
66.624922701  1.91788175353e-22
69.3171723311  1.9096179992e-22
72.118213203  1.90331774935e-22
75.032441467  1.89753344105e-22
78.0644309178  1.89151539435e-22
81.2189401726  1.88465555317e-22
84.5009201401  1.87652956065e-22
87.9155217902  1.86807520452e-22
91.4681042388  1.86141206101e-22
95.1642431583  1.85763034333e-22
99.009739529  1.85369581006e-22
103.010628743  1.85114245379e-22
107.173190077  1.84901298407e-22
111.503956548  1.84679746452e-22
116.009725165  1.84449241793e-22
120.697567597  1.84219773143e-22
125.574841273  1.84042631955e-22
130.649200932  1.83858332659e-22
135.928610627  1.83666586005e-22
141.421356237  1.8352308187e-22
147.136058463  1.83540642094e-22
153.081686359  1.83473772983e-22
159.267571411  1.83321881254e-22
165.703422184  1.82947942276e-22
172.399339552  1.82530045457e-22
179.36583256  1.82095261825e-22
186.613834911  1.81642909001e-22
194.154722129  1.8117227703e-22
202.000329413  1.80707595658e-22
210.162970211  1.80300046826e-22
218.655455543  1.79876029334e-22
227.491114114  1.79434877699e-22
236.683813228  1.78975899547e-22
246.247980551  1.78498374526e-22
256.198626761  1.78496226777e-22
266.551369101  1.78805516913e-22
277.322455892  1.79127305169e-22
288.528792035  1.79462096581e-22
300.187965542  1.79812262761e-22
312.318275138  1.80293799855e-22
324.938758985  1.80794795405e-22
338.069224556  1.81316035707e-22
351.730279727  1.81841344326e-22
365.943365117  1.82265962941e-22
380.730787743  1.8270773999e-22
396.115756024  1.83167368828e-22
412.122416211  1.83434725022e-22
428.775890281  1.83642595982e-22
446.102315367  1.83858866809e-22
464.128884777  1.84083876934e-22
482.883890678  1.84317979504e-22
502.396768493  1.84670666264e-22
522.698143103  1.8584838782e-22
543.819876914  1.87073699982e-22
565.795119858  1.8834852584e-22
588.658361426  1.89674866197e-22
612.445484796  1.90612949501e-22
637.193823152  1.91170005371e-22
662.942218274  1.91749571339e-22
689.731081504  1.92352557014e-22
717.602457167  1.9306815588e-22
746.600088557  1.93866233321e-22
776.769486596  1.94696560311e-22
808.158001257  1.95581307244e-22
840.814895881  1.96563628056e-22
874.791424493  1.97585643517e-22
910.140912246  1.98419658984e-22
946.918839109  1.98694345865e-22
985.182926946  1.98980132581e-22
1024.99323011  1.99179275995e-22
1066.41222967  1.9932590201e-22
1109.50493154  1.99478453044e-22
1154.33896842  1.99637168519e-22
1200.98470601  1.99802297535e-22
1249.51535339  1.99974099257e-22
1300.00707798  2.00152843323e-22
1352.53912504  2.00338810267e-22
1407.19394206  2.00532291957e-22
1464.05730815  2.00733592059e-22
1523.21846867  2.00872233969e-22
1584.7702753  2.00902461529e-22
1648.80933177  2.00933910555e-22
1715.43614549  2.00966630406e-22
1784.75528525  2.01000672435e-22
1856.87554538  2.01036090071e-22
1931.9101165  2.01072938899e-22
2009.97676312  2.01083716357e-22
2091.19800853  2.00899233073e-22
2175.70132706  2.00707294995e-22
2263.61934415  2.00507600882e-22
2355.09004453  2.0029983732e-22
2450.25698873  2.00083678231e-22
2549.26953846  1.99858784359e-22
2652.28309095  1.9962480274e-22
2759.45932292  1.99381366146e-22
2870.96644429  1.99128092512e-22
2986.97946215  1.98864584332e-22
3107.68045551  1.98679887469e-22
3233.25886097  1.98498981579e-22
3363.91177012  1.98310765455e-22
3499.84423881  1.98114943697e-22
3641.26960901  1.97911208969e-22
3788.40984363  1.97699241514e-22
3941.49587491  1.97478708656e-22
4100.76796681  1.97249264275e-22
4266.47609215  1.97010548266e-22
4438.88032492  1.96762185971e-22
4618.25124841  1.96503787592e-22
4804.87037999  1.9623494758e-22
4999.03061281  1.95955244e-22
5201.0366756  1.95861904143e-22
5411.20561086  1.95765784161e-22
5629.8672725  1.95665780063e-22
5857.36484349  1.95561734894e-22
6094.05537452  1.95453485359e-22
6340.31034432  1.95340861564e-22
6596.51624277  1.95223686748e-22
6863.0751774  1.9510177701e-22
7140.40550453  1.95004199609e-22
7428.94248588  1.94932365468e-22
7729.13897165  1.94857628578e-22
8041.46611132  1.94779871642e-22
8366.41409304  1.94698972621e-22
8704.49291301  1.94614804549e-22
9056.2331759  1.94527235325e-22
9422.18692758  1.94436127512e-22
9802.92852161  1.94341338119e-22
10199.0555206  1.94282499777e-22
10611.1896341  1.94262260227e-22
11039.9776943  1.94241202817e-22
11486.0926714  1.94219294497e-22
11950.2347295  1.94196500882e-22
12433.1323259  1.94172786199e-22
12935.5433539  1.94148113229e-22
13458.2563327  1.94122443247e-22
14002.0916449  1.94095735965e-22
14567.9028237  1.94067949468e-22
15156.577893  1.94039040145e-22
15769.0407609  1.94008962624e-22
16406.2526695  1.93977669699e-22
17069.213704  1.93945112257e-22
17758.9643622  1.93911239199e-22
18476.5871871  1.93875997364e-22
19223.2084664  1.93839331439e-22
20000  1.93801183879e-22

