0.05 20 201
201
0.05  0
0.0515205278956  4.71862380774e-42
0.0530872958927  9.58074359805e-42
0.0547017101788  1.45907231638e-41
0.0563652197041  1.97530590033e-41
0.0580793174821  2.50723843558e-41
0.0598455419298  3.05534733599e-41
0.0616654782484  3.62012453387e-41
0.0635407598458  4.20207692143e-41
0.0654730698028  4.80172680577e-41
0.0674641423837  5.41961237764e-41
0.0695157645926  6.05628819448e-41
0.0716297777775  6.71232567812e-41
0.0738080792827  7.38831362765e-41
0.0760526241521  8.08485874787e-41
0.0783654268832  8.8025861938e-41
0.0807485632356  9.54214013178e-41
0.0832041720942  1.03041843176e-40
0.0857344573881  1.10894026923e-40
0.0883416900695  1.18984999959e-40
0.0910282101513  1.27322023998e-40
0.0937964288077  1.3591258159e-40
0.0966488305378  1.44764382831e-40
0.0995879753959  1.97516134116e-37
0.102616501289  1.27014594761e-35
0.105737126344  2.78499360453e-35
0.108952651348  4.34590862384e-35
0.112265962262  5.95429193974e-35
0.115680032808  7.61158708961e-35
0.119197927145  9.31928150961e-35
0.122822802612  1.10789078697e-34
0.126557912563  1.2892045449e-34
0.130406609292  1.47603215538e-34
0.134372347036  1.66854129772e-34
0.138458685077  1.86690475048e-34
0.142669290938  2.07130054651e-34
0.147007943673  2.28191213274e-34
0.151478537257  2.4989285348e-34
0.156085084087  2.72254452673e-34
0.160831718575  2.95296080572e-34
0.165722700867  3.19038417232e-34
0.170762420659  3.43502771595e-34
0.175955401141  3.68711100623e-34
0.181306303058  3.94686029002e-34
0.186819928886  4.21450869444e-34
0.192501227153  4.49029643616e-34
0.198355296869  4.77447103697e-34
0.204387392112  2.25390141882e-30
0.210602926736  5.4462728182e-30
0.217007479236  8.73572601289e-30
0.22360679775  1.21252133145e-29
0.230406805222  1.56177768159e-29
0.237413604716  1.92165511219e-29
0.244633484891  2.29247661625e-29
0.25207292565  2.67457500912e-29
0.259738603953  3.0682932273e-29
0.267637399811  3.47398463615e-29
0.275776402457  3.89201334709e-29
0.284162916714  4.32275454434e-29
0.292804469549  4.76659482173e-29
0.301708816827  5.22393252957e-29
0.310883950274  5.69517813226e-29
0.320338104647  6.18075457664e-29
0.33007976513  6.6810976716e-29
0.340117674943  7.19665647923e-29
0.350460843193  7.72789371783e-29
0.361118552961  8.27528617725e-29
0.372100369628  8.83932514675e-29
0.383416149468  9.42051685599e-29
0.395076048485  1.00193829294e-28
0.407090531537  1.06364608542e-28
0.419470381721  1.12723044629e-28
0.432226710057  1.19274844305e-28
0.445370965454  1.26025887865e-28
0.458914944991  1.32982234426e-28
0.472870804502  1.40150127367e-28
0.487251069486  1.47535999932e-28
0.502068646352  1.83096175199e-28
0.517336833998  3.75928416296e-28
0.533069335748  5.77243585379e-28
0.549280271653  7.84680861068e-28
0.565984191164  9.98426420044e-28
0.583196086186  1.21867210072e-27
0.600931404538  1.44561557542e-27
0.619206063817  1.6794605278e-27
0.63803646568  1.92041683565e-27
0.657439510569  2.16870075925e-27
0.677432612878  2.42453513549e-27
0.698033716583  2.68814957784e-27
0.719261311345  2.95978068246e-27
0.741134449107  3.23967224052e-27
0.763672761192  3.52807545701e-27
0.786896475921  3.82524917622e-27
0.810826436772  4.13146011403e-27
0.835484121084  4.44698309729e-27
0.860891659332  4.77210131051e-27
0.887071854993  5.10710654998e-27
0.914048205011  5.45229948568e-27
0.941844920883  5.80798993115e-27
0.970486950393  6.17449712151e-27
1  6.98912060954e-27
1.03041055791  1.38642728565e-26
1.06174591785  2.13987614486e-26
1.09403420358  2.91623780423e-26
1.12730439408  3.71620905481e-26
1.16158634964  4.54050787743e-26
1.1969108386  5.38987408713e-26
1.23330956497  6.26506999714e-26
1.27081519692  7.16688110306e-26
1.30946139606  8.09611678783e-26
1.34928284767  9.05361104821e-26
1.39031529185  1.00402232432e-25
1.43259555555  1.10568388656e-25
1.47616158565  1.21043703362e-25
1.52105248304  1.31837578232e-25
1.56730853766  1.42959700859e-25
1.61497126471  1.54420053441e-25
1.66408344188  1.66228921738e-25
1.71468914776  1.78396904308e-25
1.76683380139  1.90934922018e-25
1.82056420303  2.0385422784e-25
1.87592857615  2.17166416961e-25
1.93297661076  2.3088343718e-25
1.99175950792  2.46918316914e-25
2.05233002578  3.81902718987e-25
2.11474252688  5.4279846449e-25
2.17905302696  7.0858713938e-25
2.24531924523  8.79417540368e-25
2.31360065617  1.05544298916e-24
2.3839585429  1.23682147005e-24
2.45645605223  1.42371577175e-24
2.53115825126  1.61629363342e-24
2.60813218585  1.81472789531e-24
2.68744694072  2.01919665382e-24
2.76917370155  2.22988342135e-24
2.85338581877  2.44697729102e-24
2.94015887345  2.67067310638e-24
3.02957074514  3.11467297806e-24
3.12170168173  4.01736820954e-24
3.21663437151  4.94751490664e-24
3.31445401734  5.90594788374e-24
3.41524841318  6.89352734239e-24
3.51910802283  7.91113964336e-24
3.62612606115  8.95969810213e-24
3.73639857773  1.00401438086e-23
3.85002454306  1.11534464719e-23
3.96710593738  1.23006052902e-23
4.08774784223  1.38740350589e-23
4.21205853471  1.56464942055e-23
4.34014958471  1.74728548237e-23
4.472135955  1.93547560872e-23
4.60813610445  2.1293887018e-23
4.74827209431  2.32919880023e-23
4.89266969782  2.53508523524e-23
5.041458513  2.75206934172e-23
5.19477207907  2.98855398424e-23
5.35274799621  3.23223025668e-23
5.51552804914  3.48331686052e-23
5.68325833429  3.74203914806e-23
5.85608939099  4.0086293247e-23
6.03417633655  4.29225262372e-23
6.21767900547  4.62193372493e-23
6.40676209294  4.96185028211e-23
6.6015953026  5.31210389143e-23
6.80235349885  5.67300890842e-23
7.00921686386  6.02961872207e-23
7.22237105921  6.24411109957e-23
7.44200739256  6.45724839382e-23
7.66832298935  6.6768673121e-23
7.9015209697  6.90316496421e-23
8.14181063074  7.09195063622e-23
8.38940763443  7.25471100257e-23
8.64453420113  7.42242100246e-23
8.90741930907  7.59523115701e-23
9.17829889981  7.73737825141e-23
9.45741609003  7.86463056961e-23
9.74502138973  7.99575270179e-23
10.041372927  8.1263057364e-23
10.34673668  8.23536544336e-23
10.661386715  8.34731477931e-23
10.9856054331  8.46182145709e-23
11.3196838233  8.56286109189e-23
11.6639217237  8.66523434534e-23
12.0186280908  8.76870193321e-23
12.3841212763  8.85614437533e-23
12.7607293136  8.94532854802e-23
13.1487902114  9.02658948565e-23
13.5486522576  9.09269867774e-23
13.9606743317  9.16005990624e-23
14.3852262269  9.20381671796e-23
14.8226889821  9.24526237686e-23
15.2734552238  9.27255347694e-23
15.7379295184  9.29037535562e-23
16.2165287354  9.30072547908e-23
16.7096824217  9.30139616809e-23
17.2178331866  9.2977870082e-23
17.7414370999  9.28816264467e-23
18.2809641002  9.27598159015e-23
18.8368984177  9.26128324274e-23
19.4097390079  9.24523976247e-23
20  9.22834e-23

