0.5 20 151
151
0.5  0
0.512448710082  1.99757479413e-37
0.52520736093  4.04488404723e-37
0.538283669269  6.143166019e-37
0.55168554395  8.29368979865e-37
0.565421090737  1.04977560724e-36
0.579498617203  1.27566979103e-36
0.59392663776  1.50718815722e-36
0.608713878807  1.74447073345e-36
0.623869284008  1.98766103368e-36
0.6394020197  2.23690614499e-36
0.655321480438  2.49235681657e-36
0.67163729468  2.75416755084e-36
0.688359330604  3.02249669697e-36
0.705497702082  3.2975065466e-36
0.723062774796  3.579363432e-36
0.741065172505  3.8682378267e-36
0.759515783475  4.16430444858e-36
0.778425767058  4.46774236554e-36
0.797806560447  4.77873510382e-36
0.817669885593  5.09747075897e-36
0.83802775629  5.42414210964e-36
0.858892485448  5.75894673419e-36
0.880276692535  6.10208713015e-36
0.90219331121  6.45377083673e-36
0.924655597149  6.81421056031e-36
0.947677136058  7.18362430313e-36
0.971271851895  7.56223549513e-36
0.995454015286  1.59887806096e-33
1.02023825216  2.75033564737e-31
1.04563955259  6.20221793028e-31
1.07167327987  9.74004317674e-31
1.0983551798  1.33659511448e-30
1.1257013902  1.70821348671e-30
1.15372845069  2.08908419769e-30
1.18245331269  2.47943760679e-30
1.21189334964  2.87950980873e-30
1.24206636756  3.28954277637e-30
1.27299061578  3.7097845071e-30
1.30468479801  4.14048917276e-30
1.33716808361  4.58191727345e-30
1.37046011922  5.03433579504e-30
1.40458104063  5.49801837065e-30
1.43955148495  5.97324544617e-30
1.47539260312  6.46030444986e-30
1.51212607267  6.95948996621e-30
1.54977411084  7.4711039141e-30
1.58835948804  7.99545572941e-30
1.62790554158  8.53286255219e-30
1.66843618984  9.08364941843e-30
1.70997594668  9.6481494567e-30
1.75254993629  1.02267040896e-29
1.79618390842  1.08196632403e-29
1.84090425388  1.14273855441e-29
1.88673802057  1.20502385654e-29
1.93371292981  1.26885990202e-29
1.9818573931  1.33428530033e-29
2.03120052932  2.05717941403e-28
2.08177218234  5.17131181566e-28
2.13360293905  8.36297808014e-28
2.18672414789  1.16341086006e-27
2.24116793778  1.49866818321e-27
2.29696723759  1.8422725488e-27
2.35415579601  2.19443177664e-27
2.41276820199  2.55535886075e-27
2.47283990568  2.92527209811e-27
2.53440723981  3.30439522078e-27
2.59750744173  3.69295753112e-27
2.66217867588  4.09119404056e-27
2.72846005693  4.49934561171e-27
2.79639167337  4.91765910401e-27
2.86601461181  5.34638752309e-27
2.9373709818  5.78579017375e-27
3.01050394131  8.24629655246e-27
3.08545772284  2.17131812233e-26
3.16227766017  3.56840044793e-26
3.24101021575  5.00026651919e-26
3.32170300885  6.46778236165e-26
3.40440484432  7.97183556264e-26
3.48916574214  9.51333580812e-26
3.57603696765  1.10932154329e-25
3.66507106256  1.27124299845e-25
3.75632187674  1.43719588011e-25
3.84984460077  1.6072805604e-25
3.94569579937  1.78159991043e-25
4.04393344553  2.47334465165e-25
4.14461695564  3.83230422001e-25
4.2478072254  5.22509837573e-25
4.35356666667  6.65256951276e-25
4.46195924519  8.11558099845e-25
4.57305051927  9.61501769581e-25
4.68690767949  1.11517864986e-24
4.80359958925  1.272681688e-24
4.92319682653  1.43410614546e-24
5.04577172647  1.73794028737e-24
5.1713984252  2.28733473505e-24
5.30015290463  2.85040768714e-24
5.43211303844  3.42749970309e-24
5.56735863914  4.01895982144e-24
5.70597150638  4.62514577086e-24
5.84803547643  5.24642418657e-24
5.99363647282  5.91085644789e-24
6.1428625584  7.14363244011e-24
6.29580398853  8.46322639342e-24
6.4525532657  9.81567483183e-24
6.6132051955  1.12017957473e-23
6.77785694388  1.26224274975e-23
6.94660809603  1.40784293134e-23
7.11956071652  1.60811821656e-23
7.29681941106  1.8367447082e-23
7.47849138981  2.07106340966e-23
7.66468653214  2.31121604228e-23
7.85551745316  2.55734785591e-23
8.0510995718  2.82409291233e-23
8.25155118063  3.13945541043e-23
8.45699351738  3.46266962115e-23
8.66755083831  3.79393103188e-23
8.88335049333  4.13343999714e-23
9.10452300303  4.48445079575e-23
9.33120213764  4.84768824142e-23
9.5635249979  5.21996936239e-23
9.80163209803  5.60151932284e-23
10.0456674507  5.98545289129e-23
10.295778654  6.34845568467e-23
10.5521169811  6.72030800841e-23
10.8148374712  7.10141849569e-23
11.0840990237  7.4728849548e-23
11.3600644943  7.81042632482e-23
11.6429007931  8.15637160415e-23
11.9327789861  8.51088127842e-23
12.2298743982  8.81885907412e-23
12.5343667197  9.11783399471e-23
12.8464401144  9.42425261951e-23
13.1662833315  9.70680455174e-23
13.4940898196  9.96658135937e-23
13.8300578436  1.02328259393e-22
14.1743906047  1.04861379283e-22
14.5272963631  1.07262197158e-22
14.8889885645  1.09722789204e-22
15.2596859686  1.12072991219e-22
15.6396127818  1.14406501706e-22
16.0289987924  1.16772709766e-22
16.4280795102  1.18988992009e-22
16.8370963082  1.2125249097e-22
17.2562965694  1.23392937616e-22
17.6859338356  1.25469804161e-22
18.1262679613  1.27508097732e-22
18.5775652707  1.2936699135e-22
19.0400987189  1.31239368703e-22
19.5141480567  1.32908574791e-22
20  1.34611e-22

