0.2 20 151
151
0.2  0
0.206235454919  5.17264241258e-38
0.212665314327  1.0506553718e-37
0.219295639229  1.60067618409e-37
0.22613267959  2.16784514628e-37
0.233182880236  2.75269689093e-37
0.240452886923  3.35578271903e-37
0.247949552606  3.9776711196e-37
0.255679943893  4.61894830559e-37
0.263651347711  5.28021876651e-37
0.271871278176  5.96210583816e-37
0.280347483669  6.66525229029e-37
0.289087954149  7.39032093243e-37
0.298100928677  8.13799523873e-37
0.307394903187  8.90897999218e-37
0.316978638492  9.704001949e-37
0.326861168545  1.05238105237e-36
0.33705180895  1.13691784954e-36
0.34756016575  1.22409027365e-36
0.358396144475  1.31398049636e-36
0.369569959484  1.40667325124e-36
0.381092143593  1.50225591358e-36
0.392973557999  1.60081858283e-36
0.405225402524  1.70245416749e-36
0.417859226171  1.80725847267e-36
0.430886938006  1.91533029046e-36
0.444320818391  2.02677149299e-36
0.458173530554  2.14168712849e-36
0.472458132527  2.26018552031e-36
0.487188089458  2.38237836904e-36
0.502377286302  9.70222726217e-33
0.518040040906  6.90405530148e-32
0.534191117512  1.3084967373e-31
0.550845740668  1.94585834375e-31
0.568019609583  2.60309114802e-31
0.585728912925  3.28081467989e-31
0.60399034408  3.97966778442e-31
0.622821116889  4.70030922409e-31
0.642238981873  5.4434182998e-31
0.662262242965  6.20969549122e-31
0.682909774767  6.99986311705e-31
0.704201040337  7.81466601593e-31
0.72615610954  8.65487224852e-31
0.748795677965  9.52127382155e-31
0.772141086431  1.04146874343e-30
0.796214341107  1.13359552486e-30
0.821038134255  1.22859456825e-30
0.846635865618  1.32655542291e-30
0.87303166448  1.42757043003e-30
0.900250412412  1.53173480976e-30
0.928317766723  1.63914675097e-30
0.957260184645  1.74990750376e-30
0.987104948279  1.86412147495e-30
1.0178801903  2.95815281231e-28
1.0496149205  8.17448134414e-28
1.08233905309  1.3553440783e-27
1.11608343495  1.91001015173e-27
1.15087987467  2.48196920163e-27
1.18676117255  3.07176037589e-27
1.2237611515  3.67993963155e-27
1.26191468896  4.30708025886e-27
1.30125774973  4.95377342171e-27
1.34182741991  5.62062871488e-27
1.38366194184  6.30827473865e-27
1.42680075014  7.01735969131e-27
1.47128450892  7.74855198026e-27
1.51715515006  8.50254085197e-27
1.56445591277  9.28003704179e-27
1.61323138435  1.00817734438e-26
1.66352754221  1.09085058018e-26
1.71539179718  1.17610134215e-26
1.76887303828  1.26400999054e-26
1.82402167871  1.35465939099e-26
1.88088970345  1.4481349927e-26
1.93953071822  1.54452490891e-26
2  1.86905154965e-26
2.06235454919  5.31320400059e-26
2.12665314327  9.09688627602e-26
2.19295639229  1.29985334527e-25
2.2613267959  1.70218233548e-25
2.33182880236  2.1170548471e-25
2.40452886923  2.54486195293e-25
2.47949552606  2.98600691837e-25
2.55679943893  3.44090558153e-25
2.63651347711  3.90998674523e-25
2.71871278176  4.39369258118e-25
2.80347483669  4.89247904679e-25
2.89087954149  5.40681631501e-25
2.98100928677  5.94337188125e-25
3.07394903187  8.62881263276e-25
3.16978638492  1.19723056068e-24
3.26861168545  1.54200395794e-24
3.3705180895  1.89752645008e-24
3.4756016575  2.26413316458e-24
3.58396144475  2.64216967729e-24
3.69569959484  3.03199233816e-24
3.81092143593  3.43396860717e-24
3.92973557999  3.8484774007e-24
4.05225402524  4.57027069572e-24
4.17859226171  5.72272682538e-24
4.30886938006  6.91111339625e-24
4.44320818391  8.13655062156e-24
4.58173530554  9.40019363974e-24
4.72458132527  1.07032336033e-23
4.87188089458  1.20468988016e-23
5.02377286302  1.35780408175e-23
5.18040040906  1.58974144411e-23
5.34191117512  1.82984173382e-23
5.50845740668  2.07742769619e-23
5.68019609583  2.3327327141e-23
5.85728912925  2.59599744665e-23
6.0399034408  2.87609965669e-23
6.22821116889  3.19638284052e-23
6.42238981873  3.52671955962e-23
6.62262242965  3.86735527732e-23
6.82909774767  4.21861108833e-23
7.04201040337  4.57677607503e-23
7.2615610954  4.92962924526e-23
7.48795677965  5.29340432106e-23
7.72141086431  5.66852091229e-23
7.96214341107  6.05466078806e-23
8.21038134255  6.39669589465e-23
8.46635865618  6.73803114731e-23
8.7303166448  7.09000830286e-23
9.00250412412  7.44602835008e-23
9.28317766723  7.72388040248e-23
9.57260184645  8.00419061431e-23
9.87104948279  8.29324013458e-23
10.178801903  8.54049683718e-23
10.496149205  8.75768012757e-23
10.8233905309  8.98163460104e-23
11.1608343495  9.1898869663e-23
11.5087987467  9.37894611427e-23
11.8676117255  9.57389961121e-23
12.237611515  9.76172976869e-23
12.6191468896  9.94783127834e-23
13.0125774973  1.01385123489e-22
13.4182741991  1.03217815622e-22
13.8366194184  1.05099950763e-22
14.2680075014  1.06912122148e-22
14.7128450892  1.08699924413e-22
15.1715515006  1.10451342325e-22
15.6445591277  1.12098354883e-22
16.1323138435  1.13731750706e-22
16.6352754221  1.15236108787e-22
17.1539179718  1.16722877024e-22
17.6887303828  1.18098414544e-22
18.2402167871  1.19423633463e-22
18.8088970345  1.20665631123e-22
19.3953071822  1.21795343542e-22
20  1.22885e-22

