0.5 20 151
151
0.5  0
0.512448710082  2.04974982783e-42
0.52520736093  4.15053313836e-42
0.538283669269  6.30362053364e-42
0.55168554395  8.51031425046e-42
0.565421090737  1.07719489479e-41
0.579498617203  1.30898925147e-41
0.59392663776  1.54655468964e-41
0.608713878807  1.79003489434e-41
0.623869284008  2.03957712799e-41
0.6394020197  2.29533231949e-41
0.655321480438  2.55745515545e-41
0.67163729468  2.82610417379e-41
0.688359330604  3.10144185962e-41
0.705497702082  3.38363474349e-41
0.723062774796  3.67285350217e-41
0.741065172505  3.9692730618e-41
0.759515783475  4.27307270375e-41
0.778425767058  4.58443617303e-41
0.797806560447  4.90355178943e-41
0.817669885593  5.23061256142e-41
0.83802775629  5.56581630286e-41
0.858892485448  5.90936575269e-41
0.880276692535  6.26146869753e-41
0.90219331121  6.62233809732e-41
0.924655597149  6.99219221419e-41
0.947677136058  7.3712547444e-41
0.971271851895  7.75975495369e-41
0.995454015286  1.1640502786e-36
1.02023825216  2.01216474165e-34
1.04563955259  4.53765853463e-34
1.07167327987  7.1260306077e-34
1.0983551798  9.77884646782e-34
1.1257013902  1.2497710599e-33
1.15372845069  1.52842674329e-33
1.18245331269  1.8140202343e-33
1.21189334964  2.10672426646e-33
1.24206636756  2.40671587389e-33
1.27299061578  2.71417649842e-33
1.30468479801  3.0292920993e-33
1.33716808361  3.35225326569e-33
1.37046011922  3.68325533194e-33
1.40458104063  4.02249849571e-33
1.43955148495  4.37018793907e-33
1.47539260312  4.72653395258e-33
1.51212607267  5.09175206252e-33
1.54977411084  5.46606316119e-33
1.58835948804  5.84969364056e-33
1.62790554158  6.24287552916e-33
1.66843618984  6.64584663244e-33
1.70997594668  7.0588506766e-33
1.75254993629  7.48213745597e-33
1.79618390842  7.91596298414e-33
1.84090425388  8.36058964876e-33
1.88673802057  8.81628637026e-33
1.93371292981  9.28332876451e-33
1.9818573931  9.76199930949e-33
2.03120052932  8.99973597229e-31
2.08177218234  2.3425885423e-30
2.13360293905  3.82112087779e-30
2.18672414789  5.33646485407e-30
2.24116793778  6.88953698602e-30
2.29696723759  8.48127660739e-30
2.35415579601  1.01126464389e-29
2.41276820199  1.17846331705e-29
2.47283990568  1.34982480584e-29
2.53440723981  1.5254527536e-29
2.59750744173  1.70545338418e-29
2.66217867588  1.88993556609e-29
2.72846005693  2.07901087839e-29
2.79639167337  2.27279367818e-29
2.86601461181  2.47140116976e-29
2.9373709818  2.67495347551e-29
3.01050394131  6.07958693854e-29
3.08545772284  2.69709236651e-28
3.16227766017  4.86505385974e-28
3.24101021575  7.08699200117e-28
3.32170300885  9.36425067008e-28
3.40440484432  1.16982072049e-27
3.48916574214  1.40902732362e-27
3.57603696765  1.65418955406e-27
3.66507106256  1.90545569155e-27
3.75632187674  2.16297770765e-27
3.84984460077  2.42691135758e-27
3.94569579937  2.69741627448e-27
4.04393344553  5.37391407498e-27
4.14461695564  1.11565033368e-26
4.2478072254  1.7083064153e-26
4.35356666667  2.3157181044e-26
4.46195924519  2.93825277754e-26
4.57305051927  3.57628695801e-26
4.68690767949  4.23020654354e-26
4.80359958925  4.90040703975e-26
4.92319682653  5.58729379931e-26
5.04577172647  8.19554523676e-26
5.1713984252  1.41435686724e-25
5.30015290463  2.02396825467e-25
5.43211303844  2.64875739295e-25
5.56735863914  3.28910216891e-25
5.70597150638  3.94538987782e-25
5.84803547643  4.61801745756e-25
5.99363647282  5.41667678467e-25
6.1428625584  8.41337745471e-25
6.29580398853  1.17062338219e-24
6.4525532657  1.50810738177e-24
6.6132051955  1.85399386228e-24
6.77785694388  2.20849202382e-24
6.94660809603  2.57181627504e-24
7.11956071652  3.41426587422e-24
7.29681941106  4.49283894327e-24
7.47849138981  5.59826569921e-24
7.66468653214  6.73121472955e-24
7.85551745316  7.89237126792e-24
8.0510995718  9.33197470245e-24
8.25155118063  1.15305459887e-23
8.45699351738  1.3783856028e-23
8.66755083831  1.60932676742e-23
8.88335049333  1.84601777124e-23
9.10452300303  2.11585520277e-23
9.33120213764  2.42358346195e-23
9.5635249979  2.7389733609e-23
9.80163209803  3.06221565468e-23
10.0456674507  3.39452918982e-23
10.295778654  3.73950115979e-23
10.5521169811  4.09308912139e-23
10.8148374712  4.45548051103e-23
11.0840990237  4.82415456517e-23
11.3600644943  5.19582486089e-23
11.6429007931  5.57674878813e-23
11.9327789861  5.96714889414e-23
12.2298743982  6.35836134525e-23
12.5343667197  6.75663151636e-23
12.8464401144  7.16481758725e-23
13.1662833315  7.57264868498e-23
13.4940898196  7.98067892712e-23
13.8300578436  8.39886806964e-23
14.1743906047  8.81045584434e-23
14.5272963631  9.21529909618e-23
14.8889885645  9.63022190056e-23
15.2596859686  1.00207183229e-22
15.6396127818  1.04057091806e-22
16.0289987924  1.07940550566e-22
16.4280795102  1.11408463127e-22
16.8370963082  1.14943186296e-22
17.2562965694  1.18232985709e-22
17.6859338356  1.21387812155e-22
18.1262679613  1.24501988684e-22
18.5775652707  1.27389840167e-22
19.0400987189  1.30313487325e-22
19.5141480567  1.3303495518e-22
20  1.35815e-22

