1 20000 251
251
1  0
1.04040904696  3.14797076607e-36
1.082450985  6.42314803066e-36
1.12619179768  9.83067208713e-36
1.17170013492  1.33758909432e-35
1.21904742069  1.70643687146e-35
1.26830796516  2.09018943574e-35
1.31955908129  2.48944907541e-35
1.37288120617  2.90484241661e-35
1.4283580273  3.33702140684e-35
1.4860766139  3.78666433818e-35
1.54612755358  4.25447691185e-35
1.6086050945  4.74119334578e-35
1.6736072933  5.24757752694e-35
1.74123616901  5.77442421026e-35
1.81159786313  6.32256026595e-35
1.88480280626  6.89284597725e-35
1.96096589137  7.48617639064e-35
2.04020665416  3.76203969792e-32
2.12264946065  1.14600405948e-31
2.20842370239  1.94691103713e-31
2.29766399949  2.78018190246e-31
2.39051041194  3.64712444932e-31
2.48710865943  4.54909931826e-31
2.58761035005  5.48752213205e-31
2.6921732182  6.46386571738e-31
2.8009613722  7.4796624165e-31
2.91414555182  8.53650649213e-31
3.03190339627  7.96985113972e-30
3.15441972299  3.49898318158e-29
3.28188681771  6.310166416e-29
3.41450473624  9.23494688574e-29
3.55248161847  1.22779149468e-28
3.69603401502  1.54438464472e-28
3.8453872271  1.87377102223e-28
4.00077566014  2.27813655008e-28
4.16244319166  1.54880794213e-27
4.33064355406  2.92318234944e-27
4.50564073281  4.35309391671e-27
4.68770938077  5.84078684766e-27
4.87713524927  7.38859603211e-27
5.07421563659  1.61036381142e-26
5.27925985453  3.74080163997e-26
5.49258971391  5.95732843079e-26
5.71454002959  8.26342295678e-26
5.945459146  1.06627045648e-25
6.18570948383  2.33153996238e-25
6.43566810884  3.95827538102e-25
6.69572732367  5.65074562758e-25
6.96629528353  7.41160698381e-25
7.24779663678  1.35387517155e-24
7.54067319143  2.05213093388e-24
7.84538460853  2.7786025461e-24
8.1624091236  4.04887207833e-24
8.49224429718  5.88001723359e-24
8.83540779578  7.7851572194e-24
9.19243820431  1.04391766924e-23
9.56389587139  1.37983352391e-23
9.95036378878  1.72932341813e-23
10.3524485064  2.19228303062e-23
10.7707810842  2.68850708693e-23
11.2060180829  3.24627663189e-23
11.6588425938  3.87461701612e-23
12.1299653117  4.54063826994e-23
12.6201256496  5.26713819069e-23
13.1300928996  6.01824338911e-23
13.6606674402  6.78526369497e-23
14.2126819923  7.55559514473e-23
14.7870029263  8.31110145289e-23
15.384531622  9.03429195676e-23
16.0062058827  9.7495346954e-23
16.6530014079  1.03952621011e-22
17.3259333238  1.10279355675e-22
18.0260577771  1.16442782256e-22
18.7544735924  1.23249514924e-22
19.5123239965  1.30331301172e-22
20.3007984131  1.37699255654e-22
21.1211343295  1.45364942153e-22
21.9746192385  1.53340391739e-22
22.8625926593  1.61638121642e-22
23.7864482397  1.70271154901e-22
24.7476359436  1.74974340979e-22
25.7476643266  1.78165117276e-22
26.7881029035  1.81333499493e-22
27.8705846117  1.83833223648e-22
28.996808374  1.8623221224e-22
30.1685417653  1.88563289497e-22
31.3876237862  1.89967682263e-22
32.6559677498  1.91428825202e-22
33.9755642841  1.93256465206e-22
35.3484844568  1.94421250218e-22
36.7768830251  1.93034886375e-22
38.2630018183  1.91592500889e-22
39.8091732557  1.90091829981e-22
41.4178240072  1.8903196097e-22
43.0914788025  1.87999480659e-22
44.832764393  1.86925278801e-22
46.6444136747  1.85833500456e-22
48.5292699773  1.84700337533e-22
50.4902915267  1.83430832913e-22
52.5305560881  1.8182742429e-22
54.6532657959  1.80159223452e-22
56.8617521799  1.79039965127e-22
59.159481394  1.77994907254e-22
61.5500596558  1.76596991111e-22
64.0372389068  1.74967342045e-22
66.624922701  1.73710785011e-22
69.3171723311  1.72674034172e-22
72.118213203  1.7208440371e-22
75.032441467  1.71634955694e-22
78.0644309178  1.71167345913e-22
81.2189401726  1.70614985369e-22
84.5009201401  1.69931506743e-22
87.9155217902  1.69220409397e-22
91.4681042388  1.68571424577e-22
95.1642431583  1.68030416155e-22
99.009739529  1.67467546098e-22
103.010628743  1.67102265724e-22
107.173190077  1.667976261e-22
111.503956548  1.66480676279e-22
116.009725165  1.66150918819e-22
120.697567597  1.65866940174e-22
125.574841273  1.6592323898e-22
130.649200932  1.65981812768e-22
135.928610627  1.66042753466e-22
141.421356237  1.66188190931e-22
147.136058463  1.66583982845e-22
153.081686359  1.66782335245e-22
159.267571411  1.66782335245e-22
165.703422184  1.6665066502e-22
172.399339552  1.66496081874e-22
179.36583256  1.6633525217e-22
186.613834911  1.66167923491e-22
194.154722129  1.65993833219e-22
202.000329413  1.65811137035e-22
210.162970211  1.65616281778e-22
218.655455543  1.65413552606e-22
227.491114114  1.65202631342e-22
236.683813228  1.6498318695e-22
246.247980551  1.64754875019e-22
256.198626761  1.64655571326e-22
266.551369101  1.64639308901e-22
277.322455892  1.64622389328e-22
288.528792035  1.64604786051e-22
300.187965542  1.64590533492e-22
312.318275138  1.64833622175e-22
324.938758985  1.65086533839e-22
338.069224556  1.65349665423e-22
351.730279727  1.65642126103e-22
365.943365117  1.66080529855e-22
380.730787743  1.66536649084e-22
396.115756024  1.67011199658e-22
412.122416211  1.67350714518e-22
428.775890281  1.67652539849e-22
446.102315367  1.67966561653e-22
464.128884777  1.6829327278e-22
482.883890678  1.68633185991e-22
502.396768493  1.69104087837e-22
522.698143103  1.70465197165e-22
543.819876914  1.71881307623e-22
565.795119858  1.73354641755e-22
588.658361426  1.74887511915e-22
612.445484796  1.75897318844e-22
637.193823152  1.76393269993e-22
662.942218274  1.76909262054e-22
689.731081504  1.77446104863e-22
717.602457167  1.77950178375e-22
746.600088557  1.7844156474e-22
776.769486596  1.7895280756e-22
808.158001257  1.79503542923e-22
840.814895881  1.80132330509e-22
874.791424493  1.80786526801e-22
910.140912246  1.81350101086e-22
946.918839109  1.81633705607e-22
985.182926946  1.81928770317e-22
1024.99323011  1.82181746421e-22
1066.41222967  1.82411630529e-22
1109.50493154  1.82650804036e-22
1154.33896842  1.82899642316e-22
1200.98470601  1.83158535914e-22
1249.51535339  1.83427891156e-22
1300.00707798  1.83708130786e-22
1352.53912504  1.83999694632e-22
1407.19394206  1.84303040296e-22
1464.05730815  1.84618643869e-22
1523.21846867  1.84818133324e-22
1584.7702753  1.84818133324e-22
1648.80933177  1.84818133324e-22
1715.43614549  1.84818133324e-22
1784.75528525  1.84818133324e-22
1856.87554538  1.84818133324e-22
1931.9101165  1.84818133324e-22
2009.97676312  1.8478814351e-22
2091.19800853  1.8454399518e-22
2175.70132706  1.84289981048e-22
2263.61934415  1.84025702448e-22
2355.09004453  1.83750744601e-22
2450.25698873  1.83464675969e-22
2549.26953846  1.83167047577e-22
2652.28309095  1.82857392305e-22
2759.45932292  1.82535224158e-22
2870.96644429  1.82200037504e-22
2986.97946215  1.81851306276e-22
3107.68045551  1.81683641766e-22
3233.25886097  1.81533753923e-22
3363.91177012  1.81377809255e-22
3499.84423881  1.81215563012e-22
3641.26960901  1.81046760553e-22
3788.40984363  1.80871136947e-22
3941.49587491  1.80688416559e-22
4100.76796681  1.80498312614e-22
4266.47609215  1.8030052675e-22
4438.88032492  1.80094748547e-22
4618.25124841  1.79880655044e-22
4804.87037999  1.79657910226e-22
4999.03061281  1.79426164502e-22
5201.0366756  1.79328236651e-22
5411.20561086  1.79227069946e-22
5629.8672725  1.7912181519e-22
5857.36484349  1.7901230719e-22
6094.05537452  1.78898374077e-22
6340.31034432  1.78779837034e-22
6596.51624277  1.78656510023e-22
6863.0751774  1.78528199485e-22
7140.40550453  1.78388271229e-22
7428.94248588  1.78236161765e-22
7729.13897165  1.78077905703e-22
8041.46611132  1.77913254664e-22
8366.41409304  1.77741950234e-22
8704.49291301  1.77563723554e-22
9056.2331759  1.77378294905e-22
9422.18692758  1.7718537326e-22
9802.92852161  1.76984655836e-22
10199.0555206  1.76864633277e-22
10611.1896341  1.76831234019e-22
11039.9776943  1.76796485128e-22
11486.0926714  1.76760332069e-22
11950.2347295  1.76722718098e-22
12433.1323259  1.76683584183e-22
12935.5433539  1.76642868903e-22
13458.2563327  1.76600508358e-22
14002.0916449  1.76556436064e-22
14567.9028237  1.7651058285e-22
15156.577893  1.76462876752e-22
15769.0407609  1.76413242895e-22
16406.2526695  1.76361603382e-22
17069.213704  1.76307877165e-22
17758.9643622  1.76251979923e-22
18476.5871871  1.76193823927e-22
19223.2084664  1.76133317902e-22
20000  1.76070366887e-22

