3 20 101
101
3  0
3.05745688936  5.74568893637e-44
3.11601421011  1.16014210106e-43
3.17569303801  1.75693038014e-43
3.23651485253  2.36514852527e-43
3.29850154446  2.98501544462e-43
3.3616754239  3.61675423898e-43
3.4260592282  4.260592282e-43
3.49167613021  4.9167613021e-43
3.55854974658  5.58549746579e-43
3.62670414627  6.26704146273e-43
3.69616385924  6.96163859236e-43
3.76695388521  7.66953885213e-43
3.83909970275  8.39099702753e-43
3.91262727838  9.12627278379e-43
3.98756307593  2.49637284465e-29
4.06393406609  2.62620777948e-27
4.1417677361  5.82336701193e-27
4.22109209963  9.08175918582e-27
4.30193570688  1.24025570526e-26
4.38432765487  1.58358749042e-26
4.46829759787  2.03972634209e-26
4.55387575811  2.52272888958e-26
4.64109293664  3.02978486991e-26
4.72998052444  3.54858224289e-26
4.82057051367  4.07731577696e-26
4.91289550923  4.61617577242e-26
5.00698874047  5.20533697156e-26
5.10288407317  6.13426393071e-26
5.20061602171  7.09339922897e-26
5.30021976151  8.07090417081e-26
5.40173114165  9.06713057708e-26
5.50518669785  1.00824370068e-25
5.61062366552  1.11171888863e-25
5.71807999326  1.21717586405e-25
5.82759435644  1.32465258273e-25
5.93920617117  1.44746281073e-25
6.05295560847  1.81191907037e-25
6.16888360871  2.44211765248e-25
6.28703189637  3.08438598467e-25
6.40744299507  3.98800883271e-25
6.53016024283  5.44883962641e-25
6.6552278077  6.93764868455e-25
6.78269070364  8.45497185513e-25
6.91259480676  1.00013552489e-24
7.04498687177  1.1843284562e-24
7.17991454885  1.42470614439e-24
7.31742640081  1.70160019064e-24
7.45757192053  2.09951149258e-24
7.60040154878  2.50527207247e-24
7.74596669241  2.91880389928e-24
7.89431974284  3.34058663466e-24
8.04551409486  3.93286285829e-24
8.19960416593  4.81710272163e-24
8.35664541573  5.71827780898e-24
8.51669436609  6.63671246875e-24
8.67980862141  7.57273726141e-24
8.84604688929  8.52668907838e-24
9.01546900177  9.61736523938e-24
9.18813593677  1.16037209158e-23
9.36410984009  1.36554951526e-23
9.54345404778  1.57465655779e-23
9.72623310891  1.78776848039e-23
9.91251280879  2.00496198571e-23
10.1023601927  2.26427330169e-23
10.29584359  2.56161510396e-23
10.4930326387  2.86465168458e-23
10.6939983105  3.17349211162e-23
10.8988129364  3.48824754208e-23
11.1075502328  3.81005102852e-23
11.3202853277  4.13899559862e-23
11.5370947883  4.47424021264e-23
11.7580566479  4.81652023688e-23
11.9832504345  5.16590004374e-23
12.2127571994  5.5231129722e-23
12.4466595458  5.88731960777e-23
12.6850416593  6.25869218796e-23
12.9279893377  6.63716128811e-23
13.175590022  7.02239033224e-23
13.4279328281  7.41479323704e-23
13.6851085784  7.8147115586e-23
13.9472098349  8.22220434303e-23
14.2143309324  8.6148255934e-23
14.4865680123  9.00914479359e-23
14.7640190574  9.41063137714e-23
15.0467839273  9.78948600689e-23
15.3349643938  1.01471516823e-22
15.628664178  1.05114295806e-22
15.9279889875  1.08826787805e-22
16.2330465545  1.12423195508e-22
16.5439466745  1.15932493905e-22
16.8608012457  1.19508853829e-22
17.1837243096  1.22944801743e-22
17.5128320918  1.26285245732e-22
17.8482430438  1.29689666894e-22
18.1900778857  1.32963510318e-22
18.5384596499  1.36140752007e-22
18.893513725  1.39378845172e-22
19.2553679009  1.42483425347e-22
19.6241524153  1.45438415252e-22
20  1.4845e-22

