0.2 20000 301
301
0.2  0
0.207824460767  7.45676327406e-40
0.215955032466  1.52052523065e-39
0.22440369086  2.32568800812e-39
0.233182880236  3.16235060841e-39
0.242305531726  4.03174537715e-39
0.251785082359  4.93515287219e-39
0.261635494852  5.87390374973e-39
0.271871278176  6.84938072433e-39
0.282507508925  7.86302060552e-39
0.293559853524  8.91631641411e-39
0.305044591308  1.00108195814e-38
0.316978638492  1.11481422341e-38
0.329379573097  1.23299595692e-38
0.342265660832  1.35580123211e-38
0.355655882008  1.48341093259e-38
0.369569959484  1.61601301855e-38
0.384028387728  1.7538028036e-38
0.399052462994  1.89698324249e-38
0.414664314697  2.04576523002e-38
0.430886938006  2.20036791166e-38
0.447744227714  2.36101900639e-38
0.465261013431  2.52795514206e-38
0.483463096161  2.70142220395e-38
0.502377286302  4.9455155079e-34
0.522031443137  4.58300813169e-33
0.542454515866  8.83141455316e-33
0.563676586253  1.32460284215e-32
0.585728912925  1.78333521549e-32
0.608643977422  2.26001425611e-32
0.632455532034  2.755342079e-32
0.65719864952  3.27004826747e-32
0.682909774767  3.80489094783e-32
0.709626778467  4.36065790604e-32
0.737389012904  4.93816774805e-32
0.766237369911  5.53827110556e-32
0.796214341107  6.16185188896e-32
0.827364080478  6.80982858924e-32
0.859732469416  7.48315563086e-32
0.893367184302  8.18282477758e-32
0.928317766723  8.90986659324e-32
0.964635696448  9.66535195972e-32
1.00237446725  5.37234969941e-30
1.04158966572  9.23809140397e-29
1.08233905309  1.8279345387e-28
1.12468265038  2.76743140555e-28
1.16868282675  3.74368355427e-28
1.21440439138  4.75812893617e-28
1.26191468896  5.81226175853e-28
1.31128369884  6.90763468545e-28
1.36258413812  8.04586112482e-28
1.41589156877  9.22861760479e-28
1.47128450892  1.04576462431e-27
1.52884454851  1.17347573133e-27
1.58865646945  1.30618319108e-27
1.65080837054  1.44408247239e-27
1.71539179718  1.58737669128e-27
1.78250187627  1.73627691014e-27
1.85223745626  1.8910024486e-27
1.9247012528  2.05178120659e-27
2  2.21885e-27
2.07824460767  6.93874078504e-27
2.15955032466  1.18432845714e-26
2.2440369086  1.693970541e-26
2.33182880236  2.22355099731e-26
2.42305531726  2.77384986114e-26
2.51785082359  3.34567768432e-26
2.61635494852  3.93987672934e-26
2.71871278176  4.55732220993e-26
2.82507508925  5.19892358022e-26
2.93559853524  5.86562587426e-26
3.05044591308  8.34960750185e-26
3.16978638492  1.33069498386e-25
3.29379573097  1.84582348285e-25
3.42265660832  2.38110499549e-25
3.55655882008  2.9373279541e-25
3.69569959484  3.51531163631e-25
3.84028387728  4.11590737173e-25
3.99052462994  4.73999979601e-25
4.14664314697  1.31825329047e-24
4.30886938006  2.2478671964e-24
4.47744227714  3.21384974e-24
4.65261013431  4.21762374618e-24
4.83463096161  5.26066770401e-24
5.02377286302  6.50315316584e-24
5.22031443137  8.94091896938e-24
5.42454515866  1.14740557874e-23
5.63676586253  1.41062947536e-23
5.85728912925  1.68415129724e-23
6.08643977422  2.00990383467e-23
6.32455532034  2.41964830413e-23
6.5719864952  2.84542292121e-23
6.82909774767  3.28785482223e-23
7.09626778467  3.74912441093e-23
7.37389012904  4.2312600315e-23
7.66237369911  4.7322579083e-23
7.96214341107  5.25285597627e-23
8.27364080478  5.70233744617e-23
8.59732469416  6.15625231161e-23
8.93367184302  6.62792537234e-23
9.28317766723  7.01786311119e-23
9.64635696448  7.39867113153e-23
10.0237446725  7.78814499849e-23
10.4158966572  8.09640430121e-23
10.8233905309  8.41672341804e-23
11.2468265038  8.71951266312e-23
11.6868282675  9.01179659469e-23
12.1440439138  9.30781360704e-23
12.6191468896  9.59801173079e-23
13.1128369884  9.89322705113e-23
13.6258413812  1.01777695546e-22
14.1589156877  1.04615795301e-22
14.7128450892  1.07274656428e-22
15.2884454851  1.09814858414e-22
15.8865646945  1.12224082589e-22
16.5080837054  1.14391209752e-22
17.1539179718  1.16482741778e-22
17.8250187627  1.18382628117e-22
18.5223745626  1.21027349097e-22
19.247012528  1.24008926051e-22
20  1.27107149164e-22
20.7824460767  1.30326581903e-22
21.5955032466  1.33671966267e-22
22.440369086  1.37148229776e-22
23.3182880236  1.40760492721e-22
24.2305531726  1.43942635473e-22
25.1785082359  1.45044366802e-22
26.1635494852  1.44177495095e-22
27.1871278176  1.43135245039e-22
28.2507508925  1.41395143889e-22
29.3559853524  1.39586965973e-22
30.5044591308  1.37383407507e-22
31.6978638492  1.34662976256e-22
32.9379573097  1.31836115467e-22
34.2265660832  1.29535841282e-22
35.5655882008  1.27848932618e-22
36.9569959484  1.27047898583e-22
38.4028387728  1.25850262515e-22
39.9052462994  1.24594136938e-22
41.4664314697  1.23124361562e-22
43.0886938006  1.21586039667e-22
44.7744227714  1.19987535076e-22
46.5261013431  1.18347779742e-22
48.3463096161  1.16647142904e-22
50.2377286302  1.14918499285e-22
52.2031443137  1.13400707051e-22
54.2454515866  1.11823535288e-22
56.3676586253  1.10277964286e-22
58.5728912925  1.08725417075e-22
60.8643977422  1.07378211783e-22
63.2455532034  1.06434783283e-22
65.719864952  1.05454445685e-22
68.2909774767  1.04435755023e-22
70.9626778467  1.03455581931e-22
73.7389012904  1.02581635943e-22
76.6237369911  1.01673499174e-22
79.6214341107  1.00729834003e-22
82.7364080478  1.00091906965e-22
85.9732469416  9.94782818253e-23
89.3367184302  9.88406502566e-23
92.8317766723  9.82970744112e-23
96.4635696448  9.77611965535e-23
100.237446725  9.72344004502e-23
104.158966572  9.71520023364e-23
108.233905309  9.70663806184e-23
112.468265038  9.69774091816e-23
116.868282675  9.68849569772e-23
121.440439138  9.67586216387e-23
126.191468896  9.65589664507e-23
131.128369884  9.63515002918e-23
136.258413812  9.61359175788e-23
141.589156877  9.59571207334e-23
147.128450892  9.58819622322e-23
152.884454851  9.58038633573e-23
158.865646945  9.57227090745e-23
165.080837054  9.56728488714e-23
171.539179718  9.5629034682e-23
178.250187627  9.55835063805e-23
185.223745626  9.54938691728e-23
192.47012528  9.53859918132e-23
200  9.52738940427e-23
207.824460767  9.52348214192e-23
215.955032466  9.51942201846e-23
224.40369086  9.51520305361e-23
233.182880236  9.51081903314e-23
242.305531726  9.50626349969e-23
251.785082359  9.50387437719e-23
261.635494852  9.5118935461e-23
271.871278176  9.52022644337e-23
282.507508925  9.52888534278e-23
293.559853524  9.53788299828e-23
305.044591308  9.54367345762e-23
316.978638492  9.54496885028e-23
329.379573097  9.54631492168e-23
342.265660832  9.5477136545e-23
355.655882008  9.55521885397e-23
369.569959484  9.57161711391e-23
384.028387728  9.58865691156e-23
399.052462994  9.60636334535e-23
414.664314697  9.67200567329e-23
430.886938006  9.74338813143e-23
447.744227714  9.81756323578e-23
465.261013431  9.89464024111e-23
483.463096161  9.97473267646e-23
502.377286302  1.00528895469e-22
522.031443137  1.00974638202e-22
542.454515866  1.01437819418e-22
563.676586253  1.0191912135e-22
585.728912925  1.02419252923e-22
608.643977422  1.02874609047e-22
632.455532034  1.03237396559e-22
657.19864952  1.03614377155e-22
682.909774767  1.040061061e-22
709.626778467  1.04351208054e-22
737.389012904  1.04595525696e-22
766.237369911  1.04849401607e-22
796.214341107  1.05113209729e-22
827.364080478  1.05424466888e-22
859.732469416  1.0575323857e-22
893.367184302  1.06094872558e-22
928.317766723  1.06371267873e-22
964.635696448  1.06639344811e-22
1002.37446725  1.06911348023e-22
1041.58966572  1.07092445051e-22
1082.33905309  1.07280627012e-22
1124.68265038  1.07476171085e-22
1168.68282675  1.07679365292e-22
1214.40439138  1.07890508925e-22
1261.91468896  1.08109912983e-22
1311.28369884  1.08337900634e-22
1362.58413812  1.08574807686e-22
1415.89156877  1.08820983089e-22
1471.28450892  1.0907678944e-22
1528.84454851  1.09252339567e-22
1588.65646945  1.09341381992e-22
1650.80837054  1.0943390796e-22
1715.39179718  1.09530053758e-22
1782.50187627  1.09629961002e-22
1852.23745626  1.09733776846e-22
1924.7012528  1.09841654206e-22
2000  1.09953751976e-22
2078.24460767  1.09833022115e-22
2159.55032466  1.09707569023e-22
2244.0369086  1.09577207917e-22
2331.82880236  1.09441746784e-22
2423.05531726  1.09300986099e-22
2517.85082359  1.09154718533e-22
2616.35494852  1.09002728642e-22
2718.71278176  1.08844792556e-22
2825.07508925  1.08680677647e-22
2935.59853524  1.08510142185e-22
3050.44591308  1.08316507881e-22
3169.78638492  1.08093506145e-22
3293.79573097  1.07861780067e-22
3422.65660832  1.07620988331e-22
3556.55882008  1.07370776268e-22
3695.69959484  1.07110775332e-22
3840.28387728  1.0684060256e-22
3990.52462994  1.06559860008e-22
4146.64314697  1.06268134159e-22
4308.86938006  1.05964995324e-22
4477.44227714  1.05649996999e-22
4652.61013431  1.05322675214e-22
4834.63096161  1.04982547846e-22
5023.77286302  1.04655426408e-22
5220.31443137  1.04505703242e-22
5424.54515866  1.04350122562e-22
5636.76586253  1.04188455206e-22
5857.28912925  1.04020463052e-22
6086.43977422  1.03845898657e-22
6324.55532034  1.03664504901e-22
6571.9864952  1.03476014603e-22
6829.09774767  1.0328015013e-22
7096.26778467  1.03124953983e-22
7373.89012904  1.03052843974e-22
7662.37369911  1.02977912857e-22
7962.14341107  1.02900050261e-22
8273.64080478  1.02819141501e-22
8597.32469416  1.02735067404e-22
8933.67184302  1.02647704135e-22
9283.17766723  1.02556923013e-22
9646.35696448  1.02462590325e-22
10023.7446725  1.02368516113e-22
10415.8966572  1.02331877003e-22
10823.3905309  1.02293804486e-22
11246.8265038  1.02254242485e-22
11686.8282675  1.02213132728e-22
12144.0439138  1.02170414662e-22
12619.1468896  1.02126025367e-22
13112.8369884  1.0207989946e-22
13625.8413812  1.02031969002e-22
14158.9156877  1.01982163393e-22
14712.8450892  1.01930409275e-22
15288.4454851  1.01876630416e-22
15886.5646945  1.01820747604e-22
16508.0837054  1.01762678528e-22
17153.9179718  1.01702337656e-22
17825.0187627  1.0163963611e-22
18522.3745626  1.01574481536e-22
19247.012528  1.01506777964e-22
20000  1.01436425672e-22

