0.5 20 151
151
0.5  0
0.512448710082  4.9477149248e-37
0.52520736093  1.00186151869e-36
0.538283669269  1.52157677835e-36
0.55168554395  2.05423160719e-36
0.565421090737  2.60014816711e-36
0.579498617203  3.159656641e-36
0.59392663776  3.73309543245e-36
0.608713878807  4.32081137042e-36
0.623869284008  4.92315991905e-36
0.6394020197  5.54050539257e-36
0.655321480438  6.17322117573e-36
0.67163729468  6.82168994959e-36
0.688359330604  7.48630392298e-36
0.705497702082  8.16746506971e-36
0.723062774796  8.86558537171e-36
0.741065172505  9.5810870682e-36
0.759515783475  1.0314402911e-35
0.778425767058  1.10659764265e-35
0.797806560447  1.18362621837e-35
0.817669885593  1.26257260689e-35
0.83802775629  1.34348455682e-35
0.858892485448  1.42641100556e-35
0.880276692535  1.51140210894e-35
0.90219331121  1.59850927154e-35
0.924655597149  1.68778517776e-35
0.947677136058  1.77928382372e-35
0.971271851895  1.87306054992e-35
0.995454015286  1.81588840716e-33
1.02023825216  3.10530925446e-31
1.04563955259  7.0025749293e-31
1.07167327987  1.09968724651e-30
1.0983551798  1.5090617705e-30
1.1257013902  1.92862866401e-30
1.15372845069  2.35864169076e-30
1.18245331269  2.79936093251e-30
1.21189334964  3.2510529464e-30
1.24206636756  3.71399092614e-30
1.27299061578  4.18845486728e-30
1.30468479801  4.67473173651e-30
1.33716808361  5.17311564527e-30
1.37046011922  5.68390802761e-30
1.40458104063  6.20741782251e-30
1.43955148495  6.74396166073e-30
1.47539260312  7.29386405633e-30
1.51212607267  7.85745760293e-30
1.54977411084  8.43508317485e-30
1.58835948804  9.02709013334e-30
1.62790554158  9.63383653781e-30
1.66843618984  1.02556893625e-29
1.70997594668  1.08930247181e-29
1.75254993629  1.154622808e-29
1.79618390842  1.22156945204e-29
1.84090425388  1.2901828948e-29
1.88673802057  1.36050463528e-29
1.93371292981  1.43257720567e-29
1.9818573931  1.50644419714e-29
2.03120052932  9.3649177117e-29
2.08177218234  2.20572758826e-28
2.13360293905  3.50656410277e-28
2.18672414789  4.83978809055e-28
2.24116793778  6.20620591613e-28
2.29696723759  7.60664402043e-28
2.35415579601  9.04194942063e-28
2.41276820199  1.05129902224e-27
2.47283990568  1.20206561452e-27
2.53440723981  1.35658590599e-27
2.59750744173  1.51495335407e-27
2.66217867588  1.67726374306e-27
2.72846005693  1.84361524199e-27
2.79639167337  2.01410846409e-27
2.86601461181  2.18884652758e-27
2.9373709818  2.36793511805e-27
3.01050394131  2.8449164223e-27
3.08545772284  4.93148812528e-27
3.16227766017  7.09462847606e-27
3.24101021575  9.31162544104e-27
3.32170300885  1.1583819911e-26
3.40440484432  1.39125861613e-26
3.48916574214  1.62993326834e-26
3.57603696765  1.87455030365e-26
3.66507106256  2.12525767207e-26
3.75632187674  2.38220700718e-26
3.84984460077  2.64555371785e-26
3.94569579937  2.91545708222e-26
4.04393344553  3.94591992568e-26
4.14461695564  5.9570257189e-26
4.2478072254  8.01820285805e-26
4.35356666667  1.01306979905e-25
4.46195924519  1.22957888018e-25
4.57305051927  1.45147847887e-25
4.68690767949  1.67890280511e-25
4.80359958925  1.91198941036e-25
4.92319682653  2.15087927075e-25
5.04577172647  2.92593000649e-25
5.1713984252  4.6321051462e-25
5.30015290463  6.38075964524e-25
5.43211303844  8.17295113007e-25
5.56735863914  1.00097635593e-24
5.70597150638  1.18923078794e-24
5.84803547643  1.38217226963e-24
5.99363647282  1.61037780333e-24
6.1428625584  2.45136842107e-24
6.29580398853  3.37504748244e-24
6.4525532657  4.32172376949e-24
6.6132051955  5.29196985383e-24
6.77785694388  6.28637256259e-24
6.94660809603  7.30553333341e-24
7.11956071652  9.74726467622e-24
7.29681941106  1.2889265439e-23
7.47849138981  1.61094939149e-23
7.66468653214  1.94098977722e-23
7.85551745316  2.27924731711e-23
8.0510995718  2.62278392233e-23
8.25155118063  2.96576664761e-23
8.45699351738  3.31728875791e-23
8.66755083831  3.67756286189e-23
8.88335049333  4.04680686161e-23
9.10452300303  4.38172279634e-23
9.33120213764  4.67519747154e-23
9.5635249979  4.97597890903e-23
9.80163209803  5.28424902835e-23
10.0456674507  5.59378327176e-23
10.295778654  5.88355506128e-23
10.5521169811  6.18037177358e-23
10.8148374712  6.48457845628e-23
11.0840990237  6.79018286827e-23
11.3600644943  7.08945914211e-23
11.6429007931  7.39618662308e-23
11.9327789861  7.7105320847e-23
12.2298743982  8.0114210382e-23
12.5343667197  8.31339216323e-23
12.8464401144  8.62288159024e-23
13.1662833315  8.91527368382e-23
13.4940898196  9.19147031844e-23
13.8300578436  9.47454353672e-23
14.1743906047  9.735316353e-23
14.5272963631  9.97327011876e-23
14.8889885645  1.02171483194e-22
15.2596859686  1.04324122032e-22
15.6396127818  1.06378386311e-22
16.0289987924  1.0844916279e-22
16.4280795102  1.10286747998e-22
16.8370963082  1.12159226899e-22
17.2562965694  1.13958635197e-22
17.6859338356  1.15724873998e-22
18.1262679613  1.17493419162e-22
18.5775652707  1.19199774289e-22
19.0400987189  1.20931547672e-22
19.5141480567  1.22576466424e-22
20  1.24258e-22

