4 20000 251
251
4  0
4.13862304168  8.81899751729e-28
4.28205017028  1.83664806725e-27
4.43044787508  2.85124001531e-27
4.58398841519  4.28515642896e-27
4.74285001948  5.87477608623e-27
4.90721709346  9.65687522215e-27
5.07728043337  2.09001979744e-26
5.25323744766  4.08455392409e-26
5.43529238607  6.45821051682e-26
5.62365657681  9.15885161281e-26
5.81854867182  1.21986697562e-25
6.02019490058  1.67170049116e-25
6.22882933273  3.12985252044e-25
6.44469414978  4.96449603326e-25
6.66803992621  7.22850389898e-25
6.89912592036  1.01579298033e-24
7.13822037536  1.4519606747e-24
7.38560083051  2.01150483974e-24
7.64155444345  2.63188820155e-24
7.90637832347  3.34455203017e-24
8.18037987644  4.38805489149e-24
8.46387716158  5.87604976666e-24
8.75719926071  7.64627180207e-24
9.06068666023  9.85264694013e-24
9.37469164637  1.34194227639e-23
9.69957871407  1.71928631322e-23
10.0357249902  2.12735510715e-23
10.3835206711  2.64733473386e-23
10.7433694757  3.18577206524e-23
11.1156891144  3.74392556616e-23
11.5009117732  4.32382111636e-23
11.8994846163  4.92461930235e-23
12.3118703042  5.54819655867e-23
12.7385475318  6.19404620459e-23
13.1800115832  6.86264133889e-23
13.6367749069  7.55409717488e-23
14.109367711  8.27168916023e-23
14.5983385781  9.0204918932e-23
15.1042551023  9.74393252312e-23
15.6277045485  1.03363172768e-22
16.1692945332  1.07719407205e-22
16.7296537307  1.10901062198e-22
17.3094326023  1.14133163062e-22
17.9093041516  1.1746035281e-22
18.5299647055  1.22704637537e-22
19.1721347229  1.28449670188e-22
19.8365596306  1.34393801314e-22
20.5240106887  1.40543930825e-22
21.235285886  1.4690719775e-22
21.9712108661  1.5349098853e-22
22.732639886  1.60302945585e-22
23.5204568076  1.67350976192e-22
24.3355761237  1.72963339372e-22
25.1789440195  1.76083075234e-22
26.0515394711  1.78529914389e-22
26.9543753815  1.81061550616e-22
27.888499757  1.83756586915e-22
28.8549969231  1.86549041772e-22
29.8549887833  1.89438271276e-22
30.8896361219  1.91337185393e-22
31.9601399508  1.93118005012e-22
33.0677429039  1.94972398298e-22
34.2137306796  1.97079386655e-22
35.3994335331  1.98060787159e-22
36.6262278206  1.96635020279e-22
37.8955375971  1.95159842364e-22
39.208836269  1.93633541036e-22
40.5676483051  1.92418499974e-22
41.9735510055  1.9168648416e-22
43.4281763331  1.90929099781e-22
44.9332128076  1.9014546767e-22
46.4904074655  1.89215011848e-22
48.1015678884  1.88246762121e-22
49.768564301  1.87244956964e-22
51.4933317418  1.85789386047e-22
53.2778723099  1.84216176806e-22
55.1242574883  1.82644477762e-22
57.0346305491  1.81821774859e-22
59.011209041  1.80970560561e-22
61.0562873636  1.79878249823e-22
63.1722394306  1.78543143764e-22
65.3615214255  1.77216010528e-22
67.6266746527  1.76126621727e-22
69.9703284874  1.74999479329e-22
72.3952034279  1.74673429755e-22
74.9041142534  1.74346849118e-22
77.4999732914  1.7400895058e-22
80.1857937984  1.73653766686e-22
82.9646934573  1.73208653973e-22
85.839897997  1.72748115541e-22
88.8147449364  1.72271616798e-22
91.8926874587  1.71759416716e-22
95.0772984195  1.71217033505e-22
98.3722744949  1.70655853591e-22
101.781440472  1.70226927514e-22
105.308753688  1.69926552446e-22
108.958308626  1.69615767651e-22
112.734341665  1.69294212373e-22
116.641236001  1.68961513353e-22
120.683526731  1.68687479295e-22
124.86590612  1.68760831021e-22
129.193229047  1.68836724807e-22
133.670518641  1.6891524875e-22
138.30297211  1.68996494e-22
143.095966777  1.69352044473e-22
148.055066318  1.69873888827e-22
153.186027225  1.70078553536e-22
158.494805484  1.70078553536e-22
163.987563491  1.69938683553e-22
169.670677203  1.69739339514e-22
175.550743543  1.69533087055e-22
181.634588052  1.6931968676e-22
187.92927282  1.69098890916e-22
194.442104674  1.68870443224e-22
201.180643669  1.68638818258e-22
208.152711857  1.68422251864e-22
215.36640237  1.68198180196e-22
222.830088813  1.67966343155e-22
230.552434985  1.67726471625e-22
238.542404936  1.67478287164e-22
246.809273372  1.67221501682e-22
255.362636419  1.67165448484e-22
264.212422767  1.67236504327e-22
273.36890519  1.67310022664e-22
282.842712475  1.67386088835e-22
292.644841755  1.67464791136e-22
302.786671278  1.67579669445e-22
313.279973616  1.67789872745e-22
324.136929326  1.680073608e-22
335.370141092  1.68232386069e-22
346.992648354  1.6846520976e-22
359.017942442  1.68760223482e-22
371.459982242  1.69084135296e-22
384.333210392  1.69419272521e-22
397.652570053  1.69766024181e-22
411.433522251  1.69993119202e-22
425.692063826  1.70200113428e-22
440.444746003  1.70414281197e-22
455.708693598  1.70635871112e-22
471.501624905  1.70865140395e-22
487.841872255  1.71102355179e-22
504.748403302  1.71614186582e-22
522.240843039  1.72849491925e-22
540.339496577  1.74127607715e-22
559.065372716  1.75450017579e-22
578.440208331  1.76818256563e-22
598.486493608  1.78233912909e-22
619.227498145  1.78725963732e-22
640.687297966  1.79155849443e-22
662.890803468  1.7960063317e-22
685.863788337  1.80060831215e-22
709.632919466  1.80541860662e-22
734.225787909  1.81046974469e-22
759.670940909  1.81569593378e-22
785.997915035  1.82110324043e-22
813.237270468  1.82716225922e-22
841.420626478  1.83393942379e-22
870.580698121  1.84095145616e-22
900.751334221  1.84807472476e-22
931.967556657  1.85010640594e-22
964.26560102  1.85220849658e-22
997.682958669  1.85438343677e-22
1032.25842026  1.85624655215e-22
1068.03212076  1.85814545984e-22
1105.04558606  1.86011017562e-22
1143.34178114  1.86214298012e-22
1182.96515999  1.86424623301e-22
1223.96171716  1.86642237572e-22
1266.37904119  1.86867393432e-22
1310.26636984  1.87100352239e-22
1355.67464724  1.87341384411e-22
1402.65658302  1.87590769736e-22
1451.26671352  1.87848797699e-22
1501.56146504  1.88107479387e-22
1553.59921943  1.88107479387e-22
1607.44038177  1.88107479387e-22
1663.14745053  1.88107479387e-22
1720.78509012  1.88107479387e-22
1780.42020593  1.88107479387e-22
1842.12202203  1.88107479387e-22
1905.96216149  1.88107479387e-22
1972.01472953  1.88107479387e-22
2040.35639954  1.87986215632e-22
2111.06650209  1.87773744432e-22
2184.22711702  1.87553909882e-22
2259.92316869  1.87326456798e-22
2338.24252459  1.87091121155e-22
2419.27609733  1.86847629776e-22
2503.11795014  1.86595700018e-22
2589.86540613  1.86335039443e-22
2679.61916116  1.86065345477e-22
2772.48340082  1.85786305062e-22
2868.56592133  1.85497594289e-22
2967.97825465  1.85198878024e-22
3070.83579797  1.84992643328e-22
3177.25794767  1.84827359078e-22
3287.3682379  1.84656346777e-22
3401.29448396  1.84479407914e-22
3519.16893071  1.842963371e-22
3641.12840605  1.84106921829e-22
3767.31447975  1.83910942227e-22
3897.87362778  1.83708170802e-22
4032.95740237  1.8349837218e-22
4172.72260789  1.83281302827e-22
4317.33148289  1.83056710771e-22
4466.95188841  1.82824335306e-22
4621.75750286  1.82583906693e-22
4781.9280236  1.82335145843e-22
4947.64937553  1.82077763997e-22
5119.11392693  1.81924850842e-22
5296.52071274  1.81818199687e-22
5480.07566562  1.81707852456e-22
5669.99185496  1.81593681057e-22
5866.48973427  1.81475552962e-22
6069.79739701  1.81353331048e-22
6280.15084139  1.8122687344e-22
6497.79424435  1.81096033348e-22
6722.98024494  1.80960658892e-22
6955.97023761  1.80820592933e-22
7197.03467565  1.80721814886e-22
7446.4533851  1.80630281932e-22
7704.51588959  1.80535576833e-22
7971.52174641  1.80437589656e-22
8247.78089423  1.8033620666e-22
8533.61401289  1.80231310159e-22
8829.35289564  1.8012277839e-22
9135.34083425  1.8001048537e-22
9451.93301755  1.7989430075e-22
9779.49694371  1.79774089663e-22
10118.4128468  1.79687838396e-22
10469.0741383  1.79672054644e-22
10831.8878634  1.79655723894e-22
11207.2751741  1.7963882719e-22
11595.6718175  1.79621344917e-22
11997.5286419  1.79603256783e-22
12413.3121201  1.79584541791e-22
12843.504891  1.79565178217e-22
13288.6063194  1.79545143583e-22
13749.1330763  1.79524414633e-22
14225.6197382  1.79502967307e-22
14718.6194077  1.79480776706e-22
15228.7043556  1.79457817074e-22
15756.4666852  1.79434061758e-22
16302.5190197  1.79409483184e-22
16867.4952131  1.7938405282e-22
17452.0510861  1.79357741148e-22
18056.8651874  1.79330517625e-22
18682.6395812  1.7930235065e-22
19330.1006626  1.79273207527e-22
20000  1.79243054427e-22

