1 20000 251
251
1  6.8311796e-29
1.04040904696  6.76942624794e-29
1.082450985  6.70517750178e-29
1.12619179768  6.63833252501e-29
1.17170013492  6.56878640645e-29
1.21904742069  6.49642999551e-29
1.26830796516  6.42114973096e-29
1.31955908129  6.34282746266e-29
1.37288120617  6.26134026615e-29
1.4283580273  6.17656024969e-29
1.4860766139  6.08835435357e-29
1.54612755358  5.99658414124e-29
1.6086050945  5.9011055821e-29
1.6736072933  5.80176882537e-29
1.74123616901  5.69841796498e-29
1.81159786313  5.59089079481e-29
1.88480280626  5.47901855418e-29
1.96096589137  5.36262566292e-29
2.04020665416  5.3258181449e-29
2.12264946065  5.37266055641e-29
2.20842370239  5.42139582512e-29
2.29766399949  5.47210043959e-29
2.39051041194  5.52485397921e-29
2.48710865943  5.57973923909e-29
2.58761035005  5.63684236002e-29
2.6921732182  5.69625296364e-29
2.8009613722  5.75806429313e-29
2.91414555182  5.82237335953e-29
3.03190339627  5.77349572209e-27
3.15441972299  2.77195719268e-26
3.28188681771  5.05524681555e-26
3.41450473624  7.43080199601e-26
3.55248161847  9.90235109731e-26
3.69603401502  1.24737731423e-25
3.8453872271  1.51491039015e-25
4.00077566014  1.79336259732e-25
4.16244319166  2.10554209953e-25
4.33064355406  2.4303364779e-25
4.50564073281  2.76825548757e-25
4.68770938077  3.11982948236e-25
4.87713524927  2.9382635349e-24
5.07421563659  8.36595220976e-24
5.27925985453  9.79695967563e-24
5.49258971391  1.12857927894e-23
5.71454002959  1.28347882304e-23
5.945459146  1.44463771008e-23
6.18570948383  1.57789009706e-23
6.43566810884  1.70601019418e-23
6.69572732367  1.83930750233e-23
6.96629528353  1.97799122765e-23
7.24779663678  2.14388637519e-23
7.54067319143  2.31954292925e-23
7.84538460853  2.50229759724e-23
8.1624091236  2.65346353228e-23
8.49224429718  2.77213522997e-23
8.83540779578  2.89560233785e-23
9.19243820431  2.98948538234e-23
9.56389587139  3.0563967692e-23
9.95036378878  3.12601198143e-23
10.3524485064  3.21348878604e-23
10.7707810842  3.30670540394e-23
11.2060180829  3.38326266625e-23
11.6588425938  3.43926872854e-23
12.1299653117  3.49749884909e-23
12.6201256496  3.55797522694e-23
13.1300928996  3.62088079493e-23
13.6606674402  3.68628395383e-23
14.2126819923  3.75437480755e-23
14.7870029263  3.82529153993e-23
15.384531622  3.90412557271e-23
16.0062058827  3.98912709323e-23
16.6530014079  4.08485318378e-23
17.3259333238  4.18033251647e-23
18.0260577771  4.2721422611e-23
18.7544735924  4.28773223429e-23
19.5123239965  4.30395218344e-23
20.3007984131  4.32082756528e-23
21.1211343295  4.33838486522e-23
21.9746192385  4.35665163891e-23
22.8625926593  4.37565655552e-23
23.7864482397  4.3954294427e-23
24.7476359436  4.36261820282e-23
25.7476643266  4.33130839184e-23
26.7881029035  4.30529742741e-23
27.8705846117  4.27098051294e-23
28.996808374  4.23343972087e-23
30.1685417653  4.18820207643e-23
31.3876237862  4.10286633496e-23
32.6559677498  4.01408225752e-23
33.9755642841  3.92171050011e-23
35.3484844568  3.8395454663e-23
36.7768830251  3.79669350925e-23
38.2630018183  3.75210994545e-23
39.8091732557  3.70572480233e-23
41.4178240072  3.61493055957e-23
43.0914788025  3.51451127185e-23
44.832764393  3.41003413642e-23
46.6444136747  3.33422345301e-23
48.5292699773  3.25882920091e-23
50.4902915267  3.18431067114e-23
52.5305560881  3.11902220518e-23
54.6532657959  3.05109549453e-23
56.8617521799  2.98042393024e-23
59.159481394  2.90689659539e-23
61.5500596558  2.8412485086e-23
64.0372389068  2.77906902733e-23
66.624922701  2.71437693247e-23
69.3171723311  2.64707069172e-23
72.118213203  2.60034501516e-23
75.032441467  2.55954581946e-23
78.0644309178  2.51709796715e-23
81.2189401726  2.47171589741e-23
84.5009201401  2.4224861979e-23
87.9155217902  2.37126717315e-23
91.4681042388  2.32238274913e-23
95.1642431583  2.2780290821e-23
99.009739529  2.23188312565e-23
103.010628743  2.21096811377e-23
107.173190077  2.19848042977e-23
111.503956548  2.18548813036e-23
116.009725165  2.17197082451e-23
120.697567597  2.15790729721e-23
125.574841273  2.14327547618e-23
130.649200932  2.12805239721e-23
135.928610627  2.11221416812e-23
141.421356237  2.10142135624e-23
147.136058463  2.10713605846e-23
153.081686359  2.09150988185e-23
159.267571411  2.05439457153e-23
165.703422184  2.05855513328e-23
172.399339552  2.06859900933e-23
179.36583256  2.07904874884e-23
186.613834911  2.08661383491e-23
194.154722129  2.09415472213e-23
202.000329413  2.09919986823e-23
210.162970211  2.09593481192e-23
218.655455543  2.09253781778e-23
227.491114114  2.08900355435e-23
236.683813228  2.08532647471e-23
246.247980551  2.08150080778e-23
256.198626761  2.0824794507e-23
266.551369101  2.08662054764e-23
277.322455892  2.09092898236e-23
288.528792035  2.09541151681e-23
300.187965542  2.10015037243e-23
312.318275138  2.10985462011e-23
324.938758985  2.11995100719e-23
338.069224556  2.13045537964e-23
351.730279727  2.14069211189e-23
365.943365117  2.14637734605e-23
380.730787743  2.1522923151e-23
396.115756024  2.15844630241e-23
412.122416211  2.17454689945e-23
428.775890281  2.19453106834e-23
446.102315367  2.21532277844e-23
464.128884777  2.23695466173e-23
482.883890678  2.25946066881e-23
502.396768493  2.28287612219e-23
522.698143103  2.30723777172e-23
543.819876914  2.3325838523e-23
565.795119858  2.35895414383e-23
588.658361426  2.38639003371e-23
612.445484796  2.40995638784e-23
637.193823152  2.42975505852e-23
662.942218274  2.45035377462e-23
689.731081504  2.4717848652e-23
717.602457167  2.4905614743e-23
746.600088557  2.50796005313e-23
776.769486596  2.52606169196e-23
808.158001257  2.54244740038e-23
840.814895881  2.55224446876e-23
874.791424493  2.56243742735e-23
910.140912246  2.57304227367e-23
946.918839109  2.58407565173e-23
985.182926946  2.59555487808e-23
1024.99323011  2.6009997292e-23
1066.41222967  2.60265648919e-23
1109.50493154  2.60438019726e-23
1154.33896842  2.60617355874e-23
1200.98470601  2.60803938824e-23
1249.51535339  2.60998061414e-23
1300.00707798  2.61200028312e-23
1352.53912504  2.614101565e-23
1407.19394206  2.61628775768e-23
1464.05730815  2.61856229233e-23
1523.21846867  2.61907126125e-23
1584.7702753  2.61660918899e-23
1648.80933177  2.61404762673e-23
1715.43614549  2.61138255418e-23
1784.75528525  2.60860978859e-23
1856.87554538  2.60572497818e-23
1931.9101165  2.60272359534e-23
2009.97676312  2.59960092948e-23
2091.19800853  2.59635207966e-23
2175.70132706  2.59297194692e-23
2263.61934415  2.58945522623e-23
2355.09004453  2.58579639822e-23
2450.25698873  2.58198972045e-23
2549.26953846  2.57802921846e-23
2652.28309095  2.57390867636e-23
2759.45932292  2.56962162708e-23
2870.96644429  2.56516134223e-23
2986.97946215  2.56052082151e-23
3107.68045551  2.55784639089e-23
3233.25886097  2.55533482278e-23
3363.91177012  2.5527217646e-23
3499.84423881  2.55000311522e-23
3641.26960901  2.54717460782e-23
3788.40984363  2.54423180313e-23
3941.49587491  2.5411700825e-23
4100.76796681  2.53798464066e-23
4266.47609215  2.53467047816e-23
4438.88032492  2.5312223935e-23
4618.25124841  2.52763497503e-23
4804.87037999  2.5239025924e-23
4999.03061281  2.52001938774e-23
5201.0366756  2.52e-23
5411.20561086  2.52e-23
5629.8672725  2.52e-23
5857.36484349  2.52e-23
6094.05537452  2.52e-23
6340.31034432  2.52e-23
6596.51624277  2.52e-23
6863.0751774  2.52e-23
7140.40550453  2.5190639633e-23
7428.94248588  2.51714038343e-23
7729.13897165  2.51513907352e-23
8041.46611132  2.51305689259e-23
8366.41409304  2.51089057271e-23
8704.49291301  2.50863671391e-23
9056.2331759  2.50629177883e-23
9422.18692758  2.50385208715e-23
9802.92852161  2.50131380986e-23
10199.0555206  2.5e-23
10611.1896341  2.5e-23
11039.9776943  2.5e-23
11486.0926714  2.5e-23
11950.2347295  2.5e-23
12433.1323259  2.5e-23
12935.5433539  2.5e-23
13458.2563327  2.5e-23
14002.0916449  2.5e-23
14567.9028237  2.5e-23
15156.577893  2.5e-23
15769.0407609  2.5e-23
16406.2526695  2.5e-23
17069.213704  2.5e-23
17758.9643622  2.5e-23
18476.5871871  2.5e-23
19223.2084664  2.5e-23
20000  2.5e-23

