0.2 20 151
151
0.2  0
0.206235454919  1.1224858096e-36
0.212665314327  2.27996766751e-36
0.219295639229  3.47353665514e-36
0.22613267959  4.70431787085e-36
0.233182880236  5.97347149048e-36
0.240452886923  7.28219386101e-36
0.247949552606  8.63171862825e-36
0.255679943893  1.00233178997e-35
0.263651347711  1.14583034438e-35
0.271871278176  1.29380279263e-35
0.280347483669  1.44638861852e-35
0.289087954149  1.60373165461e-35
0.298100928677  1.76598021774e-35
0.307394903187  1.93328724887e-35
0.316978638492  2.10581045726e-35
0.326861168545  2.28371246908e-35
0.33705180895  2.46716098078e-35
0.34756016575  2.65632891711e-35
0.358396144475  2.85139459413e-35
0.369569959484  3.05254188732e-35
0.381092143593  3.25996040491e-35
0.392973557999  3.47384566657e-35
0.405225402524  3.69439928777e-35
0.417859226171  3.92182916978e-35
0.430886938006  4.15634969568e-35
0.444320818391  4.3981819324e-35
0.458173530554  4.64755383918e-35
0.472458132527  4.90470048237e-35
0.487188089458  5.16986425707e-35
0.502377286302  6.78268121539e-32
0.518040040906  4.82428318296e-31
0.534191117512  9.14293441389e-31
0.550845740668  1.35962294201e-30
0.568019609583  1.81883660276e-30
0.585728912925  2.29236729391e-30
0.60399034408  2.78066138144e-30
0.622821116889  3.28417914782e-30
0.642238981873  3.80339522587e-30
0.662262242965  4.33879904615e-30
0.682909774767  4.89089529836e-30
0.704201040337  5.46020440702e-30
0.72615610954  6.0472630221e-30
0.748795677965  6.65262452481e-30
0.772141086431  7.27685954933e-30
0.796214341107  7.92055652062e-30
0.821038134255  8.58432220913e-30
0.846635865618  9.26878230278e-30
0.87303166448  9.97458199672e-30
0.900250412412  1.07023866015e-29
0.928317766723  1.14528821703e-29
0.957260184645  1.22267761456e-29
0.987104948279  1.30247980258e-29
1.0178801903  7.11015832786e-28
1.0496149205  1.94923615336e-27
1.08233905309  3.22606080888e-27
1.11608343495  4.54269337728e-27
1.15087987467  5.90037496082e-27
1.18676117255  7.30038535589e-27
1.2237611515  8.74404425948e-27
1.26191468896  1.02327125131e-26
1.30125774973  1.17677933857e-26
1.34182741991  1.33507338961e-26
1.38366194184  1.49830261776e-26
1.42680075014  1.66662088837e-26
1.47128450892  1.84018686392e-26
1.51715515006  2.01916415355e-26
1.56445591277  2.20372146728e-26
1.61323138435  2.39403277507e-26
1.66352754221  2.59027747075e-26
1.71539179718  2.7926405412e-26
1.76887303828  3.00131274066e-26
1.82402167871  3.21649077059e-26
1.88088970345  3.43837746504e-26
1.93953071822  3.6671819819e-26
2  4.10325656008e-26
2.06235454919  7.31720491359e-26
2.12665314327  1.083773169e-25
2.19295639229  1.44680188964e-25
2.2613267959  1.8211488564e-25
2.33182880236  2.20716694133e-25
2.40452886923  2.60522001809e-25
2.47949552606  3.01568330492e-25
2.55679943893  3.43894371836e-25
2.63651347711  3.87540023794e-25
2.71871278176  4.32546428227e-25
2.80347483669  4.7895600969e-25
2.89087954149  5.26812515418e-25
2.98100928677  5.77452081658e-25
3.07394903187  1.07489407724e-24
3.16978638492  1.70777242631e-24
3.26861168545  2.36038219744e-24
3.3705180895  3.03333856262e-24
3.4756016575  3.72727587318e-24
3.58396144475  4.44284825782e-24
3.69569959484  5.18073023919e-24
3.81092143593  5.94161736971e-24
3.92973557999  6.72622688723e-24
4.05225402524  7.82585162083e-24
4.17859226171  9.36263877288e-24
4.30886938006  1.094733876e-23
4.44320818391  1.25814453737e-23
4.58173530554  1.4266498978e-23
4.72458132527  1.60040879613e-23
4.87188089458  1.77958502334e-23
5.02377286302  1.97215588752e-23
5.18040040906  2.21044681561e-23
5.34191117512  2.45666674824e-23
5.50845740668  2.71056314733e-23
5.68019609583  2.97237534417e-23
5.85728912925  3.24235013176e-23
6.0399034408  3.52238339484e-23
6.22821116889  3.81712894267e-23
6.42238981873  4.12107678326e-23
6.62262242965  4.43450088913e-23
6.82909774767  4.75769670442e-23
7.04201040337  5.08689812696e-23
7.2615610954  5.4097675849e-23
7.48795677965  5.74262357571e-23
7.72141086431  6.08585710914e-23
7.96214341107  6.43927417759e-23
8.21038134255  6.76045896195e-23
8.46635865618  7.08290334484e-23
8.7303166448  7.41540066479e-23
9.00250412412  7.75218547167e-23
9.28317766723  8.0211752408e-23
9.57260184645  8.29310951687e-23
9.87104948279  8.57352196254e-23
10.178801903  8.81127135691e-23
10.496149205  9.0182040121e-23
10.8233905309  9.2315882635e-23
11.1608343495  9.42407770775e-23
11.5087987467  9.59137585825e-23
11.8676117255  9.76388990912e-23
12.237611515  9.92302732582e-23
12.6191468896  1.00763507499e-22
13.0125774973  1.02331966468e-22
13.4182741991  1.03811917069e-22
13.8366194184  1.05330091869e-22
14.2680075014  1.06806084717e-22
14.7128450892  1.08271824569e-22
15.1715515006  1.09719445036e-22
15.6445591277  1.1110204633e-22
16.1323138435  1.12479988067e-22
16.6352754221  1.13768575631e-22
17.1539179718  1.1505054678e-22
17.6887303828  1.16258153204e-22
18.2402167871  1.17439752057e-22
18.8088970345  1.1857313179e-22
19.3953071822  1.19630765896e-22
20  1.20666e-22

