1 20 101
101
1  0
1.03041055791  6.17276545538e-36
1.06174591785  1.25332481521e-35
1.09403420358  1.90871566763e-35
1.12730439408  2.58403732151e-35
1.16158634964  3.27989588366e-35
1.1969108386  3.99691589291e-35
1.23330956497  4.73574088068e-35
1.27081519692  5.49703394852e-35
1.30946139606  6.28147836329e-35
1.34928284767  7.08977817036e-35
1.39031529185  7.92265882553e-35
1.43259555555  8.78086784609e-35
1.47616158565  9.66517548178e-35
1.52105248304  1.0576375406e-34
1.56730853766  1.15152854283e-34
1.61497126471  1.24827482283e-34
1.66408344188  1.34796321117e-34
1.71468914776  1.45068317902e-34
1.76683380139  1.5565269184e-34
1.82056420303  1.66558942494e-34
1.87592857615  1.77796858316e-34
1.93297661076  1.89376525428e-34
1.99175950792  1.62407626185e-33
2.05233002578  9.17761837157e-32
2.11474252688  2.00992881592e-31
2.17905302696  3.13530920185e-31
2.24531924523  4.29491303317e-31
2.31360065617  5.48978106396e-31
2.3839585429  6.72098569819e-31
2.45645605223  7.98963195226e-31
2.53115825126  9.2968584467e-31
2.60813218585  1.06438384282e-30
2.68744694072  1.20317808223e-30
2.76917370155  1.34619313191e-30
2.85338581877  1.49355734903e-30
2.94015887345  1.64540299422e-30
3.02957074514  1.17592518375e-29
3.12170168173  4.29438123301e-29
3.21663437151  7.50767127056e-29
3.31445401734  1.08186792509e-28
3.41524841318  1.42303768311e-28
3.51910802283  1.77458260382e-28
3.62612606115  2.1368182017e-28
3.73639857773  2.51006958621e-28
3.85002454306  2.89467175355e-28
3.96710593738  3.29096988739e-28
4.08774784223  1.30383120929e-27
4.21205853471  2.66894522516e-27
4.34014958471  4.07557311986e-27
4.472135955  5.52497735361e-27
4.60813610445  7.01845877876e-27
4.74827209431  8.55735780727e-27
4.89266969782  1.01430556138e-26
5.041458513  1.66329210797e-26
5.19477207907  3.6273814709e-26
5.35274799621  5.65119988715e-26
5.51552804914  7.73656375055e-26
5.68325833429  9.88534469248e-26
5.85608939099  1.20994712617e-25
6.03417633655  1.66148382224e-25
6.21767900547  3.06358167116e-25
6.40676209294  4.5135655165e-25
6.6015953026  6.00764417955e-25
6.80235349885  7.54715860829e-25
7.00921686386  9.50405298695e-25
7.22237105921  1.52323156949e-24
7.44200739256  2.13259476387e-24
7.66832298935  2.76048903296e-24
7.9015209697  3.40747791709e-24
8.14181063074  4.59085480914e-24
8.38940763443  6.17995713851e-24
8.64453420113  7.8173849563e-24
8.90741930907  9.50460786757e-24
9.17829889981  1.18887426552e-23
9.45741609003  1.46908001278e-23
9.74502138973  1.75780697315e-23
10.041372927  2.06519433698e-23
10.34673668  2.43714201886e-23
10.661386715  2.82132656509e-23
10.9856054331  3.21892501512e-23
11.3196838233  3.66324222833e-23
11.6639217237  4.1246242863e-23
12.0186280908  4.60204309333e-23
12.3841212763  5.11302839042e-23
12.7607293136  5.64046455712e-23
13.1487902114  6.18105501214e-23
13.5486522576  6.73330408426e-23
13.9606743317  7.3013137371e-23
14.3852262269  7.85163371191e-23
14.8226889821  8.41372566895e-23
15.2734552238  8.95355520673e-23
15.7379295184  9.48350644263e-23
16.2165287354  9.99573229869e-23
16.7096824217  1.04813303773e-22
17.2178331866  1.09523582086e-22
17.7414370999  1.13974215349e-22
18.2809641002  1.18282883285e-22
18.8368984177  1.22459617812e-22
19.4097390079  1.26459342822e-22
20  1.30456e-22

