0.5 20 151
151
0.5  0
0.512448710082  5.20652360741e-40
0.52520736093  1.05426762207e-39
0.538283669269  1.60116852676e-39
0.55168554395  2.16168585307e-39
0.565421090737  2.73615861476e-39
0.579498617203  3.32493426617e-39
0.59392663776  3.92836891235e-39
0.608713878807  4.54682752446e-39
0.623869284008  5.1806841605e-39
0.6394020197  5.83032219152e-39
0.655321480438  6.49613453356e-39
0.67163729468  7.17852388523e-39
0.688359330604  7.8779029713e-39
0.705497702082  8.59469479234e-39
0.723062774796  9.32933288051e-39
0.741065172505  1.00822615618e-38
0.759515783475  1.08539362249e-38
0.778425767058  1.16448235963e-38
0.797806560447  1.24554020228e-38
0.817669885593  1.3286161761e-38
0.83802775629  1.41376052735e-38
0.858892485448  1.50102475329e-38
0.880276692535  1.59046163332e-38
0.90219331121  1.68212526094e-38
0.924655597149  1.7760710764e-38
0.947677136058  1.87235590031e-38
0.971271851895  1.97103796793e-38
0.995454015286  4.21506276236e-35
1.02023825216  7.28305910196e-33
1.04563955259  1.64240975507e-32
1.07167327987  2.57927242745e-32
1.0983551798  3.53946056342e-32
1.1257013902  4.52355490685e-32
1.15372845069  5.53215066063e-32
1.18245331269  6.56585784667e-32
1.21189334964  7.62530167484e-32
1.24206636756  8.71112292115e-32
1.27299061578  9.82397831524e-32
1.30468479801  1.09645409377e-31
1.33716808361  1.21335006269e-31
1.37046011922  1.33315643967e-31
1.40458104063  1.45594568636e-31
1.43955148495  1.58179206851e-31
1.47539260312  1.71077170092e-31
1.51212607267  1.84296259342e-31
1.54977411084  1.97844469812e-31
1.58835948804  2.11729995771e-31
1.62790554158  2.25961235503e-31
1.66843618984  2.40546796391e-31
1.70997594668  2.55495500116e-31
1.75254993629  2.70816387999e-31
1.79618390842  2.86518726464e-31
1.84090425388  3.02612012648e-31
1.88673802057  3.1910598014e-31
1.93371292981  3.36010604871e-31
1.9818573931  3.53336111147e-31
2.03120052932  1.41742186941e-29
2.08177218234  3.65653356684e-29
2.13360293905  5.95139336898e-29
2.18672414789  8.30338925984e-29
2.24116793778  1.07139437806e-28
2.29696723759  1.31845148901e-28
2.35415579601  1.57165968466e-28
2.41276820199  1.83117211114e-28
2.47283990568  2.09714572755e-28
2.53440723981  2.36974140083e-28
2.59750744173  2.64912400313e-28
2.66217867588  2.93546251146e-28
2.72846005693  3.22893010995e-28
2.79639167337  3.52970429453e-28
2.86601461181  3.83796698037e-28
2.9373709818  4.15390461182e-28
3.01050394131  6.76704772054e-28
3.08545772284  2.191045008e-27
3.16227766017  3.76229541601e-27
3.24101021575  5.3726659056e-27
3.32170300885  7.02313046589e-27
3.40440484432  8.71468733581e-27
3.48916574214  1.04483596078e-26
3.57603696765  1.22251958469e-26
3.66507106256  1.40462707243e-26
3.75632187674  1.59126856681e-26
3.84984460077  1.7825569529e-26
3.94569579937  1.97860792631e-26
4.04393344553  2.96275706159e-26
4.14461695564  4.96361226665e-26
4.2478072254  7.01428360443e-26
4.35356666667  9.11601136813e-26
4.46195924519  1.1270066731e-25
4.57305051927  1.34777525154e-25
4.68690767949  1.57404039803e-25
4.80359958925  1.80593896294e-25
4.92319682653  2.04361120385e-25
5.04577172647  2.78689025908e-25
5.1713984252  4.40800984242e-25
5.30015290463  6.06949112116e-25
5.43211303844  7.7723389974e-25
5.56735863914  9.51758339268e-25
5.70597150638  1.1306279871e-24
5.84803547643  1.3139510277e-24
5.99363647282  1.5205339168e-24
6.1428625584  2.1048811199e-24
6.29580398853  2.74167723487e-24
6.4525532657  3.39432793028e-24
6.6132051955  4.06322794428e-24
6.77785694388  4.74878184297e-24
6.94660809603  5.45140426512e-24
7.11956071652  6.65521859449e-24
7.29681941106  8.11038662305e-24
7.47849138981  9.60178458142e-24
7.66468653214  1.11303145014e-23
7.85551745316  1.2696900873e-23
8.0510995718  1.45372891372e-23
8.25155118063  1.7103911627e-23
8.45699351738  1.97344363952e-23
8.66755083831  2.24304544439e-23
8.88335049333  2.51935963867e-23
9.10452300303  2.83161596454e-23
9.33120213764  3.18488859545e-23
9.5635249979  3.54695680348e-23
9.80163209803  3.91803957581e-23
10.0456674507  4.29733754091e-23
10.295778654  4.68169235314e-23
10.5521169811  5.07558951666e-23
10.8148374712  5.47929370337e-23
11.0840990237  5.87709137719e-23
11.3600644943  6.24878402611e-23
11.6429007931  6.62973086309e-23
11.9327789861  7.02011799053e-23
12.2298743982  7.36991633653e-23
12.5343667197  7.7132737534e-23
12.8464401144  8.06517988415e-23
13.1662833315  8.39539128097e-23
13.4940898196  8.70499795286e-23
13.8300578436  9.02231303215e-23
14.1743906047  9.32698522506e-23
14.5272963631  9.61872535746e-23
14.8889885645  9.91772906653e-23
15.2596859686  1.02052772518e-22
15.6396127818  1.04917040762e-22
16.0289987924  1.07823502867e-22
16.4280795102  1.10562920009e-22
16.8370963082  1.13361412941e-22
17.2562965694  1.16012497933e-22
17.6859338356  1.18588173344e-22
18.1262679613  1.21117239426e-22
18.5775652707  1.23426979056e-22
19.0400987189  1.25755401038e-22
19.5141480567  1.27846109969e-22
20  1.29979e-22

