1 20000 251
251
1  0
1.04040904696  1.20166807488e-38
1.082450985  2.45189441143e-38
1.12619179768  3.75264120272e-38
1.17170013492  5.10594993219e-38
1.21904742069  6.51394457765e-38
1.26830796516  7.97883494487e-38
1.31955908129  9.50292013572e-38
1.37288120617  1.10885921566e-37
1.4283580273  1.27383396727e-37
1.4860766139  1.44547519136e-37
1.54612755358  1.62405227373e-37
1.6086050945  1.80984548582e-37
1.6736072933  2.00314642453e-37
1.74123616901  2.20425846996e-37
1.81159786313  2.41349726147e-37
1.88480280626  2.63119119313e-37
1.96096589137  2.85768192911e-37
2.04020665416  6.86190836088e-34
2.12264946065  2.092599377e-33
2.20842370239  3.55583954668e-33
2.29766399949  5.07820785709e-33
2.39051041194  6.66209362005e-33
2.48710865943  8.30998269718e-33
2.58761035005  1.00244614014e-32
2.6921732182  1.18082205561e-32
2.8009613722  1.36640597183e-32
2.91414555182  1.55948915723e-32
3.03190339627  3.26028595197e-31
3.15441972299  1.51254047289e-30
3.28188681771  2.74699816476e-30
3.41450473624  4.03133911547e-30
3.55248161847  5.36757905997e-30
3.69603401502  6.75781518715e-30
3.8453872271  8.20422943126e-30
4.00077566014  1.01733903417e-29
4.16244319166  1.08510805977e-28
4.33064355406  2.10821942858e-28
4.50564073281  3.17267375274e-28
4.68770938077  4.28014166167e-28
4.87713524927  5.43236129334e-28
5.07421563659  1.44791325739e-27
5.27925985453  3.74089178498e-27
5.49258971391  6.12652738958e-27
5.71454002959  8.60856425535e-27
5.945459146  1.11908978654e-26
6.18570948383  2.97058290307e-26
6.43566810884  5.38053598995e-26
6.69572732367  7.88787298428e-26
6.96629528353  1.0496529077e-25
7.24779663678  2.31927792165e-25
7.54067319143  3.78146909966e-25
7.84538460853  5.30274602964e-25
8.1624091236  8.9112329424e-25
8.49224429718  1.46719902761e-24
8.83540779578  2.06655343233e-24
9.19243820431  3.19942962583e-24
9.56389587139  4.83129256117e-24
9.95036378878  6.52909752249e-24
10.3524485064  9.55125887353e-24
10.7707810842  1.28795396362e-23
11.2060180829  1.69110251461e-23
11.6588425938  2.17637461871e-23
12.1299653117  2.64723222718e-23
12.6201256496  3.04419543908e-23
13.1300928996  3.36056576966e-23
13.6606674402  3.3961450372e-23
14.2126819923  3.39319312759e-23
14.7870029263  3.3237749563e-23
15.384531622  3.49859784871e-23
16.0062058827  3.82705992253e-23
16.6530014079  4.60247073788e-23
17.3259333238  5.51505223419e-23
18.0260577771  6.58500463987e-23
18.7544735924  7.78603276322e-23
19.5123239965  9.03559328841e-23
20.3007984131  1.03356473635e-22
21.1211343295  1.16882353848e-22
21.9746192385  1.3095480199e-22
22.8625926593  1.45595904349e-22
23.7864482397  1.60828639702e-22
24.7476359436  1.6838434779e-22
25.7476643266  1.73690986432e-22
26.7881029035  1.79180449387e-22
27.8705846117  1.85594778362e-22
28.996808374  1.92446336821e-22
30.1685417653  1.99164620148e-22
31.3876237862  2.0361450587e-22
32.6559677498  2.08244207233e-22
33.9755642841  2.13060990415e-22
35.3484844568  2.16035696559e-22
36.7768830251  2.12901347707e-22
38.2630018183  2.09640342804e-22
39.8091732557  2.06247563802e-22
41.4178240072  2.05260760917e-22
43.0914788025  2.04590189029e-22
44.832764393  2.03892519969e-22
46.6444136747  2.02967466418e-22
48.5292699773  2.0198395603e-22
50.4902915267  2.01618532712e-22
52.5305560881  2.0329137738e-22
54.6532657959  2.05031820107e-22
56.8617521799  2.03095690958e-22
59.159481394  2.00355300284e-22
61.5500596558  1.99157854195e-22
64.0372389068  1.98844962823e-22
66.624922701  1.98519427809e-22
69.3171723311  1.98180738235e-22
72.118213203  1.97547144731e-22
75.032441467  1.96793631666e-22
78.0644309178  1.96009669856e-22
81.2189401726  1.95097490235e-22
84.5009201401  1.9398896096e-22
87.9155217902  1.92835637073e-22
91.4681042388  1.92070015474e-22
95.1642431583  1.91915021957e-22
99.009739529  1.917537653e-22
103.010628743  1.91649116116e-22
107.173190077  1.91561839902e-22
111.503956548  1.9147103694e-22
116.009725165  1.91376564716e-22
120.697567597  1.91241310739e-22
125.574841273  1.90880601657e-22
130.649200932  1.90505316664e-22
135.928610627  1.90114866763e-22
141.421356237  1.89689606144e-22
147.136058463  1.89190439181e-22
153.081686359  1.88818247031e-22
159.267571411  1.88573289538e-22
165.703422184  1.88145715742e-22
172.399339552  1.87677787541e-22
179.36583256  1.87190950807e-22
186.613834911  1.86684441464e-22
194.154722129  1.86157464562e-22
202.000329413  1.85637150675e-22
210.162970211  1.85180809341e-22
218.655455543  1.84706027689e-22
227.491114114  1.84212060563e-22
236.683813228  1.83698132697e-22
246.247980551  1.83163437495e-22
256.198626761  1.83176039662e-22
266.551369101  1.83547422865e-22
277.322455892  1.8393381331e-22
288.528792035  1.84335817425e-22
300.187965542  1.84757043474e-22
312.318275138  1.85384334539e-22
324.938758985  1.86036973839e-22
338.069224556  1.86715985671e-22
351.730279727  1.87395028491e-22
365.943365117  1.87904893511e-22
380.730787743  1.88435361691e-22
396.115756024  1.88987265585e-22
412.122416211  1.89296034022e-22
428.775890281  1.89528791678e-22
446.102315367  1.8977095485e-22
464.128884777  1.90022903604e-22
482.883890678  1.90285033367e-22
502.396768493  1.90637875273e-22
522.698143103  1.91600256912e-22
543.819876914  1.92601527476e-22
565.795119858  1.93643258429e-22
588.658361426  1.94727084737e-22
612.445484796  1.95563338101e-22
637.193823152  1.96157127522e-22
662.942218274  1.96774911409e-22
689.731081504  1.97417659353e-22
717.602457167  1.9817453834e-22
746.600088557  1.99015510033e-22
776.769486596  1.99890464591e-22
808.158001257  2.00809327649e-22
840.814895881  2.01790658845e-22
874.791424493  2.028116447e-22
910.140912246  2.03660101902e-22
946.918839109  2.03989934903e-22
985.182926946  2.04333096141e-22
1024.99323011  2.0453176939e-22
1066.41222967  2.04640797637e-22
1109.50493154  2.04754231612e-22
1154.33896842  2.04872249346e-22
1200.98470601  2.04995036063e-22
1249.51535339  2.05122784475e-22
1300.00707798  2.05255695079e-22
1352.53912504  2.05393976473e-22
1407.19394206  2.05537845687e-22
1464.05730815  2.05687528518e-22
1523.21846867  2.05800530107e-22
1584.7702753  2.0584927843e-22
1648.80933177  2.05899996627e-22
1715.43614549  2.05952764298e-22
1784.75528525  2.0600766426e-22
1856.87554538  2.06064782677e-22
1931.9101165  2.06124209195e-22
2009.97676312  2.06160007909e-22
2091.19800853  2.06012429616e-22
2175.70132706  2.05858887826e-22
2263.61934415  2.05699141558e-22
2355.09004453  2.05532940096e-22
2450.25698873  2.05360022591e-22
2549.26953846  2.05180117655e-22
2652.28309095  2.04992942931e-22
2759.45932292  2.04798204656e-22
2870.96644429  2.04595597192e-22
2986.97946215  2.04384802554e-22
3107.68045551  2.04243500306e-22
3233.25886097  2.04106302228e-22
3363.91177012  2.03963560107e-22
3499.84423881  2.03815049912e-22
3641.26960901  2.03660538562e-22
3788.40984363  2.03499783556e-22
3941.49587491  2.03332532593e-22
4100.76796681  2.03158523178e-22
4266.47609215  2.02977482208e-22
4438.88032492  2.02789125546e-22
4618.25124841  2.0259315757e-22
4804.87037999  2.02389270715e-22
4999.03061281  2.02177144987e-22
5201.0366756  2.02120589648e-22
5411.20561086  2.0206257243e-22
5629.8672725  2.02002210791e-22
5857.36484349  2.01939409996e-22
6094.05537452  2.01874071481e-22
6340.31034432  2.01806092699e-22
6596.51624277  2.01735366958e-22
6863.0751774  2.01661783258e-22
7140.40550453  2.01582012132e-22
7428.94248588  2.01495756574e-22
7729.13897165  2.01406015511e-22
8041.46611132  2.01312648097e-22
8366.41409304  2.01215507795e-22
8704.49291301  2.01114442145e-22
9056.2331759  2.01009292529e-22
9422.18692758  2.00899893918e-22
9802.92852161  2.00786074612e-22
10199.0555206  2.00711396882e-22
10611.1896341  2.00678756334e-22
11039.9776943  2.00644796812e-22
11486.0926714  2.00609465019e-22
11950.2347295  2.00572705501e-22
12433.1323259  2.00534460567e-22
12935.5433539  2.00494670191e-22
13458.2563327  2.00453271923e-22
14002.0916449  2.00410200792e-22
14567.9028237  2.00365389197e-22
15156.577893  2.00318766808e-22
15769.0407609  2.00270260452e-22
16406.2526695  2.00219794002e-22
17069.213704  2.0016728825e-22
17758.9643622  2.0011266079e-22
18476.5871871  2.00055825887e-22
19223.2084664  1.9999669434e-22
20000  1.99935173343e-22

