0.2 20000 301
301
0.2  0
0.207824460767  5.18894764687e-43
0.215955032466  1.05808988802e-42
0.22440369086  1.61837956679e-42
0.233182880236  2.20058906861e-42
0.242305531726  2.80557594745e-42
0.251785082359  3.43423130679e-42
0.261635494852  4.0874811121e-42
0.271871278176  4.76628755478e-42
0.282507508925  5.47165046935e-42
0.293559853524  6.20460880618e-42
0.305044591308  6.96624216176e-42
0.316978638492  7.75767236889e-42
0.329379573097  8.58006514905e-42
0.342265660832  9.43463182942e-42
0.355655882008  1.03226311271e-41
0.369569959484  1.12453710031e-41
0.384028387728  1.22042105889e-41
0.399052462994  1.32005621884e-41
0.414664314697  1.42358933578e-41
0.430886938006  1.53117290678e-41
0.447744227714  1.64296539493e-41
0.465261013431  1.75913146277e-41
0.483463096161  1.87984221481e-41
0.502377286302  4.18615947669e-36
0.522031443137  3.87949669231e-35
0.542454515866  7.47577506498e-35
0.563676586253  1.12127481328e-34
0.585728912925  1.50959201965e-34
0.608643977422  1.91310108974e-34
0.632455532034  2.33239636427e-34
0.65719864952  2.76809543594e-34
0.682909774767  3.22084005906e-34
0.709626778467  3.69129709489e-34
0.737389012904  4.18015949382e-34
0.766237369911  4.68814731605e-34
0.796214341107  5.21600879221e-34
0.827364080478  5.76452142542e-34
0.859732469416  6.33449313652e-34
0.893367184302  6.92676345408e-34
0.928317766723  7.54220475096e-34
0.964635696448  8.18172352925e-34
1.00237446725  3.6236250031e-31
1.04158966572  6.33237135733e-30
1.08233905309  1.25359407148e-29
1.12468265038  1.89822079974e-29
1.16868282675  2.56806681074e-29
1.21440439138  3.26411874089e-29
1.26191468896  3.98740182615e-29
1.31128369884  4.73898141202e-29
1.36258413812  5.51996452281e-29
1.41589156877  6.33150149215e-29
1.47128450892  7.17478765738e-29
1.52884454851  8.05106512018e-29
1.58865646945  8.96162457613e-29
1.65080837054  9.90780721577e-29
1.71539179718  1.08910067001e-28
1.78250187627  1.19126712134e-28
1.85223745626  1.29743055963e-28
1.9247012528  1.4077473562e-28
2  1.52238e-28
2.07824460767  2.16920887431e-27
2.15955032466  4.26508829599e-27
2.2440369086  6.44296334921e-27
2.33182880236  8.70604189197e-27
2.42305531726  1.10576572811e-26
2.51785082359  1.3501273282e-26
2.61635494852  1.60404891705e-26
2.71871278176  1.86790450345e-26
2.82507508925  2.14208272827e-26
2.93559853524  2.42698743691e-26
3.05044591308  4.99107309741e-26
3.16978638492  1.06642219711e-25
3.29379573097  1.65593174987e-25
3.42265660832  2.26850427447e-25
3.55655882008  2.9050420475e-25
3.69569959484  3.56648264469e-25
3.84028387728  4.25380032189e-25
3.99052462994  4.96800745009e-25
4.14664314697  9.37957785132e-25
4.30886938006  1.42101152301e-24
4.47744227714  1.92296343598e-24
4.65261013431  2.44455286421e-24
4.83463096161  2.98654807252e-24
5.02377286302  3.69488511114e-24
5.22031443137  5.48004072978e-24
5.42454515866  7.33503574892e-24
5.63676586253  9.26260244681e-24
5.85728912925  1.12655799947e-23
6.08643977422  1.38228180022e-23
6.32455532034  1.72965428352e-23
6.5719864952  2.09061677866e-23
6.82909774767  2.46570095821e-23
7.09626778467  2.85840316385e-23
7.37389012904  3.27189943599e-23
7.66237369911  3.70157263494e-23
7.96214341107  4.14805563932e-23
8.27364080478  4.56477021173e-23
8.59732469416  4.99099715728e-23
8.93367184302  5.43389908289e-23
9.28317766723  5.8421825241e-23
9.64635696448  6.25379577562e-23
10.0237446725  6.67842519345e-23
10.4158966572  7.0718904951e-23
10.8233905309  7.48074906582e-23
11.2468265038  7.88774053851e-23
11.6868282675  8.29737338045e-23
12.1440439138  8.71119447405e-23
12.6191468896  9.1144618799e-23
13.1128369884  9.51925133898e-23
13.6258413812  9.88988162265e-23
14.1589156877  1.02526094724e-22
14.7128450892  1.05747194194e-22
15.2884454851  1.08760867515e-22
15.8865646945  1.11547504912e-22
16.5080837054  1.14053969865e-22
17.1539179718  1.16496938643e-22
17.8250187627  1.18798814356e-22
18.5223745626  1.22181947409e-22
19.247012528  1.26042451907e-22
20  1.30053988235e-22
20.7824460767  1.34222465106e-22
21.5955032466  1.38554022396e-22
22.440369086  1.43055040186e-22
23.3182880236  1.47732148162e-22
24.2305531726  1.51788091369e-22
25.1785082359  1.530422576e-22
26.1635494852  1.5215211029e-22
27.1871278176  1.51084354275e-22
28.2507508925  1.4931161928e-22
29.3559853524  1.47469530808e-22
30.5044591308  1.45295573548e-22
31.6978638492  1.42691915513e-22
32.9379573097  1.39986396377e-22
34.2265660832  1.37389513983e-22
35.5655882008  1.35576161647e-22
36.9569959484  1.34933598321e-22
38.4028387728  1.3440720861e-22
39.9052462994  1.33864726723e-22
41.4664314697  1.32711869349e-22
43.0886938006  1.31474352052e-22
44.7744227714  1.30188420227e-22
46.5261013431  1.28789495031e-22
48.3463096161  1.2732621256e-22
50.2377286302  1.25834698469e-22
52.2031443137  1.24494566196e-22
54.2454515866  1.23102004861e-22
56.3676586253  1.2170793195e-22
58.5728912925  1.20289686202e-22
60.8643977422  1.19051053557e-22
63.2455532034  1.18167291612e-22
65.719864952  1.17019160959e-22
68.2909774767  1.15244151169e-22
70.9626778467  1.1382224214e-22
73.7389012904  1.13124184126e-22
76.6237369911  1.12398816474e-22
79.6214341107  1.11645070768e-22
82.7364080478  1.10891541024e-22
85.9732469416  1.10112801636e-22
89.3367184302  1.09303596169e-22
92.8317766723  1.08440465982e-22
96.4635696448  1.07538148617e-22
100.237446725  1.06658088929e-22
104.158966572  1.06634387339e-22
108.233905309  1.06609758489e-22
112.468265038  1.065841661e-22
116.868282675  1.06557572479e-22
121.440439138  1.06521232467e-22
126.191468896  1.06463802204e-22
131.128369884  1.06404125136e-22
136.258413812  1.06342113363e-22
141.589156877  1.06296885214e-22
147.128450892  1.06296885214e-22
152.884454851  1.06296885214e-22
158.865646945  1.06296885214e-22
165.080837054  1.06296885214e-22
171.539179718  1.06296885214e-22
178.250187627  1.06296885214e-22
185.223745626  1.06181630966e-22
192.47012528  1.06021750279e-22
200  1.05855614691e-22
207.824460767  1.05789407446e-22
215.955032466  1.05720610021e-22
224.40369086  1.05649121082e-22
233.182880236  1.05574835331e-22
242.305531726  1.05497643351e-22
251.785082359  1.05432536046e-22
261.635494852  1.05432536046e-22
271.871278176  1.05432536046e-22
282.507508925  1.05432536046e-22
293.559853524  1.05432536046e-22
305.044591308  1.05424484423e-22
316.978638492  1.05405436605e-22
329.379573097  1.05385643592e-22
342.265660832  1.05365076232e-22
355.655882008  1.05513297753e-22
369.569959484  1.0590830792e-22
384.028387728  1.06318771795e-22
399.052462994  1.06745293963e-22
414.664314697  1.07414295353e-22
430.886938006  1.0812463003e-22
447.744227714  1.08862754636e-22
465.261013431  1.09629756376e-22
483.463096161  1.10426764992e-22
502.377286302  1.11224725286e-22
522.031443137  1.11835396751e-22
542.454515866  1.1246995909e-22
563.676586253  1.1312934697e-22
585.728912925  1.13814531623e-22
608.643977422  1.144052954e-22
632.455532034  1.14811197229e-22
657.19864952  1.15232978872e-22
682.909774767  1.15671261585e-22
709.626778467  1.16059185875e-22
737.389012904  1.16337757871e-22
766.237369911  1.16627228245e-22
796.214341107  1.16928023367e-22
827.364080478  1.17240586287e-22
859.732469416  1.17565377388e-22
893.367184302  1.17902875066e-22
928.317766723  1.18145733676e-22
964.635696448  1.18371845454e-22
1002.37446725  1.18599569085e-22
1041.58966572  1.18724244149e-22
1082.33905309  1.18853796789e-22
1124.68265038  1.18988417827e-22
1168.68282675  1.1912830555e-22
1214.40439138  1.19273666004e-22
1261.91468896  1.19424713292e-22
1311.28369884  1.19581669899e-22
1362.58413812  1.1974476701e-22
1415.89156877  1.19914244856e-22
1471.28450892  1.20090353065e-22
1528.84454851  1.20228023701e-22
1588.65646945  1.20324190428e-22
1650.80837054  1.20424119418e-22
1715.39179718  1.20527957861e-22
1782.50187627  1.20635858702e-22
1852.23745626  1.20747980873e-22
1924.7012528  1.20864489522e-22
2000  1.20985556258e-22
2078.24460767  1.20812921063e-22
2159.55032466  1.20633531982e-22
2244.0369086  1.20447124786e-22
2331.82880236  1.20253424912e-22
2423.05531726  1.20052147052e-22
2517.85082359  1.19842994739e-22
2616.35494852  1.19625659905e-22
2718.71278176  1.19399822432e-22
2825.07508925  1.19165149677e-22
2935.59853524  1.18921295983e-22
3050.44591308  1.18690044136e-22
3169.78638492  1.18479118473e-22
3293.79573097  1.18259940912e-22
3422.65660832  1.1803218862e-22
3556.55882008  1.17795526134e-22
3695.69959484  1.17549604866e-22
3840.28387728  1.17294062591e-22
3990.52462994  1.17028522914e-22
4146.64314697  1.16752594713e-22
4308.86938006  1.16465871565e-22
4477.44227714  1.16167931147e-22
4652.61013431  1.15858334614e-22
4834.63096161  1.1553662595e-22
5023.77286302  1.15233571917e-22
5220.31443137  1.15144479909e-22
5424.54515866  1.15051902417e-22
5636.76586253  1.1495570308e-22
5857.28912925  1.14855740203e-22
6086.43977422  1.14751866549e-22
6324.55532034  1.14643929117e-22
6571.9864952  1.14531768925e-22
6829.09774767  1.14415220767e-22
7096.26778467  1.14325492813e-22
7373.89012904  1.14290141906e-22
7662.37369911  1.1425340799e-22
7962.14341107  1.14215236958e-22
8273.64080478  1.14175572588e-22
8597.32469416  1.14134356456e-22
8933.67184302  1.14091527854e-22
9283.17766723  1.14047023699e-22
9646.35696448  1.14000778439e-22
10023.7446725  1.13953838617e-22
10415.8966572  1.13922313152e-22
10823.3905309  1.13889554338e-22
11246.8265038  1.13855513924e-22
11686.8282675  1.1382014177e-22
12144.0439138  1.13783385776e-22
12619.1468896  1.13745191803e-22
13112.8369884  1.13705503594e-22
13625.8413812  1.13664262691e-22
14158.9156877  1.13621408348e-22
14712.8450892  1.13576877445e-22
15288.4454851  1.1353060439e-22
15886.5646945  1.13482521027e-22
16508.0837054  1.13432556532e-22
17153.9179718  1.13380637311e-22
17825.0187627  1.1332668689e-22
18522.3745626  1.13270625804e-22
19247.012528  1.1321237148e-22
20000  1.13151838112e-22

