7.329 20 51
51
7.329  0
7.47763783608  4.43033788603e-27
7.62929016339  8.95052647973e-27
7.78401811819  1.35623880235e-26
7.94188407658  1.82677817163e-26
8.10295167974  2.82361343789e-26
8.2672858595  4.13828687602e-26
8.4349528646  5.47962291682e-26
8.60602028733  6.84816229868e-26
8.78055709082  8.24445672655e-26
8.9586336368  9.6691799249e-26
9.14032171403  1.12628954263e-25
9.32569456716  1.29312511045e-25
9.51482692633  1.4633442337e-25
9.70779503726  1.63701553353e-25
9.90467669197  1.81420902278e-25
10.1055512602  2.02666151224e-25
10.3104997213  2.27259966561e-25
10.5196046971  2.52352563653e-25
10.7329504849  2.77954058186e-25
10.9506230916  3.04074770994e-25
11.1727102686  3.30725232231e-25
11.3993015467  3.57916185607e-25
11.6304882727  3.85658592724e-25
11.8663636458  4.13963637495e-25
12.1070227554  4.55685461298e-25
12.3525626195  5.14615028673e-25
12.6030822235  5.74739733634e-25
12.8586825604  6.36083814505e-25
13.1194666716  6.98672001179e-25
13.3855396879  7.62529525094e-25
13.6570088725  8.27682129397e-25
13.9339836639  8.94170506041e-25
14.2165757201  9.93381652221e-25
14.5048989635  1.10438610096e-24
14.7990696273  1.21764180649e-24
15.0992063015  1.33319442607e-24
15.4054299815  1.45109054289e-24
15.7178641166  1.57137768491e-24
16.0366346597  1.70591105608e-24
16.361870118  1.91883427787e-24
16.693701605  2.13784305931e-24
17.0322628934  2.36129350966e-24
17.3776904688  2.58927570941e-24
17.7301235848  2.82188156598e-24
18.0897043193  3.08522540194e-24
18.4565776315  3.43374874995e-24
18.8308914207  3.78934684962e-24
19.2127965854  4.15215675609e-24
19.6024470847  4.52232473043e-24
20  4.9e-24

