0.5 20 151
151
0.5  0
0.512448710082  4.03024499173e-41
0.52520736093  8.16083268639e-41
0.538283669269  1.23942613584e-40
0.55168554395  1.67330914828e-40
0.565421090737  2.11799472838e-40
0.579498617203  2.57375183222e-40
0.59392663776  3.04085611216e-40
0.608713878807  3.51959008361e-40
0.623869284008  4.01024329591e-40
0.6394020197  4.51311250738e-40
0.655321480438  5.0285018649e-40
0.67163729468  5.5567230878e-40
0.688359330604  6.09809565643e-40
0.705497702082  6.65294700537e-40
0.723062774796  7.22161272146e-40
0.741065172505  7.80443674683e-40
0.759515783475  8.40177158684e-40
0.778425767058  9.01397852334e-40
0.797806560447  9.64142783316e-40
0.817669885593  1.02844990121e-39
0.83802775629  1.09435810043e-39
0.858892485448  1.16190724379e-39
0.880276692535  1.23113818655e-39
0.90219331121  1.30209280118e-39
0.924655597149  1.37481400266e-39
0.947677136058  1.44934577445e-39
0.971271851895  1.52573319507e-39
0.995454015286  8.71219846766e-36
1.02023825216  1.50581052346e-33
1.04563955259  3.39577137982e-33
1.07167327987  5.33278738571e-33
1.0983551798  7.31803009297e-33
1.1257013902  9.35270022204e-33
1.15372845069  1.14380283882e-32
1.18245331269  1.35752758459e-32
1.21189334964  1.57657352516e-32
1.24206636756  1.80107314454e-32
1.27299061578  2.03116222527e-32
1.30468479801  2.26697993053e-32
1.33716808361  2.50866888827e-32
1.37046011922  2.75637527754e-32
1.40458104063  3.01024891686e-32
1.43955148495  3.27044335485e-32
1.47539260312  3.53711596309e-32
1.51212607267  3.8104280313e-32
1.54977411084  4.09054486491e-32
1.58835948804  4.37763588502e-32
1.62790554158  4.67187473088e-32
1.66843618984  4.97343936492e-32
1.70997594668  5.28251218036e-32
1.75254993629  5.59928011155e-32
1.79618390842  5.92393474701e-32
1.84090425388  6.25667244534e-32
1.88673802057  6.59769445395e-32
1.93371292981  6.9472070308e-32
1.9818573931  7.30542156912e-32
2.03120052932  4.03673391347e-30
2.08177218234  1.0459111124e-29
2.13360293905  1.70413889585e-29
2.18672414789  2.37875485298e-29
2.24116793778  3.07016700704e-29
2.29696723759  3.77879354002e-29
2.35415579601  4.50506304552e-29
2.41276820199  5.24941478805e-29
2.47283990568  6.01229896867e-29
2.53440723981  6.79417699727e-29
2.59750744173  7.59552177167e-29
2.66217867588  8.41681796361e-29
2.72846005693  9.25856231192e-29
2.79639167337  1.01212639229e-28
2.86601461181  1.10054445785e-28
2.9373709818  1.19116390512e-28
3.01050394131  2.22409045934e-28
3.08545772284  8.40120693626e-28
3.16227766017  1.48109856868e-27
3.24101021575  2.1380351392e-27
3.32170300885  2.81132773555e-27
3.40440484432  3.50138358055e-27
3.48916574214  4.20862003587e-27
3.57603696765  4.93346485437e-27
3.66507106256  5.67635643887e-27
3.75632187674  6.43774410729e-27
3.84984460077  7.2180883644e-27
3.94569579937  8.01786118035e-27
4.04393344553  1.37729473911e-26
4.14461695564  2.59236377788e-26
4.2478072254  3.83768490104e-26
4.35356666667  5.11401130745e-26
4.46195924519  6.42211494866e-26
4.57305051927  7.76278699585e-26
4.68690767949  9.13683831829e-26
4.80359958925  1.05450999738e-25
4.92319682653  1.19884237115e-25
5.04577172647  1.63717889998e-25
5.1713984252  2.5858590912e-25
5.30015290463  3.55815897173e-25
5.43211303844  4.55466661092e-25
5.56735863914  5.5759847195e-25
5.70597150638  6.62273101415e-25
5.84803547643  7.6955385911e-25
5.99363647282  8.92824743719e-25
6.1428625584  1.28462754636e-24
6.29580398853  1.71318608891e-24
6.4525532657  2.15241463356e-24
6.6132051955  2.60257883582e-24
6.77785694388  3.06395096538e-24
6.94660809603  3.5368100707e-24
7.11956071652  4.52942826487e-24
7.29681941106  5.77925804908e-24
7.47849138981  7.06020537056e-24
7.66468653214  8.37304497571e-24
7.85551745316  9.71857090011e-24
8.0510995718  1.136858922e-23
8.25155118063  1.38449884406e-23
8.45699351738  1.63830436131e-23
8.66755083831  1.89842898116e-23
8.88335049333  2.16503003297e-23
9.10452300303  2.46891490767e-23
9.33120213764  2.81541889962e-23
9.5635249979  3.17054994704e-23
9.80163209803  3.53452284137e-23
10.0456674507  3.90506293265e-23
10.295778654  4.27413916414e-23
10.5521169811  4.65233842486e-23
10.8148374712  5.03995387147e-23
11.0840990237  5.42277324423e-23
11.3600644943  5.78252431532e-23
11.6429007931  6.15123225997e-23
11.9327789861  6.52909032613e-23
12.2298743982  6.88256755912e-23
12.5343667197  7.23467029996e-23
12.8464401144  7.59553949067e-23
13.1662833315  7.94803175061e-23
13.4940898196  8.29286778578e-23
13.8300578436  8.6462893486e-23
14.1743906047  8.99552350263e-23
14.5272963631  9.34048217632e-23
14.8889885645  9.69402943105e-23
15.2596859686  1.00359361015e-22
15.6396127818  1.03773987441e-22
16.0289987924  1.07229570954e-22
16.4280795102  1.10408954754e-22
16.8370963082  1.13653685013e-22
17.2562965694  1.16678308512e-22
17.6859338356  1.19582226795e-22
18.1262679613  1.22430661973e-22
18.5775652707  1.25024267611e-22
19.0400987189  1.27643889782e-22
19.5141480567  1.30035079837e-22
20  1.32476e-22

