0.2 20 151
151
0.2  0
0.206235454919  5.6350013948e-39
0.212665314327  1.14456867754e-38
0.219295639229  1.74375334897e-38
0.22613267959  2.36161896543e-38
0.233182880236  2.99874794788e-38
0.240452886923  3.65574087557e-38
0.247949552606  4.33321705217e-38
0.255679943893  5.03181508956e-38
0.263651347711  5.75219350978e-38
0.271871278176  6.49503136583e-38
0.280347483669  7.26102888169e-38
0.289087954149  8.05090811245e-38
0.298100928677  8.86541362487e-38
0.307394903187  9.70531319932e-38
0.316978638492  1.05713985534e-37
0.326861168545  1.14644860884e-37
0.33705180895  1.23854176588e-37
0.34756016575  1.33350613655e-37
0.358396144475  1.43143123749e-37
0.369569959484  1.53240937619e-37
0.381092143593  1.63653573805e-37
0.392973557999  1.74390847609e-37
0.405225402524  1.85462880346e-37
0.417859226171  1.96880108888e-37
0.430886938006  2.08653295499e-37
0.444320818391  2.20793537983e-37
0.458173530554  2.3331228014e-37
0.472458132527  2.46221322558e-37
0.487188089458  2.59532833737e-37
0.502377286302  2.1440372217e-33
0.518040040906  1.52585640079e-32
0.534191117512  2.89191681455e-32
0.550845740668  4.30056726895e-32
0.568019609583  5.75313560537e-32
0.585728912925  7.25099106367e-32
0.60399034408  8.7955455729e-32
0.622821116889  1.03882550822e-31
0.642238981873  1.20306209332e-31
0.662262242965  1.37241912753e-31
0.682909774767  1.54705625251e-31
0.704201040337  1.72713808708e-31
0.72615610954  1.91283438246e-31
0.748795677965  2.10432018222e-31
0.772141086431  2.30177598735e-31
0.796214341107  2.50538792634e-31
0.821038134255  2.71534793066e-31
0.846635865618  2.93185391569e-31
0.87303166448  3.15510996726e-31
0.900250412412  3.38532653406e-31
0.928317766723  3.62272062597e-31
0.957260184645  3.86751601868e-31
0.987104948279  4.11994346456e-31
1.0178801903  1.07240196695e-28
1.0496149205  2.96825318642e-28
1.08233905309  4.92321187994e-28
1.11608343495  6.93912085747e-28
1.15087987467  9.01788038274e-28
1.18676117255  1.11614499645e-27
1.2237611515  1.33718502038e-27
1.26191468896  1.56511646983e-27
1.30125774973  1.80015420067e-27
1.34182741991  2.04251976738e-27
1.38366194184  2.29244163191e-27
1.42680075014  2.55015537905e-27
1.47128450892  2.81590393844e-27
1.51715515006  3.08993781365e-27
1.56445591277  3.37251531822e-27
1.61323138435  3.66390281926e-27
1.66352754221  3.96437498842e-27
1.71539179718  4.27421506091e-27
1.76887303828  4.59371510242e-27
1.82402167871  4.92317628446e-27
1.88088970345  5.26290916824e-27
1.93953071822  5.61323399742e-27
2  7.11327096838e-27
2.06235454919  2.43889964731e-26
2.12665314327  4.33776263516e-26
2.19295639229  6.2958269958e-26
2.2613267959  8.31493846668e-26
2.33182880236  1.03970003303e-25
2.40452886923  1.25439752084e-25
2.47949552606  1.47578869118e-25
2.55679943893  1.70408223483e-25
2.63651347711  1.93949334898e-25
2.71871278176  2.18224394008e-25
2.80347483669  2.43256283301e-25
2.89087954149  2.6906859868e-25
2.98100928677  2.96129422623e-25
3.07394903187  4.77066116018e-25
3.16978638492  7.04865370631e-25
3.26861168545  9.39766785158e-25
3.3705180895  1.18199178559e-24
3.4756016575  1.43176870137e-24
3.58396144475  1.68933298064e-24
3.69569959484  1.95492741217e-24
3.81092143593  2.22880235423e-24
3.92973557999  2.51121597055e-24
4.05225402524  3.0974624769e-24
4.17859226171  4.11107035792e-24
4.30886938006  5.15627977017e-24
4.44320818391  6.23407596328e-24
4.58173530554  7.34547490425e-24
4.72458132527  8.49152423519e-24
4.87188089458  9.67330426082e-24
5.02377286302  1.10718430609e-23
5.18040040906  1.34290887056e-23
5.34191117512  1.58713414523e-23
5.50845740668  1.83897369836e-23
5.68019609583  2.09866492239e-23
5.85728912925  2.36645261101e-23
6.0399034408  2.65332502271e-23
6.22821116889  2.9882650548e-23
6.42238981873  3.3337321743e-23
6.62262242965  3.68997001704e-23
6.82909774767  4.05731438483e-23
7.04201040337  4.42933822985e-23
7.2615610954  4.78534745759e-23
7.48795677965  5.15232354197e-23
7.72141086431  5.5307409405e-23
7.96214341107  5.92016646878e-23
8.21038134255  6.25572317752e-23
8.46635865618  6.58838105522e-23
8.7303166448  6.93141029892e-23
9.00250412412  7.27854832285e-23
9.28317766723  7.551683186e-23
9.57260184645  7.82743786124e-23
9.87104948279  8.11178981572e-23
10.178801903  8.36518075327e-23
10.496149205  8.59685380412e-23
10.8233905309  8.83574978929e-23
11.1608343495  9.06700442152e-23
11.5087987467  9.28838285067e-23
11.8676117255  9.51666325588e-23
12.237611515  9.74032281314e-23
12.6191468896  9.96421158629e-23
13.0125774973  1.01930819284e-22
13.4182741991  1.04072521271e-22
13.8366194184  1.06268415327e-22
14.2680075014  1.08325601576e-22
14.7128450892  1.10316694619e-22
15.1715515006  1.12242058649e-22
15.6445591277  1.14006850106e-22
16.1323138435  1.15745157623e-22
16.6352754221  1.1731188294e-22
17.1539179718  1.18851265086e-22
17.6887303828  1.20252473603e-22
18.2402167871  1.215988791e-22
18.8088970345  1.22855662446e-22
19.3953071822  1.24017619738e-22
20  1.25149e-22

