0.5 20 151
151
0.5  0
0.512448710082  1.0153989558e-41
0.52520736093  2.05607872604e-41
0.538283669269  3.12266873777e-41
0.55168554395  4.21581408917e-41
0.565421090737  5.33617593969e-41
0.579498617203  6.48443190993e-41
0.59392663776  7.66127649152e-41
0.608713878807  8.86742146713e-41
0.623869284008  1.0103596341e-40
0.6394020197  1.13705487801e-40
0.655321480438  1.26690450663e-40
0.67163729468  1.39998705602e-40
0.688359330604  1.53638301756e-40
0.705497702082  1.67617488666e-40
0.723062774796  1.81944721267e-40
0.741065172505  1.96628664997e-40
0.759515783475  2.11678201044e-40
0.778425767058  2.27102431713e-40
0.797806560447  2.42910685934e-40
0.817669885593  2.59112524902e-40
0.83802775629  2.75717747862e-40
0.858892485448  2.92736398036e-40
0.880276692535  3.10178768693e-40
0.90219331121  3.28055409381e-40
0.924655597149  3.46377132304e-40
0.947677136058  3.6515501886e-40
0.971271851895  3.84400426348e-40
0.995454015286  3.36543516576e-36
1.02023825216  5.81716576693e-34
1.04563955259  1.31183630517e-33
1.07167327987  2.0601341313e-33
1.0983551798  2.82706264282e-33
1.1257013902  3.61308569572e-33
1.15372845069  4.41867869483e-33
1.18245331269  5.24432888132e-33
1.21189334964  6.09053562741e-33
1.24206636756  6.95781073841e-33
1.27299061578  7.84667876224e-33
1.30468479801  8.75767730673e-33
1.33716808361  9.69135736476e-33
1.37046011922  1.06482836475e-32
1.40458104063  1.16290349259e-32
1.43955148495  1.26342043811e-32
1.47539260312  1.36643999624e-32
1.51212607267  1.4720244756e-32
1.54977411084  1.58023773611e-32
1.58835948804  1.69114522763e-32
1.62790554158  1.80481402957e-32
1.66843618984  1.92131289143e-32
1.70997594668  2.0407122744e-32
1.75254993629  2.16308439397e-32
1.79618390842  2.28850326363e-32
1.84090425388  2.41704473958e-32
1.88673802057  2.54878656666e-32
1.93371292981  2.68380842537e-32
1.9818573931  2.82219198002e-32
2.03120052932  1.91336633877e-30
2.08177218234  4.96807404415e-30
2.13360293905  8.09883609075e-30
2.18672414789  1.13075460355e-29
2.24116793778  1.45961445798e-29
2.29696723759  1.79666207439e-29
2.35415579601  2.14210130693e-29
2.41276820199  2.49614108517e-29
2.47283990568  2.85899554053e-29
2.53440723981  3.23088413572e-29
2.59750744173  3.61203179752e-29
2.66217867588  4.0026690528e-29
2.72846005693  4.40303216796e-29
2.79639167337  4.81336329182e-29
2.86601461181  5.23391060207e-29
2.9373709818  5.66492845541e-29
3.01050394131  1.14621289696e-28
3.08545772284  4.65635023768e-28
3.16227766017  8.29881189109e-28
3.24101021575  1.20319614427e-27
3.32170300885  1.58580567873e-27
3.40440484432  1.97794120352e-27
3.48916574214  2.37983989124e-27
3.57603696765  2.79174481944e-27
3.66507106256  3.21390511772e-27
3.75632187674  3.64657611831e-27
3.84984460077  4.0900195106e-27
3.94569579937  4.54450349935e-27
4.04393344553  8.34892641054e-27
4.14461695564  1.64775401277e-26
4.2478072254  2.4808535356e-26
4.35356666667  3.33469508729e-26
4.46195924519  4.20979509084e-26
4.57305051927  5.10668282687e-26
4.68690767949  6.0259007537e-26
4.80359958925  6.96800483548e-26
4.92319682653  7.93356487842e-26
5.04577172647  1.12174836044e-25
5.1713984252  1.85287903869e-25
5.30015290463  2.60221298464e-25
5.43211303844  3.37020341268e-25
5.56735863914  4.15731482108e-25
5.70597150638  4.96402327294e-25
5.84803547643  5.79081668408e-25
5.99363647282  6.75754168152e-25
6.1428625584  1.01270279914e-24
6.29580398853  1.38223483555e-24
6.4525532657  1.76096726634e-24
6.6132051955  2.14912915759e-24
6.77785694388  2.54695527853e-24
6.94660809603  2.95468624356e-24
7.11956071652  3.86586696792e-24
7.29681941106  5.02550930092e-24
7.47849138981  6.21402373634e-24
7.66468653214  7.43212911502e-24
7.85551745316  8.68056217512e-24
8.0510995718  1.0227825957e-23
8.25155118063  1.25895107309e-23
8.45699351738  1.50099953629e-23
8.66755083831  1.74907438178e-23
8.88335049333  2.00332565093e-23
9.10452300303  2.29310750307e-23
9.33120213764  2.62350367571e-23
9.5635249979  2.96212586069e-23
9.80163209803  3.30917886448e-23
10.0456674507  3.66323238572e-23
10.295778654  4.01907317785e-23
10.5521169811  4.38373008475e-23
10.8148374712  4.75746600787e-23
11.0840990237  5.13064966063e-23
11.3600644943  5.4908811876e-23
11.6429007931  5.86008155026e-23
11.9327789861  6.23845532109e-23
12.2298743982  6.60498255661e-23
12.5343667197  6.97423095557e-23
12.8464401144  7.35267268707e-23
13.1662833315  7.72835489078e-23
13.4940898196  8.1018608814e-23
13.8300578436  8.4846662076e-23
14.1743906047  8.86405215255e-23
14.5272963631  9.23994972118e-23
14.8889885645  9.62520616951e-23
15.2596859686  9.99400800685e-23
15.6396127818  1.03605803925e-22
16.0289987924  1.07308964333e-22
16.4280795102  1.10661744705e-22
16.8370963082  1.14081125137e-22
17.2562965694  1.17256810822e-22
17.6859338356  1.20297353754e-22
18.1262679613  1.23285941453e-22
18.5775652707  1.26023510932e-22
19.0400987189  1.28791747873e-22
19.5141480567  1.31343376028e-22
20  1.33949e-22

