1 20 101
101
1  0
1.03041055791  1.24877915007e-39
1.06174591785  2.5355343708e-39
1.09403420358  3.86142053568e-39
1.12730439408  5.22762763857e-39
1.16158634964  6.63538186168e-39
1.1969108386  8.08594667612e-39
1.23330956497  9.58062397585e-39
1.27081519692  1.11207552462e-38
1.30946139606  1.27077227677e-38
1.34928284767  1.43429508569e-38
1.39031529185  1.60279071446e-38
1.43259555555  1.77641038931e-38
1.47616158565  1.95530993533e-38
1.52105248304  2.13964991636e-38
1.56730853766  2.32959577906e-38
1.61497126471  2.52531800142e-38
1.66408344188  2.72699224575e-38
1.71468914776  2.93479951637e-38
1.76683380139  3.14892632203e-38
1.82056420303  3.36956484331e-38
1.87592857615  3.59691310512e-38
1.93297661076  3.83117515441e-38
1.99175950792  1.60597440242e-37
2.05233002578  7.75759392225e-36
2.11474252688  1.69608749278e-35
2.17905302696  2.64440328434e-35
2.24531924523  3.6215578882e-35
2.31360065617  4.62842830872e-35
2.3839585429  5.66591822048e-35
2.45645605223  6.73495877928e-35
2.53115825126  7.83650945791e-35
2.60813218585  8.97155890724e-35
2.68744694072  1.01411258436e-34
2.76917370155  1.1346259963e-34
2.85338581877  1.25880428833e-34
2.94015887345  1.3867589115e-34
3.02957074514  1.29599893385e-32
3.12170168173  5.28787210852e-32
3.21663437151  9.40114037355e-32
3.31445401734  1.36394954214e-31
3.41524841318  1.80067412108e-31
3.51910802283  2.25067973812e-31
3.62612606115  2.71437027704e-31
3.73639857773  3.19216190395e-31
3.85002454306  3.68448344079e-31
3.96710593738  4.19177675025e-31
4.08774784223  4.25252944496e-30
4.21205853471  9.66297455855e-30
4.34014958471  1.52379543266e-29
4.472135955  2.09824723397e-29
4.60813610445  2.69016843506e-29
4.74827209431  3.30009029011e-29
4.89266969782  3.92856020905e-29
5.041458513  9.40091579524e-29
5.19477207907  2.79102019934e-28
5.35274799621  4.69823659114e-28
5.51552804914  6.66345249748e-28
5.68325833429  8.68843171594e-28
5.85608939099  1.07749916822e-27
6.03417633655  1.63748295454e-27
6.21767900547  3.66124263405e-27
6.40676209294  5.75464956534e-27
6.6015953026  7.91171816934e-27
6.80235349885  1.0134384433e-26
7.00921686386  1.27820702538e-26
7.22237105921  1.9090556583e-26
7.44200739256  2.57752806358e-26
7.66832298935  3.26632908766e-26
7.9015209697  3.97607693517e-26
8.14181063074  5.05125103281e-26
8.38940763443  6.40516121598e-26
8.64453420113  7.80024456318e-26
8.90741930907  9.2377531733e-26
9.17829889981  1.27474509984e-25
9.45741609003  1.74491848127e-25
9.74502138973  2.22939009753e-25
10.041372927  2.85200308552e-25
10.34673668  4.18319007853e-25
10.661386715  5.56642215344e-25
10.9856054331  7.03813492476e-25
11.3196838233  9.48331764127e-25
11.6639217237  1.20981490773e-24
12.0186280908  1.48173263987e-24
12.3841212763  1.78549594071e-24
12.7607293136  2.0996250812e-24
13.1487902114  2.42269672665e-24
13.5486522576  2.75458182512e-24
13.9606743317  3.09765884935e-24
14.3852262269  3.48834756702e-24
14.8226889821  3.89619540612e-24
15.2734552238  4.34310691605e-24
15.7379295184  4.82142208014e-24
16.2165287354  5.30770103473e-24
16.7096824217  5.8005593219e-24
17.2178331866  6.30254490267e-24
17.7414370999  6.81174761387e-24
18.2809641002  7.35815539337e-24
18.8368984177  7.94177579576e-24
19.4097390079  8.62394577202e-24
20  9.360003e-24

