0.5 20 151
151
0.5  0
0.512448710082  1.90991097773e-42
0.52520736093  3.86737381156e-42
0.538283669269  5.87357242001e-42
0.55168554395  7.92972019815e-42
0.565421090737  1.00370607514e-41
0.579498617203  1.21968686479e-41
0.59392663776  1.44104501891e-41
0.608713878807  1.66791441999e-41
0.623869284008  1.90043228388e-41
0.6394020197  2.13873924272e-41
0.655321480438  2.38297943004e-41
0.67163729468  2.63330056793e-41
0.688359330604  2.88985405636e-41
0.705497702082  3.15279506479e-41
0.723062774796  3.42228262599e-41
0.741065172505  3.69847973222e-41
0.759515783475  3.98155343386e-41
0.778425767058  4.27167494038e-41
0.797806560447  4.56901972395e-41
0.817669885593  4.87376762553e-41
0.83802775629  5.18610296366e-41
0.858892485448  5.50621464594e-41
0.880276692535  5.83429628327e-41
0.90219331121  6.17054630697e-41
0.924655597149  6.5151680888e-41
0.947677136058  6.86837006392e-41
0.971271851895  7.23036585702e-41
0.995454015286  1.30703811139e-36
1.02023825216  2.25935874614e-34
1.04563955259  5.09510910429e-34
1.07167327987  8.00146233058e-34
1.0983551798  1.09801762543e-33
1.1257013902  1.40330524701e-33
1.15372845069  1.71619374278e-33
1.18245331269  2.03687235489e-33
1.21189334964  2.36553503715e-33
1.24206636756  2.7023805723e-33
1.27299061578  3.04761269226e-33
1.30468479801  3.40144020138e-33
1.33716808361  3.76407710265e-33
1.37046011922  4.13574272722e-33
1.40458104063  4.51666186701e-33
1.43955148495  4.90706491067e-33
1.47539260312  5.30718798294e-33
1.51212607267  5.71727308746e-33
1.54977411084  6.13756825312e-33
1.58835948804  6.56832768413e-33
1.62790554158  7.00981191367e-33
1.66843618984  7.46228796157e-33
1.70997594668  7.92602949576e-33
1.75254993629  8.40131699776e-33
1.79618390842  8.88843793241e-33
1.84090425388  9.38768692163e-33
1.88673802057  9.89936592271e-33
1.93371292981  1.04237844109e-32
1.9818573931  1.09612595665e-32
2.03120052932  1.00234334492e-30
2.08177218234  2.60890544866e-30
2.13360293905  4.25546680412e-30
2.18672414789  5.94302328947e-30
2.24116793778  7.6725955777e-30
2.29696723759  9.44522975388e-30
2.35415579601  1.1261997948e-29
2.41276820199  1.31239989831e-29
2.47283990568  1.50323590403e-29
2.53440723981  1.69882323398e-29
2.59750744173  1.89928018385e-29
2.66217867588  2.10472799463e-29
2.72846005693  2.31529092588e-29
2.79639167337  2.5310963309e-29
2.86601461181  2.75227473376e-29
2.9373709818  2.97895990825e-29
3.01050394131  6.44117166826e-29
3.08545772284  2.75759357927e-28
3.16227766017  4.9507880405e-28
3.24101021575  7.19858738573e-28
3.32170300885  9.5023511357e-28
3.40440484432  1.18634726597e-27
3.48916574214  1.42833800184e-27
3.57603696765  1.67635368273e-27
3.66507106256  1.93054431424e-27
3.75632187674  2.1910636367e-27
3.84984460077  2.45806921819e-27
3.94569579937  2.73172254984e-27
4.04393344553  5.15423717449e-27
4.14461695564  1.03506782523e-26
4.2478072254  1.5676497307e-26
4.35356666667  2.11349155163e-26
4.46195924519  2.67292342573e-26
4.57305051927  3.24628371025e-26
4.68690767949  3.83391918669e-26
4.80359958925  4.43618527048e-26
4.92319682653  5.05344622601e-26
5.04577172647  7.22911333803e-26
5.1713984252  1.21125698473e-25
5.30015290463  1.71176118252e-25
5.43211303844  2.22472664361e-25
5.56735863914  2.75046362131e-25
5.70597150638  3.28929009345e-25
5.84803547643  3.84153195466e-25
5.99363647282  4.49171975429e-25
6.1428625584  6.83621398466e-25
6.29580398853  9.40976554712e-25
6.4525532657  1.20473919041e-24
6.6132051955  1.47506883528e-24
6.77785694388  1.7521289909e-24
6.94660809603  2.03608722962e-24
7.11956071652  2.70726660466e-24
7.29681941106  3.56914641465e-24
7.47849138981  4.4524848084e-24
7.66468653214  5.35781604929e-24
7.85551745316  6.28568770248e-24
8.0510995718  7.4891709309e-24
8.25155118063  9.45435821306e-24
8.45699351738  1.14684735887e-23
8.66755083831  1.35327352411e-23
8.88335049333  1.56483916832e-23
9.10452300303  1.82330795474e-23
9.33120213764  2.1358350112e-23
9.5635249979  2.45614318511e-23
9.80163209803  2.78442620619e-23
10.0456674507  3.12414016524e-23
10.295778654  3.48626960455e-23
10.5521169811  3.85750133319e-23
10.8148374712  4.23797577417e-23
11.0840990237  4.61790937641e-23
11.3600644943  4.98470612192e-23
11.6429007931  5.36063516012e-23
11.9327789861  5.74589896831e-23
12.2298743982  6.1124872604e-23
12.5343667197  6.47969007995e-23
12.8464401144  6.85603530238e-23
13.1662833315  7.22685123087e-23
13.4940898196  7.59279767607e-23
13.8300578436  7.96785524367e-23
14.1743906047  8.34029473166e-23
14.5272963631  8.71006585631e-23
14.8889885645  9.08904332803e-23
15.2596859686  9.45765530598e-23
15.6396127818  9.82676940202e-23
16.0289987924  1.02006600947e-22
16.4280795102  1.05475740479e-22
16.8370963082  1.09017416933e-22
17.2562965694  1.12333564993e-22
17.6859338356  1.15527918067e-22
18.1262679613  1.18664170214e-22
18.5775652707  1.21527651643e-22
19.0400987189  1.2441976241e-22
19.5141480567  1.27058950974e-22
20  1.29753e-22

