0.5 20 151
151
0.5  0
0.512448710082  1.89519660242e-40
0.52520736093  3.83757871094e-40
0.538283669269  5.82832112294e-40
0.55168554395  7.86862788521e-40
0.565421090737  9.9597330222e-40
0.579498617203  1.21029012824e-39
0.59392663776  1.42994289033e-39
0.608713878807  1.65506443952e-39
0.623869284008  1.88579093451e-39
0.6394020197  2.12226192399e-39
0.655321480438  2.36462043105e-39
0.67163729468  2.6130130397e-39
0.688359330604  2.86758998348e-39
0.705497702082  3.12850523641e-39
0.723062774796  3.395916606e-39
0.741065172505  3.66998582883e-39
0.759515783475  3.95087866825e-39
0.778425767058  4.23876501472e-39
0.797806560447  4.53381898851e-39
0.817669885593  4.83621904506e-39
0.83802775629  5.14614808287e-39
0.858892485448  5.46379355416e-39
0.880276692535  5.78934757821e-39
0.90219331121  6.12300705759e-39
0.924655597149  6.46497379722e-39
0.947677136058  6.81545462644e-39
0.971271851895  7.17466152413e-39
0.995454015286  2.2513002252e-35
1.02023825216  3.8905483383e-33
1.04563955259  8.7736179361e-33
1.07167327987  1.37782633694e-32
1.0983551798  1.89075115628e-32
1.1257013902  2.41644648036e-32
1.15372845069  2.9552302618e-32
1.18245331269  3.50742836942e-32
1.21189334964  4.07337478535e-32
1.24206636756  4.65341180698e-32
1.27299061578  5.24789025406e-32
1.30468479801  5.85716968081e-32
1.33716808361  6.48161859344e-32
1.37046011922  7.12161467302e-32
1.40458104063  7.7775450039e-32
1.43955148495  8.44980630783e-32
1.47539260312  9.1388051839e-32
1.51212607267  9.84495835448e-32
1.54977411084  1.05686929173e-31
1.58835948804  1.13104466035e-31
1.62790554158  1.2070668043e-31
1.66843618984  1.2849817035e-31
1.70997594668  1.36483648269e-31
1.75254993629  1.44667943987e-31
1.79618390842  1.53056007554e-31
1.84090425388  1.61652912264e-31
1.88673802057  1.70463857722e-31
1.93371292981  1.79494172992e-31
1.9818573931  1.88749319815e-31
2.03120052932  8.02144082897e-30
2.08177218234  2.07114748784e-29
2.13360293905  3.37174580374e-29
2.18672414789  4.70472566238e-29
2.24116793778  6.07089328064e-29
2.29696723759  7.4710749481e-29
2.35415579601  8.90611752684e-29
2.41276820199  1.03768889636e-28
2.47283990568  1.18842788148e-28
2.53440723981  1.34291987845e-28
2.59750744173  1.50125832758e-28
2.66217867588  1.6635389956e-28
2.72846005693  1.82986003361e-28
2.79639167337  2.00032203637e-28
2.86601461181  2.17502810325e-28
2.9373709818  2.35408390047e-28
3.01050394131  4.11607612246e-28
3.08545772284  1.45165767682e-27
3.16227766017  2.53084535868e-27
3.24101021575  3.63690202969e-27
3.32170300885  4.77049665836e-27
3.40440484432  5.9323148688e-27
3.48916574214  7.12305935538e-27
3.57603696765  8.34345030775e-27
3.66507106256  9.59422584642e-27
3.75632187674  1.08761424692e-26
3.84984460077  1.21899755088e-26
3.94569579937  1.35365196016e-26
4.04393344553  2.22878008268e-26
4.14461695564  4.05950431969e-26
4.2478072254  5.93580886723e-26
4.35356666667  7.85882855745e-26
4.46195924519  9.82972647689e-26
4.57305051927  1.18496946699e-25
4.68690767949  1.39199548598e-25
4.80359958925  1.60417591874e-25
4.92319682653  1.82163909689e-25
5.04577172647  2.4399025156e-25
5.1713984252  3.75351934712e-25
5.30015290463  5.09984184884e-25
5.43211303844  6.47968430756e-25
5.56735863914  7.89388128373e-25
5.70597150638  9.34328811622e-25
5.84803547643  1.08287814396e-24
5.99363647282  1.25182184485e-24
6.1428625584  1.75773670141e-24
6.29580398853  2.31009385281e-24
6.4525532657  2.87620327229e-24
6.6132051955  3.45640735584e-24
6.77785694388  4.05105702425e-24
6.94660809603  4.6605119353e-24
7.11956071652  5.864101515e-24
7.29681941106  7.36263942835e-24
7.47849138981  8.89848706977e-24
7.66468653214  1.04725733552e-23
7.85551745316  1.20858503283e-23
8.0510995718  1.40073436938e-23
8.25155118063  1.67534505541e-23
8.45699351738  1.95679283907e-23
8.66755083831  2.24524794645e-23
8.88335049333  2.54088484184e-23
9.10452300303  2.86592727981e-23
9.33120213764  3.22427752333e-23
9.5635249979  3.59154976343e-23
9.80163209803  3.96796613481e-23
10.0456674507  4.34840179664e-23
10.295778654  4.71537559407e-23
10.5521169811  5.09134445501e-23
10.8148374712  5.47667397064e-23
11.0840990237  5.85585554186e-23
11.3600644943  6.20895612107e-23
11.6429007931  6.57084799376e-23
11.9327789861  6.94171947684e-23
12.2298743982  7.28711808853e-23
12.5343667197  7.63066459513e-23
12.8464401144  7.98276452346e-23
13.1662833315  8.32609143211e-23
13.4940898196  8.66136567983e-23
13.8300578436  9.00498739136e-23
14.1743906047  9.34403592352e-23
14.5272963631  9.67841377676e-23
14.8889885645  1.00211167759e-22
15.2596859686  1.03511101431e-22
15.6396127818  1.06800127852e-22
16.0289987924  1.10126048006e-22
16.4280795102  1.13164842687e-22
16.8370963082  1.16265190017e-22
17.2562965694  1.19145936569e-22
17.6859338356  1.21905067092e-22
18.1262679613  1.24610665461e-22
18.5775652707  1.27072040986e-22
19.0400987189  1.29558487376e-22
19.5141480567  1.31831056971e-22
20  1.34151e-22

