1 20 101
101
1  0
1.03041055791  1.72056246339e-35
1.06174591785  3.49344819122e-35
1.09403420358  5.32024836314e-35
1.12730439408  7.20260254748e-35
1.16158634964  9.14220017275e-35
1.1969108386  1.11407820439e-34
1.23330956497  1.32001419048e-34
1.27081519692  1.53221280481e-34
1.30946139606  1.75086449738e-34
1.34928284767  1.97616550991e-34
1.39031529185  2.20831805193e-34
1.43259555555  2.44753048227e-34
1.47616158565  2.69401749608e-34
1.52105248304  2.9480003175e-34
1.56730853766  3.20970689822e-34
1.61497126471  3.47937212206e-34
1.66408344188  3.75723801582e-34
1.71468914776  4.04355396642e-34
1.76683380139  4.33857694482e-34
1.82056420303  4.6425717366e-34
1.87592857615  4.95581117959e-34
1.93297661076  5.2785764088e-34
1.99175950792  3.42034519052e-33
2.05233002578  1.84601803498e-31
2.11474252688  4.04096223254e-31
2.17905302696  6.30265590773e-31
2.24531924523  8.63312894941e-31
2.31360065617  1.10344729765e-30
2.3839585429  1.35088432152e-30
2.45645605223  1.60584604333e-30
2.53115825126  1.86856129334e-30
2.60813218585  2.13926586069e-30
2.68744694072  2.41820270495e-30
2.76917370155  2.70562217427e-30
2.85338581877  3.00178223001e-30
2.94015887345  3.30694867827e-30
3.02957074514  1.9879118024e-29
3.12170168173  7.08558654351e-29
3.21663437151  1.23382844175e-28
3.31445401734  1.77507197645e-28
3.41524841318  2.332775029e-28
3.51910802283  2.90743814252e-28
3.62612606115  3.49957708194e-28
3.73639857773  4.10972329687e-28
3.85002454306  4.7384243986e-28
3.96710593738  5.38624465159e-28
4.08774784223  1.922196781e-27
4.21205853471  3.8564929104e-27
4.34014958471  5.84961206427e-27
4.472135955  7.90334308359e-27
4.60813610445  1.0019529209e-26
4.74827209431  1.22000697351e-26
4.89266969782  1.44469217152e-26
5.041458513  2.29184763505e-26
5.19477207907  4.80703334316e-26
5.35274799621  7.3987072519e-26
5.51552804914  1.00691954101e-25
5.68325833429  1.28208946032e-25
5.85608939099  1.56562745038e-25
6.03417633655  2.12160901554e-25
6.21767900547  3.8008796327e-25
6.40676209294  5.53741492636e-25
6.6015953026  7.32675922713e-25
6.80235349885  9.17051848638e-25
7.00921686386  1.14919218145e-24
7.22237105921  1.81067551405e-24
7.44200739256  2.51402353343e-24
7.66832298935  3.23876075849e-24
7.9015209697  3.98553764691e-24
8.14181063074  5.3327708735e-24
8.38940763443  7.13438571114e-24
8.64453420113  8.99078866113e-24
8.90741930907  1.09036458605e-23
9.17829889981  1.3553493686e-23
9.45741609003  1.66471169755e-23
9.74502138973  1.98348190752e-23
10.041372927  2.31962567993e-23
10.34673668  2.70890741397e-23
10.661386715  3.11074697367e-23
10.9856054331  3.52544116407e-23
11.3196838233  3.96544118113e-23
11.6639217237  4.42012436956e-23
12.0186280908  4.88907328402e-23
12.3841212763  5.37644778263e-23
12.7607293136  5.87884290433e-23
13.1487902114  6.39293937408e-23
13.5486522576  6.91674305996e-23
13.9606743317  7.45567237175e-23
14.3852262269  7.98381049345e-23
14.8226889821  8.52415092738e-23
15.2734552238  9.04771829444e-23
15.7379295184  9.56502235977e-23
16.2165287354  1.00660675419e-22
16.7096824217  1.05424535097e-22
17.2178331866  1.1003026262e-22
17.7414370999  1.14359943379e-22
18.2809641002  1.1852150345e-22
18.8368984177  1.22525342404e-22
19.4097390079  1.26335851038e-22
20  1.30133e-22

