0.009999991 20 201
201
0.009999991  0
0.0103873498977  1.45987513551e-34
0.0107897135004  2.9763017905e-34
0.0112076630293  4.5514686341e-34
0.0116418022196  6.18765102183e-34
0.012092758193  7.8872124472e-34
0.0125611823629  9.65260795585e-34
0.0130477513761  1.14863876919e-33
0.01355316809  1.33912005815e-33
0.0140781625876  1.53697981597e-33
0.0146234932325  1.74250385445e-33
0.0151899477641  1.9559890566e-33
0.0157783444358  2.17774380545e-33
0.0163895331966  2.40808842953e-33
0.0170243969192  2.64735566561e-33
0.0176838526751  2.89589113931e-33
0.0183688530595  3.1540538644e-33
0.0190803875671  3.42221676134e-33
0.0198194840218  3.71342082547e-33
0.020587210061  3.70055471279e-32
0.0213846746782  8.2142937623e-32
0.0222130298248  1.29028766674e-31
0.0230734720738  1.77730761666e-31
0.023967244349  2.28319273465e-31
0.0248956377196  2.80867378043e-31
0.0258599932659  3.35450982041e-31
0.0268617040159  3.92148932408e-31
0.027902216958  4.51043130308e-31
0.0289830351311  5.12218649418e-31
0.0301057197954  9.38240838807e-31
0.0312718926883  4.03271261852e-30
0.0324832383664  7.33079625393e-30
0.0337415066394  1.07566342085e-29
0.0350485150975  1.43151751638e-29
0.0364061517366  1.80115594933e-29
0.0378163776863  2.18511266877e-29
0.039281230042  2.58394230674e-29
0.0408028248082  2.99822097952e-29
0.0423833599546  3.42854711973e-29
0.0440251185913  3.87554234088e-29
0.0457304722668  4.33985233523e-29
0.0475018843937  4.82214780652e-29
0.0493419138073  5.32312543884e-29
0.0512532184615  8.66151962129e-29
0.0532385592688  1.36663354822e-28
0.0553008040879  1.88650175131e-28
0.0574429318669  2.42650752993e-28
0.0596680369461  2.98743093169e-28
0.0619793335279  3.57008222006e-28
0.06438016032  4.17530304482e-28
0.0668739853577  4.80396765784e-28
0.0694644110141  5.46194315863e-28
0.0721551792034  7.54049751781e-28
0.0749501767866  1.00674548327e-27
0.0778534411854  1.26922961757e-27
0.0808691662152  1.54188131752e-27
0.0840017081424  1.82509443316e-27
0.0872555919777  2.1192780707e-27
0.0906355180119  2.52225370535e-27
0.0941463686062  3.36045528118e-27
0.0977932152445  4.23387505106e-27
0.101581325859  5.14112754332e-27
0.105516172441  6.08352329973e-27
0.109603438944  7.06242362713e-27
0.113849029494  8.07924256383e-27
0.11825907692  9.13544892223e-27
0.12283995161  1.10510140649e-26
0.127598270717  1.35619314744e-26
0.132540907714  1.61701115914e-26
0.137675002325  1.88793219769e-26
0.143007970838  2.16934761316e-26
0.148547516818  2.46166391496e-26
0.154301642233  2.76530335899e-26
0.160278659016  3.10106941949e-26
0.166487201071  3.65135637068e-26
0.172936236744  4.23326898198e-26
0.179635081776  4.83772251632e-26
0.186593412764  5.46559011722e-26
0.193821281137  6.11777875017e-26
0.201329127674  6.84890014736e-26
0.209127797589  7.85363021028e-26
0.217228556194  8.8993773905e-26
0.225643105174  9.98563255467e-26
0.234383599489  1.1113964817e-25
0.243462664933  1.24272202054e-25
0.252893416371  1.40292691061e-25
0.262689476687  1.56933748521e-25
0.272864996456  1.7421941273e-25
0.283434674392  1.93742581984e-25
0.294413778577  2.17405296277e-25
0.305818168513  2.41984607688e-25
0.317664318038  2.67542243525e-25
0.329969339119  2.99504600643e-25
0.342751006569  3.3406303401e-25
0.356027783725  3.69960120247e-25
0.369818849121  4.14076722875e-25
0.384144124187  4.62771914141e-25
0.399024302027  5.1385374765e-25
0.414480877315  5.79097062107e-25
0.430536177339  6.48311460508e-25
0.447213394254  7.28985643435e-25
0.464536618586  8.24748427545e-25
0.482530874031  9.30239455349e-25
0.501222153598  1.07341775009e-24
0.520637457161  1.22271172684e-24
0.540804830461  1.38462979673e-24
0.561753405612  1.62364945969e-24
0.583513443191  1.87577576177e-24
0.606116375946  2.17502927236e-24
0.6295948542  2.59048094507e-24
0.653982793019  3.02207856966e-24
0.679315421197  3.65252737707e-24
0.705629332151  4.36642378126e-24
0.732962536777  5.28931951225e-24
0.761354518356  6.45679779481e-24
0.790846289594  7.87237927499e-24
0.82148045186  9.70506803255e-24
0.853301256727  1.1866902908e-23
0.886354669893  1.44858350112e-23
0.920688437579  1.73779279028e-23
0.956352155503  2.04900476518e-23
0.993397340516  2.33658743113e-23
1.03187750502  2.55021152061e-23
1.07184823428  2.68201421465e-23
1.1133672667  2.72371025864e-23
1.15649457723  2.6863395217e-23
1.201292464  2.60508080594e-23
1.24782563834  2.5224113851e-23
1.29616131822  2.47705822084e-23
1.34636932535  2.50950746012e-23
1.39852218606  2.65670433867e-23
1.45269523605  2.89849322465e-23
1.50896672922  3.05597851868e-23
1.56741795071  2.93880385606e-23
1.6281333343  2.7230507277e-23
1.69120058443  2.88464777413e-23
1.7567108028  2.51762002271e-23
1.82475862005  1.93362552038e-23
1.89544233242  1.69665512488e-23
1.96886404374  1.61997781026e-23
2.04512981294  1.75881978964e-23
2.12434980723  2.69551319676e-23
2.20663846125  3.33677351999e-23
2.29211464236  1.91714788563e-23
2.38090182239  1.42718669662e-23
2.47312825593  1.24056615882e-23
2.56892716564  1.13834452579e-23
2.66843693471  1.07184901818e-23
2.77180130668  1.02353955453e-23
2.87916959318  9.85122940168e-24
2.99069688954  9.50957214336e-24
3.10654429883  9.4703e-24
3.22687916465  9.4703e-24
3.35187531275  9.4703e-24
3.48171330223  9.4703e-24
3.61658068628  9.4703e-24
3.75667228315  9.4703e-24
3.90219045757  9.4703e-24
4.05334541301  9.4703e-24
4.21035549542  9.4703e-24
4.37344750855  9.4703e-24
4.54285704161  9.4703e-24
4.71882880957  9.4703e-24
4.90161700667  9.4703e-24
5.09148567359  9.4703e-24
5.28870907889  9.4703e-24
5.49357211515  9.4703e-24
5.70637071054  9.4703e-24
5.92741225628  9.4703e-24
6.15701605068  9.4703e-24
6.39551376035  9.4703e-24
6.64324989933  9.4703e-24
6.90058232671  9.4703e-24
7.16788276361  9.4703e-24
7.44553733008  9.4703e-24
7.73394710292  9.4703e-24
8.03352869497  9.4703e-24
8.344714857  9.4703e-24
8.66795510274  9.4703e-24
9.00371635828  9.4703e-24
9.3524836365  9.4703e-24
9.71476073773  9.4703e-24
10.0910709774  9.4703e-24
10.4819579422  9.4703e-24
10.887986275  9.4703e-24
11.3097424907  9.4703e-24
11.7478358234  9.4703e-24
12.2028991064  9.4703e-24
12.6755896865  9.4703e-24
13.1665903732  9.4703e-24
13.6766104255  9.4703e-24
14.2063865761  9.4703e-24
14.7566840957  9.4703e-24
15.3282978986  9.4703e-24
15.9220536907  9.4703e-24
16.5388091624  9.4703e-24
17.1794552275  9.4703e-24
17.8449173104  9.4703e-24
18.5361566823  9.4703e-24
19.2541718504  9.4703e-24
20  9.4703e-24

