0.5 20 151
151
0.5  0
0.512448710082  2.19058706448e-36
0.52520736093  4.4357140955e-36
0.538283669269  6.73673899755e-36
0.55168554395  9.09505348338e-36
0.565421090737  1.15120839159e-35
0.579498617203  1.39892921706e-35
0.59392663776  1.652817652e-35
0.608713878807  1.91302725399e-35
0.623869284008  2.17971540376e-35
0.6394020197  2.45304340046e-35
0.655321480438  2.73317655913e-35
0.67163729468  3.02028431075e-35
0.688359330604  3.3145403047e-35
0.705497702082  3.61612251377e-35
0.723062774796  3.92521334181e-35
0.741065172505  4.24199973406e-35
0.759515783475  4.56667329023e-35
0.778425767058  4.89943038034e-35
0.797806560447  5.24047226353e-35
0.817669885593  5.59000520978e-35
0.83802775629  5.94824062466e-35
0.858892485448  6.31539517718e-35
0.880276692535  6.69169093086e-35
0.90219331121  7.07735547803e-35
0.924655597149  7.47262207747e-35
0.947677136058  7.87772979551e-35
0.971271851895  8.29292365062e-35
0.995454015286  4.82717716767e-33
1.02023825216  8.19498628746e-31
1.04563955259  1.84795186611e-30
1.07167327987  2.90201093584e-30
1.0983551798  3.98231335711e-30
1.1257013902  5.08951252167e-30
1.15372845069  6.22427808903e-30
1.18245331269  7.38729639151e-30
1.21189334964  8.57927084933e-30
1.24206636756  9.80092239605e-30
1.27299061578  1.10529899146e-29
1.30468479801  1.23362306843e-29
1.33716808361  1.36514208386e-29
1.37046011922  1.49993558347e-29
1.40458104063  1.63808509348e-29
1.43955148495  1.77967416988e-29
1.47539260312  1.92478844902e-29
1.51212607267  2.07351569933e-29
1.54977411084  2.22594587448e-29
1.58835948804  2.38217116775e-29
1.62790554158  2.54228606778e-29
1.66843618984  2.70638741576e-29
1.70997594668  2.87457446395e-29
1.75254993629  3.04694893574e-29
1.79618390842  3.22361508718e-29
1.84090425388  3.40467977002e-29
1.88673802057  3.59025249635e-29
1.93371292981  3.78044550481e-29
1.9818573931  3.97537382853e-29
2.03120052932  3.45442669827e-28
2.08177218234  8.39730648677e-28
2.13360293905  1.34632512302e-27
2.18672414789  1.86553249284e-27
2.24116793778  2.3976667867e-27
2.29696723759  2.94304985166e-27
2.35415579601  3.50201154794e-27
2.41276820199  4.07488994843e-27
2.47283990568  4.66203154315e-27
2.53440723981  5.26379144886e-27
2.59750744173  5.88053362378e-27
2.66217867588  6.51263108776e-27
2.72846005693  7.16046614788e-27
2.79639167337  7.8244306297e-27
2.86601461181  8.50492611419e-27
2.9373709818  9.20236418068e-27
3.01050394131  1.17977077816e-26
3.08545772284  2.46970060764e-26
3.16227766017  3.80752364949e-26
3.24101021575  5.17865503371e-26
3.32170300885  6.58392405211e-26
3.40440484432  8.0241806437e-26
3.48916574214  9.5002959088e-26
3.57603696765  1.10131626359e-25
3.66507106256  1.25636958415e-25
3.75632187674  1.41528333238e-25
3.84984460077  1.57815362297e-25
3.94569579937  1.74507896362e-25
4.04393344553  2.57893346459e-25
4.14461695564  4.27317012846e-25
4.2478072254  6.0095889144e-25
4.35356666667  7.78924004845e-25
4.46195924519  9.61319990452e-25
4.57305051927  1.14825716555e-24
4.68690767949  1.33984859404e-24
4.80359958925  1.53621015482e-24
4.92319682653  1.73746061189e-24
5.04577172647  2.1931815318e-24
5.1713984252  3.08925428666e-24
5.30015290463  4.00763694139e-24
5.43211303844  4.94888495495e-24
5.56735863914  5.91356761577e-24
5.70597150638  6.90226838614e-24
5.84803547643  7.91558525499e-24
5.99363647282  8.98832019059e-24
6.1428625584  1.07691850833e-23
6.29580398853  1.26636979548e-23
6.4525532657  1.46053793093e-23
6.6132051955  1.65954035203e-23
6.77785694388  1.86349742003e-23
6.94660809603  2.07253249284e-23
7.11956071652  2.30337803868e-23
7.29681941106  2.54757138888e-23
7.47849138981  2.79784452351e-23
7.66468653214  3.05434881354e-23
7.85551745316  3.31723939864e-23
8.0510995718  3.5831908013e-23
8.25155118063  3.84566614693e-23
8.45699351738  4.11467645153e-23
8.66755083831  4.3903844187e-23
8.88335049333  4.67295680298e-23
9.10452300303  4.95258883522e-23
9.33120213764  5.22777277105e-23
9.5635249979  5.50980807695e-23
9.80163209803  5.79886533436e-23
10.0456674507  6.09150181269e-23
10.295778654  6.37592413168e-23
10.5521169811  6.66733210528e-23
10.8148374712  6.96599538564e-23
11.0840990237  7.26634391993e-23
11.3600644943  7.56119370762e-23
11.6429007931  7.86338449436e-23
11.9327789861  8.17307663001e-23
12.2298743982  8.46501784006e-23
12.5343667197  8.75656010308e-23
12.8464401144  9.05536101632e-23
13.1662833315  9.33424769341e-23
13.4940898196  9.59418840428e-23
13.8300578436  9.86060096826e-23
14.1743906047  1.01046401285e-22
14.5272963631  1.0325784993e-22
14.8889885645  1.05524357941e-22
15.2596859686  1.0753089477e-22
15.6396127818  1.09448765322e-22
16.0289987924  1.11384347766e-22
16.4280795102  1.131211562e-22
16.8370963082  1.14891789918e-22
17.2562965694  1.16600144773e-22
17.6859338356  1.18281745032e-22
18.1262679613  1.19965185857e-22
18.5775652707  1.21588502279e-22
19.0400987189  1.23235222837e-22
19.5141480567  1.2479337733e-22
20  1.26386e-22

