4 20 101
101
4  0
4.06489836507  1.38793278929e-28
4.13084967959  2.79838422079e-28
4.19787102722  4.23171965027e-28
4.26597976883  5.68831036124e-28
4.33519354694  7.16853366114e-28
4.4055302903  8.67277297907e-28
4.47700821858  1.29780550127e-27
4.54964584702  2.80504960009e-27
4.6234619913  4.34017200401e-27
4.69847577235  5.90020114148e-27
4.77470662134  7.48554111407e-27
4.85217428469  9.09660257973e-27
4.93089882922  1.07338028592e-26
5.0109006473  1.27672792439e-26
5.09220046219  1.69220581462e-26
5.17481933334  2.11794966877e-26
5.2587786619  3.17959152537e-26
5.34410019626  4.4881341491e-26
5.43080603763  5.81790734206e-26
5.51891864584  7.16925556155e-26
5.60846084511  8.54252885356e-26
5.69945582996  9.93808294344e-26
5.79192717125  1.1356279328e-25
5.88589882225  1.27974853693e-25
5.98139512488  1.42798863698e-25
6.07844081599  1.96863270828e-25
6.17706103378  2.61472634646e-25
6.27728132428  3.27130258984e-25
6.37912764804  3.9385315144e-25
6.48262638677  4.61658595554e-25
6.58780435024  5.31856202538e-25
6.69468878317  6.54615336969e-25
6.80330737234  8.14469868274e-25
6.91368825372  9.79950946374e-25
7.02586001978  1.1587113836e-24
7.13985172691  1.37614275679e-24
7.25569290288  1.59713265126e-24
7.3734135546  1.8721483917e-24
7.49304417576  2.17428479301e-24
7.61461575486  2.48132323394e-24
7.73815978314  2.79334324808e-24
7.86370826279  3.11042565941e-24
7.9912937152  3.4407234336e-24
8.12094918942  3.98145022887e-24
8.25270827072  4.55534328552e-24
8.38660508926  5.13854752245e-24
8.52267432896  5.73121400975e-24
8.66095123645  6.49558240051e-24
8.80147163025  7.47512091656e-24
8.94427191  8.47055204467e-24
9.08938906592  9.86569643598e-24
9.23686068839  1.15264818834e-23
9.38672497765  1.32142128958e-23
9.53902075375  1.49293266541e-23
9.69378746657  1.66722674321e-23
9.85106520605  1.84434867118e-23
10.0108947126  2.03004905556e-23
10.1733173875  2.26746127886e-23
10.3383753039  2.51067707899e-23
10.5061112176  2.75783895607e-23
10.6765685779  3.00901093359e-23
10.8497915392  3.26425807377e-23
11.0258249723  3.5243520861e-23
11.2047144759  3.79029723357e-23
11.3865063885  4.06056569144e-23
11.5712478006  4.33559493016e-23
11.7589865666  4.61599530558e-23
11.9497713174  4.9010464246e-23
12.1436514728  5.19177339112e-23
12.3406772544  5.48759073868e-23
12.5408996988  5.78820760178e-23
12.7443706706  6.09370185062e-23
12.9511428756  6.40418856234e-23
13.1612698752  6.72005342334e-23
13.3748060995  7.04103385525e-23
13.5918068618  7.36690899938e-23
13.8123283727  7.69742130511e-23
14.036427755  8.03368786688e-23
14.2641630582  8.3773186773e-23
14.4955932736  8.72654478945e-23
14.7307783496  9.08143695253e-23
14.9697792074  9.44127848133e-23
15.2126577564  9.76498304361e-23
15.4594769106  1.0041733111e-22
15.7103006046  1.02687719385e-22
15.9651938106  1.04982737078e-22
16.2242225547  1.06574615209e-22
16.4874539343  1.08059240189e-22
16.7549561354  1.09567952604e-22
17.0267984504  1.1110114326e-22
17.3030512959  1.12659209309e-22
17.5837862308  1.14242554342e-22
17.8690759753  1.15851588501e-22
18.1589944294  1.17486762435e-22
18.4536166918  1.19148426702e-22
18.75301908  1.20837040521e-22
19.0572791496  1.22553054476e-22
19.3664757145  1.2429692303e-22
19.6806888673  1.26069085211e-22
20  1.2787e-22

