1 20000 251
251
1  0
1.04040904696  6.53318115813e-39
1.082450985  1.33303619405e-38
1.12619179768  2.04022103202e-38
1.17170013492  2.77598253533e-38
1.21904742069  3.54147545977e-38
1.26830796516  4.33790122375e-38
1.31955908129  5.16650979382e-38
1.37288120617  6.02860164651e-38
1.4283580273  6.92552980936e-38
1.4860766139  7.85870198446e-38
1.54612755358  8.82958275781e-38
1.6086050945  9.83969589792e-38
1.6736072933  1.08906267473e-37
1.74123616901  1.19840247108e-37
1.81159786313  1.31216058439e-37
1.88480280626  1.43051555465e-37
1.96096589137  1.55365313646e-37
2.04020665416  1.32781247208e-34
2.12264946065  4.04714584104e-34
2.20842370239  6.87636487981e-34
2.29766399949  9.81990996358e-34
2.39051041194  1.28824008989e-33
2.48710865943  1.60686441742e-33
2.58761035005  1.93836405036e-33
2.6921732182  2.28325926754e-33
2.8009613722  2.64209137175e-33
2.91414555182  3.0154235393e-33
3.03190339627  3.73386848708e-32
3.15441972299  1.6806034532e-31
3.28188681771  3.04064343485e-31
3.41450473624  4.45564133598e-31
3.55248161847  5.92781795375e-31
3.69603401502  7.4594838256e-31
3.8453872271  9.0530428556e-31
4.00077566014  3.48418119576e-29
4.16244319166  7.07369973461e-27
4.33064355406  1.43969911976e-26
4.50564073281  2.24338149539e-26
4.68770938077  3.29203944286e-26
4.87713524927  4.38926946165e-26
5.07421563659  5.68833336233e-26
5.27925985453  7.53618732753e-26
5.49258971391  9.62521021409e-26
5.71454002959  1.18786377908e-25
5.945459146  1.44675921847e-25
6.18570948383  2.91518301445e-25
6.43566810884  4.9962581432e-25
6.69572732367  7.7388530387e-25
6.96629528353  1.05922735801e-24
7.24779663678  1.55608385048e-24
7.54067319143  2.30619109274e-24
7.84538460853  3.1868286522e-24
8.1624091236  4.51970048052e-24
8.49224429718  6.42606817868e-24
8.83540779578  8.40947037867e-24
9.19243820431  1.15922938024e-23
9.56389587139  1.58997300167e-23
9.95036378878  2.03812256233e-23
10.3524485064  2.63417532597e-23
10.7707810842  3.27419219241e-23
11.2060180829  3.9436748829e-23
11.6588425938  4.64297554343e-23
12.1299653117  5.37270854108e-23
12.6201256496  6.13561291075e-23
13.1300928996  6.92922441169e-23
13.6606674402  7.7538491602e-23
14.2126819923  8.58707553714e-23
14.7870029263  9.41121425979e-23
15.384531622  1.01890555264e-22
16.0062058827  1.09542822071e-22
16.6530014079  1.16888162747e-22
17.3259333238  1.24124295464e-22
18.0260577771  1.31130851527e-22
18.7544735924  1.35951539766e-22
19.5123239965  1.40967027423e-22
20.3007984131  1.46185186156e-22
21.1211343295  1.5161420571e-22
21.9746192385  1.5726260677e-22
22.8625926593  1.63139254334e-22
23.7864482397  1.69253371626e-22
24.7476359436  1.73906422422e-22
25.7476643266  1.76869160816e-22
26.7881029035  1.79470257259e-22
27.8705846117  1.83337241011e-22
28.996808374  1.876544321e-22
30.1685417653  1.9188764606e-22
31.3876237862  1.94691534708e-22
32.6559677498  1.97608725824e-22
33.9755642841  2.00643797853e-22
35.3484844568  2.02512121761e-22
36.7768830251  2.00512363765e-22
38.2630018183  1.98431797454e-22
39.8091732557  1.96267157442e-22
41.4178240072  1.95432870397e-22
43.0914788025  1.94763408479e-22
44.832764393  1.94066894243e-22
46.6444136747  1.93013351795e-22
48.5292699773  1.91882438014e-22
50.4902915267  1.90509708473e-22
52.5305560881  1.88469443912e-22
54.6532657959  1.86346734204e-22
56.8617521799  1.85255299128e-22
59.159481394  1.84336207442e-22
61.5500596558  1.83069964207e-22
64.0372389068  1.81577656656e-22
66.624922701  1.80025046379e-22
69.3171723311  1.78409696601e-22
72.118213203  1.7778817868e-22
75.032441467  1.77496755853e-22
78.0644309178  1.77193556908e-22
81.2189401726  1.76878105983e-22
84.5009201401  1.76549907986e-22
87.9155217902  1.76208447821e-22
91.4681042388  1.75706379152e-22
95.1642431583  1.74967151368e-22
99.009739529  1.74198052094e-22
103.010628743  1.73698937126e-22
107.173190077  1.73282680992e-22
111.503956548  1.72849604345e-22
116.009725165  1.72399027484e-22
120.697567597  1.7201743919e-22
125.574841273  1.72139371032e-22
130.649200932  1.72266230023e-22
135.928610627  1.72398215266e-22
141.421356237  1.72713203436e-22
147.136058463  1.73570408769e-22
153.081686359  1.74e-22
159.267571411  1.74e-22
165.703422184  1.73714828891e-22
172.399339552  1.73380033022e-22
179.36583256  1.73031708372e-22
186.613834911  1.72669308254e-22
194.154722129  1.72292263894e-22
202.000329413  1.71919986823e-22
210.162970211  1.71593481192e-22
218.655455543  1.71253781778e-22
227.491114114  1.70900355435e-22
236.683813228  1.70532647471e-22
246.247980551  1.70150080778e-22
256.198626761  1.70123972535e-22
266.551369101  1.70331027382e-22
277.322455892  1.70546449118e-22
288.528792035  1.70770575841e-22
300.187965542  1.71003759311e-22
312.318275138  1.71246365503e-22
324.938758985  1.7149877518e-22
338.069224556  1.71761384491e-22
351.730279727  1.72034605595e-22
365.943365117  1.72318867302e-22
380.730787743  1.72614615755e-22
396.115756024  1.7292231512e-22
412.122416211  1.73121224162e-22
428.775890281  1.73287758903e-22
446.102315367  1.73461023154e-22
464.128884777  1.73641288848e-22
482.883890678  1.73828838907e-22
502.396768493  1.74179757637e-22
522.698143103  1.75702360733e-22
543.819876914  1.77286490769e-22
565.795119858  1.78934633989e-22
588.658361426  1.80649377107e-22
612.445484796  1.81748909696e-22
637.193823152  1.82243876463e-22
662.942218274  1.82758844365e-22
689.731081504  1.8329462163e-22
717.602457167  1.83940061429e-22
746.600088557  1.84665002214e-22
776.769486596  1.85419237165e-22
808.158001257  1.86244740038e-22
840.814895881  1.87224446876e-22
874.791424493  1.88243742735e-22
910.140912246  1.89050704561e-22
946.918839109  1.89234594196e-22
985.182926946  1.89425914635e-22
1024.99323011  1.89624966151e-22
1066.41222967  1.89832061148e-22
1109.50493154  1.90047524658e-22
1154.33896842  1.90271694842e-22
1200.98470601  1.9050492353e-22
1249.51535339  1.90747576767e-22
1300.00707798  1.9100003539e-22
1352.53912504  1.91262695625e-22
1407.19394206  1.9153596971e-22
1464.05730815  1.91820286541e-22
1523.21846867  1.92e-22
1584.7702753  1.92e-22
1648.80933177  1.92e-22
1715.43614549  1.92e-22
1784.75528525  1.92e-22
1856.87554538  1.92e-22
1931.9101165  1.92e-22
2009.97676312  1.91970069711e-22
2091.19800853  1.91726405974e-22
2175.70132706  1.91472896019e-22
2263.61934415  1.91209141968e-22
2355.09004453  1.90934729866e-22
2450.25698873  1.90649229034e-22
2549.26953846  1.90352191385e-22
2652.28309095  1.90043150727e-22
2759.45932292  1.89721622031e-22
2870.96644429  1.89387100667e-22
2986.97946215  1.89039061614e-22
3107.68045551  1.88784639089e-22
3233.25886097  1.88533482278e-22
3363.91177012  1.8827217646e-22
3499.84423881  1.88000311522e-22
3641.26960901  1.87717460782e-22
3788.40984363  1.87423180313e-22
3941.49587491  1.8711700825e-22
4100.76796681  1.86798464066e-22
4266.47609215  1.86467047816e-22
4438.88032492  1.8612223935e-22
4618.25124841  1.85763497503e-22
4804.87037999  1.8539025924e-22
4999.03061281  1.85001938774e-22
5201.0366756  1.84849222493e-22
5411.20561086  1.84691595792e-22
5629.8672725  1.84527599546e-22
5857.36484349  1.84356976367e-22
6094.05537452  1.84179458469e-22
6340.31034432  1.83994767242e-22
6596.51624277  1.83802612818e-22
6863.0751774  1.83602693617e-22
7140.40550453  1.83476599083e-22
7428.94248588  1.83428509586e-22
7729.13897165  1.83378476838e-22
8041.46611132  1.83326422315e-22
8366.41409304  1.83272264318e-22
8704.49291301  1.83215917848e-22
9056.2331759  1.83157294471e-22
9422.18692758  1.83096302179e-22
9802.92852161  1.83032845246e-22
10199.0555206  1.83e-22
10611.1896341  1.83e-22
11039.9776943  1.83e-22
11486.0926714  1.83e-22
11950.2347295  1.83e-22
12433.1323259  1.83e-22
12935.5433539  1.83e-22
13458.2563327  1.83e-22
14002.0916449  1.83e-22
14567.9028237  1.83e-22
15156.577893  1.83e-22
15769.0407609  1.83e-22
16406.2526695  1.83e-22
17069.213704  1.83e-22
17758.9643622  1.83e-22
18476.5871871  1.83e-22
19223.2084664  1.83e-22
20000  1.83e-22

