1 20000 251
251
1  0
1.04040904696  7.50880826577e-29
1.082450985  1.53210403174e-28
1.12619179768  2.34489572208e-28
1.17170013492  3.19053155001e-28
1.21904742069  4.07033874601e-28
1.26830796516  4.98569816331e-28
1.31955908129  5.93804638229e-28
1.37288120617  6.92887808518e-28
1.4283580273  7.95974835287e-28
1.4860766139  9.03227510562e-28
1.54612755358  1.01481416423e-27
1.6086050945  1.13090992822e-27
1.6736072933  1.2516970114e-27
1.74123616901  1.37736498549e-27
1.81159786313  1.50811108265e-27
1.88480280626  1.64414050498e-27
1.96096589137  1.78566675845e-27
2.04020665416  8.37657514382e-27
2.12264946065  2.174235133e-26
2.20842370239  3.56482257938e-26
2.29766399949  5.01160233918e-26
2.39051041194  6.51684509023e-26
2.48710865943  8.0829132663e-26
2.58761035005  9.71226476483e-26
2.6921732182  1.14074568046e-25
2.8009613722  1.31711499391e-25
2.91414555182  1.50061122323e-25
3.03190339627  2.17809069163e-25
3.15441972299  4.24524986452e-25
3.28188681771  6.39594096949e-25
3.41450473624  8.63353945232e-25
3.55248161847  1.09615571573e-24
3.69603401502  1.33836478391e-24
3.8453872271  1.59036128969e-24
4.00077566014  1.85654657582e-24
4.16244319166  2.96424092991e-24
4.33064355406  4.11669615716e-24
4.50564073281  5.31572100181e-24
4.68770938077  6.56319729771e-24
4.87713524927  7.86108292184e-24
5.07421563659  9.5436319914e-24
5.27925985453  1.18663846623e-23
5.49258971391  1.42829975549e-23
5.71454002959  1.71311104527e-23
5.945459146  2.04653297612e-23
6.18570948383  2.42628424272e-23
6.43566810884  2.83395704117e-23
6.69572732367  3.25854169715e-23
6.96629528353  3.70603913543e-23
7.24779663678  4.17754562227e-23
7.54067319143  4.66894386347e-23
7.84538460853  5.18019903927e-23
8.1624091236  5.69164109076e-23
8.49224429718  6.17650344526e-23
8.83540779578  6.65498291996e-23
9.19243820431  7.14224247788e-23
9.56389587139  7.61051544316e-23
9.95036378878  8.07857280532e-23
10.3524485064  8.48011284081e-23
10.7707810842  8.88478829535e-23
11.2060180829  9.27773382855e-23
11.6588425938  9.63897423457e-23
12.1299653117  9.993043417e-23
12.6201256496  1.03394578962e-22
13.1300928996  1.06773172617e-22
13.6606674402  1.10094940643e-22
14.2126819923  1.1340097743e-22
14.7870029263  1.16439237056e-22
15.384531622  1.19364226858e-22
16.0062058827  1.22184850248e-22
16.6530014079  1.24785239178e-22
17.3259333238  1.27205254376e-22
18.0260577771  1.29501808701e-22
18.7544735924  1.31509140065e-22
19.5123239965  1.33597585776e-22
20.3007984131  1.35770423589e-22
21.1211343295  1.38031063706e-22
21.9746192385  1.40383054136e-22
22.8625926593  1.42830086258e-22
23.7864482397  1.45376000616e-22
24.7476359436  1.47270831215e-22
25.7476643266  1.47003299262e-22
26.7881029035  1.46017382474e-22
27.8705846117  1.44295427109e-22
28.996808374  1.42327589581e-22
30.1685417653  1.40185169777e-22
31.3876237862  1.37367474414e-22
32.6559677498  1.34435918667e-22
33.9755642841  1.31791863987e-22
35.3484844568  1.29664282977e-22
36.7768830251  1.28901578522e-22
38.2630018183  1.28079580352e-22
39.8091732557  1.27219132734e-22
41.4178240072  1.25884585319e-22
43.0914788025  1.24434590753e-22
44.832764393  1.22926003287e-22
46.6444136747  1.21183303822e-22
48.5292699773  1.19351862588e-22
50.4902915267  1.1759096045e-22
52.5305560881  1.16210018153e-22
54.6532657959  1.14773273293e-22
56.8617521799  1.13127235003e-22
59.159481394  1.11385377399e-22
61.5500596558  1.10173494943e-22
64.0372389068  1.09251342255e-22
66.624922701  1.08291926256e-22
69.3171723311  1.0729374117e-22
72.118213203  1.06331678228e-22
75.032441467  1.0535638217e-22
78.0644309178  1.04341675327e-22
81.2189401726  1.03455558295e-22
84.5009201401  1.02813815134e-22
87.9155217902  1.02146139743e-22
91.4681042388  1.01495205222e-22
95.1642431583  1.00882552498e-22
99.009739529  1.00245143062e-22
103.010628743  1.00036173512e-22
107.173190077  9.99741917669e-23
111.503956548  9.99097053982e-23
116.009725165  9.98426131967e-23
120.697567597  9.97624228796e-23
125.574841273  9.96171748406e-23
130.649200932  9.94660574667e-23
135.928610627  9.93088335838e-23
141.421356237  9.91790344988e-23
147.136058463  9.91446553773e-23
153.081686359  9.91088870282e-23
159.267571411  9.90716733143e-23
165.703422184  9.90501114606e-23
172.399339552  9.90299704499e-23
179.36583256  9.90090155602e-23
186.613834911  9.88897206156e-23
194.154722129  9.87558791843e-23
202.000329413  9.863209388e-23
210.162970211  9.85503224053e-23
218.655455543  9.84652466232e-23
227.491114114  9.83767330099e-23
236.683813228  9.82846426458e-23
246.247980551  9.81888309978e-23
256.198626761  9.81736183424e-23
266.551369101  9.82109870283e-23
277.322455892  9.82498657471e-23
288.528792035  9.82903155179e-23
300.187965542  9.8331811818e-23
312.318275138  9.83376498039e-23
324.938758985  9.83437236972e-23
338.069224556  9.83500430308e-23
351.730279727  9.83744710951e-23
365.943365117  9.85279649232e-23
380.730787743  9.86876612906e-23
396.115756024  9.88538108359e-23
412.122416211  9.94701170676e-23
428.775890281  1.00259156423e-22
446.102315367  1.01080080106e-22
464.128884777  1.01934176533e-22
482.883890678  1.02822786182e-22
502.396768493  1.03691245354e-22
522.698143103  1.04178290109e-22
543.819876914  1.04685015878e-22
565.795119858  1.05212217953e-22
588.658361426  1.05760723762e-22
612.445484796  1.06220948178e-22
637.193823152  1.06595052616e-22
662.942218274  1.06984274257e-22
689.731081504  1.07389223975e-22
717.602457167  1.07711252906e-22
746.600088557  1.07986033678e-22
776.769486596  1.0827191808e-22
808.158001257  1.08574262577e-22
840.814895881  1.08903364516e-22
874.791424493  1.0924576515e-22
910.140912246  1.09572563297e-22
946.918839109  1.09836430683e-22
985.182926946  1.10110960697e-22
1024.99323011  1.10332526632e-22
1066.41222967  1.10523535142e-22
1109.50493154  1.10722262123e-22
1154.33896842  1.10929019472e-22
1200.98470601  1.11144131688e-22
1249.51535339  1.11367936385e-22
1300.00707798  1.11600784815e-22
1352.53912504  1.11843042429e-22
1407.19394206  1.12095089442e-22
1464.05730815  1.12357321435e-22
1523.21846867  1.12564285231e-22
1584.7702753  1.12673532083e-22
1648.80933177  1.12787193496e-22
1715.43614549  1.12905447858e-22
1784.75528525  1.13028480767e-22
1856.87554538  1.13156485318e-22
1931.9101165  1.13289662411e-22
2009.97676312  1.13392565943e-22
2091.19800853  1.13246453789e-22
2175.70132706  1.13094437383e-22
2263.61934415  1.12936278138e-22
2355.09004453  1.12771727829e-22
2450.25698873  1.12600528199e-22
2549.26953846  1.12422410554e-22
2652.28309095  1.12237095346e-22
2759.45932292  1.12044291727e-22
2870.96644429  1.11843697097e-22
2986.97946215  1.11634996629e-22
3107.68045551  1.11402315678e-22
3233.25886097  1.11158276417e-22
3363.91177012  1.10904375762e-22
3499.84423881  1.10640215223e-22
3641.26960901  1.10365380209e-22
3788.40984363  1.10079439373e-22
3941.49587491  1.09781943941e-22
4100.76796681  1.09472427002e-22
4266.47609215  1.09150402779e-22
4438.88032492  1.08815365864e-22
4618.25124841  1.08466790426e-22
4804.87037999  1.08104129387e-22
4999.03061281  1.07726813561e-22
5201.0366756  1.07572982735e-22
5411.20561086  1.07414133421e-22
5629.8672725  1.07248865158e-22
5857.36484349  1.07076918561e-22
6094.05537452  1.06898023767e-22
6340.31034432  1.06711900004e-22
6596.51624277  1.06518255158e-22
6863.0751774  1.06316785308e-22
7140.40550453  1.06184081626e-22
7428.94248588  1.06124047049e-22
7729.13897165  1.06061586533e-22
8041.46611132  1.05996602047e-22
8366.41409304  1.05928991599e-22
8704.49291301  1.05858649078e-22
9056.2331759  1.05785464082e-22
9422.18692758  1.05709321751e-22
9802.92852161  1.0563010258e-22
10199.0555206  1.05569757368e-22
10611.1896341  1.05529711906e-22
11039.9776943  1.05488048245e-22
11486.0926714  1.05444700996e-22
11950.2347295  1.05399602125e-22
12433.1323259  1.05352680852e-22
12935.5433539  1.05303863535e-22
13458.2563327  1.05253073557e-22
14002.0916449  1.05200231205e-22
14567.9028237  1.05145253543e-22
15156.577893  1.05088054286e-22
15769.0407609  1.05028543662e-22
16406.2526695  1.0496662827e-22
17069.213704  1.04902210936e-22
17758.9643622  1.0483519056e-22
18476.5871871  1.04765461953e-22
19223.2084664  1.0469291568e-22
20000  1.04617437882e-22

