0.1 20000 301
301
0.1  0
0.10415259619  3.20446876281e-40
0.108477632931  6.54200617336e-40
0.112982270983  1.00181380353e-39
0.117673968462  1.36386196164e-39
0.122560493193  1.74094451777e-39
0.127649935564  2.13368578977e-39
0.132950721924  2.54273602086e-39
0.138471628537  2.96877245625e-39
0.144221796108  3.41250046444e-39
0.150210744918  3.87465470498e-39
0.156448390588  4.35600034491e-39
0.162945060494  4.85733432554e-39
0.169711510868  5.37948668194e-39
0.176758944602  5.92332191721e-39
0.1840990298  6.48974043373e-39
0.191743919097  7.07968002399e-39
0.199706269776  7.6941174232e-39
0.207999264725  1.07060001064e-32
0.216636634267  2.22660141523e-32
0.225632678887  3.4306068901e-32
0.235002292913  4.68460985045e-32
0.244760989175  5.99068648995e-32
0.254924924685  7.35099921821e-32
0.265510927395  8.767800241e-32
0.276536524049  1.02434352891e-31
0.28801996921  1.17803475019e-31
0.299980275477  1.33810814728e-31
0.312437244967  1.50482874615e-31
0.325411502097  1.67847257826e-31
0.338924527734  1.85932713753e-31
0.352998694759  2.04769185633e-31
0.367657305107  2.24387860127e-31
0.382924628351  2.4482121895e-31
0.398825941877  2.66103092654e-31
0.415387572744  2.88268716633e-31
0.432636941262  3.1135478947e-31
0.450602606401  3.35399533688e-31
0.469314313065  3.60442759037e-31
0.488803041347  3.86525928409e-31
0.509101057818  3.91237165832e-29
0.530241968947  1.29071798458e-28
0.552260776746  2.22755060953e-28
0.575193936719  3.20328611037e-28
0.599079418219  4.21953996645e-28
0.623956767313  5.27799474143e-28
0.649867172259  6.38040286906e-28
0.676853531693  7.5285895546e-28
0.70496052566  8.72445579669e-28
0.734234689588  9.96998153479e-28
0.764724491332  1.12672289272e-27
0.796480411421  1.26183457655e-27
0.829555026638  1.402556903e-27
0.864003097066  1.54912285943e-27
0.899881656755  1.70177510817e-27
0.937250108145  1.86076638838e-27
0.976170320425  2.02635993444e-27
1.01670673196  1.32779691987e-26
1.05892645697  4.14557886719e-26
1.10289939667  7.08037192028e-26
1.148698355  1.01370350779e-25
1.19639915912  1.33206291133e-25
1.24608078501  1.66364249533e-25
1.29782548821  2.0089912405e-25
1.35171893999  2.36868092451e-25
1.40785036919  2.74330706863e-25
1.46631270998  3.13348992374e-25
1.5272027557  3.53987549722e-25
1.59062131914  3.96313662254e-25
1.65667339944  4.40397407322e-25
1.7254683559  4.86311772309e-25
1.7971200891  5.34132775466e-25
1.87174722945  5.83939591778e-25
1.94947333358  6.35814684047e-25
2.03042708895  8.54673222928e-25
2.11474252688  1.36769873569e-24
2.20255924448  1.90202812634e-24
2.29402263574  2.45854605891e-24
2.3892841323  3.03817393395e-24
2.48850145414  3.64187141404e-24
2.59183887071  4.27063801268e-24
2.6994674729  4.92551474914e-24
2.81156545633  5.60758587201e-24
2.92831841634  6.31798065434e-24
3.04991965532  7.53081115179e-24
3.17657050272  9.50131330073e-24
3.30848064838  1.15536424468e-23
3.44586848972  1.36911965349e-23
3.58896149333  1.59175146125e-23
3.73799657156  1.82362826898e-23
3.89322047476  2.06513398419e-23
4.05489019986  2.33896029844e-23
4.2232734158  2.66932326395e-23
4.39864890674  3.01340486938e-23
4.58130703365  3.37177479445e-23
4.77155021497  3.74502637537e-23
4.96969342739  4.13377758721e-23
5.1760647273  4.4907177579e-23
5.39100579394  4.85388291007e-23
5.61487249513  5.23212884451e-23
5.84803547643  5.62608180521e-23
6.0908807748  5.98248231155e-23
6.34381045777  6.25979177918e-23
6.60724328913  6.54861678919e-23
6.8816154222  6.84943553556e-23
7.16738112202  7.09537694194e-23
7.4650135174  7.30190411244e-23
7.77500538429  7.51700752235e-23
8.09786996163  7.72811935008e-23
8.43414180111  7.9170529517e-23
8.78437765219  8.11383220286e-23
9.14915738387  8.30688571723e-23
9.52908494479  8.49004317142e-23
9.92478936312  8.68080641508e-23
10.3369257881  8.86246261017e-23
10.7661765745  9.04770315788e-23
11.2132524127  9.22519716314e-23
11.6788935051  9.39243070752e-23
12.1638707918  9.55507224058e-23
12.6689872269  9.70092290642e-23
13.1950791077  9.84326263782e-23
13.74301746  9.97460471974e-23
14.3137094794  1.01019515636e-22
14.9081000339  1.02265245155e-22
15.5271732278  1.03429377542e-22
16.1719540317  1.04562644588e-22
16.8435099786  1.05585457873e-22
17.5429529322  1.06437973426e-22
18.2714409272  1.0693315859e-22
19.030180087  1.06872183749e-22
19.8204266202  1.06808676868e-22
20.6434889008  1.06742532803e-22
21.5007296344  1.06673642042e-22
22.3935681139  1.06601890526e-22
23.3234825702  1.06527159459e-22
24.2920126187  1.06539853247e-22
25.3007618091  1.06571398813e-22
26.35140028  1.06113626611e-22
27.445667524  1.05358544674e-22
28.5853752678  1.04150265496e-22
29.772410472  1.02891811362e-22
31.0087384549  1.01446122566e-22
32.2964061465  9.99086825172e-23
33.6375454776  9.83762591005e-23
35.0343769094  9.68600531982e-23
36.48921311  9.53099063241e-23
38.0044627833  9.36411428675e-23
39.5826346568  9.18743522695e-23
41.2263416354  9.00059003518e-23
42.9383051273  8.80498300276e-23
44.72135955  8.60125320015e-23
46.5784570227  8.49840683943e-23
48.5126722543  8.41139331747e-23
50.5272076339  8.31638793828e-23
52.6253985329  8.20457194499e-23
54.8107188272  8.08811268502e-23
57.0867866488  7.81805952914e-23
59.457370376  7.52273882589e-23
61.9263948728  7.39932466892e-23
64.4979479868  7.3248171456e-23
67.1762873173  7.24721562571e-23
69.9658472649  7.16639162806e-23
72.8712463726  7.10316729136e-23
75.8972949729  7.03757711995e-23
79.0490031521  6.96926325358e-23
82.331589045  6.91672873197e-23
85.7504874747  6.86992103228e-23
89.3113589503  6.82116959784e-23
93.0200990391  6.75606617602e-23
96.8828481275  6.68485665265e-23
100.906001587  6.62353583506e-23
105.096220365  6.60570047542e-23
109.460442007  6.58712448532e-23
114.005892151  6.56777710936e-23
118.740096485  6.54762631501e-23
123.670893207  6.53422596093e-23
128.806446006  6.52298132353e-23
134.155257575  6.51126974176e-23
139.72618369  6.49907182528e-23
145.52844787  6.49241983235e-23
151.571656651  6.48752445066e-23
157.86581549  6.48752445066e-23
164.421345329  6.48465919428e-23
171.24909985  6.48023446251e-23
178.360383446  6.47562598949e-23
185.766969933  6.45995889117e-23
193.481122048  6.44042321273e-23
201.51561175  6.422968536e-23
209.883741365  6.41774558324e-23
218.599365612  6.41230574233e-23
227.67691454  6.4066400068e-23
237.131417418  6.40073899615e-23
246.978527622  6.39459294036e-23
257.23454855  6.3945824359e-23
267.916460612  6.39735140456e-23
279.041949347  6.4002353573e-23
290.629434703  6.40323906896e-23
302.698101535  6.41533076484e-23
315.267931366  6.46034683512e-23
328.359735471  6.50723224102e-23
341.995189335  6.5560646085e-23
356.196868537  6.58363265049e-23
370.988286128  6.58100842489e-23
386.393931562  6.57827522579e-23
402.439311242  6.58238403741e-23
419.150990746  6.62707120367e-23
436.556638818  6.6736140475e-23
454.685073167  6.72208962768e-23
473.566308191  6.77257820296e-23
493.231604661  6.82516336489e-23
513.713521483  6.86910381136e-23
535.045969603  6.90930258741e-23
557.26426815  6.9511706563e-23
580.405202916  6.99477733703e-23
604.507087258  7.03855006546e-23
629.60982553  7.07669287225e-23
655.754979155  7.11641959579e-23
682.985835434  7.15779600973e-23
711.347479213  7.1930727364e-23
740.886867531  7.21760563331e-23
771.652907362  7.24315728237e-23
803.696536592  7.26857221649e-23
837.070808348  7.28547592882e-23
871.830978841  7.30308158406e-23
908.03459885  7.32574554462e-23
945.741609003  7.36515169934e-23
985.014439024  7.40619423253e-23
1025.91811109  7.42821809884e-23
1068.52034748  7.43867716678e-23
1112.89168271  7.44957055759e-23
1159.10558033  7.46091630692e-23
1207.23855449  7.47273319941e-23
1257.37029671  7.48504079973e-23
1309.58380774  7.49785948499e-23
1363.96553504  7.51121047848e-23
1420.60551588  7.52511588482e-23
1479.5975264  7.53959872653e-23
1541.03923691  7.54650289647e-23
1605.03237354  7.54945820222e-23
1671.68288673  7.55253622989e-23
1741.10112659  7.55574207561e-23
1813.40202564  7.55908104717e-23
1888.70528906  7.56255867273e-23
1967.13559293  7.56618071004e-23
2048.82279061  7.56496757205e-23
2133.90212774  7.56020871814e-23
2222.51446619  7.55525224824e-23
2314.80651723  7.55008995615e-23
2410.93108447  7.54471329493e-23
2511.04731682  7.53911336267e-23
2615.32097202  7.53328088784e-23
2723.92469106  7.52720621389e-23
2837.03828399  7.52087928325e-23
2954.84902768  7.51428962074e-23
3077.55197581  7.50409860669e-23
3205.3502819  7.49146654699e-23
3338.45553557  7.47830992885e-23
3477.08811294  7.46460696949e-23
3621.47754143  7.45033498157e-23
3771.86287983  7.43547033561e-23
3928.49311406  7.41998842094e-23
4091.62756943  7.40386360486e-23
4261.53633998  7.38706919029e-23
4438.50073566  7.3695773715e-23
4622.81374809  7.35135918811e-23
4814.78053566  7.33238447712e-23
5014.71892873  7.31265470015e-23
5222.95995589  7.29253652325e-23
5439.84839201  7.27158291971e-23
5665.74332907  7.24975919762e-23
5901.01877067  7.22702922448e-23
6146.0642513  7.20335536733e-23
6401.28548122  7.1786984305e-23
6667.10501821  7.15301759066e-23
6943.96296717  7.12627032923e-23
7232.31770876  7.10959179013e-23
7532.64665837  7.09502921085e-23
7845.44705649  7.07986190647e-23
8171.23679203  7.06406476519e-23
8510.55525972  7.04761163241e-23
8863.96425316  7.03047526747e-23
9232.048895  7.0126272985e-23
9615.41860565  6.99403817544e-23
10014.7081123  6.97528720951e-23
10430.5784998  6.97237235499e-23
10863.7183051  6.96933645832e-23
11314.8446575  6.96617449313e-23
11784.7044657  6.9628812243e-23
12274.0756543  6.9594511993e-23
12783.7684522  6.95587873922e-23
13314.6267339  6.9521579293e-23
13867.5294163  6.94828260917e-23
14443.3919145  6.94424636264e-23
15043.1676568  6.94004250709e-23
15667.8496638  6.9356640824e-23
16318.4721919  6.93110383941e-23
16996.1124464  6.92635422794e-23
17701.8923642  6.92140738429e-23
18436.9804721  6.91625511819e-23
19202.5938207  6.91088889929e-23
20000  6.90529984299e-23

