0.5 20000 301
301
0.5  0
0.51797667599  3.32892325897e-36
0.536599673739  6.77753246759e-36
0.555892230681  1.03501307369e-35
0.575878419714  1.40511758893e-35
0.596583179235  1.78852860208e-35
0.618032344264  2.18572452633e-35
0.640252678672  2.59720097545e-35
0.663271908584  3.02347138218e-35
0.687118756972  3.46506763889e-35
0.711822979493  3.92254076124e-35
0.737415401622  4.39646157578e-35
0.763927957112  4.88742143218e-35
0.791393727841  5.3960329411e-35
0.819846985093  5.92293073862e-35
0.849323232317  6.46877227812e-35
0.879859249433  7.03423865061e-35
0.911493138721  7.62003543462e-35
0.944264372364  8.22689357659e-35
0.978213841706  8.85557030295e-35
1.01338390827  6.09340554706e-31
1.04981845661  2.26787511551e-30
1.0875629491  3.98603955316e-30
1.12666448261  5.76597776158e-30
1.16717184731  7.60991071492e-30
1.20913558756  9.52013923876e-30
1.25260806493  1.14990468811e-29
1.29764352358  1.35491028864e-29
1.34429815793  1.56728652768e-29
1.39263018277  1.7872984044e-29
1.44269990591  2.01522044557e-29
1.49456980343  2.2513370481e-29
1.54830459763  2.49594283395e-29
1.6039713378  2.74934301772e-29
1.66163948387  3.01185378749e-29
1.7213809931  3.28380269936e-29
1.78327040983  3.56552908618e-29
1.84738495855  3.85738448094e-29
1.91380464021  4.15973305544e-29
1.98261233206  4.47295207466e-29
2.05389389107  7.15125731719e-28
2.12773826107  1.63260518687e-27
2.20423758369  2.5830711038e-27
2.28348731338  3.56770945638e-27
2.3655863365  4.58774885823e-27
2.4506370947  5.64446209573e-27
2.53874571274  6.7391677162e-27
2.63002213093  7.87323167316e-27
2.72458024232  9.04806903072e-27
2.82253803477  1.02651457293e-26
2.92401773821  1.15259804149e-26
3.02914597715  2.12002189674e-26
3.13805392866  5.38218000279e-26
3.25087748609  8.76162362743e-26
3.36775742859  1.22625695782e-25
3.48883959681  1.5889386271e-25
3.61427507483  1.96465991809e-25
3.74422037875  2.35388964891e-25
3.87883765192  2.75711349323e-25
4.01829486729  3.5295612613e-25
4.16276603701  6.76351150928e-25
4.31243142955  1.01137331088e-24
4.46747779462  1.35844064047e-24
4.62809859623  1.71798620392e-24
4.79449425406  2.09045863557e-24
4.96687239354  2.47632269966e-24
5.14544810495  3.60974844051e-24
5.33044421176  4.9570393348e-24
5.52209154871  6.35276985284e-24
5.72062924983  7.79868156146e-24
5.92630504679  9.29657864267e-24
6.13937557808  1.14988411047e-23
6.36010670917  1.41366069477e-23
6.58877386432  1.68692093145e-23
6.82566237018  1.9700057896e-23
7.07106781187  2.27349146362e-23
7.32529640178  2.61386823621e-23
7.58866536167  2.96648269472e-23
7.86150331847  3.33177482496e-23
8.14415071437  3.7098796667e-23
8.43696023158  4.10125938103e-23
8.74029723243  4.50671050797e-23
9.05454021523  4.92414019509e-23
9.38008128661  5.3437584917e-23
9.7173266507  5.77846347261e-23
10.0666971161  6.22411496846e-23
10.4286286208  6.6652300438e-23
10.8035727762  7.12220468471e-23
11.1919974309  7.57710975497e-23
11.5943872539  8.02876356817e-23
12.0112443398  8.49491042551e-23
12.4430888353  8.91259110677e-23
12.8904595879  9.34528880859e-23
13.3539148186  9.72587624896e-23
13.8340328184  1.00984503681e-22
14.3314126696  1.04297979446e-22
14.8466749937  1.07447212053e-22
15.3804627255  1.10302898494e-22
15.9334419155  1.13091435299e-22
16.5063025609  1.15674223019e-22
17.0997594668  1.18268684128e-22
17.7145531376  1.20753850013e-22
18.3514507018  1.23885140222e-22
19.0112468682  1.27597479126e-22
19.6947649184  1.31443289058e-22
20.4028577337  1.35427368747e-22
21.1364088592  1.39554689456e-22
21.8963336065  1.43830401179e-22
22.6835801957  1.4825983907e-22
23.4991309386  1.52848530101e-22
24.3440034645  1.56297339685e-22
25.2192519896  1.57335561008e-22
26.1259686331  1.56655523525e-22
27.0652847792  1.55908601309e-22
28.0383724893  1.54546278515e-22
29.0464459643  1.5313497565e-22
30.0907630598  1.51624524751e-22
31.1726268555  1.49532921413e-22
32.2933872809  1.47366117924e-22
33.4544428005  1.45091114399e-22
34.6572421578  1.42685515684e-22
35.9032861837  1.41638685527e-22
37.1941296691  1.41122348132e-22
38.5313833047  1.40587446678e-22
39.9167156909  1.40033313724e-22
41.35185542  1.39053701206e-22
42.8385932329  1.38012984737e-22
44.3787842538  1.36934851022e-22
45.9743503045  1.36012824848e-22
47.627282303  1.35186358848e-22
49.3396427475  1.34330178626e-22
51.1135682897  1.33109145368e-22
52.9512724014  1.31638982079e-22
54.8550481358  1.30115961491e-22
56.8272709893  1.29269091604e-22
58.8704018652  1.28451839254e-22
60.9869901447  1.27605203942e-22
63.1796768676  1.26728129253e-22
65.4511980279  1.25458562366e-22
67.8043879881  1.22634734414e-22
70.2421830153  1.19975781698e-22
72.767624945  1.19723237505e-22
75.3838649774  1.19461613502e-22
78.0941676085  1.19190583239e-22
80.9019147041  1.18729425589e-22
83.8106097193  1.17856817084e-22
86.8238820702  1.16952835379e-22
89.9454916625  1.16016352501e-22
93.1793335833  1.14887233246e-22
96.5294429608  1.13714694964e-22
100  1.125e-22
103.595335198  1.125e-22
107.319934748  1.125e-22
111.178446136  1.125e-22
115.175683943  1.125e-22
119.316635847  1.125e-22
123.606468853  1.125e-22
128.050535734  1.125e-22
132.654381717  1.125e-22
137.423751394  1.125e-22
142.364595899  1.125e-22
147.483080324  1.125e-22
152.785591422  1.125e-22
158.278745568  1.125e-22
163.969397019  1.125e-22
169.864646463  1.125e-22
175.971849887  1.125e-22
182.298627744  1.12442534306e-22
188.852874473  1.12278678138e-22
195.642768341  1.12108930791e-22
202.676781654  1.12e-22
209.963691323  1.12e-22
217.51258982  1.12e-22
225.332896521  1.12e-22
233.434369463  1.12e-22
241.827117512  1.12e-22
250.521612986  1.12e-22
259.528704717  1.12e-22
268.859631586  1.12e-22
278.526036554  1.12e-22
288.539981181  1.12e-22
298.913960685  1.12e-22
309.660919525  1.11961356322e-22
320.794267559  1.1191682293e-22
332.327896774  1.11870688413e-22
344.276198619  1.11822895206e-22
356.654081967  1.1217262859e-22
369.476991711  1.12890711536e-22
382.760928042  1.1363461197e-22
396.522466412  1.14405258119e-22
410.778778215  1.14966478459e-22
425.547652214  1.15468620175e-22
440.847516738  1.15988815569e-22
456.697462677  1.16527713731e-22
473.117267301  1.17085987088e-22
490.127418939  1.17664332244e-22
507.749142548  1.18309965702e-22
526.004426187  1.19040177047e-22
544.916048465  1.19796641939e-22
564.507606954  1.20580304278e-22
584.803547643  1.21392141906e-22
605.82919543  1.22116583909e-22
627.610785733  1.22552215715e-22
650.175497219  1.23003509944e-22
673.551485719  1.23471029714e-22
697.767919361  1.23955358387e-22
722.855014966  1.2422855015e-22
748.84407575  1.24488440757e-22
775.767530383  1.24757675304e-22
803.658973457  1.25036589735e-22
832.553207402  1.25325532074e-22
862.486285909  1.25624862859e-22
893.495558925  1.25934955589e-22
925.619719247  1.26128098596e-22
958.898850812  1.26294494254e-22
993.374478709  1.26466872394e-22
1029.08962099  1.26529089621e-22
1066.08884235  1.26566088842e-22
1104.41830974  1.2660441831e-22
1144.12584997  1.2664412585e-22
1185.26100936  1.26685261009e-22
1227.87511562  1.26727875116e-22
1272.02134183  1.26772021342e-22
1317.75477286  1.26817754773e-22
1365.13247404  1.26865132474e-22
1414.21356237  1.26914213562e-22
1465.05928036  1.2696505928e-22
1517.73307233  1.27017733072e-22
1572.30066369  1.27072300664e-22
1628.83014287  1.27128830143e-22
1687.39204632  1.27187392046e-22
1748.05944649  1.27248059446e-22
1810.90804305  1.27310908043e-22
1876.01625732  1.27376016257e-22
1943.46533014  1.2744346533e-22
2013.33942322  1.27466651442e-22
2085.72572415  1.2728568569e-22
2160.71455525  1.27098213612e-22
2238.39948618  1.26904001285e-22
2318.87745078  1.26702806373e-22
2402.24886796  1.2649437783e-22
2488.61776706  1.26278455582e-22
2578.09191758  1.26054770206e-22
2670.78296373  1.25823042591e-22
2766.80656368  1.25582983591e-22
2866.28253393  1.25334293665e-22
2969.33499874  1.25076662503e-22
3076.0925451  1.24893470437e-22
3186.68838309  1.24738636264e-22
3301.26051218  1.24578235283e-22
3419.95189335  1.24412067349e-22
3542.91062753  1.24239925121e-22
3670.29014035  1.24061593804e-22
3802.24937364  1.23876850877e-22
3938.95298368  1.23685465823e-22
4080.57154674  1.23487199835e-22
4227.28177184  1.23281805519e-22
4379.2667213  1.2306902659e-22
4536.71603914  1.22848597545e-22
4699.82618773  1.22620243337e-22
4868.8006929  1.2238367903e-22
5043.85039793  1.222e-22
5225.19372662  1.222e-22
5413.05695583  1.222e-22
5607.67449785  1.222e-22
5809.28919286  1.222e-22
6018.15261197  1.222e-22
6234.52537109  1.222e-22
6458.67745619  1.222e-22
6690.88856009  1.222e-22
6931.44843155  1.222e-22
7180.65723674  1.22187956184e-22
7438.82593382  1.22170744938e-22
7706.27666093  1.22152914889e-22
7983.34313818  1.22134443791e-22
8270.371084  1.22115308594e-22
8567.71864659  1.22095485424e-22
8875.75685075  1.22074949543e-22
9194.87006089  1.22053675329e-22
9525.4564606  1.22031636236e-22
9867.9285495  1.22008804763e-22
10222.7136579  1.21988864317e-22
10590.2544803  1.21970487276e-22
10971.0096272  1.21951449519e-22
11365.4541979  1.2193172729e-22
11774.080373  1.21911295981e-22
12197.3980289  1.21890130099e-22
12635.9353735  1.21868203231e-22
13090.2396056  1.2184548802e-22
13560.8775976  1.2182195612e-22
14048.4366031  1.2179757817e-22
14553.524989  1.21772323751e-22
15076.7729955  1.2174616135e-22
15618.8335217  1.21719058324e-22
16180.3829408  1.21690980853e-22
16762.1219439  1.21661893903e-22
17364.776414  1.21631761179e-22
17989.0983325  1.21600545083e-22
18635.8667167  1.21568206664e-22
19305.8885922  1.2153470557e-22
20000  1.215e-22

