0.2 20000 301
301
0.2  0
0.207824460767  2.30232711139e-39
0.215955032466  4.69472656356e-39
0.22440369086  7.18072219399e-39
0.233182880236  9.76397570081e-39
0.242305531726  1.24482920362e-38
0.251785082359  1.52376250109e-38
0.261635494852  1.81360831176e-38
0.271871278176  2.11479355831e-38
0.282507508925  2.42776186559e-38
0.293559853524  2.75297421407e-38
0.305044591308  3.09090961887e-38
0.316978638492  3.44206583524e-38
0.329379573097  3.80696009181e-38
0.342265660832  4.18612985235e-38
0.355655882008  4.58013360746e-38
0.369569959484  4.9895516972e-38
0.384028387728  5.41498716584e-38
0.399052462994  5.85706665014e-38
0.414664314697  6.31644130235e-38
0.430886938006  6.79378774928e-38
0.447744227714  7.28980908893e-38
0.465261013431  7.80523592615e-38
0.483463096161  8.3408274487e-38
0.502377286302  1.00921218546e-33
0.522031443137  9.35211964306e-33
0.542454515866  1.80214208611e-32
0.563676586253  2.70298851154e-32
0.585728912925  3.63907812454e-32
0.608643977422  4.61178971979e-32
0.632455532034  5.62255603361e-32
0.65719864952  6.67286585428e-32
0.682909774767  7.76426621486e-32
0.709626778467  8.89836467196e-32
0.737389012904  1.00768316735e-31
0.766237369911  1.13014030191e-31
0.796214341107  1.2573882417e-31
0.827364080478  1.38961441404e-31
0.859732469416  1.52701357888e-31
0.893367184302  1.66978811559e-31
0.928317766723  1.81814832111e-31
0.964635696448  1.97231271967e-31
1.00237446725  7.55943789798e-30
1.04158966572  1.28901060535e-28
1.08233905309  2.54989847e-28
1.12468265038  3.8601151728e-28
1.16868282675  5.22159057153e-28
1.21440439138  6.63633002448e-28
1.26191468896  8.10641734415e-28
1.31128369884  9.63401786661e-28
1.36258413812  1.12213816408e-27
1.41589156877  1.2870846743e-27
1.47128450892  1.458484272e-27
1.52884454851  1.63658941683e-27
1.58865646945  1.82166244526e-27
1.65080837054  2.01397595694e-27
1.71539179718  2.21381321626e-27
1.78250187627  2.42146856955e-27
1.85223745626  2.63724787866e-27
1.9247012528  2.86146897147e-27
2  3.09446211e-27
2.07824460767  8.78775573924e-27
2.15955032466  1.47037841317e-26
2.2440369086  2.08512611844e-26
2.33182880236  2.72392417021e-26
2.42305531726  3.38771347346e-26
2.51785082359  4.07747174351e-26
2.61635494852  4.79421494618e-26
2.71871278176  5.53899879419e-26
2.82507508925  6.3129203022e-26
2.93559853524  7.11711940258e-26
3.05044591308  9.67842527011e-26
3.16978638492  1.46291567013e-25
3.29379573097  1.97735721517e-25
3.42265660832  2.51192489864e-25
3.55655882008  3.06740610145e-25
3.69569959484  3.64461900864e-25
3.84028387728  4.24441381457e-25
3.99052462994  4.86767397514e-25
4.14664314697  1.08873054972e-24
4.30886938006  1.75031305388e-24
4.47744227714  2.43777818978e-24
4.65261013431  3.15213854561e-24
4.83463096161  3.89444632432e-24
5.02377286302  4.93464265978e-24
5.22031443137  7.95886054837e-24
5.42454515866  1.11013928081e-23
5.63676586253  1.43668681696e-23
5.85728912925  1.77600964505e-23
6.08643977422  2.15477495929e-23
6.32455532034  2.59325061489e-23
6.5719864952  3.04888044831e-23
6.82909774767  3.52233557051e-23
7.09626778467  4.00331272314e-23
7.37389012904  4.48281359662e-23
7.66237369911  4.98107364895e-23
7.96214341107  5.49882678244e-23
8.27364080478  5.9464194751e-23
8.59732469416  6.39852512388e-23
8.93367184302  6.86831818721e-23
9.28317766723  7.24998664321e-23
9.64635696448  7.62066467026e-23
10.0237446725  7.99968518964e-23
10.4158966572  8.29821124583e-23
10.8233905309  8.6084163291e-23
11.2468265038  8.90209965995e-23
11.6868282675  9.18596517989e-23
12.1440439138  9.4734780867e-23
12.6191468896  9.75538986675e-23
13.1128369884  1.00419080776e-22
13.6258413812  1.03171095413e-22
14.1589156877  1.05913864775e-22
14.7128450892  1.08477909364e-22
15.2884454851  1.10927610903e-22
15.8865646945  1.13251096246e-22
16.5080837054  1.15343766946e-22
17.1539179718  1.17364623553e-22
17.8250187627  1.1920202316e-22
18.5223745626  1.21690023894e-22
19.247012528  1.24476799685e-22
20  1.27372600564e-22
20.7824460767  1.30381691845e-22
21.5955032466  1.3350850571e-22
22.440369086  1.36757647736e-22
23.3182880236  1.40133903685e-22
24.2305531726  1.43124660007e-22
25.1785082359  1.44203085572e-22
26.1635494852  1.4335723881e-22
27.1871278176  1.42339436669e-22
28.2507508925  1.40636818394e-22
29.3559853524  1.38867589771e-22
30.5044591308  1.36692225404e-22
31.6978638492  1.33984802109e-22
32.9379573097  1.31171458178e-22
34.2265660832  1.28924220461e-22
35.5655882008  1.2726316256e-22
36.9569959484  1.26444499551e-22
38.4028387728  1.25125319231e-22
39.9052462994  1.2373960613e-22
41.4664314697  1.22225084828e-22
43.0886938006  1.20646303367e-22
44.7744227714  1.19005756337e-22
46.5261013431  1.17378699613e-22
48.3463096161  1.15699918796e-22
50.2377286302  1.13984187918e-22
52.2031443137  1.12408987744e-22
54.2454515866  1.1077216211e-22
56.3676586253  1.09227904753e-22
58.5728912925  1.07713012733e-22
60.8643977422  1.06383518433e-22
63.2455532034  1.05421750706e-22
65.719864952  1.04422356409e-22
68.2909774767  1.03383863505e-22
70.9626778467  1.02396595956e-22
73.7389012904  1.01540149559e-22
76.6237369911  1.00650197006e-22
79.6214341107  9.97254274583e-23
82.7364080478  9.90951806449e-23
85.9732469416  9.84878176423e-23
89.3367184302  9.78566931997e-23
92.8317766723  9.73305680905e-23
96.4635696448  9.68154253036e-23
100.237446725  9.63083716733e-23
104.158966572  9.62185723282e-23
108.233905309  9.61252598259e-23
112.468265038  9.60282967234e-23
116.868282675  9.5927540201e-23
121.440439138  9.57898570658e-23
126.191468896  9.55722682851e-23
131.128369884  9.53461669301e-23
136.258413812  9.51112199692e-23
141.589156877  9.49145904429e-23
147.128450892  9.48265021234e-23
152.884454851  9.47349675859e-23
158.865646945  9.46398520064e-23
165.080837054  9.45814141527e-23
171.539179718  9.45300624326e-23
178.250187627  9.44767017148e-23
185.223745626  9.43896908908e-23
192.47012528  9.42882897982e-23
200  9.41829216611e-23
207.824460767  9.41560496176e-23
215.955032466  9.41281262779e-23
224.40369086  9.40991105128e-23
233.182880236  9.4068959584e-23
242.305531726  9.40376290815e-23
251.785082359  9.40282357842e-23
261.635494852  9.41222231711e-23
271.871278176  9.42198875611e-23
282.507508925  9.4321372807e-23
293.559853524  9.44268283896e-23
305.044591308  9.44946945424e-23
316.978638492  9.45098769849e-23
329.379573097  9.45256533995e-23
342.265660832  9.45420470239e-23
355.655882008  9.46202405244e-23
369.569959484  9.47883984832e-23
384.028387728  9.49631351687e-23
399.052462994  9.5144707956e-23
414.664314697  9.57857656502e-23
430.886938006  9.64822772634e-23
447.744227714  9.72060380155e-23
465.261013431  9.79581139557e-23
483.463096161  9.87396128394e-23
502.377286302  9.95025420916e-23
522.031443137  9.99400910912e-23
542.454515866  1.00394758016e-22
563.676586253  1.00867212558e-22
585.728912925  1.0135815061e-22
608.643977422  1.01807816209e-22
632.455532034  1.02171317271e-22
657.19864952  1.02549039332e-22
682.909774767  1.02941538751e-22
709.626778467  1.03285098078e-22
737.389012904  1.03523490086e-22
766.237369911  1.03771208538e-22
796.214341107  1.04028618307e-22
827.364080478  1.04339614117e-22
859.732469416  1.04669032445e-22
893.367184302  1.05011338377e-22
928.317766723  1.05289584193e-22
964.635696448  1.05559864481e-22
1002.37446725  1.05834012839e-22
1041.58966572  1.060151041e-22
1082.33905309  1.06203280069e-22
1124.68265038  1.06398817914e-22
1168.68282675  1.06602005651e-22
1214.40439138  1.0681314256e-22
1261.91468896  1.07032539631e-22
1311.28369884  1.07260520022e-22
1362.58413812  1.0749741953e-22
1415.89156877  1.07743587093e-22
1471.28450892  1.07999385298e-22
1528.84454851  1.08172353295e-22
1588.65646945  1.08256050181e-22
1650.80837054  1.08343021482e-22
1715.39179718  1.08433395301e-22
1782.50187627  1.08527304752e-22
1852.23745626  1.08624888157e-22
1924.7012528  1.0872628925e-22
2000  1.08831657387e-22
2078.24460767  1.08717189883e-22
2159.55032466  1.08598244147e-22
2244.0369086  1.0847464498e-22
2331.82880236  1.08346210328e-22
2423.05531726  1.08212751017e-22
2517.85082359  1.08074070471e-22
2616.35494852  1.07929964421e-22
2718.71278176  1.07780220612e-22
2825.07508925  1.07624618479e-22
2935.59853524  1.07462928832e-22
3050.44591308  1.07275660394e-22
3169.78638492  1.07055524602e-22
3293.79573097  1.06826776591e-22
3422.65660832  1.0658907943e-22
3556.55882008  1.06342083009e-22
3695.69959484  1.06085423519e-22
3840.28387728  1.05818722919e-22
3990.52462994  1.05541588376e-22
4146.64314697  1.05253611692e-22
4308.86938006  1.04954368697e-22
4477.44227714  1.04643418626e-22
4652.61013431  1.04320303472e-22
4834.63096161  1.03984547308e-22
5023.77286302  1.03661361564e-22
5220.31443137  1.03511343916e-22
5424.54515866  1.0335545723e-22
5636.76586253  1.03193471899e-22
5857.28912925  1.03025149329e-22
6086.43977422  1.02850241591e-22
6324.55532034  1.0266849106e-22
6571.9864952  1.0247963003e-22
6829.09774767  1.0228338032e-22
7096.26778467  1.02126397997e-22
7373.89012904  1.02049875378e-22
7662.37369911  1.01970359018e-22
7962.14341107  1.01887731795e-22
8273.64080478  1.01801872004e-22
8597.32469416  1.01712653181e-22
8933.67184302  1.01619943911e-22
9283.17766723  1.01523607642e-22
9646.35696448  1.01423502475e-22
10023.7446725  1.01323835868e-22
10415.8966572  1.01287667632e-22
10823.3905309  1.01250084411e-22
11246.8265038  1.01211030848e-22
11686.8282675  1.01170449419e-22
12144.0439138  1.01128280352e-22
12619.1468896  1.01084461533e-22
13112.8369884  1.01038928421e-22
13625.8413812  1.00991613949e-22
14158.9156877  1.00942448426e-22
14712.8450892  1.00891359434e-22
15288.4454851  1.00838271724e-22
15886.5646945  1.00783107099e-22
16508.0837054  1.00725784308e-22
17153.9179718  1.00666218917e-22
17825.0187627  1.0060432319e-22
18522.3745626  1.00540005961e-22
19247.012528  1.00473172492e-22
20000  1.00403724345e-22

