1 20 101
101
1  0
1.03041055791  3.77328120451e-36
1.06174591785  7.66130999561e-36
1.09403420358  1.16675759114e-35
1.12730439408  1.57956746089e-35
1.16158634964  2.00493110908e-35
1.1969108386  2.44323030313e-35
1.23330956497  2.89485842021e-35
1.27081519692  3.36022080029e-35
1.30946139606  3.83973510999e-35
1.34928284767  4.33383171736e-35
1.39031529185  4.84295407823e-35
1.43259555555  5.36755913414e-35
1.47616158565  5.90811772248e-35
1.52105248304  6.46511499908e-35
1.56730853766  7.03905087362e-35
1.61497126471  7.6304404583e-35
1.66408344188  8.2398145302e-35
1.71468914776  8.8677200076e-35
1.76683380139  9.51472044088e-35
1.82056420303  1.01813965183e-34
1.87592857615  1.08683465872e-34
1.93297661076  1.15761871909e-34
1.99175950792  1.1520896491e-33
2.05233002578  6.6354315125e-32
2.11474252688  1.45345194377e-31
2.17905302696  2.26738230336e-31
2.24531924523  3.10606473929e-31
2.31360065617  3.97025197601e-31
2.3839585429  4.86071962873e-31
2.45645605223  5.77826689958e-31
2.53115825126  6.72371729484e-31
2.60813218585  7.69791936411e-31
2.68744694072  8.70174746181e-31
2.76917370155  9.73610253201e-31
2.85338581877  1.0801912917e-30
2.94015887345  1.19001351904e-30
3.02957074514  9.28756128072e-30
3.12170168173  3.42804041373e-29
3.21663437151  6.00332932889e-29
3.31445401734  8.65693421674e-29
3.41524841318  1.13912367097e-28
3.51910802283  1.4208690867e-28
3.62612606115  1.71118253771e-28
3.73639857773  2.01032458273e-28
3.85002454306  2.31856370424e-28
3.96710593738  2.6361765494e-28
4.08774784223  1.09998209277e-27
4.21205853471  2.27220208831e-27
4.34014958471  3.48006994792e-27
4.472135955  4.72466974302e-27
4.60813610445  6.00711851226e-27
4.74827209431  7.32856726407e-27
4.89266969782  8.69020200968e-27
5.041458513  1.44784750529e-26
5.19477207907  3.21407649706e-26
5.35274799621  5.03401749788e-26
5.51552804914  6.9093039199e-26
5.68325833429  8.84161884825e-26
5.85608939099  1.08326965516e-25
6.03417633655  1.4957256797e-25
6.21767900547  2.79004668518e-25
6.40676209294  4.12859800551e-25
6.6015953026  5.50785541827e-25
6.80235349885  6.92905681846e-25
7.00921686386  8.73970688832e-25
7.22237105921  1.40735354373e-24
7.44200739256  1.97481849385e-24
7.66832298935  2.5595403697e-24
7.9015209697  3.16204396402e-24
8.14181063074  4.26590866085e-24
8.38940763443  5.7489850013e-24
8.64453420113  7.27716252069e-24
8.90741930907  8.85181277104e-24
9.17829889981  1.11040222766e-23
9.45741609003  1.37616198563e-23
9.74502138973  1.6500036461e-23
10.041372927  1.943447325e-23
10.34673668  2.30881894018e-23
10.661386715  2.68635807767e-23
10.9856054331  3.07772449183e-23
11.3196838233  3.52793469061e-23
11.6639217237  3.99665245823e-23
12.0186280908  4.482311187e-23
12.3841212763  5.00825506959e-23
12.7607293136  5.55141424523e-23
13.1487902114  6.10733126581e-23
13.5486522576  6.67392378939e-23
13.9606743317  7.25653106774e-23
14.3852262269  7.81573565916e-23
14.8226889821  8.38610834869e-23
15.2734552238  8.93127402255e-23
15.7379295184  9.46458805235e-23
16.2165287354  9.9801016297e-23
16.7096824217  1.04688662481e-22
17.2178331866  1.09445246901e-22
17.7414370999  1.13962377861e-22
18.2809641002  1.18355861643e-22
18.8368984177  1.22635444019e-22
19.4097390079  1.26746880885e-22
20  1.30861e-22

