1 20 101
101
1  0
1.03041055791  3.81211548696e-36
1.06174591785  7.74015953271e-36
1.09403420358  1.17876575894e-35
1.12730439408  1.59582423201e-35
1.16158634964  2.02556568593e-35
1.1969108386  2.46837581722e-35
1.23330956497  2.92465205166e-35
1.27081519692  3.39480390094e-35
1.30946139606  3.87925333026e-35
1.34928284767  4.37843513701e-35
1.39031529185  4.892797341e-35
1.43259555555  5.42280158659e-35
1.47616158565  5.96892355697e-35
1.52105248304  6.53165340117e-35
1.56730853766  7.11149617388e-35
1.61497126471  7.7089722888e-35
1.66408344188  8.32461798572e-35
1.71468914776  8.95898581177e-35
1.76683380139  9.61264511732e-35
1.82056420303  1.0286182567e-34
1.87592857615  1.09802026664e-34
1.93297661076  1.16953283041e-34
1.99175950792  1.19458040521e-33
2.05233002578  6.90086576066e-32
2.11474252688  1.51163770963e-31
2.17905302696  2.35817267152e-31
2.24531924523  3.2304512339e-31
2.31360065617  4.129256274e-31
2.3839585429  5.05539447684e-31
2.45645605223  6.00969705912e-31
2.53115825126  6.99302051534e-31
2.60813218585  8.00624738648e-31
2.68744694072  9.05028705206e-31
2.76917370155  1.01260765464e-30
2.85338581877  1.12345813994e-30
2.94015887345  1.23767965034e-30
3.02957074514  9.81282146996e-30
3.12170168173  3.62842092362e-29
3.21663437151  6.35606066731e-29
3.31445401734  9.16664945739e-29
3.41524841318  1.20627098206e-28
3.51910802283  1.50468409953e-28
3.62612606115  1.81217212638e-28
3.73639857773  2.12901103568e-28
3.85002454306  2.45548519298e-28
3.96710593738  2.79188761155e-28
4.08774784223  1.17370510076e-27
4.21205853471  2.42755992806e-27
4.34014958471  3.7195451802e-27
4.472135955  5.05082042467e-27
4.60813610445  6.42258049205e-27
4.74827209431  7.83605654841e-27
4.89266969782  9.29251720023e-27
5.041458513  1.54868475903e-26
5.19477207907  3.43900883278e-26
5.35274799621  5.38681871625e-26
5.51552804914  7.39386258498e-26
5.68325833429  9.46194177752e-26
5.85608939099  1.15929124121e-25
6.03417633655  1.59768015655e-25
6.21767900547  2.96702624523e-25
6.40676209294  4.38315476376e-25
6.6015953026  5.84234854062e-25
6.80235349885  7.34591721432e-25
7.00921686386  9.24932602029e-25
7.22237105921  1.47577330956e-24
7.44200739256  2.06163387881e-24
7.66832298935  2.66531079484e-24
7.9015209697  3.28734586268e-24
8.14181063074  4.40405913952e-24
8.38940763443  5.89516777437e-24
8.64453420113  7.43162185471e-24
8.90741930907  9.01480036084e-24
9.17829889981  1.12677148255e-23
9.45741609003  1.39217143055e-23
9.74502138973  1.66564233903e-23
10.041372927  1.95952816045e-23
10.34673668  2.32996105113e-23
10.661386715  2.71279260221e-23
10.9856054331  3.10992641678e-23
11.3196838233  3.57236292729e-23
11.6639217237  4.05432352694e-23
12.0186280908  4.55361218024e-23
12.3841212763  5.09345206221e-23
12.7607293136  5.65092271988e-23
13.1487902114  6.21871166696e-23
13.5486522576  6.79277361356e-23
13.9606743317  7.38286891995e-23
14.3852262269  7.94273505878e-23
14.8226889821  8.51278796305e-23
15.2734552238  9.05527268532e-23
15.7379295184  9.58425316994e-23
16.2165287354  1.00958665566e-22
16.7096824217  1.05813171822e-22
17.2178331866  1.10552425233e-22
17.7414370999  1.15074792232e-22
18.2809641002  1.1949052913e-22
18.8368984177  1.23809026908e-22
19.4097390079  1.2796261131e-22
20  1.32121e-22

