0.5 20000 301
301
0.5  0
0.51797667599  2.95612857252e-43
0.536599673739  6.01853987611e-43
0.555892230681  9.19105513121e-43
0.575878419714  1.24776329439e-42
0.596583179235  1.58823742456e-42
0.618032344264  1.94095274096e-42
0.640252678672  2.30634935528e-42
0.663271908584  2.6848832027e-42
0.687118756972  3.07702661076e-42
0.711822979493  3.4832688888e-42
0.737415401622  3.90411693845e-42
0.763927957112  4.34009588616e-42
0.791393727841  4.79174973844e-42
0.819846985093  5.25964206063e-42
0.849323232317  5.74435668018e-42
0.879859249433  6.24649841505e-42
0.911493138721  6.76669382846e-42
0.944264372364  7.30559201067e-42
0.978213841706  7.8638653889e-42
1.01338390827  3.18398972759e-35
1.04981845661  1.18516520708e-34
1.0875629491  2.08309459291e-34
1.12666448261  3.01330755e-34
1.16717184731  3.97696478096e-34
1.20913558756  4.97526871952e-34
1.25260806493  6.00946503097e-34
1.29764352358  7.08084416643e-34
1.34429815793  8.19074297304e-34
1.39263018277  9.34054636211e-34
1.44269990591  1.05316890371e-33
1.49456980343  1.1765657284e-33
1.54830459763  1.30439908256e-33
1.6039713378  1.4368284743e-33
1.66163948387  1.57401914657e-33
1.7213809931  1.71614228336e-33
1.78327040983  1.86337522332e-33
1.84738495855  2.015901681e-33
1.91380464021  2.17391197609e-33
1.98261233206  2.33760327094e-33
2.05389389107  5.44405859198e-31
2.12773826107  1.28708065044e-30
2.20423758369  2.05645708986e-30
2.28348731338  2.85349519121e-30
2.3655863365  3.67918948396e-30
2.4506370947  4.53457025424e-30
2.53874571274  5.42070483043e-30
2.63002213093  6.33869891495e-30
2.72458024232  7.2896979639e-30
2.82253803477  8.27488861638e-30
2.92401773821  9.29550017517e-30
3.02914597715  4.6675370465e-29
3.13805392866  1.83494946476e-28
3.25087748609  3.25233644861e-28
3.36775742859  4.72068324559e-28
3.48883959681  6.24182203178e-28
3.61427507483  7.81765085617e-28
3.74422037875  9.45013600893e-28
3.87883765192  1.1141314475e-27
4.01829486729  1.81680966307e-27
4.16276603701  6.16371855821e-27
4.31243142955  1.06669133989e-26
4.46747779462  1.53320131887e-26
4.62809859623  2.01648389533e-26
4.79449425406  2.51714210037e-26
4.96687239354  3.03580064607e-26
5.14544810495  7.22020054264e-26
5.33044421176  1.24155798103e-25
5.52209154871  1.77977503775e-25
5.72062924983  2.33734280175e-25
5.92630504679  2.91495699582e-25
6.13937557808  5.1005075707e-25
6.36010670917  8.23402572701e-25
6.58877386432  1.14802043645e-24
6.82566237018  1.48430940052e-24
7.07106781187  2.04968852215e-24
7.32529640178  3.18685872014e-24
7.58866536167  4.36491399852e-24
7.86150331847  5.58532431298e-24
8.14415071437  7.51335734751e-24
8.43696023158  1.01713482421e-23
8.74029723243  1.29249028188e-23
9.05454021523  1.5960737901e-23
9.38008128661  2.00098232614e-23
9.7173266507  2.42044868129e-23
10.0666971161  2.86135979352e-23
10.4286286208  3.34606250014e-23
10.8035727762  3.84819189377e-23
11.1919974309  4.36893071997e-23
11.5943872539  4.90898134145e-23
12.0112443398  5.46828957978e-23
12.4430888353  6.04176457183e-23
12.8904595879  6.63585791212e-23
13.3539148186  7.2350361251e-23
13.8340328184  7.8505384822e-23
14.3314126696  8.45894529113e-23
14.8466749937  9.07406470751e-23
15.3804627255  9.66230113663e-23
15.9334419155  1.02512304505e-22
16.5063025609  1.07858467734e-22
17.0997594668  1.13159310019e-22
17.7145531376  1.17959994948e-22
18.3514507018  1.23245633756e-22
19.0112468682  1.28984122073e-22
19.6947649184  1.3492892828e-22
20.4028577337  1.41087470198e-22
21.1364088592  1.4746743234e-22
21.8963336065  1.54076775507e-22
22.6835801957  1.60923746715e-22
23.4991309386  1.68016889489e-22
24.3440034645  1.73448073424e-22
25.2192519896  1.76139242717e-22
26.1259686331  1.78791380359e-22
27.0652847792  1.81361244268e-22
28.0383724893  1.81559937459e-22
29.0464459643  1.81765774336e-22
30.0907630598  1.81965112168e-22
31.1726268555  1.82020338168e-22
32.2933872809  1.82077549728e-22
33.4544428005  1.82258110381e-22
34.6572421578  1.82640540541e-22
35.9032861837  1.82105298009e-22
37.1941296691  1.81184670275e-22
38.5313833047  1.80230942888e-22
39.9167156909  1.79242925805e-22
41.35185542  1.78122262021e-22
42.8385932329  1.76955107918e-22
44.3787842538  1.75745990714e-22
45.9743503045  1.7464250088e-22
47.627282303  1.735978157e-22
49.3396427475  1.72515570586e-22
51.1135682897  1.71421927718e-22
52.9512724014  1.70305866551e-22
54.8550481358  1.69149679245e-22
56.8272709893  1.68040136262e-22
58.8704018652  1.6689795076e-22
60.9869901447  1.65636822248e-22
63.1796768676  1.64238017441e-22
65.4511980279  1.62961531469e-22
67.8043879881  1.62360572657e-22
70.2421830153  1.61746555276e-22
72.767624945  1.61190742825e-22
75.3838649774  1.60614947053e-22
78.0941676085  1.60018449493e-22
80.9019147041  1.59349006781e-22
83.8106097193  1.58542760355e-22
86.8238820702  1.57707526668e-22
89.9454916625  1.56842263529e-22
93.1793335833  1.56477292469e-22
96.5294429608  1.56108637683e-22
100  1.55726728523e-22
103.595335198  1.55513046195e-22
107.319934748  1.5529168127e-22
111.178446136  1.55062357535e-22
115.175683943  1.54824788843e-22
119.316635847  1.5457867876e-22
123.606468853  1.54506241409e-22
128.050535734  1.54467027775e-22
132.654381717  1.54426404278e-22
137.423751394  1.54384320231e-22
142.364595899  1.54361587884e-22
147.483080324  1.54361587884e-22
152.785591422  1.54337008334e-22
158.278745568  1.54288537745e-22
163.969397019  1.5427334971e-22
169.864646463  1.5427334971e-22
175.971849887  1.5427334971e-22
182.298627744  1.54283491046e-22
188.852874473  1.54312407784e-22
195.642768341  1.54342364176e-22
202.676781654  1.54334493823e-22
209.963691323  1.54260736602e-22
217.51258982  1.54184327561e-22
225.332896521  1.5410517136e-22
233.434369463  1.54023169228e-22
241.827117512  1.53938218844e-22
250.521612986  1.53846775552e-22
259.528704717  1.53696228932e-22
268.859631586  1.53540269657e-22
278.526036554  1.53378703123e-22
288.539981181  1.5321132773e-22
298.913960685  1.53037934631e-22
309.660919525  1.53242634424e-22
320.794267559  1.53499451598e-22
332.327896774  1.53765502211e-22
344.276198619  1.54041118235e-22
356.654081967  1.54423769991e-22
369.476991711  1.54906730732e-22
382.760928042  1.5540705553e-22
396.522466412  1.55925368682e-22
410.778778215  1.56367143868e-22
425.547652214  1.56792992912e-22
440.847516738  1.57234152656e-22
456.697462677  1.57691173572e-22
473.117267301  1.58164625922e-22
490.127418939  1.5865510047e-22
507.749142548  1.59369357807e-22
526.004426187  1.60381375713e-22
544.916048465  1.61429779055e-22
564.507606954  1.62515876011e-22
584.803547643  1.63641021793e-22
605.82919543  1.64596328563e-22
627.610785733  1.65018050147e-22
650.175497219  1.65454934036e-22
673.551485719  1.65907525364e-22
697.767919361  1.66376388869e-22
722.855014966  1.66671107577e-22
748.84407575  1.6695709799e-22
775.767530383  1.67253370716e-22
803.658973457  1.67550609606e-22
832.553207402  1.67792082069e-22
862.486285909  1.68042236277e-22
893.495558925  1.68301384367e-22
925.619719247  1.68615062444e-22
958.898850812  1.68951909801e-22
993.374478709  1.6930086795e-22
1029.08962099  1.69524061139e-22
1066.08884235  1.69722644184e-22
1104.41830974  1.69928366955e-22
1144.12584997  1.70141486149e-22
1185.26100936  1.70362267692e-22
1227.87511562  1.70590987072e-22
1272.02134183  1.7082792968e-22
1317.75477286  1.7107339117e-22
1365.13247404  1.71327677822e-22
1414.21356237  1.71591106932e-22
1465.05928036  1.71864007202e-22
1517.73307233  1.7205154181e-22
1572.30066369  1.7205154181e-22
1628.83014287  1.7205154181e-22
1687.39204632  1.7205154181e-22
1748.05944649  1.7205154181e-22
1810.90804305  1.7205154181e-22
1876.01625732  1.7205154181e-22
1943.46533014  1.7205154181e-22
2013.33942322  1.720110358e-22
2085.72572415  1.71791230177e-22
2160.71455525  1.71563521805e-22
2238.39948618  1.71327626554e-22
2318.87745078  1.71083250078e-22
2402.24886796  1.70830087448e-22
2488.61776706  1.70567822773e-22
2578.09191758  1.70296128804e-22
2670.78296373  1.70014666526e-22
2766.80656368  1.69723084736e-22
2866.28253393  1.69421019603e-22
2969.33499874  1.69108094216e-22
3076.0925451  1.68949610935e-22
3186.68838309  1.68854603949e-22
3301.26051218  1.68756181143e-22
3419.95189335  1.68654219708e-22
3542.91062753  1.68548592417e-22
3670.29014035  1.68439167471e-22
3802.24937364  1.68325808331e-22
3938.95298368  1.68208373551e-22
4080.57154674  1.68086716596e-22
4227.28177184  1.67960685666e-22
4379.2667213  1.67830123502e-22
4536.71603914  1.6769486719e-22
4699.82618773  1.6755474796e-22
4868.8006929  1.67409590975e-22
5043.85039793  1.67287723076e-22
5225.19372662  1.67249835395e-22
5413.05695583  1.67210585526e-22
5607.67449785  1.67169924491e-22
5809.28919286  1.67127801557e-22
6018.15261197  1.67084164162e-22
6234.52537109  1.67038957856e-22
6458.67745619  1.66992126232e-22
6690.88856009  1.66943610854e-22
6931.44843155  1.66893351185e-22
7180.65723674  1.66753214394e-22
7438.82593382  1.66573418916e-22
7706.27666093  1.66387159188e-22
7983.34313818  1.66194202798e-22
8270.371084  1.65994308979e-22
8567.71864659  1.65787228308e-22
8875.75685075  1.65572702392e-22
9194.87006089  1.65350463551e-22
9525.4564606  1.65120234478e-22
9867.9285495  1.64881727898e-22
10222.7136579  1.64761831205e-22
10590.2544803  1.64715757486e-22
10971.0096272  1.64668027262e-22
11365.4541979  1.64618580977e-22
11774.080373  1.64567356932e-22
12197.3980289  1.64514291211e-22
12635.9353735  1.644593176e-22
13090.2396056  1.64402367502e-22
13560.8775976  1.64343369858e-22
14048.4366031  1.64282251051e-22
14553.524989  1.64218934818e-22
15076.7729955  1.64153342154e-22
15618.8335217  1.64085391214e-22
16180.3829408  1.6401499721e-22
16762.1219439  1.63942072306e-22
17364.776414  1.63866525506e-22
17989.0983325  1.63788262547e-22
18635.8667167  1.63707185771e-22
19305.8885922  1.63623194013e-22
20000  1.63536182471e-22

