0.2 20 151
151
0.2  0
0.206235454919  1.12140915438e-43
0.212665314327  2.2777807899e-43
0.219295639229  3.47020494143e-43
0.22613267959  4.69980562817e-43
0.233182880236  5.96774191316e-43
0.240452886923  7.27520899587e-43
0.247949552606  8.62343933884e-43
0.255679943893  1.00137038294e-42
0.263651347711  1.14473129778e-42
0.271871278176  1.29256181522e-42
0.280347483669  1.4450012853e-42
0.289087954149  1.6021934026e-42
0.298100928677  1.7642863417e-42
0.307394903187  1.93143289688e-42
0.316978638492  2.1037906261e-42
0.326861168545  2.28152199957e-42
0.33705180895  2.46479455288e-42
0.34756016575  2.65378104491e-42
0.358396144475  2.8486596207e-42
0.369569959484  3.04961397935e-42
0.381092143593  3.25683354723e-42
0.392973557999  3.47051365647e-42
0.405225402524  3.69085572916e-42
0.417859226171  3.91806746715e-42
0.430886938006  4.15236304788e-42
0.444320818391  4.39396332627e-42
0.458173530554  4.64309604289e-42
0.472458132527  4.89999603862e-42
0.487188089458  5.16490547606e-42
0.502377286302  2.06748160784e-36
0.518040040906  1.4715302648e-35
0.534191117512  2.7889767963e-35
0.550845740668  4.14749772007e-35
0.568019609583  5.54837362373e-35
0.585728912925  6.9929250201e-35
0.60399034408  8.48251359203e-35
0.622821116889  1.00185434759e-34
0.642238981873  1.16024625852e-34
0.662262242965  1.32357639756e-34
0.682909774767  1.49199872518e-34
0.704201040337  1.66567200197e-34
0.72615610954  1.84475993819e-34
0.748795677965  2.02943134818e-34
0.772141086431  2.21986030942e-34
0.796214341107  2.41622632669e-34
0.821038134255  2.61871450119e-34
0.846635865618  2.82751570511e-34
0.87303166448  3.0428267615e-34
0.900250412412  3.26485062982e-34
0.928317766723  3.49379659725e-34
0.957260184645  3.72988047597e-34
0.987104948279  3.9733248066e-34
1.0178801903  2.03058888638e-30
1.0496149205  5.63386414871e-30
1.08233905309  9.34947971332e-30
1.11608343495  1.31809380447e-29
1.15087987467  1.71318508045e-29
1.18676117255  2.12059422564e-29
1.2237611515  2.54070527761e-29
1.26191468896  2.97391424721e-29
1.30125774973  3.42062949182e-29
1.34182741991  3.88127210027e-29
1.38366194184  4.35627628981e-29
1.42680075014  4.84608981541e-29
1.47128450892  5.35117439179e-29
1.51715515006  5.8720061287e-29
1.56445591277  6.40907597969e-29
1.61323138435  6.9628902049e-29
1.66352754221  7.53397084828e-29
1.71539179718  8.12285622969e-29
1.76887303828  8.73010145235e-29
1.82402167871  9.35627892606e-29
1.88088970345  1.00019789068e-28
1.93953071822  1.06678100532e-28
2  2.10172493675e-28
2.06235454919  1.65152244753e-27
2.12665314327  3.23745087144e-27
2.19295639229  4.8728242213e-27
2.2613267959  6.55918405516e-27
2.33182880236  8.29811999261e-27
2.40452886923  1.00912712133e-26
2.47949552606  1.1940328002e-26
2.55679943893  1.38470333419e-26
2.63651347711  1.58131845577e-26
2.71871278176  1.784063501e-26
2.80347483669  1.99312958416e-26
2.89087954149  2.20871377802e-26
2.98100928677  2.4416399115e-26
3.07394903187  6.34445817209e-26
3.16978638492  1.13555384358e-25
3.26861168545  1.65228505249e-25
3.3705180895  2.18512653219e-25
3.4756016575  2.73458055702e-25
3.58396144475  3.30116506086e-25
3.69569959484  3.88541412535e-25
3.81092143593  4.48787848336e-25
3.92973557999  5.10912603809e-25
4.05225402524  7.23753708501e-25
4.17859226171  1.14952720992e-24
4.30886938006  1.58857516871e-24
4.44320818391  2.04131144627e-24
4.58173530554  2.50816280707e-24
4.72458132527  2.98956932094e-24
4.87188089458  3.48598477788e-24
5.02377286302  4.14755858175e-24
5.18040040906  5.59108925032e-24
5.34191117512  7.08920497237e-24
5.50845740668  8.63402785966e-24
5.68019609583  1.02270141143e-23
5.85728912925  1.18696653388e-23
6.0399034408  1.37181462097e-23
6.22821116889  1.61877131048e-23
6.42238981873  1.87354923336e-23
6.62262242965  2.1362704375e-23
6.82909774767  2.40718257276e-23
7.04201040337  2.68885602317e-23
7.2615610954  2.98874907487e-23
7.48795677965  3.29803727495e-23
7.72141086431  3.61696823817e-23
7.96214341107  3.94578172135e-23
8.21038134255  4.27975922145e-23
8.46635865618  4.62311951064e-23
8.7303166448  4.97718483784e-23
9.00250412412  5.3410511336e-23
9.28317766723  5.70031879031e-23
9.57260184645  6.06967932303e-23
9.87104948279  6.45055551049e-23
10.178801903  6.82943099416e-23
10.496149205  7.20979997947e-23
10.8233905309  7.60202783308e-23
11.1608343495  7.989230134e-23
11.5087987467  8.36896716031e-23
11.8676117255  8.76054335216e-23
12.237611515  9.12400277226e-23
12.6191468896  9.47562577346e-23
13.0125774973  9.83190257576e-23
13.4182741991  1.01303623579e-22
13.8366194184  1.04341562892e-22
14.2680075014  1.07051890653e-22
14.7128450892  1.09581237177e-22
15.1715515006  1.12023036877e-22
15.6445591277  1.14253740846e-22
16.1323138435  1.16483336494e-22
16.6352754221  1.18586721815e-22
17.1539179718  1.20700274488e-22
17.6887303828  1.22744327523e-22
18.2402167871  1.24769473986e-22
18.8088970345  1.26747343886e-22
19.3953071822  1.28642591258e-22
20  1.30525e-22

