0.2 20 151
151
0.2  0
0.206235454919  1.34879333193e-43
0.212665314327  2.73963836394e-43
0.219295639229  4.17384615343e-43
0.22613267959  5.65276863299e-43
0.233182880236  7.1777998848e-43
0.240452886923  8.75037745471e-43
0.247949552606  1.03719837073e-42
0.255679943893  1.20441472234e-42
0.263651347711  1.37684442405e-42
0.271871278176  1.55465001393e-42
0.280347483669  1.7379990975e-42
0.289087954149  1.9270645058e-42
0.298100928677  2.12202445825e-42
0.307394903187  2.32306273067e-42
0.316978638492  2.53036882851e-42
0.326861168545  2.74413816549e-42
0.33705180895  2.96457224779e-42
0.34756016575  3.19187886401e-42
0.358396144475  3.42627228101e-42
0.369569959484  3.66797344594e-42
0.381092143593  3.91721019446e-42
0.392973557999  4.17421746552e-42
0.405225402524  4.43923752285e-42
0.417859226171  4.71252018327e-42
0.430886938006  4.99432305225e-42
0.444320818391  5.28491176665e-42
0.458173530554  5.58456024519e-42
0.472458132527  5.89355094663e-42
0.487188089458  6.21217513601e-42
0.502377286302  2.17140626204e-36
0.518040040906  1.54549814597e-35
0.534191117512  2.92916731824e-35
0.550845740668  4.35597552423e-35
0.568019609583  5.82726772146e-35
0.585728912925  7.34443079952e-35
0.60399034408  8.90889488747e-35
0.622821116889  1.05221347019e-34
0.642238981873  1.2185670937e-34
0.662262242965  1.39010716981e-34
0.682909774767  1.56699539797e-34
0.704201040337  1.749398519e-34
0.72615610954  1.93748847222e-34
0.748795677965  2.13144255755e-34
0.772141086431  2.33144360267e-34
0.796214341107  2.53768013529e-34
0.821038134255  2.75034656091e-34
0.846635865618  2.96964334609e-34
0.87303166448  3.19577720735e-34
0.900250412412  3.4289613061e-34
0.928317766723  3.66941544953e-34
0.957260184645  3.91736629781e-34
0.987104948279  4.17304757778e-34
1.0178801903  1.72517800083e-30
1.0496149205  4.78635709523e-30
1.08233905309  7.94297541084e-30
1.11608343495  1.11980084825e-29
1.15087987467  1.45545246139e-29
1.18676117255  1.80156877706e-29
1.2237611515  2.15847605613e-29
1.26191468896  2.52651073145e-29
1.30125774973  2.9060197249e-29
1.34182741991  3.29736077445e-29
1.38366194184  3.70090277136e-29
1.42680075014  4.11702610792e-29
1.47128450892  4.54612303601e-29
1.51715515006  4.98859803685e-29
1.56445591277  5.4448682023e-29
1.61323138435  5.91536362798e-29
1.66352754221  6.40052781874e-29
1.71539179718  6.9008181067e-29
1.76887303828  7.41670608234e-29
1.82402167871  7.94867803906e-29
1.88088970345  8.49723543155e-29
1.93953071822  9.0628953485e-29
2  1.50233541244e-28
2.06235454919  9.54388056427e-28
2.12665314327  1.8390620019e-27
2.19295639229  2.7513176699e-27
2.2613267959  3.69201498336e-27
2.33182880236  4.66204067527e-27
2.40452886923  5.66230912453e-27
2.47949552606  6.69376321791e-27
2.55679943893  7.75737523879e-27
2.63651347711  8.8541477837e-27
2.71871278176  9.98511470741e-27
2.80347483669  1.11513420975e-26
2.89087954149  1.23539292791e-26
2.98100928677  1.36265765243e-26
3.07394903187  2.61698621946e-26
3.16978638492  4.21294361724e-26
3.26861168545  5.85865861705e-26
3.3705180895  7.55568252531e-26
3.4756016575  9.30561501395e-26
3.58396144475  1.11101056283e-25
3.69569959484  1.2970855342e-25
3.81092143593  1.48896181606e-25
3.92973557999  1.68682027743e-25
4.05225402524  2.37310468498e-25
4.17859226171  3.74948017818e-25
4.30886938006  5.16876730809e-25
4.44320818391  6.63230394256e-25
4.58173530554  8.14146966057e-25
4.72458132527  9.69768705257e-25
4.87188089458  1.13024230615e-24
5.02377286302  1.50034832029e-24
5.18040040906  2.92280730019e-24
5.34191117512  4.40271106827e-24
5.50845740668  5.92875420249e-24
5.68019609583  7.50237520254e-24
5.85728912925  9.12505741663e-24
6.0399034408  1.09879685371e-23
6.22821116889  1.36000428131e-23
6.42238981873  1.62950482941e-23
6.62262242965  1.90740767011e-23
6.82909774767  2.19397476399e-23
7.04201040337  2.49423430594e-23
7.2615610954  2.82325269762e-23
7.48795677965  3.16262209226e-23
7.72141086431  3.51257209971e-23
7.96214341107  3.87304901499e-23
8.21038134255  4.21270952016e-23
8.46635865618  4.55647169373e-23
8.7303166448  4.91095143497e-23
9.00250412412  5.27279803797e-23
9.28317766723  5.59846565365e-23
9.57260184645  5.93098798741e-23
9.87104948279  6.27387746127e-23
10.178801903  6.60297573785e-23
10.496149205  6.92412803396e-23
10.8233905309  7.2552929834e-23
11.1608343495  7.58481828613e-23
11.5087987467  7.91106970495e-23
11.8676117255  8.24749275383e-23
12.237611515  8.57656254545e-23
12.6191468896  8.9056410029e-23
13.0125774973  9.24113455293e-23
13.4182741991  9.5450844051e-23
13.8366194184  9.85609060801e-23
14.2680075014  1.01391994565e-22
14.7128450892  1.04075028027e-22
15.1715515006  1.06636451505e-22
15.6445591277  1.08923443383e-22
16.1323138435  1.11174298593e-22
16.6352754221  1.13197713023e-22
17.1539179718  1.15208638276e-22
17.6887303828  1.17097595712e-22
18.2402167871  1.18969777404e-22
18.8088970345  1.2079922176e-22
19.3953071822  1.22583318645e-22
20  1.24372e-22

