0.5 20 151
151
0.5  0
0.512448710082  3.25919678665e-37
0.52520736093  6.5995391651e-37
0.538283669269  1.00230474512e-36
0.55168554395  1.35317922616e-36
0.565421090737  1.71278957658e-36
0.579498617203  2.08135329699e-36
0.59392663776  2.4590933032e-36
0.608713878807  2.84623806106e-36
0.623869284008  3.24302172462e-36
0.6394020197  3.64968427776e-36
0.655321480438  4.06647167936e-36
0.67163729468  4.49363601201e-36
0.688359330604  4.93143563454e-36
0.705497702082  5.38013533821e-36
0.723062774796  5.84000650693e-36
0.741065172505  6.31132728137e-36
0.759515783475  6.79438272715e-36
0.778425767058  7.28946500733e-36
0.797806560447  7.79687355906e-36
0.817669885593  8.3169152747e-36
0.83802775629  8.84990468743e-36
0.858892485448  9.39616416152e-36
0.880276692535  9.95602408725e-36
0.90219331121  1.05298230808e-35
0.924655597149  1.11179081889e-35
0.947677136058  1.17206350991e-35
0.971271851895  1.23383683545e-35
0.995454015286  1.96802478472e-33
1.02023825216  3.37985565155e-31
1.04563955259  7.62179329464e-31
1.07167327987  1.19693442415e-30
1.0983551798  1.64251379911e-30
1.1257013902  2.09918695097e-30
1.15372845069  2.56723008618e-30
1.18245331269  3.04692628798e-30
1.21189334964  3.53856568767e-30
1.24206636756  4.04244564006e-30
1.27299061578  4.55887090333e-30
1.30468479801  5.08815382337e-30
1.33716808361  5.63061452266e-30
1.37046011922  6.1865810939e-30
1.40458104063  6.75638979846e-30
1.43955148495  7.34038526975e-30
1.47539260312  7.93892072167e-30
1.51212607267  8.55235816222e-30
1.54977411084  9.18106861246e-30
1.58835948804  9.82543233095e-30
1.62790554158  1.04858390437e-29
1.66843618984  1.11626881798e-29
1.70997594668  1.18563891133e-29
1.75254993629  1.25673614103e-29
1.79618390842  1.32960350834e-29
1.84090425388  1.40428508511e-29
1.88673802057  1.48082604047e-29
1.93371292981  1.55927266816e-29
1.9818573931  1.6396724145e-29
2.03120052932  2.35114022785e-28
2.08177218234  5.89132803438e-28
2.13360293905  9.5196573842e-28
2.18672414789  1.32383227743e-27
2.24116793778  1.70495733391e-27
2.29696723759  2.09557142106e-27
2.35415579601  2.49591079126e-27
2.41276820199  2.90621757896e-27
2.47283990568  3.32673994716e-27
2.53440723981  3.75773223744e-27
2.59750744173  4.19945512387e-27
2.66217867588  4.65217577059e-27
2.72846005693  5.11616799347e-27
2.79639167337  5.59171242568e-27
2.86601461181  6.07909668742e-27
2.9373709818  6.57861555991e-27
3.01050394131  9.40557638029e-27
3.08545772284  2.49078672319e-26
3.16227766017  4.09903484981e-26
3.24101021575  5.74732420577e-26
3.32170300885  7.43665171437e-26
3.40440484432  9.16803911975e-26
3.48916574214  1.09425336048e-25
3.57603696765  1.27612084247e-25
3.66507106256  1.46251635557e-25
3.75632187674  1.65355263607e-25
3.84984460077  1.84934522712e-25
3.94569579937  2.05001254857e-25
4.04393344553  2.8724299499e-25
4.14461695564  4.49664626666e-25
4.2478072254  6.1613013795e-25
4.35356666667  7.86740211011e-25
4.46195924519  9.61598034745e-25
4.57305051927  1.14080936719e-24
4.68690767949  1.32448259947e-24
4.80359958925  1.51272882139e-24
4.92319682653  1.70566188859e-24
5.04577172647  2.06555265943e-24
5.1713984252  2.71326645597e-24
5.30015290463  3.37710665504e-24
5.43211303844  4.05747476247e-24
5.56735863914  4.75478228054e-24
5.70597150638  5.46945095688e-24
5.84803547643  6.20191303952e-24
5.99363647282  6.97919196015e-24
6.1428625584  8.30559661579e-24
6.29580398853  9.71890986571e-24
6.4525532657  1.11674109694e-23
6.6132051955  1.26519760137e-23
6.77785694388  1.41735028977e-23
6.94660809603  1.57329118758e-23
7.11956071652  1.77160743521e-23
7.29681941106  1.99247885896e-23
7.47849138981  2.21884941135e-23
7.66468653214  2.4508560065e-23
7.85551745316  2.68863896733e-23
8.0510995718  2.94326719889e-23
8.25155118063  3.23589447552e-23
8.45699351738  3.53580741641e-23
8.66755083831  3.8431874158e-23
8.88335049333  4.15822038418e-23
9.10452300303  4.48611291966e-23
9.33120213764  4.8279065192e-23
9.5635249979  5.17820989758e-23
9.80163209803  5.53723492637e-23
10.0456674507  5.90093849856e-23
10.295778654  6.25544356382e-23
10.5521169811  6.61866215637e-23
10.8148374712  6.99092395482e-23
11.0840990237  7.3574121603e-23
11.3600644943  7.69908224972e-23
11.6429007931  8.04925904291e-23
11.9327789861  8.40810740733e-23
12.2298743982  8.72260146219e-23
12.5343667197  9.02887810865e-23
12.8464401144  9.34278025346e-23
13.1662833315  9.62881334891e-23
13.4940898196  9.88819351069e-23
13.8300578436  1.01540315693e-22
14.1743906047  1.04016620634e-22
14.5272963631  1.063066261e-22
14.8889885645  1.08653646795e-22
15.2596859686  1.10856547195e-22
15.6396127818  1.13025549371e-22
16.0289987924  1.1522670439e-22
16.4280795102  1.1730302034e-22
16.8370963082  1.19424181455e-22
17.2562965694  1.21460266455e-22
17.6859338356  1.23457220468e-22
18.1262679613  1.25428637779e-22
18.5775652707  1.27257294477e-22
19.0400987189  1.29100708627e-22
19.5141480567  1.30755664497e-22
20  1.32444e-22

