0.2 20000 301
301
0.2  0
0.207824460767  2.17985171769e-38
0.215955032466  4.44498425659e-38
0.22440369086  6.7987339989e-38
0.233182880236  9.24456785379e-38
0.242305531726  1.17860883639e-37
0.251785082359  1.44270390116e-37
0.261635494852  1.71713097329e-37
0.271871278176  2.00229426472e-37
0.282507508925  2.29861380108e-37
0.293559853524  2.60652604038e-37
0.305044591308  2.92648451585e-37
0.316978638492  3.25896050402e-37
0.329379573097  3.60444371881e-37
0.342265660832  3.9634430329e-37
0.355655882008  4.33648722724e-37
0.369569959484  4.72412576989e-37
0.384028387728  5.12692962538e-37
0.399052462994  5.5454920957e-37
0.414664314697  5.98042969415e-37
0.430886938006  6.43238305348e-37
0.447744227714  6.90201786945e-37
0.465261013431  7.39002588138e-37
0.483463096161  7.89712589103e-37
0.502377286302  4.34755940452e-33
0.522031443137  4.02839915017e-32
0.542454515866  7.76263396141e-32
0.563676586253  1.16429606415e-31
0.585728912925  1.5675094641e-31
0.608643977422  1.98649750119e-31
0.632455532034  2.42187731557e-31
0.65719864952  2.87429019133e-31
0.682909774767  3.34440250108e-31
0.709626778467  3.83290668745e-31
0.737389012904  4.34052228302e-31
0.766237369911  4.86799697015e-31
0.796214341107  5.41610768226e-31
0.827364080478  5.98566174818e-31
0.859732469416  6.57749808132e-31
0.893367184302  7.1924884153e-31
0.928317766723  7.83153858799e-31
0.964635696448  8.49558987569e-31
1.00237446725  2.10651169961e-29
1.04158966572  3.53864571292e-28
1.08233905309  6.99683906956e-28
1.12468265038  1.05903249174e-27
1.16868282675  1.43243962104e-27
1.21440439138  1.82045529751e-27
1.26191468896  2.22365104117e-27
1.31128369884  2.64262073121e-27
1.36258413812  3.07798148077e-27
1.41589156877  3.53037454585e-27
1.47128450892  4.00046626987e-27
1.52884454851  4.48894906515e-27
1.58865646945  4.99654243277e-27
1.65080837054  5.52399402234e-27
1.71539179718  6.07208073325e-27
1.78250187627  6.641609859e-27
1.85223745626  7.23342027625e-27
1.9247012528  7.84838368045e-27
2  8.4874058698e-27
2.07824460767  2.76215575923e-26
2.15955032466  4.75042814122e-26
2.2440369086  6.81648631944e-26
2.33182880236  8.96337345344e-26
2.42305531726  1.11942517582e-25
2.51785082359  1.35124071618e-25
2.61635494852  1.59212541455e-25
2.71871278176  1.84243407727e-25
2.82507508925  2.10253539155e-25
2.93559853524  2.37281246848e-25
3.05044591308  3.67070971421e-25
3.16978638492  6.3685862352e-25
3.29379573097  9.17200990115e-25
3.42265660832  1.20851099595e-24
3.55655882008  1.51121772035e-24
3.69569959484  1.82576702919e-24
3.84028387728  2.15262223167e-24
3.99052462994  2.49226476268e-24
4.14664314697  3.7177542207e-24
4.30886938006  5.04977394559e-24
4.47744227714  6.43390535086e-24
4.65261013431  7.87218716552e-24
4.83463096161  9.36673787834e-24
5.02377286302  1.10904945768e-23
5.22031443137  1.41158267266e-23
5.42454515866  1.725951684e-23
5.63676586253  2.05261953533e-23
5.85728912925  2.39206738558e-23
6.08643977422  2.76497360259e-23
6.32455532034  3.18708633356e-23
6.5719864952  3.62571308704e-23
6.82909774767  4.08149992964e-23
7.09626778467  4.54283171833e-23
7.37389012904  4.9995465868e-23
7.66237369911  5.47412919313e-23
7.96214341107  5.96727856438e-23
8.27364080478  6.39352047448e-23
8.59732469416  6.82404605925e-23
8.93367184302  7.27141479675e-23
9.28317766723  7.63322651919e-23
9.64635696448  7.98410942727e-23
10.0237446725  8.34254941834e-23
10.4158966572  8.6195198798e-23
10.8233905309  8.90732606381e-23
11.2468265038  9.17680461373e-23
11.6868282675  9.43482724683e-23
12.1440439138  9.69544375517e-23
12.6191468896  9.94931092064e-23
13.1128369884  1.02076685751e-22
13.6258413812  1.04570492364e-22
14.1589156877  1.07064758478e-22
14.7128450892  1.09419035486e-22
15.2884454851  1.11682597226e-22
15.8865646945  1.13845592351e-22
16.5080837054  1.15813659853e-22
17.1539179718  1.17722742462e-22
17.8250187627  1.19470303148e-22
18.5223745626  1.21695384926e-22
19.247012528  1.24149933864e-22
20  1.26700510411e-22
20.7824460767  1.29350871388e-22
21.5955032466  1.32104920593e-22
22.440369086  1.34966714548e-22
23.3182880236  1.37940468476e-22
24.2305531726  1.40595032005e-22
25.1785082359  1.41605601426e-22
26.1635494852  1.40820791416e-22
27.1871278176  1.39874011288e-22
28.2507508925  1.38280481928e-22
29.3559853524  1.36624610028e-22
30.5044591308  1.34532558972e-22
31.6978638492  1.3186597001e-22
32.9379573097  1.29095057944e-22
34.2265660832  1.27001948146e-22
35.5655882008  1.2541681003e-22
36.9569959484  1.2454911759e-22
38.4028387728  1.22885817983e-22
39.9052462994  1.21133184073e-22
41.4664314697  1.19493423782e-22
43.0886938006  1.17801694774e-22
44.7744227714  1.16043781429e-22
46.5261013431  1.14455159215e-22
48.3463096161  1.12840952119e-22
50.2377286302  1.1116438997e-22
52.2031443137  1.09427993852e-22
54.2454515866  1.07623665918e-22
56.3676586253  1.06085319459e-22
58.5728912925  1.04679742852e-22
60.8643977422  1.03402532307e-22
63.2455532034  1.02389914661e-22
65.719864952  1.0133768108e-22
68.2909774767  1.00244281697e-22
70.9626778467  9.92382082041e-23
73.7389012904  9.84327785837e-23
76.6237369911  9.7595838701e-23
79.6214341107  9.67261558019e-23
82.7364080478  9.61186569531e-23
85.9732469416  9.55299731622e-23
89.3367184302  9.49182587051e-23
92.8317766723  9.44425467922e-23
96.4635696448  9.39871505808e-23
100.237446725  9.35370067315e-23
104.158966572  9.34262661431e-23
108.233905309  9.33111931278e-23
112.468265038  9.3191618191e-23
116.868282675  9.30673652071e-23
121.440439138  9.28975743096e-23
126.191468896  9.2629243738e-23
131.128369884  9.23504154564e-23
136.258413812  9.20606787699e-23
141.589156877  9.18135652231e-23
147.128450892  9.16887961911e-23
152.884454851  9.15591459073e-23
158.865646945  9.14244234056e-23
165.080837054  9.13416515412e-23
171.539179718  9.12689165356e-23
178.250187627  9.11933359691e-23
185.223745626  9.11139234769e-23
192.47012528  9.10310996034e-23
200  9.09450354691e-23
207.824460767  9.09529300328e-23
215.955032466  9.09611334501e-23
224.40369086  9.09696578039e-23
233.182880236  9.09785156501e-23
242.305531726  9.09877200357e-23
251.785082359  9.10196081409e-23
261.635494852  9.11527326611e-23
271.871278176  9.12910653194e-23
282.507508925  9.14348098699e-23
293.559853524  9.15841780383e-23
305.044591308  9.16803042243e-23
316.978638492  9.17018087627e-23
329.379573097  9.17241546083e-23
342.265660832  9.17473746748e-23
355.655882008  9.18344004773e-23
369.569959484  9.20142070781e-23
384.028387728  9.22010481274e-23
399.052462994  9.23951988291e-23
414.664314697  9.29916170623e-23
430.886938006  9.36378680271e-23
447.744227714  9.43094018186e-23
465.261013431  9.50072075591e-23
483.463096161  9.57323130677e-23
502.377286302  9.64411124487e-23
522.031443137  9.68547227694e-23
542.454515866  9.72845144787e-23
563.676586253  9.77311206299e-23
585.728912925  9.81951990426e-23
608.643977422  9.86280342806e-23
632.455532034  9.89930552794e-23
657.19864952  9.93723567406e-23
682.909774767  9.97664973488e-23
709.626778467  1.00105182475e-22
737.389012904  1.00326371988e-22
766.237369911  1.00556214945e-22
796.214341107  1.00795049888e-22
827.364080478  1.01104864434e-22
859.732469416  1.01435660185e-22
893.367184302  1.01779397429e-22
928.317766723  1.02062519392e-22
964.635696448  1.02338691409e-22
1002.37446725  1.02618560379e-22
1041.58966572  1.02799380563e-22
1082.33905309  1.0298727485e-22
1124.68265038  1.03182519995e-22
1168.68282675  1.03385403579e-22
1214.40439138  1.03596224436e-22
1261.91468896  1.03815293091e-22
1311.28369884  1.04042932217e-22
1362.58413812  1.0427947711e-22
1415.89156877  1.04525276183e-22
1471.28450892  1.04780691483e-22
1528.84454851  1.04946066235e-22
1588.65646945  1.05014429407e-22
1650.80837054  1.05085467104e-22
1715.39179718  1.05159283959e-22
1782.50187627  1.05235988699e-22
1852.23745626  1.05315694306e-22
1924.7012528  1.0539851818e-22
2000  1.05484582314e-22
2078.24460767  1.05388101515e-22
2159.55032466  1.05287846164e-22
2244.0369086  1.05183668594e-22
2331.82880236  1.05075415357e-22
2423.05531726  1.04962927003e-22
2517.85082359  1.04846037847e-22
2616.35494852  1.04724575717e-22
2718.71278176  1.04598361709e-22
2825.07508925  1.04467209918e-22
2935.59853524  1.04330927166e-22
3050.44591308  1.04162042439e-22
3169.78638492  1.03950374094e-22
3293.79573097  1.03730424795e-22
3422.65660832  1.03501870573e-22
3556.55882008  1.03264374784e-22
3695.69959484  1.03017587612e-22
3840.28387728  1.02761145557e-22
3990.52462994  1.02494670899e-22
4146.64314697  1.02217771138e-22
4308.86938006  1.0193003842e-22
4477.44227714  1.01631048936e-22
4652.61013431  1.01320362294e-22
4834.63096161  1.00997520874e-22
5023.77286302  1.00685992523e-22
5220.31443137  1.00535347593e-22
5424.54515866  1.00378809086e-22
5636.76586253  1.00216146433e-22
5857.28912925  1.00047120041e-22
6086.43977422  9.98714809476e-23
6324.55532034  9.96889704482e-23
6571.9864952  9.94993197176e-23
6829.09774767  9.93022494135e-23
7096.26778467  9.91404035169e-23
7373.89012904  9.90514280597e-23
7662.37369911  9.89589716776e-23
7962.14341107  9.88628981889e-23
8273.64080478  9.87630660839e-23
8597.32469416  9.8659328317e-23
8933.67184302  9.85515320896e-23
9283.17766723  9.84395186255e-23
9646.35696448  9.83231229366e-23
10023.7446725  9.82076777955e-23
10415.8966572  9.81729007579e-23
10823.3905309  9.81367631624e-23
11246.8265038  9.80992117809e-23
11686.8282675  9.80601913029e-23
12144.0439138  9.80196442539e-23
12619.1468896  9.79775109109e-23
13112.8369884  9.79337292144e-23
13625.8413812  9.78882346772e-23
14158.9156877  9.78409602888e-23
14712.8450892  9.77918364174e-23
15288.4454851  9.77407907071e-23
15886.5646945  9.76877479709e-23
16508.0837054  9.76326300807e-23
17153.9179718  9.75753558516e-23
17825.0187627  9.75158409228e-23
18522.3745626  9.74539976328e-23
19247.012528  9.73897348908e-23
20000  9.73229580423e-23

