0.2 20 151
151
0.2  0
0.206235454919  1.50782237417e-40
0.212665314327  3.06265454054e-40
0.219295639229  4.66596213631e-40
0.22613267959  6.31925649325e-40
0.233182880236  8.02409606234e-40
0.240452886923  9.78208788281e-40
0.247949552606  1.1594889097e-39
0.255679943893  1.34642085124e-39
0.263651347711  1.53918082126e-39
0.271871278176  1.73795052179e-39
0.280347483669  1.94291731985e-39
0.289087954149  2.15427442406e-39
0.298100928677  2.37222106675e-39
0.307394903187  2.59696269176e-39
0.316978638492  2.82871114812e-39
0.326861168545  3.06768488975e-39
0.33705180895  3.31410918134e-39
0.34756016575  3.56821631074e-39
0.358396144475  3.83024580788e-39
0.369569959484  4.10044467061e-39
0.381092143593  4.37906759748e-39
0.392973557999  4.66637722784e-39
0.405225402524  4.96264438945e-39
0.417859226171  5.2681483537e-39
0.430886938006  5.58317709894e-39
0.444320818391  5.90802758187e-39
0.458173530554  6.24300601751e-39
0.472458132527  6.58842816782e-39
0.487188089458  6.94461963937e-39
0.502377286302  1.9853260386e-34
0.518040040906  1.41301484472e-33
0.534191117512  2.67806706681e-33
0.550845740668  3.9825601694e-33
0.568019609583  5.32772381165e-33
0.585728912925  6.71482599015e-33
0.60399034408  8.14517423416e-33
0.622821116889  9.62011683813e-33
0.642238981873  1.11410441327e-32
0.662262242965  1.27093897951e-32
0.682909774767  1.4326632201e-32
0.704201040337  1.59942958173e-32
0.72615610954  1.77139526402e-32
0.748795677965  1.94872236761e-32
0.772141086431  2.131578047e-32
0.796214341107  2.32013466811e-32
0.821038134255  2.51456997078e-32
0.846635865618  2.71506723627e-32
0.87303166448  2.92181546006e-32
0.900250412412  3.13500952999e-32
0.928317766723  3.35485040999e-32
0.957260184645  3.58154532947e-32
0.987104948279  3.8153079787e-32
1.0178801903  2.58390410587e-29
1.0496149205  7.16300618591e-29
1.08233905309  1.18848721889e-28
1.11608343495  1.67539531048e-28
1.15087987467  2.17748386935e-28
1.18676117255  2.69522618109e-28
1.2237611515  3.22911028705e-28
1.26191468896  3.77963944438e-28
1.30125774973  4.34733260042e-28
1.34182741991  4.93272488187e-28
1.38366194184  5.53636809923e-28
1.42680075014  6.15883126693e-28
1.47128450892  6.80070113973e-28
1.51715515006  7.46258276581e-28
1.56445591277  8.14510005709e-28
1.61323138435  8.84889637738e-28
1.66352754221  9.57463514881e-28
1.71539179718  1.03230004772e-27
1.76887303828  1.10946977969e-27
1.82402167871  1.18904545359e-27
1.88088970345  1.27110208012e-27
1.93953071822  1.35571700863e-27
2  1.90354308444e-27
2.06235454919  8.82986589452e-27
2.12665314327  1.64470650707e-26
2.19295639229  2.43017477573e-26
2.2613267959  3.24013180428e-26
2.33182880236  4.07534108552e-26
2.40452886923  4.93658991586e-26
2.47949552606  5.82469013748e-26
2.55679943893  6.74047890358e-26
2.63651347711  7.68481946751e-26
2.71871278176  8.6586019965e-26
2.80347483669  9.6627444108e-26
2.89087954149  1.06981932489e-25
2.98100928677  1.17926349936e-25
3.07394903187  2.21325734218e-25
3.16978638492  3.52761009524e-25
3.26861168545  4.882940785e-25
3.3705180895  6.28052699184e-25
3.4756016575  7.72168612762e-25
3.58396144475  9.2077766775e-25
3.69569959484  1.07401994805e-24
3.81092143593  1.23203990501e-24
3.92973557999  1.39498649355e-24
4.05225402524  1.80836059227e-24
4.17859226171  2.57481942454e-24
4.30886938006  3.36517435429e-24
4.44320818391  4.18017039671e-24
4.58173530554  5.02057579453e-24
4.72458132527  5.88718274222e-24
4.87188089458  6.78080813267e-24
5.02377286302  7.89456402656e-24
5.18040040906  1.00209928163e-23
5.34191117512  1.22260232337e-23
5.50845740668  1.44998004899e-23
5.68019609583  1.6844467924e-23
5.85728912925  1.92622356985e-23
6.0399034408  2.18980248612e-23
6.22821116889  2.51358092839e-23
6.42238981873  2.84756626432e-23
6.62262242965  3.19196435278e-23
6.82909774767  3.54709983501e-23
7.04201040337  3.90680993502e-23
7.2615610954  4.25124580348e-23
7.48795677965  4.60629309925e-23
7.72141086431  4.97240980206e-23
7.96214341107  5.34925150906e-23
8.21038134255  5.68022036899e-23
8.46635865618  6.0098451715e-23
8.7303166448  6.349746777e-23
9.00250412412  6.69506096956e-23
9.28317766723  6.98436392753e-23
9.57260184645  7.27804524701e-23
9.87104948279  7.58088274963e-23
10.178801903  7.86326818886e-23
10.496149205  8.13222637422e-23
10.8233905309  8.40956994277e-23
11.1608343495  8.68336281169e-23
11.5087987467  8.95188032569e-23
11.8676117255  9.22876948395e-23
12.237611515  9.49813085717e-23
12.6191468896  9.76660547266e-23
13.0125774973  1.00402876106e-22
13.4182741991  1.02879486824e-22
13.8366194184  1.05413403817e-22
14.2680075014  1.07732585215e-22
14.7128450892  1.09939424487e-22
15.1715515006  1.12053122378e-22
15.6445591277  1.13953194016e-22
16.1323138435  1.15820281961e-22
16.6352754221  1.17490114401e-22
17.1539179718  1.19137819204e-22
17.6887303828  1.20655616826e-22
18.2402167871  1.22138581101e-22
18.8088970345  1.23558006998e-22
19.3953071822  1.24918511552e-22
20  1.2627e-22

