0.2 20 151
151
0.2  0
0.206235454919  1.63681315159e-42
0.212665314327  3.32465767627e-42
0.219295639229  5.06512459316e-42
0.22613267959  6.85985452504e-42
0.233182880236  8.71053924482e-42
0.240452886923  1.06189232703e-41
0.247949552606  1.25868055086e-41
0.255679943893  1.46160409518e-41
0.263651347711  1.67085424256e-41
0.271871278176  1.88662823924e-41
0.280347483669  2.10912948107e-41
0.289087954149  2.33856770521e-41
0.298100928677  2.57515918787e-41
0.307394903187  2.81912694815e-41
0.316978638492  3.07070095828e-41
0.326861168545  3.33011836041e-41
0.33705180895  3.59762369012e-41
0.34756016575  3.87346910695e-41
0.358396144475  4.15791463208e-41
0.369569959484  4.45122839346e-41
0.381092143593  4.75368687852e-41
0.392973557999  5.06557519482e-41
0.405225402524  5.3871873388e-41
0.417859226171  5.71882647291e-41
0.430886938006  6.06080521136e-41
0.444320818391  6.41344591485e-41
0.458173530554  6.77708099438e-41
0.472458132527  7.15205322464e-41
0.487188089458  7.53871606709e-41
0.502377286302  1.10587806233e-35
0.518040040906  7.87105783871e-35
0.534191117512  1.49179338181e-34
0.550845740668  2.21845121849e-34
0.568019609583  2.96776426608e-34
0.585728912925  3.74043885231e-34
0.60399034408  4.53720332629e-34
0.622821116889  5.35880874506e-34
0.642238981873  6.20602958158e-34
0.662262242965  7.07966445475e-34
0.682909774767  7.98053688227e-34
0.704201040337  8.90949605682e-34
0.72615610954  9.86741764665e-34
0.748795677965  1.08552046209e-33
0.772141086431  1.18737881009e-33
0.796214341107  1.29241282378e-33
0.821038134255  1.40072151175e-33
0.846635865618  1.51240696943e-33
0.87303166448  1.62757447529e-33
0.900250412412  1.74633259011e-33
0.928317766723  1.86879325928e-33
0.957260184645  1.99507191836e-33
0.987104948279  2.12528760187e-33
1.0178801903  4.49062459558e-30
1.0496149205  1.24569564205e-29
1.08233905309  2.06716567602e-29
1.11608343495  2.91424690681e-29
1.15087987467  3.78773782174e-29
1.18676117255  4.68846180277e-29
1.2237611515  5.6172679027e-29
1.26191468896  6.57503164544e-29
1.30125774973  7.56265585139e-29
1.34182741991  8.5810714884e-29
1.38366194184  9.63123854938e-29
1.42680075014  1.07141469572e-28
1.47128450892  1.18308174978e-28
1.51715515006  1.29823027824e-28
1.56445591277  1.416968824e-28
1.61323138435  1.53940931401e-28
1.66352754221  1.66566716479e-28
1.71539179718  1.79586139125e-28
1.76887303828  1.93011471887e-28
1.82402167871  2.06855369934e-28
1.88088970345  2.21130882993e-28
1.93953071822  2.35851467641e-28
2  3.7997836712e-28
2.06235454919  2.30961462475e-27
2.12665314327  4.43237927644e-27
2.19295639229  6.62132594457e-27
2.2613267959  8.87851800405e-27
2.33182880236  1.12060831602e-26
2.40452886923  1.36062154543e-26
2.47949552606  1.6081177332e-26
2.55679943893  1.86333017758e-26
2.63651347711  2.12649945042e-26
2.71871278176  2.39787362394e-26
2.80347483669  2.67770850458e-26
2.89087954149  2.96626787415e-26
2.98100928677  3.27459635112e-26
3.07394903187  7.30758683648e-26
3.16978638492  1.24670175725e-25
3.26861168545  1.77873052973e-25
3.3705180895  2.32734650934e-25
3.4756016575  2.89306683999e-25
3.58396144475  3.47642478874e-25
3.69569959484  4.07797024843e-25
3.81092143593  4.69827025611e-25
3.92973557999  5.33790952746e-25
4.05225402524  7.30902482033e-25
4.17859226171  1.11601579078e-24
4.30886938006  1.51313588291e-24
4.44320818391  1.92263709719e-24
4.58173530554  2.34490544328e-24
4.72458132527  2.78033896554e-24
4.87188089458  3.2293481183e-24
5.02377286302  3.84294008739e-24
5.18040040906  5.24158324123e-24
5.34191117512  6.69346973672e-24
5.50845740668  8.19062209615e-24
5.68019609583  9.7344515858e-24
5.85728912925  1.13264134714e-23
6.0399034408  1.32061875384e-23
6.22821116889  1.60125446984e-23
6.42238981873  1.89082726498e-23
6.62262242965  2.18942815067e-23
6.82909774767  2.49733859816e-23
7.04201040337  2.81847639329e-23
7.2615610954  3.16441505513e-23
7.48795677965  3.52121012559e-23
7.72141086431  3.88912909393e-23
7.96214341107  4.26801736923e-23
8.21038134255  4.61681689053e-23
8.46635865618  4.96801008551e-23
8.7303166448  5.33015252717e-23
9.00250412412  5.69877019026e-23
9.28317766723  6.0168587348e-23
9.57260184645  6.34055363109e-23
9.87104948279  6.67434045205e-23
10.178801903  6.98461332735e-23
10.496149205  7.27933376668e-23
10.8233905309  7.58324278607e-23
11.1608343495  7.88174968309e-23
11.5087987467  8.17271751203e-23
11.8676117255  8.47275692487e-23
12.237611515  8.76756401558e-23
12.6191468896  9.06318182068e-23
13.0125774973  9.3651209325e-23
13.4182741991  9.64484278376e-23
13.8366194184  9.93146322549e-23
14.2680075014  1.01962714788e-22
14.7128450892  1.04500068389e-22
15.1715515006  1.06931597242e-22
15.6445591277  1.09119730525e-22
16.1323138435  1.11267851116e-22
16.6352754221  1.13183128807e-22
17.1539179718  1.1507361867e-22
17.6887303828  1.16816572317e-22
18.2402167871  1.18526908032e-22
18.8088970345  1.20174374709e-22
19.3953071822  1.21768448503e-22
20  1.2336e-22

