1 20 101
101
1  0
1.03041055791  2.33093277123e-36
1.06174591785  4.73275050848e-36
1.09403420358  7.20760886313e-36
1.12730439408  9.75772904109e-36
1.16158634964  1.23853997964e-35
1.1969108386  1.50929794854e-35
1.23330956497  1.78828981833e-35
1.27081519692  2.07576598654e-35
1.30946139606  2.3719844654e-35
1.34928284767  2.67721111348e-35
1.39031529185  2.99171987421e-35
1.43259555555  3.31579302182e-35
1.47616158565  3.64972141465e-35
1.52105248304  3.99380475622e-35
1.56730853766  4.34835186416e-35
1.61497126471  4.71368094747e-35
1.66408344188  5.09011989202e-35
1.71468914776  5.47800655489e-35
1.76683380139  5.87768906759e-35
1.82056420303  6.28952614849e-35
1.87592857615  6.71388742479e-35
1.93297661076  7.15115376425e-35
1.99175950792  7.90194841061e-34
2.05233002578  4.60417395919e-32
2.11474252688  1.00862967692e-31
2.17905302696  1.57351339923e-31
2.24531924523  2.1555755507e-31
2.31360065617  2.75533853693e-31
2.3839585429  3.37334065019e-31
2.45645605223  4.0101365525e-31
2.53115825126  4.66629777348e-31
2.60813218585  5.34241322326e-31
2.68744694072  6.03908972109e-31
2.76917370155  6.7569525399e-31
2.85338581877  7.49664596753e-31
2.94015887345  8.25883388498e-31
3.02957074514  6.8420536962e-30
3.12170168173  2.5422334981e-29
3.21663437151  4.45676529858e-29
3.31445401734  6.42951907925e-29
3.41524841318  8.46226540302e-29
3.51910802283  1.05568286766e-28
3.62612606115  1.27150887879e-28
3.73639857773  1.49389827933e-28
3.85002454306  1.72305066561e-28
3.96710593738  1.95917170381e-28
4.08774784223  8.48210065136e-28
4.21205853471  1.7629029334e-27
4.34014958471  2.7054121221e-27
4.472135955  3.67658354107e-27
4.60813610445  4.67728882471e-27
4.74827209431  5.70842611434e-27
4.89266969782  6.77092086422e-27
5.041458513  1.14354792235e-26
5.19477207907  2.57645223287e-26
5.35274799621  4.05293196291e-26
5.51552804914  5.57431226528e-26
5.68325833429  7.14195859144e-26
5.85608939099  8.75727791699e-26
6.03417633655  1.21783141961e-25
6.21767900547  2.30699825536e-25
6.40676209294  3.43341347819e-25
6.6015953026  4.59408361638e-25
6.80235349885  5.79005038103e-25
7.00921686386  7.33031668752e-25
7.22237105921  1.20018985167e-24
7.44200739256  1.69744036056e-24
7.66832298935  2.20981253485e-24
7.9015209697  2.73776623282e-24
8.14181063074  3.73938387981e-24
8.38940763443  5.09890708705e-24
8.64453420113  6.49977415352e-24
8.90741930907  7.94324236903e-24
9.17829889981  1.00663209311e-23
9.45741609003  1.25940924529e-23
9.74502138973  1.5198734917e-23
10.041372927  1.79993494807e-23
10.34673668  2.15376390208e-23
10.661386715  2.51944702625e-23
10.9856054331  2.89868028507e-23
11.3196838233  3.33805718613e-23
11.6639217237  3.79578343759e-23
12.0186280908  4.27053028819e-23
12.3841212763  4.78916086348e-23
12.7607293136  5.32497241633e-23
13.1487902114  5.87595493133e-23
13.5486522576  6.44183170185e-23
13.9606743317  7.0238474664e-23
14.3852262269  7.58738132863e-23
14.8226889821  8.16291607868e-23
15.2734552238  8.71510168569e-23
15.7379295184  9.25678554227e-23
16.2165287354  9.78091481636e-23
16.7096824217  1.02785463381e-22
17.2178331866  1.0762496138e-22
17.7414370999  1.12215920492e-22
18.2809641002  1.16675643838e-22
18.8368984177  1.21014155251e-22
19.4097390079  1.25181396352e-22
20  1.29351e-22

