0.2 20 151
151
0.2  0
0.206235454919  2.04846541441e-36
0.212665314327  4.16079639753e-36
0.219295639229  6.33898410375e-36
0.22613267959  8.5850817662e-36
0.233182880236  1.09012066322e-35
0.240452886923  1.32895419592e-35
0.247949552606  1.57523390725e-35
0.255679943893  1.82919194877e-35
0.263651347711  2.09106770988e-35
0.271871278176  2.3611080435e-35
0.280347483669  2.63956749876e-35
0.289087954149  2.92670856091e-35
0.298100928677  3.22280189881e-35
0.307394903187  3.52812662001e-35
0.316978638492  3.84297053388e-35
0.326861168545  4.16763042291e-35
0.33705180895  4.50241232245e-35
0.34756016575  4.8476318092e-35
0.358396144475  5.20361429868e-35
0.369569959484  5.57069535199e-35
0.381092143593  5.94922099209e-35
0.392973557999  6.33954803002e-35
0.405225402524  6.74204440119e-35
0.417859226171  7.15708951224e-35
0.430886938006  7.58507459869e-35
0.444320818391  8.0264030937e-35
0.458173530554  8.48149100839e-35
0.472458132527  8.95076732396e-35
0.487188089458  9.43467439608e-35
0.502377286302  8.63285595065e-32
0.518040040906  6.13842447491e-31
0.534191117512  1.16332150156e-30
0.550845740668  1.72993181497e-30
0.568019609583  2.31420749372e-30
0.585728912925  2.91669929574e-30
0.60399034408  3.53797515011e-30
0.622821116889  4.1786206924e-30
0.642238981873  4.83923981667e-30
0.662262242965  5.52045524478e-30
0.682909774767  6.22290911335e-30
0.704201040337  6.94726357907e-30
0.72615610954  7.69420144286e-30
0.748795677965  8.46442679355e-30
0.772141086431  9.25866567149e-30
0.796214341107  1.0077666753e-29
0.821038134255  1.09222020562e-29
0.846635865618  1.17930676683e-29
0.87303166448  1.26910844969e-29
0.900250412412  1.36170990426e-29
0.928317766723  1.45719841982e-29
0.957260184645  1.55566400704e-29
0.987104948279  1.65719948291e-29
1.0178801903  7.68525635257e-28
1.0496149205  2.10235504667e-27
1.08233905309  3.4777696239e-27
1.11608343495  4.89606587908e-27
1.15087987467  6.35858074607e-27
1.18676117255  7.86669284066e-27
1.2237611515  9.42182376014e-27
1.26191468896  1.10254394233e-26
1.30125774973  1.26790514524e-26
1.34182741991  1.43842185978e-26
1.38366194184  1.61425482074e-26
1.42680075014  1.79556977422e-26
1.47128450892  1.98253763378e-26
1.51715515006  2.17533464165e-26
1.56445591277  2.37414253477e-26
1.61323138435  2.57914871616e-26
1.66352754221  2.79054643157e-26
1.71539179718  3.00853495159e-26
1.76887303828  3.23331975957e-26
1.82402167871  3.46511274522e-26
1.88088970345  3.70413240444e-26
1.93953071822  3.95060404521e-26
2  4.46014097665e-26
2.06235454919  8.51287571018e-26
2.12665314327  1.29553067268e-25
2.19295639229  1.75362406352e-25
2.2613267959  2.22599955778e-25
2.33182880236  2.71310243255e-25
2.40452886923  3.21539184739e-25
2.47949552606  3.73334127725e-25
2.55679943893  4.2674389587e-25
2.63651347711  4.81818835024e-25
2.71871278176  5.38610860678e-25
2.80347483669  5.97173506911e-25
2.89087954149  6.57561976846e-25
2.98100928677  7.21419832468e-25
3.07394903187  1.33443738167e-24
3.16978638492  2.11395502708e-24
3.26861168545  2.91777590817e-24
3.3705180895  3.74665773359e-24
3.4756016575  4.60138183529e-24
3.58396144475  5.48275390501e-24
3.69569959484  6.39160475376e-24
3.81092143593  7.328791095e-24
3.92973557999  8.29519635213e-24
4.05225402524  9.56094078062e-24
4.17859226171  1.12394314255e-23
4.30886938006  1.2970252834e-23
4.44320818391  1.47550365369e-23
4.58173530554  1.65954649314e-23
4.72458132527  1.84932728673e-23
4.87188089458  2.04502492824e-23
5.02377286302  2.25028110517e-23
5.18040040906  2.47952118726e-23
5.34191117512  2.71612961421e-23
5.50845740668  2.96011484706e-23
5.68019609583  3.21170687451e-23
5.85728912925  3.47114285568e-23
6.0399034408  3.73501340486e-23
6.22821116889  3.99379496718e-23
6.42238981873  4.26061584992e-23
6.62262242965  4.53575548058e-23
6.82909774767  4.81947321507e-23
7.04201040337  5.10638513972e-23
7.2615610954  5.37920288343e-23
7.48795677965  5.6604157547e-23
7.72141086431  5.95039607688e-23
7.96214341107  6.24915986971e-23
8.21038134255  6.53573405045e-23
8.46635865618  6.82689032629e-23
8.7303166448  7.1271240613e-23
9.00250412412  7.43300872694e-23
9.28317766723  7.70065168029e-23
9.57260184645  7.97331819954e-23
9.87104948279  8.25448571774e-23
10.178801903  8.50174998671e-23
10.496149205  8.72499111975e-23
10.8233905309  8.95519230289e-23
11.1608343495  9.16204594116e-23
11.5087987467  9.34078516104e-23
11.8676117255  9.52509698265e-23
12.237611515  9.68749455046e-23
12.6191468896  9.83906329336e-23
13.0125774973  9.99321968951e-23
13.4182741991  1.01288260726e-22
13.8366194184  1.02673146556e-22
14.2680075014  1.03986129612e-22
14.7128450892  1.05267706702e-22
15.1715515006  1.0652833909e-22
15.6445591277  1.07723156357e-22
16.1323138435  1.08912752025e-22
16.6352754221  1.10021782306e-22
17.1539179718  1.11124293029e-22
17.6887303828  1.12160759482e-22
18.2402167871  1.13180776126e-22
18.8088970345  1.14167436355e-22
19.3953071822  1.15118841662e-22
20  1.16067e-22

