0.5 20 151
151
0.5  0
0.512448710082  1.64795028173e-40
0.52520736093  3.33693027403e-40
0.538283669269  5.06796151086e-40
0.55168554395  6.8420909597e-40
0.565421090737  8.66039165486e-40
0.579498617203  1.05239633464e-39
0.59392663776  1.24339331654e-39
0.608713878807  1.43914563054e-39
0.623869284008  1.63977167216e-39
0.6394020197  1.84539278463e-39
0.655321480438  2.05613333233e-39
0.67163729468  2.27212077599e-39
0.688359330604  2.49348574979e-39
0.705497702082  2.72036214035e-39
0.723062774796  2.95288716773e-39
0.741065172505  3.19120146841e-39
0.759515783475  3.43544918038e-39
0.778425767058  3.68577803025e-39
0.797806560447  3.94233942267e-39
0.817669885593  4.20528853188e-39
0.83802775629  4.47478439555e-39
0.858892485448  4.75099001096e-39
0.880276692535  5.03407243364e-39
0.90219331121  5.32420287833e-39
0.924655597149  5.62155682261e-39
0.947677136058  5.92631411297e-39
0.971271851895  6.23865907364e-39
0.995454015286  2.13951570468e-35
1.02023825216  3.69747443974e-33
1.04563955259  8.33821565664e-33
1.07167327987  1.30944993575e-32
1.0983551798  1.79692022521e-32
1.1257013902  2.29652726728e-32
1.15372845069  2.8085732358e-32
1.18245331269  3.33336782793e-32
1.21189334964  3.87122845153e-32
1.24206636756  4.42248041707e-32
1.27299061578  4.9874571344e-32
1.30468479801  5.56650031445e-32
1.33716808361  6.15996017585e-32
1.37046011922  6.76819565677e-32
1.40458104063  7.39157463202e-32
1.43955148495  8.03047413553e-32
1.47539260312  8.68528058843e-32
1.51212607267  9.35639003271e-32
1.54977411084  1.00442083708e-31
1.58835948804  1.07491516111e-31
1.62790554158  1.14716461194e-31
1.66843618984  1.2212128877e-31
1.70997594668  1.2971047745e-31
1.75254993629  1.37488617349e-31
1.79618390842  1.45460412865e-31
1.84090425388  1.53630685524e-31
1.88673802057  1.62004376893e-31
1.93371292981  1.70586551576e-31
1.9818573931  1.79382400267e-31
2.03120052932  8.0867677471e-30
2.08177218234  2.08981505008e-29
2.13360293905  3.40285036338e-29
2.18672414789  4.74857686857e-29
2.24116793778  6.12780849198e-29
2.29696723759  7.54137942463e-29
2.35415579601  8.99014462671e-29
2.41276820199  1.04749803448e-28
2.47283990568  1.19967846416e-28
2.53440723981  1.35564779393e-28
2.59750744173  1.51550035765e-28
2.66217867588  1.6793328378e-28
2.72846005693  1.84724432406e-28
2.79639167337  2.01933637313e-28
2.86601461181  2.19571307026e-28
2.9373709818  2.37648109213e-28
3.01050394131  4.18123194155e-28
3.08545772284  1.4848816778e-27
3.16227766017  2.59178676124e-27
3.24101021575  3.72625092563e-27
3.32170300885  4.88896032098e-27
3.40440484432  6.08061818068e-27
3.48916574214  7.3019452468e-27
3.57603696765  8.55368020604e-27
3.66507106256  9.8365801365e-27
3.75632187674  1.11514209656e-26
3.84984460077  1.24989979392e-26
3.94569579937  1.38801261029e-26
4.04393344553  2.27239215597e-26
4.14461695564  4.11982784198e-26
4.2478072254  6.01325991051e-26
4.35356666667  7.95383355279e-26
4.46195924519  9.9427224724e-26
4.57305051927  1.19811295951e-25
4.68690767949  1.40702877964e-25
4.80359958925  1.62114606473e-25
4.92319682653  1.84059431782e-25
5.04577172647  2.44967688012e-25
5.1713984252  3.73459680486e-25
5.30015290463  5.05150792083e-25
5.43211303844  6.40120672619e-25
5.56735863914  7.78450954979e-25
5.70597150638  9.20225304501e-25
5.84803547643  1.06552946957e-24
5.99363647282  1.23012312015e-24
6.1428625584  1.71116858251e-24
6.29580398853  2.23596109996e-24
6.4525532657  2.77381959721e-24
6.6132051955  3.32506938346e-24
6.77785694388  3.89004386725e-24
6.94660809603  4.46908475815e-24
7.11956071652  5.60383907015e-24
7.29681941106  7.01458961502e-24
7.47849138981  8.46046420896e-24
7.66468653214  9.94233735018e-24
7.85551745316  1.14611053096e-23
8.0510995718  1.32840988896e-23
8.25155118063  1.59245076165e-23
8.45699351738  1.8630655709e-23
8.66755083831  2.14041799075e-23
8.88335049333  2.42467577033e-23
9.10452300303  2.74327252494e-23
9.33120213764  3.1009835333e-23
9.5635249979  3.46760062294e-23
9.80163209803  3.84334553229e-23
10.0456674507  4.22466717063e-23
10.295778654  4.59929374547e-23
10.5521169811  4.98314757334e-23
10.8148374712  5.37655837125e-23
11.0840990237  5.76318143759e-23
11.3600644943  6.12201105997e-23
11.6429007931  6.48977461423e-23
11.9327789861  6.8666590865e-23
12.2298743982  7.21267651558e-23
12.5343667197  7.55518774829e-23
12.8464401144  7.90622662707e-23
13.1662833315  8.24508552865e-23
13.4940898196  8.57258092841e-23
13.8300578436  8.90823011873e-23
14.1743906047  9.2380194371e-23
14.5272963631  9.56182070476e-23
14.8889885645  9.89368378862e-23
15.2596859686  1.02148084445e-22
15.6396127818  1.05356034484e-22
16.0289987924  1.08604391026e-22
16.4280795102  1.11609168247e-22
16.8370963082  1.14676385216e-22
17.2562965694  1.17541117306e-22
17.6859338356  1.2029552182e-22
18.1262679613  1.22995771441e-22
18.5775652707  1.25450377507e-22
19.0400987189  1.27928126006e-22
19.5141480567  1.30178377864e-22
20  1.32475e-22

