0.1 20000 301
301
0.1  0
0.10415259619  2.01592349888e-38
0.108477632931  4.11556016017e-38
0.112982270983  6.30238625346e-38
0.117673968462  8.58002240377e-38
0.122560493193  1.09522395861e-37
0.127649935564  1.34229653687e-37
0.132950721924  1.5996290416e-37
0.138471628537  1.86764752612e-37
0.144221796108  2.14679573602e-37
0.150210744918  2.43753584385e-37
0.156448390588  2.74034921431e-37
0.162945060494  3.05573720126e-37
0.169711510868  3.38422197774e-37
0.176758944602  3.72634740053e-37
0.1840990298  4.08267991059e-37
0.191743919097  4.45380947088e-37
0.199706269776  4.84035054316e-37
0.207999264725  1.27301064659e-31
0.216636634267  2.64756466273e-31
0.225632678887  4.07919835657e-31
0.235002292913  5.57028201663e-31
0.244760989175  7.12328435994e-31
0.254924924685  8.74077661939e-31
0.265510927395  1.04254368008e-30
0.276536524049  1.21800541167e-30
0.28801996921  1.40075336044e-30
0.299980275477  1.59109009356e-30
0.312437244967  1.78933074262e-30
0.325411502097  1.99580352531e-30
0.338924527734  2.21085028891e-30
0.352998694759  2.43482707622e-30
0.367657305107  2.66810471507e-30
0.382924628351  2.91106943226e-30
0.398825941877  3.16412349304e-30
0.415387572744  3.42768586711e-30
0.432636941262  3.70219292227e-30
0.450602606401  3.98809914695e-30
0.469314313065  4.28587790263e-30
0.488803041347  4.59602220757e-30
0.509101057818  1.57924205215e-28
0.530241968947  5.13677402473e-28
0.552260776746  8.84203593444e-28
0.575193936719  1.2701162409e-27
0.599079418219  1.67205428226e-27
0.623956767313  2.0906831874e-27
0.649867172259  2.52669606051e-27
0.676853531693  2.98081478758e-27
0.70496052566  3.4537912316e-27
0.734234689588  3.94640847742e-27
0.764724491332  4.45948212821e-27
0.796480411421  4.99386165588e-27
0.829555026638  5.55043180745e-27
0.864003097066  6.13011406994e-27
0.899881656755  6.73386819596e-27
0.937250108145  7.36269379282e-27
0.976170320425  8.01763197746e-27
1.01670673196  1.30621229516e-26
1.05892645697  2.47967311203e-26
1.10289939667  3.70186301808e-26
1.148698355  4.97480553559e-26
1.19639915912  6.30060821559e-26
1.24608078501  7.68146612716e-26
1.29782548821  9.11966549175e-26
1.35171893999  1.06175874684e-25
1.40785036919  1.21777120959e-25
1.46631270998  1.38026223993e-25
1.5272027557  1.5495008666e-25
1.59062131914  1.72576729003e-25
1.65667339944  1.90935334625e-25
1.7254683559  2.10056299004e-25
1.7971200891  2.29971279822e-25
1.87174722945  2.50713249374e-25
1.94947333358  2.72316549164e-25
2.03042708895  4.40633252016e-25
2.11474252688  8.68134444344e-25
2.20255924448  1.3133880349e-24
2.29402263574  1.77713120909e-24
2.3892841323  2.26013176466e-24
2.48850145414  2.76318938289e-24
2.59183887071  3.28713695262e-24
2.6994674729  3.83284194916e-24
2.81156545633  4.40120787059e-24
2.92831841634  4.99317573363e-24
3.04991965532  6.11518809992e-24
3.17657050272  8.0397465138e-24
3.30848064838  1.0044224067e-23
3.44586848972  1.21319394788e-23
3.58896149333  1.43063492812e-23
3.73799657156  1.65710535421e-23
3.89322047476  1.8929801826e-23
4.05489019986  2.1602932557e-23
4.2232734158  2.48255852502e-23
4.39864890674  2.81820616964e-23
4.58130703365  3.16779190555e-23
4.77155021497  3.53189452542e-23
4.96969342739  3.91111685681e-23
5.1760647273  4.26996884212e-23
5.39100579394  4.63724724034e-23
5.61487249513  5.01977722733e-23
5.84803547643  5.41819213999e-23
6.0908807748  5.79740557086e-23
6.34381045777  6.13011205807e-23
6.60724328913  6.4766345022e-23
6.8816154222  6.83754662414e-23
7.16738112202  7.11828461242e-23
7.4650135174  7.34058029588e-23
7.77500538429  7.57210702142e-23
8.09786996163  7.78975433478e-23
8.43414180111  7.96018665492e-23
8.78437765219  8.13769634108e-23
9.14915738387  8.30715754652e-23
9.52908494479  8.46043932097e-23
9.92478936312  8.62008626855e-23
10.3369257881  8.76542950998e-23
10.7661765745  8.9119413884e-23
11.2132524127  9.0517701048e-23
11.6788935051  9.18282525591e-23
12.1638707918  9.30940317146e-23
12.6689872269  9.42099298917e-23
13.1950791077  9.5272816926e-23
13.74301746  9.62042628104e-23
14.3137094794  9.70696057779e-23
14.9081000339  9.78814838362e-23
15.5271732278  9.86352370639e-23
16.1719540317  9.93854936646e-23
16.8435099786  1.0011500489e-22
17.5429529322  1.00804605956e-22
18.2714409272  1.01158844207e-22
19.030180087  1.00926404844e-22
19.8204266202  1.00684313212e-22
20.6434889008  1.00432168492e-22
21.5007296344  1.0016955322e-22
22.3935681139  9.98960325969e-23
23.3234825702  9.96111537665e-23
24.2920126187  9.94895061686e-23
25.3007618091  9.95087389303e-23
26.35140028  9.88509132388e-23
27.445667524  9.80287087986e-23
28.5853752678  9.69646059808e-23
29.772410472  9.58563152698e-23
31.0087384549  9.44262311424e-23
32.2964061465  9.28719589008e-23
33.6375454776  9.1281591376e-23
35.0343769094  8.96683950722e-23
36.48921311  8.84222384751e-23
38.0044627833  8.7101924393e-23
39.5826346568  8.5714914091e-23
41.2263416354  8.40397794189e-23
42.9383051273  8.2213368951e-23
44.72135955  8.03111150315e-23
46.5784570227  7.90632582038e-23
48.5126722543  7.78984222225e-23
50.5272076339  7.66514469209e-23
52.6253985329  7.52534683612e-23
54.8107188272  7.3797437397e-23
57.0867866488  7.16663994813e-23
59.457370376  6.93888114649e-23
61.9263948728  6.82358318986e-23
64.4979479868  6.73926571435e-23
67.1762873173  6.65144687458e-23
69.9658472649  6.559981273e-23
72.8712463726  6.50753271387e-23
75.8972949729  6.45343660229e-23
79.0490031521  6.39709409764e-23
82.331589045  6.36413220221e-23
85.7504874747  6.34072782841e-23
89.3113589503  6.31635156548e-23
93.0200990391  6.26169037646e-23
96.8828481275  6.19780741673e-23
100.906001587  6.1398119465e-23
105.096220365  6.11001170561e-23
109.460442007  6.07897398106e-23
114.005892151  6.04664738513e-23
118.740096485  6.01297839622e-23
123.670893207  5.98759633511e-23
128.806446006  5.96462234806e-23
134.155257575  5.94069434411e-23
139.72618369  5.91577270678e-23
145.52844787  5.90218197955e-23
151.571656651  5.89218019545e-23
157.86581549  5.89218019545e-23
164.421345329  5.89099650924e-23
171.24909985  5.88916857717e-23
178.360383446  5.88726473847e-23
185.766969933  5.87221649959e-23
193.481122048  5.85267448624e-23
201.51561175  5.83486809878e-23
209.883741365  5.82773280691e-23
218.599365612  5.82030121518e-23
227.67691454  5.81256101946e-23
237.131417418  5.80449940466e-23
246.978527622  5.79610302355e-23
257.23454855  5.79430142642e-23
267.916460612  5.79544533454e-23
279.041949347  5.79663674454e-23
290.629434703  5.79787762899e-23
302.698101535  5.80608272934e-23
315.267931366  5.8396334182e-23
328.359735471  5.87457733169e-23
341.995189335  5.9109723248e-23
356.196868537  5.93925627664e-23
370.988286128  5.95576887474e-23
386.393931562  5.97296717435e-23
402.439311242  5.99375308933e-23
419.150990746  6.03209528193e-23
436.556638818  6.07202967096e-23
454.685073167  6.1136223739e-23
473.566308191  6.15694225384e-23
493.231604661  6.20206103347e-23
513.713521483  6.24865862783e-23
535.045969603  6.29698829168e-23
557.26426815  6.34732489132e-23
580.405202916  6.39975176668e-23
604.507087258  6.45099529592e-23
629.60982553  6.48915047143e-23
655.754979155  6.52889007731e-23
682.985835434  6.57027990854e-23
711.347479213  6.60340898898e-23
740.886867531  6.62232938006e-23
771.652907362  6.64203545859e-23
803.696536592  6.66206503108e-23
837.070808348  6.67897422484e-23
871.830978841  6.69658558914e-23
908.03459885  6.71528216564e-23
945.741609003  6.73604735947e-23
985.014439024  6.75767484794e-23
1025.91811109  6.77071440569e-23
1068.52034748  6.77858296761e-23
1112.89168271  6.78677827913e-23
1159.10558033  6.79531390884e-23
1207.23855449  6.80420398879e-23
1257.37029671  6.81346323786e-23
1309.58380774  6.82310698615e-23
1363.96553504  6.83315120037e-23
1420.60551588  6.84361251024e-23
1479.5975264  6.85450823607e-23
1541.03923691  6.85954772823e-23
1605.03237354  6.86152991408e-23
1671.68288673  6.86359441209e-23
1741.10112659  6.86574464038e-23
1813.40202564  6.86798415896e-23
1888.70528906  6.8703166757e-23
1967.13559293  6.87274605245e-23
2048.82279061  6.86973173991e-23
2133.90212774  6.86270501574e-23
2222.51446619  6.85538650008e-23
2314.80651723  6.84776407602e-23
2410.93108447  6.83982512347e-23
2511.04731682  6.83155649828e-23
2615.32097202  6.82294451047e-23
2723.92469106  6.81397490159e-23
2837.03828399  6.80463282107e-23
2954.84902768  6.79490280167e-23
3077.55197581  6.78616180744e-23
3205.3502819  6.77790256595e-23
3338.45553557  6.76930035151e-23
3477.08811294  6.76034092184e-23
3621.47754143  6.75100944323e-23
3771.86287983  6.741290466e-23
3928.49311406  6.73116789889e-23
4091.62756943  6.72062498245e-23
4261.53633998  6.70964426126e-23
4438.50073566  6.69820755506e-23
4622.81374809  6.68629592863e-23
4814.78053566  6.67388966046e-23
5014.71892873  6.66111312072e-23
5222.95995589  6.64970526725e-23
5439.84839201  6.63782369169e-23
5665.74332907  6.62544872228e-23
5901.01877067  6.61255987035e-23
6146.0642513  6.59913579646e-23
6401.28548122  6.58515427498e-23
6667.10501821  6.57059215737e-23
6943.96296717  6.55542533383e-23
7232.31770876  6.54079237626e-23
7532.64665837  6.52584411734e-23
7845.44705649  6.51027511759e-23
8171.23679203  6.49405960016e-23
8510.55525972  6.47717071776e-23
8863.96425316  6.45958050827e-23
9232.048895  6.44125984842e-23
9615.41860565  6.42217840554e-23
10014.7081123  6.4029503214e-23
10430.5784998  6.40050928777e-23
10863.7183051  6.39796688787e-23
11314.8446575  6.39531891237e-23
11784.7044657  6.39256097713e-23
12274.0756543  6.38968851599e-23
12783.7684522  6.38669677313e-23
13314.6267339  6.38358079527e-23
13867.5294163  6.38033542343e-23
14443.3919145  6.37695528441e-23
15043.1676568  6.37343478186e-23
15667.8496638  6.36976808706e-23
16318.4721919  6.36594912923e-23
16996.1124464  6.3619715855e-23
17701.8923642  6.35782887044e-23
18436.9804721  6.35351412515e-23
19202.5938207  6.34902020592e-23
20000  6.34433967237e-23

