3 20 101
101
3  0
3.05745688936  5.74568893637e-44
3.11601421011  1.16014210106e-43
3.17569303801  1.75693038014e-43
3.23651485253  2.36514852527e-43
3.29850154446  2.98501544462e-43
3.3616754239  3.61675423898e-43
3.4260592282  4.260592282e-43
3.49167613021  4.9167613021e-43
3.55854974658  5.58549746579e-43
3.62670414627  6.26704146273e-43
3.69616385924  6.96163859236e-43
3.76695388521  7.66953885213e-43
3.83909970275  8.39099702753e-43
3.91262727838  9.12627278379e-43
3.98756307593  2.76760558607e-29
4.06393406609  2.91154718184e-27
4.1417677361  6.45608011099e-27
4.22109209963  1.00684989856e-26
4.30193570688  1.37501039774e-26
4.38432765487  1.75022201594e-26
4.46829759787  2.13261979829e-26
4.55387575811  2.54771220861e-26
4.64109293664  3.06586509691e-26
4.72998052444  3.59419185633e-26
4.82057051367  4.13263728646e-26
4.91289550923  4.6762554222e-26
5.00698874047  5.25046114407e-26
5.10288407317  6.20316449281e-26
5.20061602171  7.18801569085e-26
5.30021976151  8.191729051e-26
5.40173114165  9.21466582698e-26
5.50518669785  1.02571941913e-25
5.61062366552  1.1319689368e-25
5.71807999326  1.24025337673e-25
5.82759435644  1.35061171235e-25
5.93920617117  1.46308366353e-25
6.05295560847  1.81500760489e-25
6.16888360871  2.45131071946e-25
6.28703189637  3.09980049991e-25
6.40744299507  3.97101975498e-25
6.53016024283  5.43560711165e-25
6.6552278077  6.92824467955e-25
6.78269070364  8.44946968465e-25
6.91259480676  9.99982964203e-25
7.04498687177  1.19917891478e-24
7.17991454885  1.48375218977e-24
7.31742640081  1.77377569649e-24
7.45757192053  2.06935381939e-24
7.60040154878  2.43652266723e-24
7.74596669241  2.86830695307e-24
7.89431974284  3.33387190018e-24
8.04551409486  3.9335173799e-24
8.19960416593  4.81781317795e-24
8.35664541573  5.71904527126e-24
8.51669436609  6.63753802881e-24
8.67980862141  7.57362203194e-24
8.84604688929  8.5276341934e-24
9.01546900177  9.61834776803e-24
9.18813593677  1.16045636934e-23
9.36410984009  1.36561899362e-23
9.54345404778  1.57471095331e-23
9.72623310891  1.78780750419e-23
9.91251280879  2.00498534338e-23
10.1023601927  2.26428244355e-23
10.29584359  2.56161128244e-23
10.4930326387  2.86463465139e-23
10.6939983105  3.17346161373e-23
10.8988129364  3.48820332162e-23
11.1075502328  3.81006382946e-23
11.3202853277  4.1389589904e-23
11.5370947883  4.47442074685e-23
11.7580566479  4.81634399765e-23
11.9832504345  5.16579887048e-23
12.2127571994  5.52316123142e-23
12.4466595458  5.88746951571e-23
12.6850416593  6.25875514025e-23
12.9279893377  6.63715173715e-23
13.175590022  7.02260998976e-23
13.4279328281  7.4149461327e-23
13.6851085784  7.81478942546e-23
13.9472098349  8.22221613229e-23
14.2143309324  8.61754490316e-23
14.4865680123  9.015335876e-23
14.7640190574  9.41284649975e-23
15.0467839273  9.78945764718e-23
15.3349643938  1.01471483572e-22
15.628664178  1.05114277239e-22
15.9279889875  1.08826754244e-22
16.2330465545  1.12367408859e-22
16.5439466745  1.15899234222e-22
16.8608012457  1.19498702151e-22
17.1837243096  1.22944801743e-22
17.5128320918  1.26285245732e-22
17.8482430438  1.29689666894e-22
18.1900778857  1.3301524563e-22
18.5384596499  1.36226746562e-22
18.893513725  1.39398685777e-22
19.2553679009  1.42508274021e-22
19.6241524153  1.45454084607e-22
20  1.4845e-22

