0.1 20 151
151
0.1  0
0.103595335198  3.02318434058e-40
0.107319934748  6.15506229185e-40
0.111178446136  9.39954175346e-40
0.115175683943  1.27606711271e-39
0.119316635847  1.62426443683e-39
0.123606468853  1.98498062189e-39
0.128050535734  2.35866576292e-39
0.132654381717  2.74578613735e-39
0.137423751394  3.14682478687e-39
0.142364595899  3.56228212011e-39
0.147483080324  3.99267653708e-39
0.152785591422  4.43854507602e-39
0.158278745568  4.90044408347e-39
0.163969397019  5.37894990852e-39
0.169864646463  5.87465962192e-39
0.175971849887  6.38819176112e-39
0.182298627744  6.92018710208e-39
0.188852874473  7.47130945879e-39
0.195642768341  8.04224651157e-39
0.202676781654  3.81973114032e-33
0.209963691323  1.42180295851e-32
0.21751258982  2.49901817139e-32
0.225332896521  3.61496288198e-32
0.233434369463  4.77102954553e-32
0.241827117512  5.96866068075e-32
0.250521612986  7.20935066972e-32
0.259528704717  8.49464762256e-32
0.268859631586  9.82615530915e-32
0.278526036554  1.12055351602e-31
0.288539981181  1.26345083407e-31
0.298913960685  1.41148578968e-31
0.309660919525  1.56484309816e-31
0.320794267559  1.72371411592e-31
0.332327896774  1.88829707931e-31
0.344276198619  2.05879735191e-31
0.356654081967  2.23542768083e-31
0.369476991711  2.41840846213e-31
0.382760928042  2.60796801587e-31
0.396522466412  2.80434287096e-31
0.410778778215  3.00777806034e-31
0.425547652214  3.21852742668e-31
0.440847516738  3.43685393918e-31
0.456697462677  3.66303002162e-31
0.473117267301  3.89733789237e-31
0.490127418939  4.14006991646e-31
0.507749142548  3.40651375461e-29
0.526004426187  1.13306647004e-28
0.544916048465  1.95397154342e-28
0.564507606954  2.80439090586e-28
0.584803547643  3.68538569496e-28
0.60582919543  4.5980551998e-28
0.627610785733  5.54353823259e-28
0.650175497219  6.52301454966e-28
0.673551485719  7.5377063235e-28
0.697767919361  8.58887966784e-28
0.722855014966  9.67784621742e-28
0.74884407575  1.08059647647e-27
0.775767530383  1.19746429551e-27
0.803658973457  1.31853390439e-27
0.832553207402  1.44395637153e-27
0.862486285909  1.57388819677e-27
0.893495558925  1.70849150666e-27
0.925619719247  1.84793425673e-27
0.958898850812  1.99239044108e-27
0.993374478709  2.19868118918e-27
1.02908962099  1.26891473337e-26
1.06608884235  2.60674811906e-26
1.10441830974  3.99268109935e-26
1.14412584997  5.4284430159e-26
1.18526100936  6.915825386e-26
1.22787511562  8.45668413798e-26
1.27202134183  1.0052941927e-25
1.31775477286  1.17065905342e-25
1.36513247404  1.34196933518e-25
1.41421356237  1.5194387958e-25
1.46505928036  1.7032888784e-25
1.51773307233  1.89374898773e-25
1.57230066369  2.09105677641e-25
1.62883014287  2.29545844147e-25
1.68739204632  2.50720903154e-25
1.74805944649  2.7265727651e-25
1.81090804305  2.95382336018e-25
1.87601625732  3.1892443759e-25
1.94346533014  3.43312956627e-25
2.01333942322  4.23694492523e-25
2.08572572415  7.40321102601e-25
2.16071455525  1.06972341611e-24
2.23839948618  1.41096884695e-24
2.31887745078  1.76448319487e-24
2.40224886796  2.13070756857e-24
2.48861776706  2.51009893608e-24
2.57809191758  2.90313069497e-24
2.67078296373  3.31029326302e-24
2.76680656368  3.73209469019e-24
2.86628253393  4.16906129254e-24
2.96933499874  4.62173830895e-24
3.0760925451  5.80613361593e-24
3.18668838309  7.33179877726e-24
3.30126051218  8.91231671513e-24
3.41995189335  1.05496595707e-23
3.54291062753  1.22458703903e-23
3.67029014035  1.40030656746e-23
3.80224937364  1.58234380194e-23
3.93895298368  1.77092588518e-23
4.08057154674  2.01389011854e-23
4.22728177184  2.30295327505e-23
4.3792667213  2.60240922097e-23
4.53671603914  2.91263161192e-23
4.69982618773  3.23400753768e-23
4.8688006929  3.56693800522e-23
5.04385039793  3.90465945946e-23
5.22519372662  4.23228872333e-23
5.41305695583  4.57169389289e-23
5.60767449785  4.92330181597e-23
5.80928919286  5.28755122247e-23
6.01815261197  5.65047899488e-23
6.23452537109  5.91632933299e-23
6.45867745619  6.18798596948e-23
6.69088856009  6.46940957263e-23
6.93144843155  6.76095129765e-23
7.18065723674  6.98598043654e-23
7.43882593382  7.18883365041e-23
7.70627666093  7.39898011729e-23
7.98334313818  7.61375195056e-23
8.270371084  7.7684974032e-23
8.56771864659  7.92106643756e-23
8.87575685075  8.07912084012e-23
9.19487006089  8.23177556788e-23
9.5254564606  8.38259900102e-23
9.8679285495  8.53884504214e-23
10.2227136579  8.69102305789e-23
10.5902544803  8.84272222445e-23
10.9710096272  8.99909438934e-23
11.3654541979  9.1398669146e-23
11.774080373  9.28301683629e-23
12.1973980289  9.41810557538e-23
12.6359353735  9.54239144421e-23
13.0902396056  9.66647692138e-23
13.5608775976  9.77605300343e-23
14.0484366031  9.8876178587e-23
14.553524989  9.99001651253e-23
15.0767729955  1.00938990929e-22
15.6188335217  1.0191775684e-22
16.1803829408  1.02883330878e-22
16.7621219439  1.03780954159e-22
17.364776414  1.04585731697e-22
17.9890983325  1.05321050344e-22
18.6358667167  1.0586305204e-22
19.3058885922  1.06295038089e-22
20  1.06606e-22

