0.5 20 151
151
0.5  0
0.512448710082  5.33213109214e-37
0.52520736093  1.07970184925e-36
0.538283669269  1.63979674905e-36
0.55168554395  2.21383656691e-36
0.565421090737  2.80216849531e-36
0.579498617203  3.40514837092e-36
0.59392663776  4.02314088985e-36
0.608713878807  4.65651982818e-36
0.623869284008  5.30566826806e-36
0.6394020197  5.9709788294e-36
0.655321480438  6.65285390732e-36
0.67163729468  7.35170591556e-36
0.688359330604  8.06795753588e-36
0.705497702082  8.80204197374e-36
0.723062774796  9.55440322028e-36
0.741065172505  1.03254963209e-35
0.759515783475  1.11157876504e-35
0.778425767058  1.19257551952e-35
0.797806560447  1.27558888423e-35
0.817669885593  1.36066906756e-35
0.83802775629  1.44786752796e-35
0.858892485448  1.53723700507e-35
0.880276692535  1.6288315516e-35
0.90219331121  1.72270656604e-35
0.924655597149  1.81891882615e-35
0.947677136058  1.91752652334e-35
0.971271851895  2.01858929779e-35
0.995454015286  2.30724472536e-33
1.02023825216  3.95209285232e-31
1.04563955259  8.91214854504e-31
1.07167327987  1.39956968284e-30
1.0983551798  1.92058123493e-30
1.1257013902  2.45456463054e-30
1.15372845069  3.00184283511e-30
1.18245331269  3.56274685509e-30
1.21189334964  4.13761593813e-30
1.24206636756  4.72679777826e-30
1.27299061578  5.33064872622e-30
1.30468479801  5.94953400496e-30
1.33716808361  6.58382793051e-30
1.37046011922  7.23391413843e-30
1.40458104063  7.90018581581e-30
1.43955148495  8.58304593909e-30
1.47539260312  9.28290751778e-30
1.51212607267  1.00001938442e-29
1.54977411084  1.07353387498e-29
1.58835948804  1.14887868669e-29
1.62790554158  1.22609938983e-29
1.66843618984  1.30524268927e-29
1.70997594668  1.38635645268e-29
1.75254993629  1.46948973955e-29
1.79618390842  1.55469283079e-29
1.84090425388  1.64201725919e-29
1.88673802057  1.73151584057e-29
1.93371292981  1.82324270574e-29
1.9818573931  1.91725333321e-29
2.03120052932  2.4370145499e-28
2.08177218234  6.07056920881e-28
2.13360293905  9.79459000476e-28
2.18672414789  1.36113293112e-27
2.24116793778  1.75230955797e-27
2.29696723759  2.15322547367e-27
2.35415579601  2.56412316137e-27
2.41276820199  2.98525114144e-27
2.47283990568  3.41686412178e-27
2.53440723981  3.85922315184e-27
2.59750744173  4.31259578053e-27
2.66217867588  4.77725621805e-27
2.72846005693  5.25348550172e-27
2.79639167337  5.74157166595e-27
2.86601461181  6.2418099165e-27
2.9373709818  6.75450280895e-27
3.01050394131  9.59931218574e-27
3.08545772284  2.51435623894e-26
3.16227766017  4.12694123512e-26
3.24101021575  5.7796754375e-26
3.32170300885  7.47355845774e-26
3.40440484432  9.20961479524e-26
3.48916574214  1.09888944568e-25
3.57603696765  1.28124735917e-25
3.66507106256  1.46814551425e-25
3.75632187674  1.65969695123e-25
3.84984460077  1.85601752481e-25
3.94569579937  2.05722597421e-25
4.04393344553  2.9244887983e-25
4.14461695564  4.65077604394e-25
4.2478072254  6.42004338847e-25
4.35356666667  8.23336092545e-25
4.46195924519  1.0091825391e-24
4.57305051927  1.19965608273e-24
4.68690767949  1.3948719262e-24
4.80359958925  1.59494814055e-24
4.92319682653  1.80000573647e-24
5.04577172647  2.2027400944e-24
5.1713984252  2.9466737664e-24
5.30015290463  3.70912946761e-24
5.43211303844  4.49056834876e-24
5.56735863914  5.29146304207e-24
5.70597150638  6.11229794707e-24
5.84803547643  6.95356952359e-24
5.99363647282  7.84497124596e-24
6.1428625584  9.34024493112e-24
6.29580398853  1.09319109827e-23
6.4525532657  1.25632054128e-23
6.6132051955  1.42351148657e-23
6.77785694388  1.59486505507e-23
6.94660809603  1.77048488536e-23
7.11956071652  1.97472255538e-23
7.29681941106  2.19514196946e-23
7.47849138981  2.42104925831e-23
7.66468653214  2.65258105585e-23
7.85551745316  2.88987739783e-23
8.0510995718  3.13751469439e-23
8.25155118063  3.40416344251e-23
8.45699351738  3.67745105656e-23
8.66755083831  3.95754282715e-23
8.88335049333  4.24460816025e-23
9.10452300303  4.54051813312e-23
9.33120213764  4.84573705429e-23
9.5635249979  5.15855513917e-23
9.80163209803  5.47916158735e-23
10.0456674507  5.80555225627e-23
10.295778654  6.13065127676e-23
10.5521169811  6.46378625958e-23
10.8148374712  6.80521544404e-23
11.0840990237  7.14654604098e-23
11.3600644943  7.47697026151e-23
11.6429007931  7.81562119269e-23
11.9327789861  8.16266840486e-23
12.2298743982  8.47832392445e-23
12.5343667197  8.78978303021e-23
12.8464401144  9.1089966642e-23
13.1662833315  9.4013464787e-23
13.4940898196  9.66802689098e-23
13.8300578436  9.94134695752e-23
14.1743906047  1.01914192557e-22
14.5272963631  1.0417702428e-22
14.8889885645  1.06496194676e-22
15.2596859686  1.08598358676e-22
15.6396127818  1.10632486834e-22
16.0289987924  1.12693112047e-22
16.4280795102  1.14606507741e-22
16.8370963082  1.16559971968e-22
17.2562965694  1.18455965636e-22
17.6859338356  1.20330043391e-22
18.1262679613  1.22197369499e-22
18.5775652707  1.23975029601e-22
19.0400987189  1.25772523736e-22
19.5141480567  1.27428749385e-22
20  1.2912e-22

