0.02 20 201
201
0.02  0
0.0207028433336  1.45066629771e-35
0.0214303861048  2.95231215225e-35
0.0221834963052  4.50672909571e-35
0.0229630724299  6.11577161848e-35
0.0237700445487  7.78135938179e-35
0.0246053754162  9.50547950788e-35
0.0254700616203  1.12901889508e-34
0.0263651347711  1.31376169505e-34
0.0272916627318  1.50499675728e-34
0.0282507508925  1.70295223395e-34
0.0292435434891  1.90786429498e-34
0.0302712249687  2.1199774098e-34
0.0313350214022  2.33954463907e-34
0.0324362019472  2.5668279365e-34
0.0335760803625  2.80209846145e-34
0.034756016575  3.04563690241e-34
0.0359774183026  3.29773381185e-34
0.0372417427333  3.5586899529e-34
0.0385504982638  3.82881665815e-34
0.0399052462994  4.10843620111e-34
0.0413076031162  4.39788218065e-34
0.04275924179  4.69749991905e-34
0.0442618941921  5.00764687395e-34
0.0458173530554  5.32869306484e-34
0.0474274741132  5.66102151448e-34
0.0490941783137  6.00502870589e-34
0.050819454111  1.61296151691e-31
0.0526053598379  5.11473039142e-31
0.0544540261616  8.7395590114e-31
0.0563676586253  1.24917719629e-30
0.05834854028  1.63758458074e-30
0.060399034408  2.03964144223e-30
0.0625215873425  2.45582745297e-30
0.0647187313859  2.88663914186e-30
0.0669930878316  3.33259048693e-30
0.0693473700905  3.7942135285e-30
0.071784386929  4.27205900394e-30
0.0743070458194  4.76669700472e-30
0.0769183564091  5.27871765658e-30
0.0796214341107  5.80873182352e-30
0.0824195038195  6.35737183666e-30
0.0853159037603  6.92529224859e-30
0.0883140894707  7.5131706143e-30
0.091417637923  8.12170829952e-30
0.0946302517923  8.75163131751e-30
0.0979557638737  9.40369119519e-30
0.101398141655  1.08206939774e-28
0.10496149205  3.58998622124e-28
0.108650066298  6.18603667578e-28
0.112468265038  8.8733179681e-28
0.116420643554  1.16550361475e-27
0.120511917215  1.45345099308e-27
0.124746967096  1.75151746618e-27
0.129130845807  2.06005864096e-27
0.133668783514  2.37944262112e-27
0.138366194184  2.71005044636e-27
0.143228682043  3.05227654689e-27
0.14826204826  3.40652921409e-27
0.153472297872  3.77323108757e-27
0.158865646945  4.1528196594e-27
0.164448529989  4.5457477961e-27
0.17022760764  4.95248427887e-27
0.176209774602  5.37351436291e-27
0.182402167871  5.80934035634e-27
0.188812175257  6.26048221948e-27
0.195447444191  6.72747818517e-27
0.202315890852  1.74166909996e-26
0.20942570961  4.92490585198e-26
0.216785382804  8.22000844051e-26
0.22440369086  1.16309080734e-25
0.232289722768  1.51616741098e-25
0.240452886923  1.88165189147e-25
0.248902922354  2.2599802885e-25
0.257649910339  2.65160396511e-25
0.266704286433  3.05699014624e-25
0.276076852921  3.47662247611e-25
0.285778791702  3.91100159527e-25
0.295821677634  4.36064573784e-25
0.306217492336  4.82609134981e-25
0.316978638492  5.30789372905e-25
0.32811795464  5.80662768782e-25
0.339648730492  6.32288823849e-25
0.351584722792  6.85729130348e-25
0.363940171722  7.41047445006e-25
0.376729817898  7.98309765097e-25
0.389968919952  8.57584407186e-25
0.403673272736  9.18942088627e-25
0.417859226171  9.82456011937e-25
0.432543704745  1.04820195213e-24
0.447744227714  1.1162583471e-24
0.463478929994  1.18670639126e-24
0.479766583804  1.25963013232e-24
0.496626621059  1.33570447506e-24
0.514079156554  1.54990721165e-24
0.53214501196  1.80613849073e-24
0.550845740668  2.07137429212e-24
0.570203653501  2.34593105426e-24
0.590241845333  2.63013633589e-24
0.610984222643  2.92432920691e-24
0.632455532034  3.22886065283e-24
0.654681389758  3.54409399358e-24
0.677688312278  3.87040531694e-24
0.701503747905  4.20818392721e-24
0.72615610954  4.55783280971e-24
0.751674808577  4.91976911151e-24
0.778090289989  5.29442463916e-24
0.805434068651  5.68224637381e-24
0.833738766941  6.0836970045e-24
0.863038153656  6.49925548016e-24
0.893367184302  6.92941758105e-24
0.924762042799  7.37469651018e-24
0.957260184645  7.83562350566e-24
0.99090038161  8.31274847444e-24
1.02572276798  8.76120935281e-24
1.06176888846  9.20879367034e-24
1.09908174772  9.67210707056e-24
1.13770586169  1.01517023075e-23
1.17768731071  1.06481515602e-23
1.21907379448  1.11620471153e-23
1.26191468896  1.16940020737e-23
1.30626110529  1.22446510818e-23
1.35216595078  1.28146510892e-23
1.399683992  1.34046821319e-23
1.44887192015  1.40154481438e-23
1.49978841866  1.46476777967e-23
1.55249423326  1.53021253694e-23
1.60705224437  1.59795716478e-23
1.66352754221  1.66808248563e-23
1.72198750437  1.74067216219e-23
1.78250187627  1.81581279726e-23
1.84514285431  1.89359403705e-23
1.90998517204  1.97410867814e-23
1.97710618931  2.05745277816e-23
2.04658598456  2.14281226587e-23
2.11850745035  2.23070677e-23
2.19295639229  2.32169007745e-23
2.27002163134  2.41587073545e-23
2.34979510988  2.51336110583e-23
2.43237200129  2.61427749906e-23
2.51785082359  2.718740313e-23
2.6063335569  2.82687417656e-23
2.69792576518  2.93880809837e-23
2.79273672211  3.05467562073e-23
2.89087954149  3.17461497886e-23
2.99247131219  3.29987372729e-23
3.09763323782  3.45893148866e-23
3.20649078138  3.62724811108e-23
3.31917381488  3.8014797443e-23
3.43581677432  3.98183425461e-23
3.55655882008  4.16852681319e-23
3.68154400294  4.36178015278e-23
3.81092143593  4.56182483344e-23
3.94484547223  4.76889951762e-23
4.08347588934  4.95031918175e-23
4.22697807967  5.11559065436e-23
4.3755232479  5.28667012461e-23
4.52928861519  5.46376169811e-23
4.68845763064  5.64707665321e-23
4.85322019016  5.83683369301e-23
5.02377286302  6.02003081955e-23
5.20031912633  6.13544460804e-23
5.38306960785  6.25364597473e-23
5.57224233726  6.37600119356e-23
5.76806300625  6.50265623988e-23
5.97076523784  6.63317186135e-23
6.18059086503  6.72939665432e-23
6.39779021938  6.82167575482e-23
6.62262242965  6.91719774284e-23
6.85535573093  7.01607658049e-23
7.09626778467  7.11164451112e-23
7.34564600996  7.2000169222e-23
7.60378792641  7.29149493127e-23
7.87100150912  7.38618767579e-23
8.14760555608  7.47589483599e-23
8.43393006857  7.56123385694e-23
8.7303166448  7.64957187598e-23
9.0371188875  7.73788366275e-23
9.35470282574  7.80978715732e-23
9.68344735168  7.88378064647e-23
10.0237446725  7.95567334457e-23
10.3760007786  7.9901375687e-23
10.7406359274  8.02418391718e-23
11.1180851454  8.04978602067e-23
11.5087987467  8.0543687005e-23
11.9132428706  8.05906479131e-23
12.3319000372  8.04541355235e-23
12.7652697238  8.02619794045e-23
13.2138689602  7.99946987352e-23
13.6782329456  7.96403472215e-23
14.1589156877  7.92519749908e-23
14.6564906628  7.88047496274e-23
15.1715515006  7.83371604656e-23
15.7047126922  7.78435065183e-23
16.2566103233  7.7345488984e-23
16.8279028329  7.68454366504e-23
17.4192717991  7.63242475839e-23
18.0314227521  7.57850205414e-23
18.6650860159  7.52440141714e-23
19.3210175798  7.46899687945e-23
20  7.4122e-23

