0.5 20 151
151
0.5  0
0.512448710082  5.13581493414e-37
0.52520736093  1.03994984106e-36
0.538283669269  1.57942340262e-36
0.55168554395  2.1323284641e-36
0.565421090737  2.69899943522e-36
0.579498617203  3.27977905159e-36
0.59392663776  3.8750185821e-36
0.608713878807  4.4850780413e-36
0.623869284008  5.11032640718e-36
0.6394020197  5.75114184433e-36
0.655321480438  6.40791193267e-36
0.67163729468  7.08103390185e-36
0.688359330604  7.77091487152e-36
0.705497702082  8.47797209756e-36
0.723062774796  9.20263322443e-36
0.741065172505  9.94533654385e-36
0.759515783475  1.07065312599e-35
0.778425767058  1.14866777606e-35
0.797806560447  1.22862478965e-35
0.817669885593  1.3105725266e-35
0.83802775629  1.3945605508e-35
0.858892485448  1.48063966012e-35
0.880276692535  1.56886191719e-35
0.90219331121  1.65928068086e-35
0.924655597149  1.75195063848e-35
0.947677136058  1.84692783898e-35
0.971271851895  1.94426972674e-35
0.995454015286  2.17797776761e-33
1.02023825216  3.72997030945e-31
1.04563955259  8.41124693022e-31
1.07167327987  1.32090752619e-30
1.0983551798  1.81263571415e-30
1.1257013902  2.31660666541e-30
1.15372845069  2.83312519319e-30
1.18245331269  3.36250369978e-30
1.21189334964  3.90506236547e-30
1.24206636756  4.46112934223e-30
1.27299061578  5.03104095215e-30
1.30468479801  5.61514189088e-30
1.33716808361  6.2137854361e-30
1.37046011922  6.82733366119e-30
1.40458104063  7.45615765424e-30
1.43955148495  8.10063774245e-30
1.47539260312  8.7611637222e-30
1.51212607267  9.4381350948e-30
1.54977411084  1.01319613081e-29
1.58835948804  1.08430620042e-29
1.62790554158  1.1571867273e-29
1.66843618984  1.23188179129e-29
1.70997594668  1.30843656967e-29
1.75254993629  1.38689736453e-29
1.79618390842  1.46731163077e-29
1.84090425388  1.54972800478e-29
1.88673802057  1.63419633388e-29
1.93371292981  1.72076770647e-29
1.9818573931  1.80949448289e-29
2.03120052932  1.97254531631e-28
2.08177218234  4.87104984866e-28
2.13360293905  7.8417196662e-28
2.18672414789  1.08863514984e-27
2.24116793778  1.40067868085e-27
2.29696723759  1.72049129076e-27
2.35415579601  2.0482664096e-27
2.41276820199  2.38420228329e-27
2.47283990568  2.72850209358e-27
2.53440723981  3.0813740809e-27
2.59750744173  3.44303167036e-27
2.66217867588  3.81369360078e-27
2.72846005693  4.19358405702e-27
2.79639167337  4.58293280556e-27
2.86601461181  4.98197533349e-27
2.9373709818  5.3909529909e-27
3.01050394131  6.90288909967e-27
3.08545772284  1.4402512129e-26
3.16227766017  2.2180537697e-26
3.24101021575  3.01522160357e-26
3.32170300885  3.83223685994e-26
3.40440484432  4.66959368842e-26
3.48916574214  5.52779854169e-26
3.57603696765  6.40737048179e-26
3.66507106256  7.30884149404e-26
3.75632187674  8.23275680884e-26
3.84984460077  9.17967523144e-26
3.94569579937  1.01501694799e-25
4.04393344553  1.35575938508e-25
4.14461695564  2.01064218774e-25
4.2478072254  2.6818298827e-25
4.35356666667  3.36972841971e-25
4.46195924519  4.07475385563e-25
4.57305051927  4.79733260605e-25
4.68690767949  5.53790170322e-25
4.80359958925  6.29690906036e-25
4.92319682653  7.07481374258e-25
5.04577172647  1.01102302948e-24
5.1713984252  1.70702421146e-24
5.30015290463  2.4203540273e-24
5.43211303844  3.15144391529e-24
5.56735863914  3.90073605539e-24
5.70597150638  4.66868363673e-24
5.84803547643  5.45575113166e-24
5.99363647282  6.30075526394e-24
6.1428625584  7.93096477102e-24
6.29580398853  9.67948755337e-24
6.4525532657  1.14715440421e-23
6.6132051955  1.33082181142e-23
6.77785694388  1.51906206323e-23
6.94660809603  1.71198901169e-23
7.11956071652  1.92619803832e-23
7.29681941106  2.15328237932e-23
7.47849138981  2.38602053457e-23
7.66468653214  2.62455326945e-23
7.85551745316  2.86902485406e-23
8.0510995718  3.12170378267e-23
8.25155118063  3.38681907598e-23
8.45699351738  3.65853505615e-23
8.66755083831  3.93701606324e-23
8.88335049333  4.22243052897e-23
9.10452300303  4.51447445369e-23
9.33120213764  4.81324435347e-23
9.5635249979  5.11945285298e-23
9.80163209803  5.43328515416e-23
10.0456674507  5.75261530717e-23
10.295778654  6.06997367386e-23
10.5521169811  6.39517216573e-23
10.8148374712  6.72846726109e-23
11.0840990237  7.06268598519e-23
11.3600644943  7.38858492393e-23
11.6429007931  7.72259790549e-23
11.9327789861  8.06489530145e-23
12.2298743982  8.37977801245e-23
12.5343667197  8.69167832759e-23
12.8464401144  9.01134415593e-23
13.1662833315  9.30549284469e-23
13.4940898196  9.57528086247e-23
13.8300578436  9.85178590588e-23
14.1743906047  1.01044894407e-22
14.5272963631  1.03328371118e-22
14.8889885645  1.05668700507e-22
15.2596859686  1.07774242445e-22
15.6396127818  1.0980381148e-22
16.0289987924  1.118580094e-22
16.4280795102  1.13750391447e-22
16.8370963082  1.15681768768e-22
17.2562965694  1.17556919697e-22
17.6859338356  1.194108045e-22
18.1262679613  1.21260970408e-22
18.5775652707  1.23030055861e-22
19.0400987189  1.24820361759e-22
19.5141480567  1.26481405014e-22
20  1.28178e-22

