0.5 20 151
151
0.5  0
0.512448710082  3.98647532708e-43
0.52520736093  8.07220360536e-43
0.538283669269  1.22596559773e-42
0.55168554395  1.65513651103e-42
0.565421090737  2.09499267288e-42
0.579498617203  2.54580011841e-42
0.59392663776  3.00783150632e-42
0.608713878807  3.48136628382e-42
0.623869284008  3.96669085565e-42
0.6394020197  4.46409875725e-42
0.655321480438  4.97389083238e-42
0.67163729468  5.49637541499e-42
0.688359330604  6.03186851579e-42
0.705497702082  6.58069401331e-42
0.723062774796  7.14318384985e-42
0.741065172505  7.71967823218e-42
0.759515783475  8.31052583737e-42
0.778425767058  8.91608402364e-42
0.797806560447  9.53671904651e-42
0.817669885593  1.01728062803e-41
0.83802775629  1.08247304452e-41
0.858892485448  1.149288584e-41
0.880276692535  1.21776765804e-41
0.90219331121  1.28795168435e-41
0.924655597149  1.35988311186e-41
0.947677136058  1.43360544634e-41
0.971271851895  1.50916327676e-41
0.995454015286  4.2599433778e-37
1.02023825216  7.36393247592e-35
1.04563955259  1.6606500413e-34
1.07167327987  2.60791844475e-34
1.0983551798  3.57877138765e-34
1.1257013902  4.57379606418e-34
1.15372845069  5.59359428816e-34
1.18245331269  6.638782857e-34
1.21189334964  7.7099939248e-34
1.24206636756  8.80787538463e-34
1.27299061578  9.93309126046e-34
1.30468479801  1.10863221087e-33
1.33716808361  1.226826543e-33
1.37046011922  1.34796360907e-33
1.40458104063  1.47211667557e-33
1.43955148495  1.59936083314e-33
1.47539260312  1.72977304196e-33
1.51212607267  1.86343217834e-33
1.54977411084  2.00041908239e-33
1.58835948804  2.14081660695e-33
1.62790554158  2.28470966767e-33
1.66843618984  2.43218529439e-33
1.70997594668  2.58333268374e-33
1.75254993629  2.73824325315e-33
1.79618390842  2.8970106961e-33
1.84090425388  3.05973103879e-33
1.88673802057  3.22650269821e-33
1.93371292981  3.39742654172e-33
1.9818573931  3.57260594797e-33
2.03120052932  4.48544482937e-31
2.08177218234  1.16967407322e-30
2.13360293905  1.90875792991e-30
2.18672414789  2.66624306792e-30
2.24116793778  3.44258763167e-30
2.29696723759  4.23826117222e-30
2.35415579601  5.05374493123e-30
2.41276820199  5.88953213202e-30
2.47283990568  6.74612827791e-30
2.53440723981  7.62405145796e-30
2.59750744173  8.5238326603e-30
2.66217867588  9.44601609329e-30
2.72846005693  1.03911595147e-29
2.79639167337  1.13598345689e-29
2.86601461181  1.2352627133e-29
2.9373709818  1.33701376707e-29
3.01050394131  3.39054191114e-29
3.08545772284  1.61086130997e-28
3.16227766017  2.93068683094e-28
3.24101021575  4.28337260245e-28
3.32170300885  5.66973675996e-28
3.40440484432  7.0906178084e-28
3.48916574214  8.54687512932e-28
3.57603696765  1.00393895006e-27
3.66507106256  1.15690636293e-27
3.75632187674  1.31368226975e-27
3.84984460077  1.4743614922e-27
3.94569579937  1.63904121275e-27
4.04393344553  3.49541816507e-27
4.14461695564  7.53591387694e-27
4.2478072254  1.16770075082e-26
4.35356666667  1.59212036876e-26
4.46195924519  2.02710694025e-26
4.57305051927  2.47292355518e-26
4.68690767949  2.92983985368e-26
4.80359958925  3.39813218925e-26
4.92319682653  3.87808379586e-26
5.04577172647  5.85799330299e-26
5.1713984252  1.04461818447e-25
5.30015290463  1.51486044442e-25
5.43211303844  1.99681052351e-25
5.56735863914  2.49075991621e-25
5.70597150638  2.99700737448e-25
5.84803547643  3.51585908842e-25
5.99363647282  4.13963179722e-25
6.1428625584  6.61264206613e-25
6.29580398853  9.33373469681e-25
6.4525532657  1.2122575514e-24
6.6132051955  1.49808512729e-24
6.77785694388  1.79102907242e-24
6.94660809603  2.09126656604e-24
7.11956071652  2.81555001684e-24
7.29681941106  3.74852474404e-24
7.47849138981  4.70472813503e-24
7.66468653214  5.6847385236e-24
7.85551745316  6.68914864259e-24
8.0510995718  7.95167395074e-24
8.25155118063  9.92114889281e-24
8.45699351738  1.193965868e-23
8.66755083831  1.40084241535e-23
8.88335049333  1.61286965502e-23
9.10452300303  1.86007161027e-23
9.33120213764  2.14762315968e-23
9.5635249979  2.44233400084e-23
9.80163209803  2.74438238163e-23
10.0456674507  3.05814420622e-23
10.295778654  3.39768445438e-23
10.5521169811  3.74578933916e-23
10.8148374712  4.10256113752e-23
11.0840990237  4.47041734568e-23
11.3600644943  4.85240047104e-23
11.6429007931  5.24389399077e-23
11.9327789861  5.64513247846e-23
12.2298743982  6.05385041986e-23
12.5343667197  6.47198841045e-23
12.8464401144  6.90053695828e-23
13.1662833315  7.32895681981e-23
13.4940898196  7.75782277014e-23
13.8300578436  8.19736637624e-23
14.1743906047  8.62789116604e-23
14.5272963631  9.04919747152e-23
14.8889885645  9.4809932171e-23
15.2596859686  9.88480947804e-23
15.6396127818  1.02817110413e-22
16.0289987924  1.06820406583e-22
16.4280795102  1.103927638e-22
16.8370963082  1.14033831336e-22
17.2562965694  1.17438773935e-22
17.6859338356  1.20715617364e-22
18.1262679613  1.23959141896e-22
18.5775652707  1.26990505923e-22
19.0400987189  1.30060812078e-22
19.5141480567  1.32929341078e-22
20  1.3586e-22

