1 20000 251
251
1  0
1.04040904696  2.07823324425e-38
1.082450985  4.24044591327e-38
1.12619179768  6.49003153556e-38
1.17170013492  8.8305207689e-38
1.21904742069  1.12655869416e-37
1.26830796516  1.37990518176e-37
1.31955908129  1.64348915947e-37
1.37288120617  1.91772431452e-37
1.4283580273  2.20304105083e-37
1.4860766139  2.49988716453e-37
1.54612755358  2.80872854679e-37
1.6086050945  3.13004991496e-37
1.6736072933  3.46435557338e-37
1.74123616901  3.81217020486e-37
1.81159786313  4.17403969411e-37
1.88480280626  4.55053198455e-37
1.96096589137  4.94223796963e-37
2.04020665416  8.56871230298e-34
2.12264946065  2.61281114273e-33
2.20842370239  4.43970691354e-33
2.29766399949  6.34042580134e-33
2.39051041194  8.31795092794e-33
2.48710865943  1.03753859602e-32
2.58761035005  1.25159599814e-32
2.6921732182  1.47430325587e-32
2.8009613722  1.70600990163e-32
2.91414555182  1.94707959213e-32
3.03190339627  4.16744249147e-31
3.15441972299  1.93534276847e-30
3.28188681771  3.51530640668e-30
3.41450473624  5.15911486974e-30
3.55248161847  6.86934806617e-30
3.69603401502  8.64869015616e-30
3.8453872271  1.04999337642e-29
4.00077566014  1.30759484322e-29
4.16244319166  1.50549065712e-28
4.33064355406  2.93577340643e-28
4.50564073281  4.42385251853e-28
4.68770938077  5.97206348935e-28
4.87713524927  7.58283618999e-28
5.07421563659  2.07232291793e-27
5.27925985453  5.4141210743e-27
5.49258971391  8.89095810929e-27
5.71454002959  1.25082908153e-26
5.945459146  1.62717964885e-26
6.18570948383  4.20560219967e-26
6.43566810884  7.55642754646e-26
6.69572732367  1.1042656552e-25
6.96629528353  1.46697607492e-25
7.24779663678  2.62372044512e-25
7.54067319143  3.93750052932e-25
7.84538460853  5.30436921465e-25
8.1624091236  7.4553767379e-25
8.49224429718  1.04152714087e-24
8.83540779578  1.34947726023e-24
9.19243820431  1.93498268796e-24
9.56389587139  2.78006002429e-24
9.95036378878  3.65928613038e-24
10.3524485064  5.88234775608e-24
10.7707810842  8.38693878458e-24
11.2060180829  1.20640624711e-23
11.6588425938  1.71299139719e-23
12.1299653117  2.28668341597e-23
12.6201256496  3.01092423468e-23
13.1300928996  3.77061073766e-23
13.6606674402  4.57976980765e-23
14.2126819923  5.39154214401e-23
14.7870029263  6.1861789059e-23
15.384531622  6.95022868558e-23
16.0062058827  7.70839557091e-23
16.6530014079  8.43270048463e-23
17.3259333238  9.16929143972e-23
18.0260577771  9.91811256033e-23
18.7544735924  1.07315300453e-22
19.5123239965  1.15778169557e-22
20.3007984131  1.24583015135e-22
21.1211343295  1.33743656132e-22
21.9746192385  1.43274469902e-22
22.8625926593  1.53190414772e-22
23.7864482397  1.63507053524e-22
24.7476359436  1.69760473515e-22
25.7476643266  1.74570351312e-22
26.7881029035  1.79446466093e-22
27.8705846117  1.85321652737e-22
28.996808374  1.91637350212e-22
30.1685417653  1.97830196015e-22
31.3876237862  2.01932055787e-22
32.6559677498  2.06199667803e-22
33.9755642841  2.10639729953e-22
35.3484844568  2.133804865e-22
36.7768830251  2.10485956751e-22
38.2630018183  2.07474461813e-22
39.8091732557  2.04341275235e-22
41.4178240072  2.03386066385e-22
43.0914788025  2.02714969707e-22
44.832764393  2.02016754653e-22
46.6444136747  2.01063086098e-22
48.5292699773  2.00046836788e-22
50.4902915267  1.99464917029e-22
52.5305560881  2.00343153068e-22
54.6532657959  2.01256877789e-22
56.8617521799  1.99499744175e-22
59.159481394  1.97146928913e-22
61.5500596558  1.95933362609e-22
64.0372389068  1.95367114664e-22
66.624922701  1.94777985178e-22
69.3171723311  1.94165049532e-22
72.118213203  1.93533325579e-22
75.032441467  1.92878079822e-22
78.0644309178  1.92196356207e-22
81.2189401726  1.9141114514e-22
84.5009201401  1.90468746255e-22
87.9155217902  1.8948826593e-22
91.4681042388  1.88778308944e-22
95.1642431583  1.88497813001e-22
99.009739529  1.88205982484e-22
103.010628743  1.88016596036e-22
107.173190077  1.87858649921e-22
111.503956548  1.87694321354e-22
116.009725165  1.87523352426e-22
120.697567597  1.87335102555e-22
125.574841273  1.87077516062e-22
130.649200932  1.86809520744e-22
135.928610627  1.8653069599e-22
141.421356237  1.86263744866e-22
147.136058463  1.86054970082e-22
153.081686359  1.85854347799e-22
159.267571411  1.85661658294e-22
165.703422184  1.85264145347e-22
172.399339552  1.84824243468e-22
179.36583256  1.84366565574e-22
186.613834911  1.83890393353e-22
194.154722129  1.83394979465e-22
202.000329413  1.82905829515e-22
210.162970211  1.82476820515e-22
218.655455543  1.8203047567e-22
227.491114114  1.81566094455e-22
236.683813228  1.81082948037e-22
246.247980551  1.80580278134e-22
256.198626761  1.80584590736e-22
266.551369101  1.80921145814e-22
277.322455892  1.81271300762e-22
288.528792035  1.81635605137e-22
300.187965542  1.82016972746e-22
312.318275138  1.82562457395e-22
324.938758985  1.83129984558e-22
338.069224556  1.83720444953e-22
351.730279727  1.84313206096e-22
365.943365117  1.84775256238e-22
380.730787743  1.85255977385e-22
396.115756024  1.85756124016e-22
412.122416211  1.86041677415e-22
428.775890281  1.8626049417e-22
446.102315367  1.864881531e-22
464.128884777  1.86725011512e-22
482.883890678  1.86971441145e-22
502.396768493  1.87324271923e-22
522.698143103  1.88407923463e-22
543.819876914  1.89535364329e-22
565.795119858  1.90708364006e-22
588.658361426  1.91928763482e-22
612.445484796  1.92822445159e-22
637.193823152  1.93395711333e-22
662.942218274  1.93992142648e-22
689.731081504  1.94612675183e-22
717.602457167  1.9534651005e-22
746.600088557  1.96163548307e-22
776.769486596  1.97013602302e-22
808.158001257  1.97913483714e-22
840.814895881  1.98895582899e-22
874.791424493  1.99917367777e-22
910.140912246  2.00757888932e-22
946.918839109  2.01056790364e-22
985.182926946  2.01367770118e-22
1024.99323011  2.01566750535e-22
1066.41222967  2.01696939456e-22
1109.50493154  2.01832389186e-22
1154.33896842  2.01973312312e-22
1200.98470601  2.02119930006e-22
1249.51535339  2.02272472382e-22
1300.00707798  2.02431178849e-22
1352.53912504  2.02596298494e-22
1407.19394206  2.02768090467e-22
1464.05730815  2.02946824389e-22
1523.21846867  2.03074265128e-22
1584.7702753  2.03112611742e-22
1648.80933177  2.03152507905e-22
1715.43614549  2.03194016234e-22
1784.75528525  2.03237201876e-22
1856.87554538  2.03282132608e-22
1931.9101165  2.03328878948e-22
2009.97676312  2.03350618635e-22
2091.19800853  2.03182260829e-22
2175.70132706  2.03007099845e-22
2263.61934415  2.02824860772e-22
2355.09004453  2.02635257592e-22
2450.25698873  2.02437992727e-22
2549.26953846  2.02232756578e-22
2652.28309095  2.02019227032e-22
2759.45932292  2.0179706896e-22
2870.96644429  2.01565933692e-22
2986.97946215  2.01325458468e-22
3107.68045551  2.01159729647e-22
3233.25886097  2.00997929804e-22
3363.91177012  2.00829591783e-22
3499.84423881  2.00654451384e-22
3641.26960901  2.00472233728e-22
3788.40984363  2.00282652831e-22
3941.49587491  2.0008541115e-22
4100.76796681  1.9988019912e-22
4266.47609215  1.99666694668e-22
4438.88032492  1.99444562705e-22
4618.25124841  1.992134546e-22
4804.87037999  1.98973007638e-22
4999.03061281  1.98722844443e-22
5201.0366756  1.9864559695e-22
5411.20561086  1.98566146155e-22
5629.8672725  1.9848348483e-22
5857.36484349  1.98397483239e-22
6094.05537452  1.98308006406e-22
6340.31034432  1.98214913899e-22
6596.51624277  1.98118059613e-22
6863.0751774  1.98017291538e-22
7140.40550453  1.97927492666e-22
7428.94248588  1.97849326109e-22
7729.13897165  1.97768000917e-22
8041.46611132  1.9768338945e-22
8366.41409304  1.97595358916e-22
8704.49291301  1.97503771151e-22
9056.2331759  1.97408482412e-22
9422.18692758  1.97309343146e-22
9802.92852161  1.97206197756e-22
10199.0555206  1.97140408697e-22
10611.1896341  1.9711473285e-22
11039.9776943  1.97088019467e-22
11486.0926714  1.97060226621e-22
11950.2347295  1.97031310693e-22
12433.1323259  1.970012263e-22
12935.5433539  1.96969926226e-22
13458.2563327  1.96937361345e-22
14002.0916449  1.96903480548e-22
14567.9028237  1.96868230661e-22
15156.577893  1.96831556359e-22
15769.0407609  1.96793400084e-22
16406.2526695  1.9675370195e-22
17069.213704  1.96712399652e-22
17758.9643622  1.96669428368e-22
18476.5871871  1.96624720655e-22
19223.2084664  1.96578206346e-22
20000  1.96529812438e-22

