1 20000 251
251
1  0
1.04040904696  1.82121554197e-37
1.082450985  3.71602466829e-37
1.12619179768  5.68740122559e-37
1.17170013492  7.73843923076e-37
1.21904742069  9.872357727e-37
1.26830796516  1.2092505836e-36
1.31955908129  1.44023680141e-36
1.37288120617  1.68055695215e-36
1.4283580273  1.93058821115e-36
1.4860766139  2.19072299503e-36
1.54612755358  2.46136957761e-36
1.6086050945  2.74295273065e-36
1.6736072933  3.03591439055e-36
1.74123616901  3.34071435192e-36
1.81159786313  3.65783098925e-36
1.88480280626  3.98776200766e-36
1.96096589137  4.33102522409e-36
2.04020665416  4.83427069113e-33
2.12264946065  1.47375885843e-32
2.20842370239  2.50410901152e-32
2.29766399949  3.57609463234e-32
2.39051041194  4.69139817045e-32
2.48710865943  5.85177006161e-32
2.58761035005  7.059031475e-32
2.6921732182  8.31507717155e-32
2.8009613722  9.62187847763e-32
2.91414555182  1.09814863791e-31
3.03190339627  1.57548666673e-30
3.15441972299  7.16439627361e-30
3.28188681771  1.29791483913e-29
3.41450473624  1.90288691003e-29
3.55248161847  2.53230532575e-29
3.69603401502  3.1871579398e-29
3.8453872271  3.86847252387e-29
4.00077566014  4.75486578624e-29
4.16244319166  4.24978032634e-28
4.33064355406  8.17658968736e-28
4.50564073281  1.22620776722e-27
4.68770938077  1.6512656333e-27
4.87713524927  2.09349968264e-27
5.07421563659  5.16942744837e-27
5.27925985453  1.28751654968e-26
5.49258971391  2.08922850758e-26
5.71454002959  2.92333688164e-26
5.945459146  3.79115078015e-26
6.18570948383  9.21486848755e-26
6.43566810884  1.62391257809e-25
6.69572732367  2.35472266171e-25
6.96629528353  3.11506408432e-25
7.24779663678  6.17801696957e-25
7.54067319143  9.686244637e-25
7.84538460853  1.3336236441e-24
8.1624091236  2.05001827237e-24
8.49224429718  3.12880357791e-24
8.83540779578  4.25118156951e-24
9.19243820431  6.0091236831e-24
9.56389587139  8.36330722515e-24
9.95036378878  1.08126210805e-23
10.3524485064  1.4565053221e-23
10.7707810842  1.86455528518e-23
11.2060180829  2.3528608754e-23
11.6588425938  2.93471320249e-23
12.1299653117  3.56522851471e-23
12.6201256496  4.28991096789e-23
13.1300928996  5.04630208e-23
13.6606674402  5.84062522469e-23
14.2126819923  6.64212200795e-23
14.7870029263  7.43463320807e-23
15.384531622  8.19722521603e-23
16.0062058827  8.95403071274e-23
16.6530014079  9.64812574787e-23
17.3259333238  1.03342760109e-22
18.0260577771  1.10093866251e-22
18.7544735924  1.17414042399e-22
19.5123239965  1.25030019888e-22
20.3007984131  1.3295375177e-22
21.1211343295  1.41197674105e-22
21.9746192385  1.49774725485e-22
22.8625926593  1.58698367337e-22
23.7864482397  1.67982605052e-22
24.7476359436  1.73453738918e-22
25.7476643266  1.766633186e-22
26.7881029035  1.79567847379e-22
27.8705846117  1.83703558622e-22
28.996808374  1.88288442877e-22
30.1685417653  1.92784142888e-22
31.3876237862  1.95761890375e-22
32.6559677498  1.98859965799e-22
33.9755642841  2.02083231499e-22
35.3484844568  2.04068405647e-22
36.7768830251  2.01948758469e-22
38.2630018183  1.99743458368e-22
39.8091732557  1.97449044192e-22
41.4178240072  1.9659823838e-22
43.0914788025  1.95928183662e-22
44.832764393  1.95231052672e-22
46.6444136747  1.94190175461e-22
48.5292699773  1.93073846695e-22
50.4902915267  1.91805313863e-22
52.5305560881  1.90151288093e-22
54.6532657959  1.88430424719e-22
56.8617521799  1.87250016152e-22
59.159481394  1.86140104725e-22
61.5500596558  1.84880142684e-22
64.0372389068  1.83509916959e-22
66.624922701  1.82084321718e-22
69.3171723311  1.80601119532e-22
72.118213203  1.79977898026e-22
75.032441467  1.7963801995e-22
78.0644309178  1.79284407724e-22
81.2189401726  1.78906426595e-22
84.5009201401  1.78496519049e-22
87.9155217902  1.78070047528e-22
91.4681042388  1.77540103179e-22
95.1642431583  1.7686134971e-22
99.009739529  1.76155168461e-22
103.010628743  1.75696884798e-22
107.173190077  1.75314681504e-22
111.503956548  1.74917033738e-22
116.009725165  1.74503317406e-22
120.697567597  1.74147177475e-22
125.574841273  1.74218802796e-22
130.649200932  1.74293322429e-22
135.928610627  1.74370853328e-22
141.421356237  1.74608775218e-22
147.136058463  1.7532497e-22
153.081686359  1.75671151657e-22
159.267571411  1.75645575217e-22
165.703422184  1.75345332447e-22
172.399339552  1.74996397501e-22
179.36583256  1.74633362425e-22
186.613834911  1.74255657448e-22
194.154722129  1.73862689773e-22
202.000329413  1.73474690721e-22
210.162970211  1.73134396124e-22
218.655455543  1.72780350546e-22
227.491114114  1.72411998324e-22
236.683813228  1.72028761339e-22
246.247980551  1.71630038114e-22
256.198626761  1.71607953094e-22
266.551369101  1.71832313251e-22
277.322455892  1.72065739589e-22
288.528792035  1.72308598462e-22
300.187965542  1.72561581899e-22
312.318275138  1.72844526536e-22
324.938758985  1.73138904696e-22
338.069224556  1.73445178397e-22
351.730279727  1.73760966689e-22
365.943365117  1.74068986533e-22
380.730787743  1.74389453165e-22
396.115756024  1.74722869548e-22
412.122416211  1.74933390898e-22
428.775890281  1.75106958723e-22
446.102315367  1.75287540259e-22
464.128884777  1.75475418923e-22
482.883890678  1.75670889584e-22
502.396768493  1.76022259101e-22
522.698143103  1.77487453155e-22
543.819876914  1.79011854305e-22
565.795119858  1.80597855052e-22
588.658361426  1.82247944578e-22
612.445484796  1.83320770998e-22
637.193823152  1.83826408612e-22
662.942218274  1.84352478559e-22
689.731081504  1.84899806491e-22
717.602457167  1.85557341643e-22
746.600088557  1.86294913845e-22
776.769486596  1.87062290636e-22
808.158001257  1.87898129473e-22
840.814895881  1.88878703829e-22
874.791424493  1.8989890226e-22
910.140912246  1.90710771548e-22
946.918839109  1.90910030381e-22
985.182926946  1.91117341075e-22
1024.99323011  1.91316494894e-22
1066.41222967  1.91513498099e-22
1109.50493154  1.91718462017e-22
1154.33896842  1.91931708331e-22
1200.98470601  1.92153571725e-22
1249.51535339  1.92384400408e-22
1300.00707798  1.92624556658e-22
1352.53912504  1.92874417393e-22
1407.19394206  1.93134374762e-22
1464.05730815  1.93404836761e-22
1523.21846867  1.9357771274e-22
1584.7702753  1.93582802637e-22
1648.80933177  1.93588098213e-22
1715.43614549  1.93593607778e-22
1784.75528525  1.93599339978e-22
1856.87554538  1.93605303812e-22
1931.9101165  1.93611508639e-22
2009.97676312  1.93588419908e-22
2091.19800853  1.93354615041e-22
2175.70132706  1.93111362343e-22
2263.61934415  1.92858280035e-22
2355.09004453  1.92594970913e-22
2450.25698873  1.92321021719e-22
2549.26953846  1.920360025e-22
2652.28309095  1.91739465926e-22
2759.45932292  1.91430946591e-22
2870.96644429  1.91109960284e-22
2986.97946215  1.90776003227e-22
3107.68045551  1.90533210545e-22
3233.25886097  1.90293773447e-22
3363.91177012  1.90044660925e-22
3499.84423881  1.89785482002e-22
3641.26960901  1.89515829907e-22
3788.40984363  1.89235281428e-22
3941.49587491  1.88943396251e-22
4100.76796681  1.88639716273e-22
4266.47609215  1.88323764877e-22
4438.88032492  1.87995046186e-22
4618.25124841  1.87653044285e-22
4804.87037999  1.87297222414e-22
4999.03061281  1.8692702212e-22
5201.0366756  1.86784237381e-22
5411.20561086  1.8663689879e-22
5629.8672725  1.86483606388e-22
5857.36484349  1.86324119586e-22
6094.05537452  1.86158188075e-22
6340.31034432  1.85985551429e-22
6596.51624277  1.858059387e-22
6863.0751774  1.85619067993e-22
7140.40550453  1.8549772034e-22
7428.94248588  1.85445611601e-22
7729.13897165  1.85391397197e-22
8041.46611132  1.8533499204e-22
8366.41409304  1.85276307605e-22
8704.49291301  1.85215251788e-22
9056.2331759  1.85151728763e-22
9422.18692758  1.85085638834e-22
9802.92852161  1.85016878273e-22
10199.0555206  1.84979641826e-22
10611.1896341  1.8497623377e-22
11039.9776943  1.84972687997e-22
11486.0926714  1.84968998942e-22
11950.2347295  1.84965160817e-22
12433.1323259  1.84961167597e-22
12935.5433539  1.84957013014e-22
13458.2563327  1.84952690549e-22
14002.0916449  1.84948193417e-22
14567.9028237  1.8494351456e-22
15156.577893  1.84938646635e-22
15769.0407609  1.84933582001e-22
16406.2526695  1.84928312711e-22
17069.213704  1.84922830494e-22
17758.9643622  1.84917126745e-22
18476.5871871  1.84911192514e-22
19223.2084664  1.84905018486e-22
20000  1.84898594971e-22

