0.5 20 151
151
0.5  0
0.512448710082  7.158580938e-40
0.52520736093  1.44953920734e-39
0.538283669269  2.20148708783e-39
0.55168554395  2.97215653064e-39
0.565421090737  3.76201365438e-39
0.579498617203  4.5715361828e-39
0.59392663776  5.40121373374e-39
0.608713878807  6.25154811527e-39
0.623869284008  7.12305362917e-39
0.6394020197  8.01625738203e-39
0.655321480438  8.93169960402e-39
0.67163729468  9.86993397565e-39
0.688359330604  1.08315279626e-38
0.705497702082  1.18170631591e-38
0.723062774796  1.28271356395e-38
0.741065172505  1.38623563189e-38
0.759515783475  1.49233513224e-38
0.778425767058  1.60107623643e-38
0.797806560447  1.71252471359e-38
0.817669885593  1.8267479703e-38
0.83802775629  1.94381509144e-38
0.858892485448  2.06379688187e-38
0.880276692535  2.18676590935e-38
0.90219331121  2.31279654838e-38
0.924655597149  2.44196502518e-38
0.947677136058  2.57434946382e-38
0.971271851895  2.71002993345e-38
0.995454015286  5.32369812774e-35
1.02023825216  9.19823282376e-33
1.04563955259  2.07430215346e-32
1.07167327987  3.25752457006e-32
1.0983551798  4.47020617233e-32
1.1257013902  5.71308041796e-32
1.15372845069  6.98689902591e-32
1.18245331269  8.29243243095e-32
1.21189334964  9.63047024971e-32
1.24206636756  1.10018217582e-31
1.27299061578  1.24073163815e-31
1.30468479801  1.38478041949e-31
1.33716808361  1.53241564386e-31
1.37046011922  1.68372660445e-31
1.40458104063  1.8388048176e-31
1.43955148495  1.99774407818e-31
1.47539260312  2.16064051631e-31
1.51212607267  2.3275926555e-31
1.54977411084  2.49870147225e-31
1.58835948804  2.6740704571e-31
1.62790554158  2.85380567726e-31
1.66843618984  3.03801584071e-31
1.70997594668  3.226812362e-31
1.75254993629  3.4203094296e-31
1.79618390842  3.618624075e-31
1.84090425388  3.82187624344e-31
1.88673802057  4.03018886653e-31
1.93371292981  4.24368793652e-31
1.9818573931  4.46250258255e-31
2.03120052932  1.59988026358e-29
2.08177218234  4.1193929087e-29
2.13360293905  6.70163491875e-29
2.18672414789  9.34816809309e-29
2.24116793778  1.20605931159e-28
2.29696723759  1.48405505241e-28
2.35415579601  1.76897216999e-28
2.41276820199  2.06098298877e-28
2.47283990568  2.36026412359e-28
2.53440723981  2.66699658657e-28
2.59750744173  2.98136589656e-28
2.66217867588  3.30356219135e-28
2.72846005693  3.63378034267e-28
2.79639167337  3.97222007405e-28
2.86601461181  4.31908608161e-28
2.9373709818  4.67458815791e-28
3.01050394131  7.77687375351e-28
3.08545772284  2.58641359344e-27
3.16227766017  4.46314302227e-27
3.24101021575  6.38659817223e-27
3.32170300885  8.35794239323e-27
3.40440484432  1.03783679996e-26
3.48916574214  1.24490969912e-26
3.57603696765  1.45713817925e-26
3.66507106256  1.67465060103e-26
3.75632187674  1.89757852096e-26
3.84984460077  2.12605677098e-26
3.94569579937  2.36022353999e-26
4.04393344553  3.70780397521e-26
4.14461695564  6.49205642891e-26
4.2478072254  9.34562958578e-26
4.35356666667  1.22702493525e-25
4.46195924519  1.52676846064e-25
4.57305051927  1.83397482652e-25
4.68690767949  2.14882983837e-25
4.80359958925  2.47152392775e-25
4.92319682653  2.80225226744e-25
5.04577172647  3.65148766261e-25
5.1713984252  5.39940227297e-25
5.30015290463  7.19083544781e-25
5.43211303844  9.02687068709e-25
5.56735863914  1.09086184672e-24
5.70597150638  1.28372169124e-24
5.84803547643  1.48138324834e-24
5.99363647282  1.70265586145e-24
6.1428625584  2.3019432331e-24
6.29580398853  2.95403976169e-24
6.4525532657  3.62237181154e-24
6.6132051955  4.30734360524e-24
6.77785694388  5.00936942949e-24
6.94660809603  5.72887388565e-24
7.11956071652  7.04877737103e-24
7.29681941106  8.6681381785e-24
7.47849138981  1.03278168924e-23
7.66468653214  1.20288173246e-23
7.85551745316  1.37721682792e-23
8.0510995718  1.58151896007e-23
8.25155118063  1.86517001366e-23
8.45699351738  2.1558832467e-23
8.66755083831  2.45383448926e-23
8.88335049333  2.75920394909e-23
9.10452300303  3.09328787682e-23
9.33120213764  3.45983710465e-23
9.5635249979  3.8355124626e-23
9.80163209803  4.2205411678e-23
10.0456674507  4.60956362093e-23
10.295778654  4.98430981706e-23
10.5521169811  5.36823823939e-23
10.8148374712  5.76172548896e-23
11.0840990237  6.14703658535e-23
11.3600644943  6.50138425252e-23
11.6429007931  6.86455426245e-23
11.9327789861  7.23672789716e-23
12.2298743982  7.57459477406e-23
12.5343667197  7.90775200266e-23
12.8464401144  8.24920398675e-23
13.1662833315  8.57648966689e-23
13.4940898196  8.89046960514e-23
13.8300578436  9.21226683384e-23
14.1743906047  9.52722453067e-23
14.5272963631  9.83519091694e-23
14.8889885645  1.01508248717e-22
15.2596859686  1.04556565237e-22
15.6396127818  1.07599019157e-22
16.0289987924  1.10679580658e-22
16.4280795102  1.13527361079e-22
16.8370963082  1.16434243463e-22
17.2562965694  1.19148232769e-22
17.6859338356  1.2175699025e-22
18.1262679613  1.24313396125e-22
18.5775652707  1.26634418187e-22
19.0400987189  1.28976643364e-22
19.5141480567  1.31098557889e-22
20  1.33264e-22

