1 20 101
101
1  0
1.03041055791  6.10759562978e-36
1.06174591785  1.24009266502e-35
1.09403420358  1.8885641378e-35
1.12730439408  2.55675598986e-35
1.16158634964  3.24526792893e-35
1.1969108386  3.9547179002e-35
1.23330956497  4.6857426409e-35
1.27081519692  5.43899825182e-35
1.30946139606  6.21516078611e-35
1.34928284767  7.01492685611e-35
1.39031529185  7.83901425849e-35
1.43259555555  8.68816261854e-35
1.47616158565  9.56313405397e-35
1.52105248304  1.04647138589e-34
1.56730853766  1.13937112087e-34
1.61497126471  1.23509598862e-34
1.66408344188  1.33373190301e-34
1.71468914776  1.43536739058e-34
1.76683380139  1.54009367003e-34
1.82056420303  1.64800473407e-34
1.87592857615  1.75919743377e-34
1.93297661076  1.87377156551e-34
1.99175950792  1.65763512629e-33
2.05233002578  9.40703943901e-32
2.11474252688  2.06025886565e-31
2.17905302696  3.21386007718e-31
2.24531924523  4.40254294517e-31
2.31360065617  5.62737432234e-31
2.3839585429  6.88945350505e-31
2.45645605223  8.18991321983e-31
2.53115825126  9.52992064008e-31
2.60813218585  1.09106784336e-30
2.68744694072  1.23334258419e-30
2.76917370155  1.37994397927e-30
2.85338581877  1.53100360457e-30
2.94015887345  1.68665703734e-30
3.02957074514  1.2295902283e-29
3.12170168173  4.50157437587e-29
3.21663437151  7.87306138685e-29
3.31445401734  1.13470771988e-28
3.41524841318  1.49267397698e-28
3.51910802283  1.86152618768e-28
3.62612606115  2.24159539988e-28
3.73639857773  2.63322272888e-28
3.85002454306  3.03675966344e-28
3.96710593738  3.45256838132e-28
4.08774784223  1.38253235784e-27
4.21205853471  2.83547088346e-27
4.34014958471  4.33259408026e-27
4.472135955  5.87524562873e-27
4.60813610445  7.46481007146e-27
4.74827209431  9.10271405572e-27
4.89266969782  1.0790427614e-26
5.041458513  1.77277883571e-26
5.19477207907  3.87431074435e-26
5.35274799621  6.0397514108e-26
5.51552804914  8.27104433604e-26
5.68325833429  1.0570192124e-25
5.85608939099  1.29392582789e-25
6.03417633655  1.77519366255e-25
6.21767900547  3.26565700967e-25
6.40676209294  4.80701695878e-25
6.6015953026  6.39525052388e-25
6.80235349885  8.0317831578e-25
7.00921686386  1.01004742153e-24
7.22237105921  1.60624133301e-24
7.44200739256  2.24029299104e-24
7.66832298935  2.89362651374e-24
7.9015209697  3.56682827336e-24
8.14181063074  4.77063147456e-24
8.38940763443  6.37607025423e-24
8.64453420113  8.03033132289e-24
8.90741930907  9.73489939358e-24
9.17829889981  1.2117564952e-23
9.45741609003  1.4907759944e-23
9.74502138973  1.77828063224e-23
10.041372927  2.08502017437e-23
10.34673668  2.45971852895e-23
10.661386715  2.846794709e-23
10.9856054331  3.24772883623e-23
11.3196838233  3.70260836053e-23
11.6639217237  4.17560500526e-23
12.0186280908  4.66518588968e-23
12.3841212763  5.19054806932e-23
12.7607293136  5.73288661606e-23
13.1487902114  6.28663203357e-23
13.5486522576  6.8487896872e-23
13.9606743317  7.42679706065e-23
14.3852262269  7.98024139983e-23
14.8226889821  8.54453379453e-23
15.2734552238  9.08333254306e-23
15.7379295184  9.61001806019e-23
16.2165287354  1.01187190869e-22
16.7096824217  1.06004858546e-22
17.2178331866  1.10689750255e-22
17.7414370999  1.15133576667e-22
18.2809641002  1.1945293149e-22
18.8368984177  1.23657462733e-22
19.4097390079  1.27693205075e-22
20  1.3173e-22

