0.1 20 151
151
0.1  0
0.103595335198  1.83364252298e-39
0.107319934748  3.73321064099e-39
0.111178446136  5.70107460016e-39
0.115175683943  7.7396898649e-39
0.119316635847  9.85160018181e-39
0.123606468853  1.20394407537e-38
0.128050535734  1.43059415277e-38
0.132654381717  1.66539306019e-38
0.137423751394  1.90863377536e-38
0.142364595899  2.16061980958e-38
0.147483080324  2.42166558639e-38
0.152785591422  2.69209683389e-38
0.158278745568  2.97225099122e-38
0.163969397019  3.26247762958e-38
0.169864646463  3.56313888842e-38
0.175971849887  3.87460992733e-38
0.182298627744  4.19727939413e-38
0.188852874473  4.53154990984e-38
0.195642768341  4.87783857106e-38
0.202676781654  1.0528903502e-32
0.209963691323  3.91912327549e-32
0.21751258982  6.888406882e-32
0.225332896521  9.96444618715e-32
0.233434369463  1.31510794161e-31
0.241827117512  1.64522827912e-31
0.250521612986  1.98721754932e-31
0.259528704717  2.34150248013e-31
0.268859631586  2.70852514175e-31
0.278526036554  3.08874349831e-31
0.288539981181  3.48263197928e-31
0.298913960685  3.89068207144e-31
0.309660919525  4.31340293219e-31
0.320794267559  4.75132202483e-31
0.332327896774  5.20498577675e-31
0.344276198619  5.67496026123e-31
0.356654081967  6.16183190377e-31
0.369476991711  6.66620821384e-31
0.382760928042  7.18871854291e-31
0.396522466412  7.73001486976e-31
0.410778778215  8.29077261398e-31
0.425547652214  8.87169147875e-31
0.440847516738  9.47349632393e-31
0.456697462677  1.00969380705e-30
0.473117267301  1.07427946377e-30
0.490127418939  1.14118719133e-30
0.507749142548  4.25083666561e-29
0.526004426187  1.39868905054e-28
0.544916048465  2.40729881159e-28
0.564507606954  3.45217147438e-28
0.584803547643  4.53461081179e-28
0.60582919543  5.6559674717e-28
0.627610785733  6.81764066229e-28
0.650175497219  8.02107989799e-28
0.673551485719  9.26778680812e-28
0.697767919361  1.05593170106e-27
0.722855014966  1.18972820531e-27
0.74884407575  1.32833514236e-27
0.775767530383  1.47192546341e-27
0.803658973457  1.62067833781e-27
0.832553207402  1.77477937667e-27
0.862486285909  1.93442086442e-27
0.893495558925  2.09980199876e-27
0.925619719247  2.27112913924e-27
0.958898850812  2.4486160647e-27
0.993374478709  2.63840393481e-27
1.02908962099  3.9090677279e-27
1.06608884235  5.48781636359e-27
1.10441830974  7.12332630467e-27
1.14412584997  8.81763831033e-27
1.18526100936  1.05728665119e-26
1.22787511562  1.23912010508e-26
1.27202134183  1.42749108114e-26
1.31775477286  1.6226346252e-26
1.36513247404  1.82479423379e-26
1.41421356237  2.03422215795e-26
1.46505928036  2.25117971797e-26
1.51773307233  2.47593762952e-26
1.57230066369  2.70877634137e-26
1.62883014287  2.94998638538e-26
1.68739204632  3.19986873901e-26
1.74805944649  3.45873520085e-26
1.81090804305  3.7269087797e-26
1.87601625732  4.00472409763e-26
1.94346533014  4.29252780747e-26
2.01333942322  4.79590623902e-26
2.08572572415  6.18628964095e-26
2.16071455525  7.63184483862e-26
2.23839948618  9.12937259111e-26
2.31887745078  1.0680741486e-25
2.40224886796  1.22878872928e-25
2.48861776706  1.39528153785e-25
2.57809191758  1.56776032096e-25
2.67078296373  1.74644029448e-25
2.76680656368  1.93154441197e-25
2.86628253393  2.12330364296e-25
2.96933499874  2.32195726107e-25
3.0760925451  1.3683090397e-24
3.18668838309  3.01098824729e-24
3.30126051218  4.71272727862e-24
3.41995189335  6.47564953231e-24
3.54291062753  8.30195475031e-24
3.67029014035  1.01939217626e-23
3.80224937364  1.21539113309e-23
3.93895298368  1.4184369094e-23
4.08057154674  1.7288414994e-23
4.22728177184  2.12894375688e-23
4.3792667213  2.54343103165e-23
4.53671603914  2.9728205133e-23
4.69982618773  3.41764798612e-23
4.8688006929  3.87846849764e-23
5.04385039793  4.32189312812e-23
5.22519372662  4.67606884421e-23
5.41305695583  5.04296197361e-23
5.60767449785  5.42304614082e-23
5.80928919286  5.81679560788e-23
6.01815261197  6.2038620751e-23
6.23452537109  6.44566596923e-23
6.45867745619  6.69074040995e-23
6.69088856009  6.94462609829e-23
6.93144843155  7.20763982815e-23
7.18065723674  7.40144620262e-23
7.43882593382  7.57129797012e-23
7.70627666093  7.747256478e-23
7.98334313818  7.92801013169e-23
8.270371084  8.07986007154e-23
8.56771864659  8.2331248992e-23
8.87575685075  8.39190011115e-23
9.19487006089  8.54656432182e-23
9.5254564606  8.700303527e-23
9.8679285495  8.85957017194e-23
10.2227136579  9.01197766053e-23
10.5902544803  9.16213315563e-23
10.9710096272  9.31676850217e-23
11.3654541979  9.45200201079e-23
11.774080373  9.58894081462e-23
12.1973980289  9.71767211057e-23
12.6359353735  9.83546324133e-23
13.0902396056  9.95318095479e-23
13.5608775976  1.00576250464e-22
14.0484366031  1.01640989029e-22
14.553524989  1.02627713154e-22
15.0767729955  1.0362680182e-22
15.6188335217  1.04555824156e-22
16.1803829408  1.05461618415e-22
16.7621219439  1.06279543453e-22
17.364776414  1.06990449259e-22
17.9890983325  1.07621024057e-22
18.6358667167  1.08056769899e-22
19.3058885922  1.08389578461e-22
20  1.08611e-22

