0.5 20 151
151
0.5  0
0.512448710082  1.04637632597e-36
0.52520736093  2.11880472298e-36
0.538283669269  3.21793382038e-36
0.55168554395  4.34442839674e-36
0.565421090737  5.49896978188e-36
0.579498617203  6.68225626898e-36
0.59392663776  7.89500353693e-36
0.608713878807  9.13794508315e-36
0.623869284008  1.04118326673e-35
0.6394020197  1.17174367659e-35
0.655321480438  1.30555470383e-35
0.67163729468  1.44269728043e-35
0.688359330604  1.58325435339e-35
0.705497702082  1.72731093485e-35
0.723062774796  1.87495415355e-35
0.741065172505  2.02627330749e-35
0.759515783475  2.181359918e-35
0.778425767058  2.340307785e-35
0.797806560447  2.50321304384e-35
0.817669885593  2.67017422335e-35
0.83802775629  2.8412923055e-35
0.858892485448  3.01667078643e-35
0.880276692535  3.1964157391e-35
0.90219331121  3.38063587737e-35
0.924655597149  3.56944262183e-35
0.947677136058  3.76295016714e-35
0.971271851895  3.96127555111e-35
0.995454015286  3.21956994481e-33
1.02023825216  5.49414603275e-31
1.04563955259  1.23893945634e-30
1.07167327987  1.94563169939e-30
1.0983551798  2.66991875613e-30
1.1257013902  3.41223869205e-30
1.15372845069  4.17304047931e-30
1.18245331269  4.95278426833e-30
1.21189334964  5.75194166609e-30
1.24206636756  6.57099602136e-30
1.27299061578  7.41044271704e-30
1.30468479801  8.27078946982e-30
1.33716808361  9.15255663718e-30
1.37046011922  1.00562775322e-29
1.40458104063  1.09824987461e-29
1.43955148495  1.19317804786e-29
1.47539260312  1.29046968774e-29
1.51212607267  1.39018363845e-29
1.54977411084  1.49238020928e-29
1.58835948804  1.59712121108e-29
1.62790554158  1.70446999361e-29
1.66843618984  1.81449148389e-29
1.70997594668  1.92725222543e-29
1.75254993629  2.04282041853e-29
1.79618390842  2.1612659615e-29
1.84090425388  2.28266049292e-29
1.88673802057  2.40707743499e-29
1.93371292981  2.53459203794e-29
1.9818573931  2.66528142554e-29
2.03120052932  2.93752097656e-28
2.08177218234  7.25884076075e-28
2.13360293905  1.16877502593e-27
2.18672414789  1.62269281785e-27
2.24116793778  2.08791199175e-27
2.29696723759  2.56471392289e-27
2.35415579601  3.05338699205e-27
2.41276820199  3.55422675994e-27
2.47283990568  4.06753614596e-27
2.53440723981  4.59362561144e-27
2.59750744173  5.13281334739e-27
2.66217867588  5.68542546694e-27
2.72846005693  6.25179620263e-27
2.79639167337  6.83226810849e-27
2.86601461181  7.42719226728e-27
2.9373709818  8.03692850283e-27
3.01050394131  1.11973923407e-26
3.08545772284  2.82423136641e-26
3.16227766017  4.59243358243e-26
3.24101021575  6.40465947195e-26
3.32170300885  8.26200511088e-26
3.40440484432  1.01655938646e-25
3.48916574214  1.21165770673e-25
3.57603696765  1.41161347185e-25
3.66507106256  1.61654761968e-25
3.75632187674  1.82658409909e-25
3.84984460077  2.04184994497e-25
3.94569579937  2.26247535507e-25
4.04393344553  3.19388728403e-25
4.14461695564  5.04197640603e-25
4.2478072254  6.9360781794e-25
4.35356666667  8.87733820046e-25
4.46195924519  1.08669305879e-24
4.57305051927  1.2906058693e-24
4.68690767949  1.49959558273e-24
4.80359958925  1.71378860086e-24
4.92319682653  1.93331447256e-24
5.04577172647  2.37067794903e-24
5.1713984252  3.18415479264e-24
5.30015290463  4.01788511103e-24
5.43211303844  4.87237316345e-24
5.56735863914  5.74813576394e-24
5.70597150638  6.64570259386e-24
5.84803547643  7.56561652227e-24
5.99363647282  8.5410370041e-24
6.1428625584  1.01905536313e-23
6.29580398853  1.19472327801e-23
6.4525532657  1.37476487078e-23
6.6132051955  1.55928903473e-23
6.77785694388  1.74840737432e-23
6.94660809603  1.94223427267e-23
7.11956071652  2.15902121287e-23
7.29681941106  2.38950537562e-23
7.47849138981  2.62572799942e-23
7.66468653214  2.86783195714e-23
7.85551745316  3.11596367882e-23
8.0510995718  3.37014957926e-23
8.25155118063  3.63030569977e-23
8.45699351738  3.89693903653e-23
8.66755083831  4.1702108555e-23
8.88335049333  4.45028643777e-23
9.10452300303  4.73332045094e-23
9.33120213764  5.01880922023e-23
9.5635249979  5.31140592336e-23
9.80163209803  5.61128752954e-23
10.0456674507  5.91599010037e-23
10.295778654  6.21694467858e-23
10.5521169811  6.52532224943e-23
10.8148374712  6.84137762623e-23
11.0840990237  7.15900126769e-23
11.3600644943  7.47031515535e-23
11.6429007931  7.78937995567e-23
11.9327789861  8.1163617203e-23
12.2298743982  8.42090847619e-23
12.5343667197  8.72382992176e-23
12.8464401144  9.03429332984e-23
13.1662833315  9.32177544104e-23
13.4940898196  9.58734786739e-23
13.8300578436  9.85953236201e-23
14.1743906047  1.01082610188e-22
14.5272963631  1.03329875238e-22
14.8889885645  1.0563309139e-22
15.2596859686  1.07686471747e-22
15.6396127818  1.09656392274e-22
16.0289987924  1.11647451262e-22
16.4280795102  1.13458635147e-22
16.8370963082  1.15306164024e-22
17.2562965694  1.1709691668e-22
17.6859338356  1.18865303667e-22
18.1262679613  1.20633903946e-22
18.5775652707  1.22334843505e-22
19.0400987189  1.24058346659e-22
19.5141480567  1.25674075097e-22
20  1.27325e-22

