3.337123 20 101
101
3.337123  0
3.39741650288  2.67960522385e-29
3.45879935922  5.40762424164e-29
3.52129125093  8.18493177008e-29
3.58491221551  2.3841768808e-28
3.6496826525  2.60123474692e-25
3.71562333001  6.11797143144e-25
3.78275539135  9.91351758524e-25
3.85110036188  1.22614689729e-24
3.92068015584  1.4190864131e-24
3.99151708342  1.63040739556e-24
4.0636338579  1.8672206874e-24
4.1370536029  2.11185028523e-24
4.21179985988  2.36089973074e-24
4.2878965956  2.61885185764e-24
4.36536820985  2.88598297026e-24
4.44423954325  3.15794047691e-24
4.52453588525  3.42446970287e-24
4.60628298221  3.67188677448e-24
4.68950704565  3.92377405647e-24
4.77423476068  4.1729726159e-24
4.86049329454  4.40827589029e-24
4.94831030532  4.64783050893e-24
5.03771395082  4.91812096851e-24
5.12873289756  5.23014247372e-24
5.22139633002  5.54780143058e-24
5.31573395997  5.87119969378e-24
5.41177603599  6.20044095831e-24
5.50955335316  6.53874941851e-24
5.60909726298  6.90530545564e-24
5.71043968338  7.27912480955e-24
5.81361310897  7.65969814834e-24
5.91865062144  8.0471474997e-24
6.02558590021  8.41950746571e-24
6.1344532332  8.72723923174e-24
6.24528752779  9.04050261201e-24
6.35812432211  9.3594258815e-24
6.47299979632  9.68409068878e-24
6.58995078431  9.98025122423e-24
6.70901478543  1.02712257834e-23
6.83022997657  1.05674575282e-23
6.95363522437  1.08690414431e-23
7.07927009772  1.11621631189e-23
7.20717488038  1.14522972117e-23
7.33739058398  1.17476733051e-23
7.46995896108  1.20483361372e-23
7.60492251866  1.23106828254e-23
7.74232453165  1.25649370063e-23
7.88220905687  1.28237849272e-23
8.02462094714  1.30752266818e-23
8.16960586565  1.32755482937e-23
8.31721030061  1.34790180552e-23
8.46748158016  1.36861377842e-23
8.62046788754  1.38839793985e-23
8.77621827655  1.40817761625e-23
8.93478268726  1.42831466215e-23
9.09621196202  1.44742854268e-23
9.26055786181  1.46593060408e-23
9.42787308278  1.48476695166e-23
9.59821127316  1.50193775809e-23
9.77162705048  1.51791906246e-23
9.94817601907  1.53418910921e-23
10.1279147879  1.54773841947e-23
10.3109009887  1.56028907702e-23
10.4971932946  1.57295584234e-23
10.6868514385  1.58412590596e-23
10.8799362328  1.59535533142e-23
11.0765095885  1.60612400048e-23
11.2766345353  1.61602698334e-23
11.4803752415  1.62605277864e-23
11.687797035  1.63431431738e-23
11.8989664238  1.64244898458e-23
12.1139511176  1.64930919871e-23
12.3328200495  1.65501029665e-23
12.555643398  1.66037284054e-23
12.7824926095  1.66448207113e-23
13.0134404215  1.6685415679e-23
13.2485608853  1.67154491896e-23
13.4879293904  1.67449772122e-23
13.7316226884  1.67634110916e-23
13.9797189174  1.67805468838e-23
14.2322976275  1.67862779542e-23
14.489439806  1.6790065271e-23
14.7512279033  1.67836250784e-23
15.0177458597  1.67752129258e-23
15.2890791319  1.67594654233e-23
15.5653147206  1.67414021088e-23
15.8465411986  1.67173152809e-23
16.1328487388  1.6689737313e-23
16.4243291433  1.66580708819e-23
16.7210758729  1.66214329073e-23
17.023184077  1.65820394767e-23
17.3307506241  1.65374028641e-23
17.6438741328  1.64896812216e-23
17.9626550035  1.64384919382e-23
18.2871954509  1.63829353944e-23
18.617599536  1.63251655388e-23
18.9539732001  1.6265163256e-23
19.2964242988  1.62053047441e-23
19.6450626361  1.61450733018e-23
20  1.608445e-23

