0.5 20 151
151
0.5  0
0.512448710082  4.27680414362e-41
0.52520736093  8.66008967697e-41
0.538283669269  1.31525077119e-40
0.55168554395  1.77567753663e-40
0.565421090737  2.2475677407e-40
0.579498617203  2.73120679345e-40
0.59392663776  3.2268872109e-40
0.608713878807  3.73490879198e-40
0.623869284008  4.25557879981e-40
0.6394020197  4.7892121476e-40
0.655321480438  5.33613158906e-40
0.67163729468  5.89666791364e-40
0.688359330604  6.47116014662e-40
0.705497702082  7.05995575411e-40
0.723062774796  7.66341085323e-40
0.741065172505  8.28189042749e-40
0.759515783475  8.91576854759e-40
0.778425767058  9.56542859757e-40
0.797806560447  1.02312635068e-39
0.817669885593  1.09136759875e-39
0.83802775629  1.16130787784e-39
0.858892485448  1.23298948946e-39
0.880276692535  1.30645578827e-39
0.90219331121  1.38175120839e-39
0.924655597149  1.45892129023e-39
0.947677136058  1.53801270801e-39
0.971271851895  1.61907329806e-39
0.995454015286  8.82008423589e-36
1.02023825216  1.52444397925e-33
1.04563955259  3.4377918104e-33
1.07167327987  5.39877706642e-33
1.0983551798  7.4085857963e-33
1.1257013902  9.46843357858e-33
1.15372845069  1.15795662566e-32
1.18245331269  1.37432606919e-32
1.21189334964  1.59608255366e-32
1.24206636756  1.82336020251e-32
1.27299061578  2.05629647847e-32
1.30468479801  2.29503226676e-32
1.33716808361  2.53971196029e-32
1.37046011922  2.79048354695e-32
1.40458104063  3.04749869917e-32
1.43955148495  3.31091286562e-32
1.47539260312  3.58088536525e-32
1.51212607267  3.85757948364e-32
1.54977411084  4.14116257175e-32
1.58835948804  4.43180614716e-32
1.62790554158  4.72968599778e-32
1.66843618984  5.0349822882e-32
1.70997594668  5.34787966864e-32
1.75254993629  5.66856738663e-32
1.79618390842  5.99723940148e-32
1.84090425388  6.33409450157e-32
1.88673802057  6.67933642463e-32
1.93371292981  7.0331739809e-32
1.9818573931  7.39582117948e-32
2.03120052932  3.99316513287e-30
2.08177218234  1.03434311766e-29
2.13360293905  1.68518024621e-29
2.18672414789  2.35222154021e-29
2.24116793778  3.03587044158e-29
2.29696723759  3.73654043689e-29
2.35415579601  4.45465530746e-29
2.41276820199  5.1906493857e-29
2.47283990568  5.94496781774e-29
2.53440723981  6.71806683273e-29
2.59750744173  7.51041401871e-29
2.66217867588  8.32248860551e-29
2.72846005693  9.15478175449e-29
2.79639167337  1.00077968557e-28
2.86601461181  1.08820498323e-28
2.9373709818  1.17780694526e-28
3.01050394131  2.19822745496e-28
3.08545772284  8.30011052542e-28
3.16227766017  1.46318210146e-27
3.24101021575  2.11211747603e-27
3.32170300885  2.77720966727e-27
3.40440484432  3.45886093825e-27
3.48916574214  4.15748356733e-27
3.57603696765  4.87350009754e-27
3.66507106256  5.60734359214e-27
3.75632187674  6.35945789657e-27
3.84984460077  7.13029790685e-27
3.94569579937  7.92032984474e-27
4.04393344553  1.36663849121e-26
4.14461695564  2.58090256532e-26
4.2478072254  3.82539868228e-26
4.35356666667  5.10087954195e-26
4.46195924519  6.40811658449e-26
4.57305051927  7.74790045694e-26
4.68690767949  9.1210414914e-26
4.80359958925  1.05283701951e-25
4.92319682653  1.19707377529e-25
5.04577172647  1.64050595463e-25
5.1713984252  2.60334038037e-25
5.30015290463  3.59014689935e-25
5.43211303844  4.60152235485e-25
5.56735863914  5.63807845001e-25
5.70597150638  6.7004421178e-25
5.84803547643  7.7892559002e-25
5.99363647282  9.04272051441e-25
6.1428625584  1.30687416951e-24
6.29580398853  1.74738295894e-24
6.4525532657  2.19885928078e-24
6.6132051955  2.6615761983e-24
6.77785694388  3.13581357333e-24
6.94660809603  3.62185823555e-24
7.11956071652  4.644566637e-24
7.29681941106  5.93282256101e-24
7.47849138981  7.25315273404e-24
7.66468653214  8.60635572214e-24
7.85551745316  9.99324997361e-24
8.0510995718  1.16865720695e-23
8.25155118063  1.42099771924e-23
8.45699351738  1.67962085929e-23
8.66755083831  1.94468304832e-23
8.88335049333  2.21634460203e-23
9.10452300303  2.52298999319e-23
9.33120213764  2.86954838813e-23
9.5635249979  3.22473519304e-23
9.80163209803  3.58876523307e-23
10.0456674507  3.958671461e-23
10.295778654  4.32413120452e-23
10.5521169811  4.69860561301e-23
10.8148374712  5.08240346818e-23
11.0840990237  5.46189906268e-23
11.3600644943  5.81957238974e-23
11.6429007931  6.1861508599e-23
11.9327789861  6.56182896896e-23
12.2298743982  6.9159515286e-23
12.5343667197  7.26958282089e-23
12.8464401144  7.63201862005e-23
13.1662833315  7.98758810042e-23
13.4940898196  8.33697081157e-23
13.8300578436  8.69505225089e-23
14.1743906047  9.04930993498e-23
14.5272963631  9.39966453771e-23
14.8889885645  9.7587420662e-23
15.2596859686  1.01048884271e-22
15.6396127818  1.04500705533e-22
16.0289987924  1.0799161501e-22
16.4280795102  1.11184225219e-22
16.8370963082  1.14441634999e-22
17.2562965694  1.17471308512e-22
17.6859338356  1.20375226795e-22
18.1262679613  1.23224545849e-22
18.5775652707  1.25821310568e-22
19.0400987189  1.28445023753e-22
19.5141480567  1.30846905242e-22
20  1.33299e-22

