0.1 20 151
151
0.1  0
0.103595335198  6.2316866386e-37
0.107319934748  1.26874233003e-36
0.111178446136  1.93752653346e-36
0.115175683943  2.63035577074e-36
0.119316635847  3.34809454146e-36
0.123606468853  4.09163842683e-36
0.128050535734  4.86191520723e-36
0.132654381717  5.65988601983e-36
0.137423751394  6.48654655792e-36
0.142364595899  7.34292831331e-36
0.147483080324  8.23009986338e-36
0.152785591422  9.14916820446e-36
0.158278745568  1.01012801331e-35
0.163969397019  1.1087623677e-35
0.169864646463  1.21094295776e-35
0.175971849887  1.31679728253e-35
0.182298627744  1.4264574251e-35
0.188852874473  1.54006021738e-35
0.195642768341  1.65774741083e-35
0.202676781654  2.52447502852e-31
0.209963691323  9.39629382294e-31
0.21751258982  1.65151775372e-30
0.225332896521  2.38900089834e-30
0.233434369463  3.15299903403e-30
0.241827117512  3.94446546361e-30
0.250521612986  4.76438776431e-30
0.259528704717  5.61378902008e-30
0.268859631586  6.49372909818e-30
0.278526036554  7.40530597162e-30
0.288539981181  8.34965708925e-30
0.298913960685  9.32796079501e-30
0.309660919525  1.03414377982e-29
0.320794267559  1.13913526969e-29
0.332327896774  1.24790155554e-29
0.344276198619  1.36057835396e-29
0.356654081967  1.47730626097e-29
0.369476991711  1.5982309275e-29
0.382760928042  1.72350324113e-29
0.396522466412  1.85327951435e-29
0.410778778215  1.9877216796e-29
0.425547652214  2.12699749133e-29
0.440847516738  2.27128073535e-29
0.456697462677  2.42075144563e-29
0.473117267301  2.57559612896e-29
0.490127418939  2.73600799769e-29
0.507749142548  3.92781892147e-29
0.526004426187  6.51613664506e-29
0.544916048465  9.19751306681e-29
0.564507606954  1.19752939588e-28
0.584803547643  1.4852945385e-28
0.60582919543  1.78340580258e-28
0.627610785733  2.09223516586e-28
0.650175497219  2.41216797994e-28
0.673551485719  2.7436034511e-28
0.697767919361  3.08695513841e-28
0.722855014966  3.44265146979e-28
0.74884407575  3.81113627657e-28
0.775767530383  4.1928693473e-28
0.803658973457  4.58832700149e-28
0.832553207402  4.99800268391e-28
0.862486285909  5.42240758034e-28
0.893495558925  5.8620712554e-28
0.925619719247  6.31754231331e-28
0.958898850812  6.78938908249e-28
0.993374478709  7.28243081423e-28
1.02908962099  8.5607669307e-28
1.06608884235  1.00725869349e-27
1.10441830974  1.16387619358e-27
1.14412584997  1.32612461778e-27
1.18526100936  1.49420641668e-27
1.22787511562  1.66833131967e-27
1.27202134183  1.84871659657e-27
1.31775477286  2.03558732883e-27
1.36513247404  2.2291766903e-27
1.41421356237  2.42972623822e-27
1.46505928036  2.63748621463e-27
1.51773307233  2.8527158586e-27
1.57230066369  3.07568372971e-27
1.62883014287  3.30666804318e-27
1.68739204632  3.54595701696e-27
1.74805944649  3.79384923145e-27
1.81090804305  4.05065400198e-27
1.87601625732  4.31669176481e-27
1.94346533014  4.59229447697e-27
2.01333942322  6.77342957441e-27
2.08572572415  1.70588211649e-26
2.16071455525  2.77618795414e-26
2.23839948618  3.8849748743e-26
2.31887745078  5.03362640087e-26
2.40224886796  6.22357580008e-26
2.48861776706  7.45630786888e-26
2.57809191758  8.73336078764e-26
2.67078296373  1.00563280395e-25
2.76680656368  1.14268603986e-25
2.86628253393  1.284666799e-25
2.96933499874  1.43175224235e-25
3.0760925451  2.44123179576e-25
3.18668838309  3.8448345426e-25
3.30126051218  5.29890151305e-25
3.41995189335  6.80524706508e-25
3.54291062753  8.36575078895e-25
3.67029014035  9.98235985246e-25
3.80224937364  1.16570914307e-24
3.93895298368  1.33920352228e-24
4.08057154674  1.98010393488e-24
4.22728177184  3.00602506536e-24
4.3792667213  4.06883149934e-24
4.53671603914  5.16984938714e-24
4.69982618773  6.31045255859e-24
4.8688006929  7.49206423733e-24
5.04385039793  9.12227289179e-24
5.22519372662  1.20688910343e-23
5.41305695583  1.51216459655e-23
5.60767449785  1.82841576692e-23
5.80928919286  2.15603722693e-23
6.01815261197  2.51822435795e-23
6.23452537109  3.06748373986e-23
6.45867745619  3.64242061315e-23
6.69088856009  4.23802839421e-23
6.93144843155  4.85505027147e-23
7.18065723674  5.3071328329e-23
7.43882593382  5.70191123787e-23
7.70627666093  6.11088324979e-23
7.98334313818  6.5281960976e-23
8.270371084  6.8133893354e-23
8.56771864659  7.09202778934e-23
8.87575685075  7.3806842297e-23
9.19487006089  7.61836204929e-23
9.5254564606  7.82405951891e-23
9.8679285495  8.03715250207e-23
10.2227136579  8.2213484453e-23
10.5902544803  8.38970786978e-23
10.9710096272  8.56273829405e-23
11.3654541979  8.70443955372e-23
11.774080373  8.84648659336e-23
12.1973980289  8.97370724986e-23
12.6359353735  9.08186810052e-23
13.0902396056  9.1857230767e-23
13.5608775976  9.26001548708e-23
14.0484366031  9.33274612917e-23
14.553524989  9.37923474778e-23
15.0767729955  9.42303877011e-23
15.6188335217  9.44954573528e-23
16.1803829408  9.47290922318e-23
16.7621219439  9.48877382753e-23
17.364776414  9.50230082001e-23
17.9890983325  9.51425008163e-23
18.6358667167  9.52505180082e-23
19.3058885922  9.5350365517e-23
20  9.54406e-23

