0.1 20000 301
301
0.1  0
0.10415259619  2.57257177973e-39
0.108477632931  5.25197207717e-39
0.112982270983  8.04263704927e-39
0.117673968462  1.09491870687e-38
0.122560493193  1.39764343734e-38
0.127649935564  1.71293910344e-38
0.132950721924  2.04132772536e-38
0.138471628537  2.38335300068e-38
0.144221796108  2.73958120454e-38
0.150210744918  3.11060212723e-38
0.156448390588  3.49703005062e-38
0.162945060494  3.89950476523e-38
0.169711510868  4.31869262951e-38
0.176758944602  4.75528767306e-38
0.1840990298  5.21001274576e-38
0.191743919097  5.6836207145e-38
0.199706269776  6.1768957097e-38
0.207999264725  3.68075197583e-32
0.216636634267  7.6551124439e-32
0.225632678887  1.17945120533e-31
0.235002292913  1.61058042133e-31
0.244760989175  2.05961269271e-31
0.254924924685  2.52729146109e-31
0.265510927395  3.01439104019e-31
0.276536524049  3.52171789784e-31
0.28801996921  4.05011199126e-31
0.299980275477  4.60044815767e-31
0.312437244967  5.17363756276e-31
0.325411502097  5.77062920924e-31
0.338924527734  6.39241150808e-31
0.352998694759  7.04001391498e-31
0.367657305107  7.71450863475e-31
0.382924628351  8.41701239655e-31
0.398825941877  9.1486883028e-31
0.415387572744  9.91074775486e-31
0.432636941262  1.07044524587e-30
0.450602606401  1.15311165138e-30
0.469314313065  1.2392108589e-30
0.488803041347  1.32888541882e-30
0.509101057818  4.9082034264e-29
0.530241968947  1.59888480207e-28
0.552260776746  2.75296270402e-28
0.575193936719  3.95496480096e-28
0.599079418219  5.20688119118e-28
0.623956767313  6.51078461371e-28
0.649867172259  7.86883388009e-28
0.676853531693  9.28327744855e-28
0.70496052566  1.07564571468e-27
0.734234689588  1.2290812049e-27
0.764724491332  1.38888825144e-27
0.796480411421  1.55533143931e-27
0.829555026638  1.72868634065e-27
0.864003097066  1.90923997103e-27
0.899881656755  2.09729126457e-27
0.937250108145  2.29315156897e-27
0.976170320425  2.49714516091e-27
1.01670673196  4.35515454486e-27
1.05892645697  8.73491218634e-27
1.10289939667  1.32965434768e-26
1.148698355  1.80476008944e-26
1.19639915912  2.29959505412e-26
1.24608078501  2.8149785167e-26
1.29782548821  3.35176377331e-26
1.35171893999  3.91083955403e-26
1.40785036919  4.49313149432e-26
1.46631270998  5.09960366753e-26
1.5272027557  5.7312601811e-26
1.59062131914  6.38914683899e-26
1.65667339944  7.07435287316e-26
1.7254683559  7.788012747e-26
1.7971200891  8.53130803357e-26
1.87174722945  9.30546937189e-26
1.94947333358  1.01117785045e-25
2.03042708895  1.46064752426e-25
2.11474252688  2.5609118796e-25
2.20255924448  3.70686577064e-25
2.29402263574  4.90040649929e-25
2.3892841323  6.14351015476e-25
2.48850145414  7.43823488526e-25
2.59183887071  8.7867243056e-25
2.6994674729  1.01912110462e-24
2.81156545633  1.16540204497e-24
2.92831841634  1.31775744208e-24
3.04991965532  1.74665674139e-24
3.17657050272  2.59749464367e-24
3.30848064838  3.48366440827e-24
3.44586848972  4.40663322474e-24
3.58896149333  5.36792920912e-24
3.73799657156  6.36914393391e-24
3.89322047476  7.41193506323e-24
4.05489019986  8.94642979658e-24
4.2232734158  1.14531555709e-23
4.39864890674  1.40639755443e-23
4.58130703365  1.67832123283e-23
4.77155021497  1.96153680355e-23
4.96969342739  2.25651317326e-23
5.1760647273  2.78621397709e-23
5.39100579394  3.37779673037e-23
5.61487249513  3.99394552651e-23
5.84803547643  4.63568049409e-23
6.0908807748  5.20614357495e-23
6.34381045777  5.62976044677e-23
6.60724328913  6.07096841667e-23
6.8816154222  6.53049797192e-23
7.16738112202  6.87890133605e-23
7.4650135174  7.14585485987e-23
7.77500538429  7.42389388556e-23
8.09786996163  7.68185125457e-23
8.43414180111  7.87479235771e-23
8.78437765219  8.07574552575e-23
9.14915738387  8.26729377876e-23
9.52908494479  8.44007174101e-23
9.92478936312  8.62002447434e-23
10.3369257881  8.78587852058e-23
10.7661765745  8.9536045563e-23
11.2132524127  9.11441369661e-23
11.6788935051  9.26604755453e-23
12.1638707918  9.41228886779e-23
12.6689872269  9.54074655206e-23
13.1950791077  9.66495342197e-23
13.74301746  9.77737851918e-23
14.3137094794  9.88501167892e-23
14.9081000339  9.98904280113e-23
15.5271732278  1.00876712779e-22
16.1719540317  1.01853976416e-22
16.8435099786  1.02779246888e-22
17.5429529322  1.03602760505e-22
18.2714409272  1.04060328437e-22
19.030180087  1.03908962498e-22
19.8204266202  1.03751310941e-22
20.6434889008  1.03587112753e-22
21.5007296344  1.03416096076e-22
22.3935681139  1.03237977768e-22
23.3234825702  1.03052462926e-22
24.2920126187  1.02994638456e-22
25.3007618091  1.03019657249e-22
26.35140028  1.0245373465e-22
27.445667524  1.0166106029e-22
28.5853752678  1.00527385356e-22
29.772410472  9.93466334786e-23
31.0087384549  9.79061653881e-23
32.2964061465  9.63563723941e-23
33.6375454776  9.47895856986e-23
35.0343769094  9.3218136926e-23
36.48921311  9.18274551552e-23
38.0044627833  9.03417134604e-23
39.5826346568  8.87745139835e-23
41.2263416354  8.70055553052e-23
42.9383051273  8.51146905495e-23
44.72135955  8.3145305816e-23
46.5784570227  8.19970940053e-23
48.5126722543  8.09672164288e-23
50.5272076339  7.98560572974e-23
52.6253985329  7.85855881624e-23
54.8107188272  7.72623615745e-23
57.0867866488  7.48610127229e-23
59.457370376  7.22632850659e-23
61.9263948728  7.10699385417e-23
64.4979479868  7.02707000476e-23
67.1762873173  6.94382724062e-23
69.9658472649  6.85712774062e-23
72.8712463726  6.79953812566e-23
75.8972949729  6.73996228239e-23
79.0490031521  6.67791249493e-23
82.331589045  6.63574784841e-23
85.7504874747  6.60137433292e-23
89.3113589503  6.56557342414e-23
93.0200990391  6.50592198538e-23
96.8828481275  6.43848231234e-23
100.906001587  6.37880959303e-23
105.096220365  6.35452664323e-23
109.460442007  6.32923532058e-23
114.005892151  6.30289375143e-23
118.740096485  6.27545832328e-23
123.670893207  6.25561099241e-23
128.806446006  6.23805923003e-23
134.155257575  6.21977861383e-23
139.72618369  6.20073887746e-23
145.52844787  6.19035577703e-23
151.571656651  6.18271457232e-23
157.86581549  6.18271457232e-23
164.421345329  6.18074381476e-23
171.24909985  6.17770043139e-23
178.360383446  6.17453066861e-23
185.766969933  6.15916105207e-23
193.481122048  6.13957957921e-23
201.51561175  6.12189862736e-23
209.883741365  6.11564001145e-23
218.599365612  6.1091215005e-23
227.67691454  6.10233230212e-23
237.131417418  6.09526117574e-23
246.978527622  6.08789641403e-23
257.23454855  6.08692650433e-23
267.916460612  6.08883103405e-23
279.041949347  6.09081465119e-23
290.629434703  6.09288063995e-23
302.698101535  6.10291676081e-23
315.267931366  6.14188920924e-23
328.359735471  6.18248002609e-23
341.995189335  6.22475641565e-23
356.196868537  6.25276776323e-23
370.988286128  6.26038830683e-23
386.393931562  6.26832530083e-23
402.439311242  6.28137596861e-23
419.150990746  6.32276149884e-23
436.556638818  6.36586560302e-23
454.685073167  6.41075964658e-23
473.566308191  6.45751795849e-23
493.231604661  6.50621795428e-23
513.713521483  6.55167704824e-23
535.045969603  6.5963183095e-23
557.26426815  6.64281334208e-23
580.405202916  6.69123912562e-23
604.507087258  6.73910852677e-23
629.60982553  6.77734074576e-23
655.754979155  6.81716059441e-23
682.985835434  6.85863400057e-23
711.347479213  6.89283692646e-23
740.886867531  6.91441678325e-23
771.652907362  6.93689276435e-23
803.696536592  6.95947824047e-23
837.070808348  6.97642157752e-23
871.830978841  6.99406850293e-23
908.03459885  7.01465656139e-23
945.741609003  7.04416338458e-23
985.014439024  7.07489550699e-23
1025.91811109  7.09215481208e-23
1068.52034748  7.10124899999e-23
1112.89168271  7.11072083279e-23
1159.10558033  7.12058599257e-23
1207.23855449  7.13086081259e-23
1257.37029671  7.1415623044e-23
1309.58380774  7.15270818595e-23
1363.96553504  7.16431691095e-23
1420.60551588  7.17640769942e-23
1479.5975264  7.18900056951e-23
1541.03923691  7.19492092696e-23
1605.03237354  7.19736140426e-23
1671.68288673  7.19990322472e-23
1741.10112659  7.20255059672e-23
1813.40202564  7.20530790339e-23
1888.70528906  7.20817970987e-23
1967.13559293  7.21117077088e-23
2048.82279061  7.20899021714e-23
2133.90212774  7.20300627037e-23
2222.51446619  7.19677383445e-23
2314.80651723  7.19028259064e-23
2410.93108447  7.18352179169e-23
2511.04731682  7.17648024406e-23
2615.32097202  7.16914628938e-23
2723.92469106  7.16150778519e-23
2837.03828399  7.15355208476e-23
2954.84902768  7.14526601622e-23
3077.55197581  7.13582957298e-23
3205.3502819  7.1255123562e-23
3338.45553557  7.11476670708e-23
3477.08811294  7.10357483453e-23
3621.47754143  7.09191820871e-23
3771.86287983  7.0797775303e-23
3928.49311406  7.06713269853e-23
4091.62756943  7.05396277796e-23
4261.53633998  7.04024596377e-23
4438.50073566  7.02595954568e-23
4622.81374809  7.01107987033e-23
4814.78053566  6.99558230216e-23
5014.71892873  6.97953414078e-23
5222.95995589  6.96403790366e-23
5439.84839201  6.94789817038e-23
5665.74332907  6.93108821915e-23
5901.01877067  6.91358021853e-23
6146.0642513  6.89534518134e-23
6401.28548122  6.8763529167e-23
6667.10501821  6.85657197999e-23
6943.96296717  6.83596962086e-23
7232.31770876  6.82035057893e-23
7532.64665837  6.80554980655e-23
7845.44705649  6.79013441785e-23
8171.23679203  6.77407889031e-23
8510.55525972  6.75735664155e-23
8863.96425316  6.73993998533e-23
9232.048895  6.7218000857e-23
9615.41860565  6.70290690929e-23
10014.7081123  6.68385968134e-23
10430.5784998  6.68119229811e-23
10863.7183051  6.67841414923e-23
11314.8446575  6.67552063504e-23
11784.7044657  6.67250696489e-23
12274.0756543  6.66936814919e-23
12783.7684522  6.66609899114e-23
13314.6267339  6.66269407817e-23
13867.5294163  6.65914777291e-23
14443.3919145  6.65545420391e-23
15043.1676568  6.65160725591e-23
15667.8496638  6.64760055969e-23
16318.4721919  6.64342748156e-23
16996.1124464  6.63908111234e-23
17701.8923642  6.63455425596e-23
18436.9804721  6.62983941751e-23
19202.5938207  6.62492879087e-23
20000  6.61981424572e-23

