0.5 20 151
151
0.5  0
0.512448710082  2.1105567971e-42
0.52520736093  4.27366101356e-42
0.538283669269  6.49062094455e-42
0.55168554395  8.76277745844e-42
0.565421090737  1.10915048077e-41
0.579498617203  1.34782114603e-41
0.59392663776  1.59243409512e-41
0.608713878807  1.84313727558e-41
0.623869284008  2.10008231846e-41
0.6394020197  2.36342463003e-41
0.655321480438  2.63332348578e-41
0.67163729468  2.90994212675e-41
0.688359330604  3.19344785824e-41
0.705497702082  3.48401215105e-41
0.723062774796  3.78181074515e-41
0.741065172505  4.08702375596e-41
0.759515783475  4.39983578335e-41
0.778425767058  4.72043602321e-41
0.797806560447  5.04901838195e-41
0.817669885593  5.38578159373e-41
0.83802775629  5.7309293407e-41
0.858892485448  6.08467037614e-41
0.880276692535  6.44721865076e-41
0.90219331121  6.81879344212e-41
0.924655597149  7.19961948717e-41
0.947677136058  7.58992711828e-41
0.971271851895  7.98995240247e-41
0.995454015286  1.31868299517e-36
1.02023825216  2.27947564774e-34
1.04563955259  5.14047489647e-34
1.07167327987  8.07270564559e-34
1.0983551798  1.10779413757e-33
1.1257013902  1.41579997224e-33
1.15372845069  1.7314743576e-33
1.18245331269  2.05500822076e-33
1.21189334964  2.38659724245e-33
1.24206636756  2.72644197534e-33
1.27299061578  3.07474796533e-33
1.30468479801  3.4317258759e-33
1.33716808361  3.7975916155e-33
1.37046011922  4.17256646815e-33
1.40458104063  4.55687722724e-33
1.43955148495  4.95075633279e-33
1.47539260312  5.35444201191e-33
1.51212607267  5.76817842301e-33
1.54977411084  6.19221580337e-33
1.58835948804  6.62681062055e-33
1.62790554158  7.0722257275e-33
1.66843618984  7.52873052152e-33
1.70997594668  7.99660110719e-33
1.75254993629  8.47612046343e-33
1.79618390842  8.96757861455e-33
1.84090425388  9.47127280575e-33
1.88673802057  9.98750768287e-33
1.93371292981  1.05165954766e-32
1.9818573931  1.10588561915e-32
2.03120052932  9.76515123773e-31
2.08177218234  2.5410522142e-30
2.13360293905  4.14454224193e-30
2.18672414789  5.78795503461e-30
2.24116793778  7.4722845661e-30
2.29696723759  9.19854955763e-30
2.35415579601  1.0967794094e-29
2.41276820199  1.27810882549e-29
2.47283990568  1.46395287624e-29
2.53440723981  1.65442396441e-29
2.59750744173  1.8496372913e-29
2.66217867588  2.0497109264e-29
2.72846005693  2.25476587886e-29
2.79639167337  2.46492617063e-29
2.86601461181  2.68031891148e-29
2.9373709818  2.90107437591e-29
3.01050394131  6.29847568928e-29
3.08545772284  2.70470205438e-28
3.16227766017  4.85782024569e-28
3.24101021575  7.06454552526e-28
3.32170300885  9.32621257131e-28
3.40440484432  1.16441892921e-27
3.48916574214  1.40198776532e-27
3.57603696765  1.64547145256e-27
3.66507106256  1.89501725547e-27
3.75632187674  2.15077610508e-27
3.84984460077  2.41290269023e-27
3.94569579937  2.68155555111e-27
4.04393344553  5.13161715208e-27
4.14461695564  1.03976808771e-26
4.2478072254  1.57948560033e-26
4.35356666667  2.13264068663e-26
4.46195924519  2.69956790754e-26
4.57305051927  3.28061015366e-26
4.68690767949  3.87611885272e-26
4.80359958925  4.48645418207e-26
4.92319682653  5.11198528656e-26
5.04577172647  7.36015394391e-26
5.1713984252  1.24280241656e-25
5.30015290463  1.76220712815e-25
5.43211303844  2.29454367709e-25
5.56735863914  2.84013403275e-25
5.70597150638  3.39930818073e-25
5.84803547643  3.97240432242e-25
5.99363647282  4.64920571428e-25
6.1428625584  7.12541628377e-25
6.29580398853  9.84458644068e-25
6.4525532657  1.26314569195e-24
6.6132051955  1.54877132835e-24
6.77785694388  1.84150830624e-24
6.94660809603  2.14153367966e-24
7.11956071652  2.85449217977e-24
7.29681941106  3.77077622829e-24
7.47849138981  4.70987338576e-24
7.66468653214  5.67235163974e-24
7.85551745316  6.6587931192e-24
8.0510995718  7.92786046792e-24
8.25155118063  9.97636546129e-24
8.45699351738  1.20758729442e-23
8.66755083831  1.4227652747e-23
8.88335049333  1.64330063157e-23
9.10452300303  1.90746145538e-23
9.33120213764  2.22181781246e-23
9.5635249979  2.54400083184e-23
9.80163209803  2.87420537722e-23
10.0456674507  3.21441345751e-23
10.295778654  3.57072838404e-23
10.5521169811  3.93596179584e-23
10.8148374712  4.31028857734e-23
11.0840990237  4.68487850614e-23
11.3600644943  5.0483581467e-23
11.6429007931  5.42088749259e-23
11.9327789861  5.80267207715e-23
12.2298743982  6.17149976254e-23
12.5343667197  6.54274593562e-23
12.8464401144  6.92323518066e-23
13.1662833315  7.3009741386e-23
13.4940898196  7.67654858816e-23
13.8300578436  8.0614738726e-23
14.1743906047  8.44421841338e-23
14.5272963631  8.8247425765e-23
14.8889885645  9.21474080959e-23
15.2596859686  9.59159662731e-23
15.6396127818  9.96782295329e-23
16.0289987924  1.03484255849e-22
16.4280795102  1.06974716375e-22
16.8370963082  1.10536434652e-22
17.2562965694  1.13857489435e-22
17.6859338356  1.17046686861e-22
18.1262679613  1.20179675286e-22
18.5775652707  1.23044961904e-22
19.0400987189  1.25940736023e-22
19.5141480567  1.285974886e-22
20  1.3131e-22

