0.5 20 151
151
0.5  0
0.512448710082  2.23973706162e-39
0.52520736093  4.53523779793e-39
0.538283669269  6.88789058055e-39
0.55168554395  9.29911834801e-39
0.565421090737  1.17703794663e-38
0.579498617203  1.4303168611e-38
0.59392663776  1.68990176712e-38
0.608713878807  1.95594966762e-38
0.623869284008  2.22862147447e-38
0.6394020197  2.50808210587e-38
0.655321480438  2.79450058603e-38
0.67163729468  3.08805014744e-38
0.688359330604  3.38890833561e-38
0.705497702082  3.6972571165e-38
0.723062774796  4.01328298655e-38
0.741065172505  4.33717708547e-38
0.759515783475  4.66913531186e-38
0.778425767058  5.00935844169e-38
0.797806560447  5.35805224973e-38
0.817669885593  5.71542763401e-38
0.83802775629  6.0817007434e-38
0.858892485448  6.45709310829e-38
0.880276692535  6.84183177461e-38
0.90219331121  7.23614944116e-38
0.924655597149  7.64028460033e-38
0.947677136058  8.05448168237e-38
0.971271851895  8.47899120318e-38
0.995454015286  1.02048743845e-34
1.02023825216  1.76259482558e-32
1.04563955259  3.97483982806e-32
1.07167327987  6.24216402387e-32
1.0983551798  8.56593874283e-32
1.1257013902  1.09475694573e-31
1.15372845069  1.33884966324e-31
1.18245331269  1.5890196597e-31
1.21189334964  1.84541824367e-31
1.24206636756  2.10820049091e-31
1.27299061578  2.37752533818e-31
1.30468479801  2.65355567933e-31
1.33716808361  2.93645846386e-31
1.37046011922  3.22640479788e-31
1.40458104063  3.5235700476e-31
1.43955148495  3.82813394541e-31
1.47539260312  4.14028069855e-31
1.51212607267  4.46019910055e-31
1.54977411084  4.78808264543e-31
1.58835948804  5.12412964469e-31
1.62790554158  5.46854334728e-31
1.66843618984  5.82153206254e-31
1.70997594668  6.18330928616e-31
1.75254993629  6.55409382931e-31
1.79618390842  6.93410995103e-31
1.84090425388  7.3235874938e-31
1.88673802057  7.7227620226e-31
1.93371292981  8.13187496736e-31
1.9818573931  8.551173769e-31
2.03120052932  2.7197272085e-29
2.08177218234  6.9868575038e-29
2.13360293905  1.1360228335e-28
2.18672414789  1.58424848172e-28
2.24116793778  2.04363379224e-28
2.29696723759  2.51445661186e-28
2.35415579601  2.99700170503e-28
2.41276820199  3.49156092614e-28
2.47283990568  3.99843339598e-28
2.53440723981  4.51792568266e-28
2.59750744173  5.05035198708e-28
2.66217867588  5.59603433291e-28
2.72846005693  6.15530276138e-28
2.79639167337  6.72849553089e-28
2.86601461181  7.31595932163e-28
2.9373709818  7.91804944519e-28
3.01050394131  1.24902851073e-27
3.08545772284  3.87117371044e-27
3.16227766017  6.59178635981e-27
3.24101021575  9.38013524541e-27
3.32170300885  1.22379068248e-26
3.40440484432  1.51668295439e-26
3.48916574214  1.81686748826e-26
3.57603696765  2.1245258426e-26
3.66507106256  2.43984409625e-26
3.75632187674  2.76301296094e-26
3.84984460077  3.09422789665e-26
3.94569579937  3.43368922977e-26
4.04393344553  5.0766260318e-26
4.14461695564  8.40104350356e-26
4.2478072254  1.18082303939e-25
4.35356666667  1.53002474479e-25
4.46195924519  1.88792067177e-25
4.57305051927  2.25472728401e-25
4.68690767949  2.6306664346e-25
4.80359958925  3.01596550018e-25
4.92319682653  3.41085751849e-25
5.04577172647  4.55300508312e-25
5.1713984252  6.99176477887e-25
5.30015290463  9.49124329944e-25
5.43211303844  1.20529523869e-24
5.56735863914  1.46784414219e-24
5.70597150638  1.73692983606e-24
5.84803547643  2.0127150695e-24
5.99363647282  2.31490122215e-24
6.1428625584  3.01395405717e-24
6.29580398853  3.77001252289e-24
6.4525532657  4.5448948939e-24
6.6132051955  5.33906983688e-24
6.77785694388  6.15301768709e-24
6.94660809603  6.98723073893e-24
7.11956071652  8.36675964486e-24
7.29681941106  1.00207124866e-23
7.47849138981  1.17158444871e-23
7.66468653214  1.34531809013e-23
7.85551745316  1.52337725102e-23
8.0510995718  1.72761796621e-23
8.25155118063  1.99996755809e-23
8.45699351738  2.27909795219e-23
8.66755083831  2.565177973e-23
8.88335049333  2.85838064828e-23
9.10452300303  3.182044566e-23
9.33120213764  3.54025880205e-23
9.5635249979  3.90739164843e-23
9.80163209803  4.28366515555e-23
10.0456674507  4.66679190882e-23
10.295778654  5.04868160881e-23
10.5521169811  5.44001282568e-23
10.8148374712  5.84108718029e-23
11.0840990237  6.23553433047e-23
11.3600644943  6.60231451805e-23
11.6429007931  6.97822658608e-23
11.9327789861  7.36345194531e-23
12.2298743982  7.70609032577e-23
12.5343667197  8.04154647139e-23
12.8464401144  8.38535460962e-23
13.1662833315  8.70577965553e-23
13.4940898196  9.00394915905e-23
13.8300578436  9.30954231398e-23
14.1743906047  9.60132703993e-23
14.5272963631  9.87898623258e-23
14.8889885645  1.01635584228e-22
15.2596859686  1.04361859386e-22
15.6396127818  1.07072637198e-22
16.0289987924  1.09823040684e-22
16.4280795102  1.12412818272e-22
16.8370963082  1.15058338922e-22
17.2562965694  1.17566226735e-22
17.6859338356  1.20003988583e-22
18.1262679613  1.22398020808e-22
18.5775652707  1.24585458867e-22
19.0400987189  1.26789920864e-22
19.5141480567  1.28764143695e-22
20  1.30778e-22

