0.5 20 151
151
0.5  0
0.512448710082  1.03441809506e-38
0.52520736093  2.09459053207e-38
0.538283669269  3.18115852768e-38
0.55168554395  4.29477926322e-38
0.565421090737  5.43612628212e-38
0.579498617203  6.60588989729e-38
0.59392663776  7.80477760869e-38
0.608713878807  9.03351453117e-38
0.623869284008  1.02928438331e-37
0.6394020197  1.15835271857e-37
0.655321480438  1.29063452241e-37
0.67163729468  1.4262098019e-37
0.688359330604  1.56516055609e-37
0.705497702082  1.70757082559e-37
0.723062774796  1.8535267434e-37
0.741065172505  2.00311658702e-37
0.759515783475  2.15643083184e-37
0.778425767058  2.31356220582e-37
0.797806560447  2.47460574564e-37
0.817669885593  2.63965885414e-37
0.83802775629  2.80882135923e-37
0.858892485448  2.98219557428e-37
0.880276692535  3.15988636001e-37
0.90219331121  3.3420011879e-37
0.924655597149  3.52865020517e-37
0.947677136058  3.71994630145e-37
0.971271851895  3.91600517701e-37
0.995454015286  2.63112832221e-34
1.02023825216  4.54138306138e-32
1.04563955259  1.02412814152e-31
1.07167327987  1.60830925332e-31
1.0983551798  2.20703496771e-31
1.1257013902  2.82066740778e-31
1.15372845069  3.44957771253e-31
1.18245331269  4.09414626139e-31
1.21189334964  4.75476290424e-31
1.24206636756  5.43182719721e-31
1.27299061578  6.12574864436e-31
1.30468479801  6.83694694534e-31
1.33716808361  7.56585224924e-31
1.37046011922  8.31290541475e-31
1.40458104063  9.07855827681e-31
1.43955148495  9.86327391987e-31
1.47539260312  1.0667526958e-30
1.51212607267  1.1491803822e-30
1.54977411084  1.23366030533e-30
1.58835948804  1.32024356061e-30
1.62790554158  1.40898251558e-30
1.66843618984  1.49993084159e-30
1.70997594668  1.59314354628e-30
1.75254993629  1.68867700685e-30
1.79618390842  1.78658900413e-30
1.84090425388  1.88693875754e-30
1.88673802057  1.98978696093e-30
1.93371292981  2.09519581925e-30
1.9818573931  2.20322908621e-30
2.03120052932  5.49645994842e-29
2.08177218234  1.40417345201e-28
2.13360293905  2.27997643832e-28
2.18672414789  3.17758465957e-28
2.24116793778  4.09754100984e-28
2.29696723759  5.0404018999e-28
2.35415579601  6.00673759369e-28
2.41276820199  6.99713255327e-28
2.47283990568  8.01218579229e-28
2.53440723981  9.05251123829e-28
2.59750744173  1.0118738104e-27
2.66217867588  1.1211511268e-27
2.72846005693  1.23314916647e-27
2.79639167337  1.34793566838e-27
2.86601461181  1.46558005806e-27
2.9373709818  1.58615348954e-27
3.01050394131  2.46613127871e-27
3.08545772284  7.48654515576e-27
3.16227766017  1.26954147265e-26
3.24101021575  1.80339717114e-26
3.32170300885  2.35054449928e-26
3.40440484432  2.91131438433e-26
3.48916574214  3.48604599282e-26
3.57603696765  4.07508693566e-26
3.66507106256  4.67879347834e-26
3.75632187674  5.29753075647e-26
3.84984460077  5.93167299659e-26
3.94569579937  6.5816037425e-26
4.04393344553  9.739869693e-26
4.14461695564  1.61339048775e-25
4.2478072254  2.26871350425e-25
4.35356666667  2.94035237324e-25
4.46195924519  3.62871331735e-25
4.57305051927  4.33421267311e-25
4.68690767949  5.05727714276e-25
4.80359958925  5.79834405231e-25
4.92319682653  6.55786161608e-25
5.04577172647  8.20919090968e-25
5.1713984252  1.14027962125e-24
5.30015290463  1.46759140483e-24
5.43211303844  1.80305240742e-24
5.56735863914  2.14686552354e-24
5.70597150638  2.49923869927e-24
5.84803547643  2.86038505801e-24
5.99363647282  3.25352108326e-24
6.1428625584  4.11481862236e-24
6.29580398853  5.04418251669e-24
6.4525532657  5.99668517438e-24
6.6132051955  6.97290269095e-24
6.77785694388  7.9734255052e-24
6.94660809603  8.99885875634e-24
7.11956071652  1.05910620576e-23
7.29681941106  1.24706246252e-23
7.47849138981  1.43969834518e-23
7.66468653214  1.63713036435e-23
7.85551745316  1.83947793145e-23
8.0510995718  2.06721996737e-23
8.25155118063  2.3596227382e-23
8.45699351738  2.65930558367e-23
8.66755083831  2.96644975886e-23
8.88335049333  3.28124103163e-23
9.10452300303  3.61961932108e-23
9.33120213764  3.98443672032e-23
9.5635249979  4.35833713162e-23
9.80163209803  4.74154669857e-23
10.0456674507  5.12948190849e-23
10.295778654  5.50644378245e-23
10.5521169811  5.89266361308e-23
10.8148374712  6.28849932111e-23
11.0840990237  6.67616125247e-23
11.3600644943  7.03279170602e-23
11.6429007931  7.39830133781e-23
11.9327789861  7.77286423418e-23
12.2298743982  8.10340188723e-23
12.5343667197  8.4261028495e-23
12.8464401144  8.75683823323e-23
13.1662833315  9.06437038182e-23
13.4940898196  9.34980427547e-23
13.8300578436  9.6423447367e-23
14.1743906047  9.92184190622e-23
14.5272963631  1.01879963711e-22
14.8889885645  1.04607773956e-22
15.2596859686  1.07220732654e-22
15.6396127818  1.09818672202e-22
16.0289987924  1.12453511598e-22
16.4280795102  1.14925534816e-22
16.8370963082  1.17450395511e-22
17.2562965694  1.19837694806e-22
17.6859338356  1.22153869308e-22
18.1262679613  1.24426569942e-22
18.5775652707  1.26498024593e-22
19.0400987189  1.28585322052e-22
19.5141480567  1.30452460382e-22
20  1.32357e-22

