0.5 20 151
151
0.5  0
0.512448710082  2.19587029704e-36
0.52520736093  4.44641209948e-36
0.538283669269  6.75298658678e-36
0.55168554395  9.11698882824e-36
0.565421090737  1.15398486268e-35
0.579498617203  1.40230313837e-35
0.59392663776  1.65680389851e-35
0.608713878807  1.917641071e-35
0.623869284008  2.18497241618e-35
0.6394020197  2.45895962217e-35
0.655321480438  2.73976840276e-35
0.67163729468  3.02756859754e-35
0.688359330604  3.32253427469e-35
0.705497702082  3.62484383624e-35
0.723062774796  3.93468012597e-35
0.741065172505  4.25223053998e-35
0.759515783475  4.57768714008e-35
0.778425767058  4.91124676989e-35
0.797806560447  5.25311117396e-35
0.817669885593  5.60348711973e-35
0.83802775629  5.96258652264e-35
0.858892485448  6.33062657426e-35
0.880276692535  6.70782987369e-35
0.90219331121  7.09442456215e-35
0.924655597149  7.49064446101e-35
0.947677136058  7.89672921316e-35
0.971271851895  8.31292442801e-35
0.995454015286  4.99688339242e-33
1.02023825216  8.48799778128e-31
1.04563955259  1.91402901286e-30
1.07167327987  3.00577970743e-30
1.0983551798  4.12471217776e-30
1.1257013902  5.27150317993e-30
1.15372845069  6.44684631953e-30
1.18245331269  7.65145247111e-30
1.21189334964  8.88605020817e-30
1.24206636756  1.01513862438e-29
1.27299061578  1.14482258824e-29
1.30468479801  1.27773534824e-29
1.33716808361  1.41395729307e-29
1.37046011922  1.55357081289e-29
1.40458104063  1.69666034918e-29
1.43955148495  1.84331244577e-29
1.47539260312  1.99361580123e-29
1.51212607267  2.14766132248e-29
1.54977411084  2.3055421798e-29
1.58835948804  2.46735386316e-29
1.62790554158  2.63319423999e-29
1.66843618984  2.80316361436e-29
1.70997594668  2.97736478766e-29
1.75254993629  3.15590312076e-29
1.79618390842  3.33888659776e-29
1.84090425388  3.52642589127e-29
1.88673802057  3.71863442937e-29
1.93371292981  3.9156284642e-29
1.9818573931  4.11752714228e-29
2.03120052932  4.00488336561e-28
2.08177218234  9.81650890232e-28
2.13360293905  1.57728289219e-27
2.18672414789  2.18774459436e-27
2.24116793778  2.81340521802e-27
2.29696723759  3.45464317711e-27
2.35415579601  4.11184630709e-27
2.41276820199  4.78541209954e-27
2.47283990568  5.47574794253e-27
2.53440723981  6.18327136705e-27
2.59750744173  6.90841029955e-27
2.66217867588  7.65160332074e-27
2.72846005693  8.41329993083e-27
2.79639167337  9.19396082146e-27
2.86601461181  9.9940581543e-27
2.9373709818  1.08140758466e-26
3.01050394131  1.47806169262e-26
3.08545772284  3.58672200092e-26
3.16227766017  5.77410979672e-26
3.24101021575  8.01595790554e-26
3.32170300885  1.03136222487e-25
3.40440484432  1.26684925063e-25
3.48916574214  1.50819929583e-25
3.57603696765  1.7555583345e-25
3.66507106256  2.00907597509e-25
3.75632187674  2.2689055509e-25
3.84984460077  2.53520421283e-25
3.94569579937  2.80813302443e-25
4.04393344553  3.90506826372e-25
4.14461695564  6.06458255768e-25
4.2478072254  8.27786318637e-25
4.35356666667  1.05462487928e-24
4.46195924519  1.28711113488e-24
4.57305051927  1.52538569847e-24
4.68690767949  1.76959268398e-24
4.80359958925  2.01987979341e-24
4.92319682653  2.27639840617e-24
5.04577172647  2.77180646476e-24
5.1713984252  3.67939278093e-24
5.30015290463  4.60957565495e-24
5.43211303844  5.5629176828e-24
5.56735863914  6.53999546769e-24
5.70597150638  7.54139996872e-24
5.84803547643  8.56773685837e-24
5.99363647282  9.65234070446e-24
6.1428625584  1.14159663517e-23
6.29580398853  1.32898200478e-23
6.4525532657  1.52103278667e-23
6.6132051955  1.71786513757e-23
6.77785694388  1.91959810621e-23
6.94660809603  2.12635370534e-23
7.11956071652  2.35183430045e-23
7.29681941106  2.58914292295e-23
7.47849138981  2.83235991793e-23
7.66468653214  3.08163238863e-23
7.85551745316  3.33711110076e-23
8.0510995718  3.59707010949e-23
8.25155118063  3.85805209064e-23
8.45699351738  4.12553184982e-23
8.66755083831  4.39967116496e-23
8.88335049333  4.6806358418e-23
9.10452300303  4.96187707562e-23
9.33120213764  5.24243557373e-23
9.5635249979  5.52997925465e-23
9.80163209803  5.82468203141e-23
10.0456674507  6.12354153583e-23
10.295778654  6.4162139964e-23
10.5521169811  6.71608908128e-23
10.8148374712  7.02343028215e-23
11.0840990237  7.33212522604e-23
11.3600644943  7.63429361801e-23
11.6429007931  7.94398522339e-23
11.9327789861  8.2613614771e-23
12.2298743982  8.5572586245e-23
12.5343667197  8.85167499055e-23
12.8464401144  9.15342156456e-23
13.1662833315  9.43306429191e-23
13.4940898196  9.69163804974e-23
13.8300578436  9.95664962705e-23
14.1743906047  1.01988221749e-22
14.5272963631  1.04176237451e-22
14.8889885645  1.064187291e-22
15.2596859686  1.08413220422e-22
15.6396127818  1.10324252292e-22
16.0289987924  1.12254956449e-22
16.4280795102  1.14004282823e-22
16.8370963082  1.15788414097e-22
17.2562965694  1.17515472194e-22
17.6859338356  1.19219413592e-22
18.1262679613  1.20924362843e-22
18.5775652707  1.22566182455e-22
19.0400987189  1.24230586966e-22
19.5141480567  1.25797117847e-22
20  1.27398e-22

