0.02 20000 351
351
0.02  0
0.0208052458838  3.25585068212e-37
0.0216429128143  6.64278938226e-37
0.0225143061372  1.01660940047e-36
0.0234207837545  1.38312549545e-36
0.0243637582402  1.76439836926e-36
0.0253446990421  2.16102216369e-36
0.0263651347711  2.57361494201e-36
0.0274266555837  3.00281965215e-36
0.0285309156595  3.44930512861e-36
0.0296796357794  3.91376713467e-36
0.0308746060066  4.39692944665e-36
0.0321176884767  4.89954498179e-36
0.0334108202989  5.42239697146e-36
0.034756016575  5.96630018176e-36
0.0361553735393  6.53210218313e-36
0.0376110718253  7.12068467113e-36
0.039125379864  7.73296484042e-36
0.0407006574185  8.36989681402e-36
0.0423393592613  9.03247313011e-36
0.0440440389997  9.72172628877e-36
0.0458173530554  1.04387303609e-35
0.0476620648032  1.11846026619e-35
0.0495810488781  1.19605054929e-35
0.0515772956543  2.22880862075e-32
0.0536539159056  5.16159435798e-32
0.0558141456523  8.21246077736e-32
0.0580613512047  1.13861620781e-31
0.060399034408  1.46876438742e-31
0.0628308381003  1.81220509017e-31
0.0653605517882  2.16947350353e-31
0.0679921175528  2.54112636285e-31
0.0707296361925  2.92774281894e-31
0.073577373613  3.32992534052e-31
0.0765397674752  3.7483006531e-31
0.0796214341107  4.1835207156e-31
0.0828271757148  4.63626373629e-31
0.0861619878306  5.10723522968e-31
0.0896310671328  5.59716911588e-31
0.0932398195264  6.10682886435e-31
0.0969938685706  6.63700868356e-31
0.100899064242  1.20450090634e-29
0.10496149205  6.32796922504e-29
0.109187482522  1.16577201325e-28
0.113583621065  1.72020590389e-28
0.118156758232  2.29696257495e-28
0.122914020392  2.89694079278e-28
0.127862820842  3.52107551012e-28
0.133010871351  4.17033932306e-28
0.138366194184  4.84574398665e-28
0.1439371346  5.54834199151e-28
0.149732373859  6.27922820393e-28
0.155760942745  7.03954157206e-28
0.162032235645  7.8304669007e-28
0.168556025186  8.6532366976e-28
0.175342477459  9.50913309412e-28
0.182402167871  1.03994898431e-27
0.189746097615  1.13256943975e-27
0.197385710819  1.22891900722e-27
0.205332912377  7.97512204356e-27
0.213600086503  1.83820918792e-26
0.222200116025  2.92080701959e-26
0.231146402466  4.04699272366e-26
0.240452886923  5.21852124786e-26
0.250134071796  6.43721819816e-26
0.260205043382  7.7049826836e-26
0.270681495389  9.02379027571e-26
0.281579753389  1.03956960871e-25
0.292916800258  1.18228379738e-25
0.304710302644  1.33074398671e-25
0.316978638492  1.48518152385e-25
0.329740925688  1.64583707055e-25
0.343017051845  1.81296097814e-25
0.356827705299  1.98681367765e-25
0.371194407346  2.1676660857e-25
0.386139545777  2.35580002661e-25
0.401686409768  2.5515086716e-25
0.417859226171  2.75509699562e-25
0.434683197266  2.96688225264e-25
0.452184540034  3.18719446999e-25
0.470390527014  3.41637696264e-25
0.489329528798  3.65478686824e-25
0.509031058243  4.46369735833e-25
0.529525816463  5.99458160633e-25
0.550845740668  7.58710276629e-25
0.573024053933  9.2437424817e-25
0.596095316971  1.09670823127e-24
0.62009548199  1.2759807759e-24
0.645061948712  1.46247124446e-24
0.671033622664  1.65647024713e-24
0.698050975792  1.85828009471e-24
0.72615610954  2.06821526975e-24
0.755392820452  2.28660291657e-24
0.785806668419  2.51378335108e-24
0.817445047681  2.75011059107e-24
0.850357260677  2.99595290793e-24
0.884594594874  3.25169340047e-24
0.920210402694  3.51773059196e-24
0.957260184645  3.79447905111e-24
0.995801675818  4.08237003815e-24
1.03589493585  4.72530325061e-24
1.07760244251  5.43591032709e-24
1.12098918907  6.17512807473e-24
1.16612278558  6.94410842481e-24
1.21307356424  7.74404968797e-24
1.26191468896  8.5761984216e-24
1.31272226941  9.44185137235e-24
1.36557547962  1.03423574969e-23
1.42055668132  1.12791200639e-23
1.47775155234  1.2253598841e-23
1.53724922008  1.32673123693e-23
1.59914240042  1.43218403299e-23
1.66352754221  1.54188260055e-23
1.73050497751  1.65599788411e-23
1.80017907801  1.77470771079e-23
1.87265841765  1.89819706743e-23
1.94805594178  2.02665838888e-23
2.02648914321  2.16605597487e-23
2.10808024527  2.32282430246e-23
2.19295639229  2.48590448258e-23
2.2812498477  2.65555064488e-23
2.3730982002  2.83202715087e-23
2.46864457808  3.01560900587e-23
2.56803787234  3.20658228753e-23
2.67143296865  3.40524459163e-23
2.77899098875  3.61190549587e-23
2.89087954149  3.82688704223e-23
3.00727298406  4.04588705694e-23
3.12835269366  4.20132918813e-23
3.25430735015  4.36302977613e-23
3.38533323008  4.53124080077e-23
3.52163451252  4.70622438718e-23
3.6634235973  4.88825321422e-23
3.81092143593  5.07761093944e-23
3.96435787592  5.27459264111e-23
4.123972019  5.41236079278e-23
4.29001259367  5.5355944469e-23
4.46273834281  5.66378977065e-23
4.64241842687  5.79714653224e-23
4.82933284333  5.93587254299e-23
5.02377286302  6.07406009169e-23
5.22604148398  6.17207744272e-23
5.43645390367  6.27404119718e-23
5.6553380101  6.38011024631e-23
5.88303489282  6.49044987871e-23
6.11989937441  6.61089008933e-23
6.36630056345  6.74192131363e-23
6.62262242965  6.87822815564e-23
6.88926440224  7.02002302382e-23
7.16664199237  7.14564695174e-23
7.45518744063  7.26120392141e-23
7.75535039062  7.38141347979e-23
8.06759858961  7.49693215802e-23
8.39241861745  7.58121970704e-23
8.7303166448  7.66890086616e-23
9.08181922194  7.75381628077e-23
9.44747409926  7.82056292208e-23
9.82785108081  7.88999693629e-23
10.2235429123  7.94134962709e-23
10.6351662047  7.97804543198e-23
11.0633623952  8.01108646688e-23
11.5087987467  8.01471721858e-23
11.9721693877  8.01849415268e-23
12.4541963937  7.99735060548e-23
12.9556309128  7.97375760992e-23
13.4772543361  7.93502163953e-23
14.019879515  7.89313020509e-23
14.5843520286  7.84344533444e-23
15.1715515006  7.79163995087e-23
15.7823929704  7.73744609566e-23
16.4178283193  7.6824908878e-23
17.0788477531  7.62640731224e-23
17.7664813458  7.57048207215e-23
18.4818006444  7.42577840083e-23
19.2259203392  7.23162241976e-23
20  7.02964927346e-23
20.8052458838  6.81954422493e-23
21.6429128143  6.60097986512e-23
22.5143061372  6.37361560276e-23
23.4207837545  6.13709713357e-23
24.3637582402  5.98208607508e-23
25.3446990421  5.9555431296e-23
26.3651347711  5.89706561205e-23
27.4266555837  5.83172597042e-23
28.5309156595  5.75677809391e-23
29.6796357794  5.67881264394e-23
30.8746060066  5.56270609733e-23
32.1176884767  5.42858754383e-23
33.4108202989  5.28906906967e-23
34.756016575  5.14393326166e-23
36.1553735393  5.0543581211e-23
37.6110718253  4.97466544448e-23
39.125379864  4.89176415788e-23
40.7006574185  4.80642229987e-23
42.3393592613  4.7188094683e-23
44.0440389997  4.62766914312e-23
45.8173530554  4.53924328004e-23
47.6620648032  4.45502439633e-23
49.5810488781  4.36741466714e-23
51.5772956543  4.2840556494e-23
53.6539159056  4.1994895504e-23
55.8141456523  4.11151862624e-23
58.0613512047  4.02000579086e-23
60.399034408  3.92887090315e-23
62.8308381003  3.85459824124e-23
65.3605517882  3.77733519157e-23
67.9921175528  3.69696135425e-23
70.7296361925  3.62131653053e-23
73.577373613  3.56542756153e-23
76.5397674752  3.50728837441e-23
79.6214341107  3.44680837024e-23
82.8271757148  3.40929179814e-23
86.1619878306  3.37380257373e-23
89.6310671328  3.33688447173e-23
93.2398195264  3.30157216483e-23
96.9938685706  3.26520440378e-23
100.899064242  3.23265690198e-23
104.96149205  3.21717977608e-23
109.187482522  3.20107950559e-23
113.583621065  3.18433100127e-23
118.156758232  3.16690816374e-23
122.914020392  3.15615420175e-23
127.862820842  3.14981703136e-23
133.010871351  3.14322471196e-23
138.366194184  3.13636697065e-23
143.9371346  3.12419143599e-23
149.732373859  3.10934928627e-23
155.760942745  3.09778144047e-23
162.032235645  3.08989104051e-23
168.556025186  3.09026722593e-23
175.342477459  3.09065855744e-23
182.402167871  3.09075039268e-23
189.746097615  3.09021007853e-23
197.385710819  3.0896480101e-23
205.332912377  3.08535824308e-23
213.600086503  3.07900634125e-23
222.200116025  3.07239869728e-23
231.146402466  3.06552501441e-23
240.452886923  3.05837458129e-23
250.134071796  3.05105643498e-23
260.205043382  3.05234606998e-23
270.681495389  3.05368762865e-23
281.579753389  3.05508320155e-23
292.916800258  3.05653496341e-23
304.710302644  3.06199017002e-23
316.978638492  3.07383621865e-23
329.740925688  3.08615921637e-23
343.017051845  3.09897836625e-23
356.827705299  3.11421976782e-23
371.194407346  3.13210277624e-23
386.139545777  3.1507057956e-23
401.686409768  3.17031266567e-23
417.859226171  3.1928878801e-23
434.683197266  3.21637202446e-23
452.184540034  3.24080169435e-23
470.390527014  3.26621495879e-23
489.329528798  3.29265141956e-23
509.031058243  3.31316677571e-23
529.525816463  3.32592224083e-23
550.845740668  3.33919127025e-23
573.024053933  3.35299454123e-23
596.095316971  3.36735356356e-23
620.09548199  3.38743735396e-23
645.061948712  3.409370053e-23
671.033622664  3.43218581283e-23
698.050975792  3.45592018749e-23
726.15610954  3.47558604432e-23
755.392820452  3.49565424808e-23
785.806668419  3.51653044376e-23
817.445047681  3.53317575619e-23
850.357260677  3.54619901208e-23
884.594594874  3.55974661414e-23
920.210402694  3.57736003453e-23
957.260184645  3.59847405095e-23
995.801675818  3.62043816612e-23
1035.89493585  3.62601116863e-23
1077.60244251  3.62970664009e-23
1120.98918907  3.6335508997e-23
1166.12278558  3.63754993803e-23
1213.07356424  3.64170998681e-23
1261.91468896  3.6460375287e-23
1312.72226941  3.65053930736e-23
1365.57547962  3.65522233795e-23
1420.55668132  3.6600939181e-23
1477.75155234  3.66516163924e-23
1537.24922008  3.66968975356e-23
1599.14240042  3.673938128e-23
1663.52754221  3.67835755174e-23
1730.50497751  3.68295491163e-23
1800.17907801  3.68773737177e-23
1872.65841765  3.69271238472e-23
1948.05594178  3.69788770312e-23
2026.48914321  3.70140575944e-23
2108.08024527  3.7012597405e-23
2192.95639229  3.7011078425e-23
2281.2498477  3.70094982873e-23
2373.0982002  3.70078545297e-23
2468.64457808  3.70061445907e-23
2568.03787234  3.70043658056e-23
2671.43296865  3.70025154025e-23
2778.99098875  3.7000590498e-23
2890.87954149  3.69985880923e-23
3007.27298406  3.69937689003e-23
3128.35269366  3.69460506809e-23
3254.30735015  3.68964112165e-23
3385.33323008  3.68447731534e-23
3521.63451252  3.67910560234e-23
3663.4235973  3.67351761185e-23
3810.92143593  3.66770463604e-23
3964.35787592  3.6616576165e-23
4123.972019  3.65536713007e-23
4290.01259367  3.64882337422e-23
4462.73834281  3.64201615176e-23
4642.41842687  3.6349348549e-23
4829.33284333  3.62756844878e-23
5023.77286302  3.62052422572e-23
5226.04148398  3.61781744601e-23
5436.45390367  3.61500168513e-23
5655.3380101  3.61207255526e-23
5883.03489282  3.60902549191e-23
6119.89937441  3.60585574679e-23
6366.30056345  3.60255838046e-23
6622.62242965  3.5991282546e-23
6889.26440224  3.595560024e-23
7166.64199237  3.59259146841e-23
7455.18744063  3.59001723829e-23
7755.35039062  3.58733936375e-23
8067.59858961  3.58455367185e-23
8392.41861745  3.58165582159e-23
8730.3166448  3.57864129724e-23
9081.81922194  3.57550540122e-23
9447.47409926  3.57224324683e-23
9827.85108081  3.56884975062e-23
10223.5429123  3.56668986531e-23
10635.1662047  3.56554071678e-23
11063.3623952  3.56434530089e-23
11508.7987467  3.56310175482e-23
11972.1693877  3.56180814073e-23
12454.1963937  3.56046244277e-23
12955.6309128  3.55906256392e-23
13477.2543361  3.55760632274e-23
14019.879515  3.55609144995e-23
14584.3520286  3.5545155849e-23
15171.5515006  3.55287627192e-23
15782.3929704  3.55117095643e-23
16417.8283193  3.54939698102e-23
17078.8477531  3.5475515813e-23
17766.4813458  3.54563188155e-23
18481.8006444  3.54363489028e-23
19225.9203392  3.54155749556e-23
20000  3.53939646017e-23

