0.001 20 251
251
0.001  4.9833e-60
0.00104040904696  4.16829421655e-40
0.001082450985  8.50502522984e-40
0.00112619179768  1.30169994103e-39
0.00117170013492  1.77112981673e-39
0.00121904742069  2.25952890632e-39
0.00126830796516  2.76766373766e-39
0.00131955908129  3.29633181326e-39
0.00137288120617  3.84636286195e-39
0.0014283580273  4.41862014112e-39
0.0014860766139  5.01400179156e-39
0.00154612755358  5.63344224707e-39
0.0016086050945  6.27791370103e-39
0.0016736072933  6.94842763224e-39
0.00174123616901  7.64603639238e-39
0.00181159786313  8.37183485768e-39
0.00188480280626  9.12696214724e-39
0.00196096589137  9.9126034109e-39
0.00204020665416  1.07299916893e-38
0.00212264946065  1.1580409849e-38
0.00220842370239  1.24651925961e-38
0.00229766399949  1.33857285707e-38
0.00239051041194  1.43434625268e-38
0.00248710865943  1.53398975992e-38
0.00258761035005  1.63765976633e-38
0.0026921732182  1.7455189789e-38
0.0028009613722  1.85773667945e-38
0.00291414555182  1.97448899034e-38
0.00303190339627  2.09595915084e-38
0.00315441972299  2.22233780476e-38
0.00328188681771  2.35382329963e-38
0.00341450473624  2.49062199805e-38
0.00355248161847  2.6329486015e-38
0.00369603401502  2.78102648734e-38
0.0038453872271  2.93508805943e-38
0.00400077566014  3.09537511282e-38
0.00416244319166  3.26213921328e-38
0.00433064355406  3.43564209211e-38
0.00450564073281  3.61615605691e-38
0.00468770938077  3.80396441899e-38
0.00487713524927  3.999361938e-38
0.00507421563659  6.98627194584e-35
0.00527925985453  2.62766627635e-34
0.00549258971391  4.63465598895e-34
0.00571454002959  6.7227462431e-34
0.005945459146  8.89521423439e-34
0.00618570948383  1.11554695868e-33
0.00643566810884  1.35070597038e-33
0.00669572732367  1.59536753363e-33
0.00696629528353  1.84991563748e-33
0.00724779663678  2.11474978761e-33
0.00754067319143  2.39028563335e-33
0.00784538460853  2.67695562002e-33
0.0081624091236  2.97520966765e-33
0.00849224429718  3.28551587709e-33
0.00883540779578  3.60836126472e-33
0.00919243820431  3.94425252678e-33
0.00956389587139  4.29371683462e-33
0.00995036378878  5.62589630325e-33
0.0103524485064  5.65263366266e-32
0.0107707810842  1.18035950877e-31
0.0112060180829  1.82031110018e-31
0.0116588425938  2.48612252549e-31
0.0121299653117  3.17883875597e-31
0.0126201256496  3.89954698912e-31
0.0131300928996  4.64937835512e-31
0.0136606674402  5.429509692e-31
0.0142126819923  6.2411653927e-31
0.0147870029263  7.08561932673e-31
0.015384531622  1.78958365042e-30
0.0160062058827  3.48664496766e-30
0.0166530014079  5.25228291536e-30
0.0173259333238  7.0892686098e-30
0.0180260577771  9.00048514543e-30
0.0187544735924  1.09889321198e-29
0.0195123239965  1.30577303413e-29
0.0203007984131  1.99026950726e-29
0.0211211343295  3.49396164874e-29
0.0219746192385  5.05841655659e-29
0.0228625926593  6.68608959627e-29
0.0237864482397  8.37953535225e-29
0.0247476359436  1.01414116373e-28
0.0257476643266  1.58168652178e-28
0.0267881029035  2.30710110635e-28
0.0278705846117  3.06182900294e-28
0.028996808374  3.84705473455e-28
0.0301685417653  4.88057258827e-28
0.0313876237862  7.14454801496e-28
0.0326559677498  9.5192684179e-28
0.0339755642841  1.19899490091e-27
0.0353484844568  1.53023595028e-27
0.0367768830251  2.10165982303e-27
0.0382630018183  2.69619650745e-27
0.0398091732557  3.32416691537e-27
0.0414178240072  4.42568617804e-27
0.0430914788025  5.64695208216e-27
0.044832764393  6.93862938261e-27
0.0466444136747  8.99197946768e-27
0.0485292699773  1.12298316586e-26
0.0504902915267  1.38459476536e-26
0.0525305560881  1.74652065002e-26
0.0546532657959  2.12450241606e-26
0.0568617521799  2.64679859619e-26
0.059159481394  3.21723285088e-26
0.0615500596558  3.93751268999e-26
0.0640372389068  4.75843107359e-26
0.066624922701  5.7605199463e-26
0.0693171723311  6.89435431562e-26
0.072118213203  8.28277776587e-26
0.075032441467  9.81902460777e-26
0.0780644309178  1.16923984496e-25
0.0812189401726  1.37922642064e-25
0.0845009201401  1.61988935005e-25
0.0879155217902  1.90160355561e-25
0.0914681042388  2.21716905813e-25
0.0951642431583  2.57322880362e-25
0.099009739529  2.98053788274e-25
0.103010628743  3.45497297762e-25
0.107173190077  3.96526137159e-25
0.111503956548  4.52704626117e-25
0.116009725165  5.17191186555e-25
0.120697567597  5.85704572954e-25
0.125574841273  6.64573404742e-25
0.130649200932  7.47981981349e-25
0.135928610627  8.42203914962e-25
0.141421356237  9.42471978653e-25
0.147136058463  1.05300564278e-24
0.153081686359  1.17182110526e-24
0.159267571411  1.29925408861e-24
0.165703422184  1.43750798761e-24
0.172399339552  1.58426517295e-24
0.17936583256  1.74078798663e-24
0.186613834911  1.9076134481e-24
0.194154722129  2.08368525337e-24
0.202000329413  2.26934005684e-24
0.210162970211  2.46496574407e-24
0.218655455543  2.66849664755e-24
0.227491114114  2.88025204086e-24
0.236683813228  3.10056426781e-24
0.246247980551  3.32977910188e-24
0.256198626761  3.56152458029e-24
0.266551369101  3.79839532502e-24
0.277322455892  4.04483779081e-24
0.288528792035  4.30123876177e-24
0.300187965542  4.56594262139e-24
0.312318275138  4.81615073068e-24
0.324938758985  5.07479492664e-24
0.338069224556  5.34389068805e-24
0.351730279727  5.61836551469e-24
0.365943365117  5.87069322277e-24
0.380730787743  6.13251932778e-24
0.396115756024  6.4049213764e-24
0.412122416211  6.65512408101e-24
0.428775890281  6.90435997395e-24
0.446102315367  7.16360887211e-24
0.464128884777  7.39830022425e-24
0.482883890678  7.63232518788e-24
0.502396768493  7.87150670108e-24
0.522698143103  8.09131457853e-24
0.543819876914  8.3021135291e-24
0.565795119858  8.50359881117e-24
0.588658361426  8.69553701599e-24
0.612445484796  8.87788545037e-24
0.637193823152  9.05058623593e-24
0.662942218274  9.21276733482e-24
0.689731081504  9.3647018739e-24
0.717602457167  9.50745431933e-24
0.746600088557  9.64066918027e-24
0.776769486596  9.7654487026e-24
0.808158001257  9.88249773057e-24
0.840814895881  9.99344888572e-24
0.874791424493  1.01000751439e-23
0.910140912246  1.02044086455e-23
0.946918839109  1.03097186915e-23
0.985182926946  1.04203191064e-23
1.02499323011  1.05408000547e-23
1.06641222967  1.0678832226e-23
1.10950493154  1.08429943922e-23
1.15433896842  1.10465786132e-23
1.20098470601  1.13049057688e-23
1.24951535339  1.16424437124e-23
1.30000707798  1.20902209624e-23
1.35253912504  1.2692108479e-23
1.40719394206  1.3517194083e-23
1.46405730815  1.46251260541e-23
1.52321846867  1.6076613609e-23
1.5847702753  1.78519736389e-23
1.64880933177  1.97645545564e-23
1.71543614549  2.13280282451e-23
1.78475528525  2.19303141491e-23
1.85687554538  2.13884181777e-23
1.9319101165  2.01315485635e-23
2.00997676312  1.8675326566e-23
2.09119800853  1.73406167587e-23
2.17570132706  1.62486616401e-23
2.26361934415  1.54147062736e-23
2.35509004453  1.47963177691e-23
2.45025698873  1.43509774058e-23
2.54926953846  1.4177e-23
2.65228309095  1.4177e-23
2.75945932292  1.4177e-23
2.87096644429  1.4177e-23
2.98697946215  1.4177e-23
3.10768045551  1.4177e-23
3.23325886097  1.4177e-23
3.36391177012  1.4177e-23
3.49984423881  1.4177e-23
3.64126960901  1.4177e-23
3.78840984363  1.4177e-23
3.94149587491  1.4177e-23
4.10076796681  1.4177e-23
4.26647609215  1.4177e-23
4.43888032492  1.4177e-23
4.61825124841  1.4177e-23
4.80487037999  1.4177e-23
4.99903061281  1.4177e-23
5.2010366756  1.4177e-23
5.41120561086  1.4177e-23
5.6298672725  1.4177e-23
5.85736484349  1.4177e-23
6.09405537452  1.4177e-23
6.34031034432  1.4177e-23
6.59651624277  1.4177e-23
6.8630751774  1.4177e-23
7.14040550453  1.4177e-23
7.42894248588  1.4177e-23
7.72913897165  1.4177e-23
8.04146611132  1.4177e-23
8.36641409304  1.4177e-23
8.70449291301  1.4177e-23
9.0562331759  1.4177e-23
9.42218692758  1.4177e-23
9.80292852161  1.4177e-23
10.1990555206  1.4177e-23
10.6111896341  1.4177e-23
11.0399776943  1.4177e-23
11.4860926714  1.4177e-23
11.9502347295  1.4177e-23
12.4331323259  1.4177e-23
12.9355433539  1.4177e-23
13.4582563327  1.4177e-23
14.0020916449  1.4177e-23
14.5679028237  1.4177e-23
15.156577893  1.4177e-23
15.7690407609  1.4177e-23
16.4062526695  1.4177e-23
17.069213704  1.4177e-23
17.7589643622  1.4177e-23
18.4765871871  1.4177e-23
19.2232084664  1.4177e-23
20  1.4177e-23

