0.2 20 151
151
0.2  0
0.206235454919  1.38029692866e-41
0.212665314327  2.80362775369e-41
0.219295639229  4.27133415469e-41
0.22613267959  5.78479964117e-41
0.233182880236  7.34545085671e-41
0.240452886923  8.95475892375e-41
0.247949552606  1.06142408303e-40
0.255679943893  1.23254608599e-40
0.263651347711  1.40900320663e-40
0.271871278176  1.59096177937e-40
0.280347483669  1.7785933245e-40
0.289087954149  1.97207470983e-40
0.298100928677  2.17158831745e-40
0.307394903187  2.37732221559e-40
0.316978638492  2.58947033597e-40
0.326861168545  2.80823265655e-40
0.33705180895  3.03381539007e-40
0.34756016575  3.26643117842e-40
0.358396144475  3.50629929307e-40
0.369569959484  3.7536458418e-40
0.381092143593  4.00870398181e-40
0.392973557999  4.27171413947e-40
0.405225402524  4.54292423705e-40
0.417859226171  4.82258992631e-40
0.430886938006  5.11097482956e-40
0.444320818391  5.40835078812e-40
0.458173530554  5.71499811861e-40
0.472458132527  6.03120587712e-40
0.487188089458  6.35727213174e-40
0.502377286302  4.2507279674e-35
0.518040040906  3.02542228549e-34
0.534191117512  5.73404806375e-34
0.550845740668  8.52712141167e-34
0.568019609583  1.14072751743e-33
0.585728912925  1.43772242817e-33
0.60399034408  1.74397683079e-33
0.622821116889  2.05977941102e-33
0.642238981873  2.38542785501e-33
0.662262242965  2.72122912996e-33
0.682909774767  3.06749977346e-33
0.704201040337  3.42456619191e-33
0.72615610954  3.79276496812e-33
0.748795677965  4.17244317869e-33
0.772141086431  4.56395872109e-33
0.796214341107  4.96768065106e-33
0.821038134255  5.3839895305e-33
0.846635865618  5.81327778619e-33
0.87303166448  6.2559500797e-33
0.900250412412  6.71242368887e-33
0.928317766723  7.18312890109e-33
0.957260184645  7.66850941897e-33
0.987104948279  8.16902277854e-33
1.0178801903  1.04303300747e-29
1.0496149205  2.89277621804e-29
1.08233905309  4.80018938061e-29
1.11608343495  6.76707048711e-29
1.15087987467  8.79527358595e-29
1.18676117255  1.08867105297e-28
1.2237611515  1.30433527774e-28
1.26191468896  1.52672332527e-28
1.30125774973  1.75604482601e-28
1.34182741991  1.99251594616e-28
1.38366194184  2.23635959135e-28
1.42680075014  2.48780561683e-28
1.47128450892  2.74709104409e-28
1.51715515006  3.01446028431e-28
1.56445591277  3.29016536875e-28
1.61323138435  3.57446618632e-28
1.66352754221  3.86763072854e-28
1.71539179718  4.1699353422e-28
1.76887303828  4.4816649898e-28
1.82402167871  4.80311351823e-28
1.88088970345  5.1345839357e-28
1.93953071822  5.47638869739e-28
2  8.3708551807e-28
2.06235454919  4.6465637066e-27
2.12665314327  8.83693684009e-27
2.19295639229  1.31579543874e-26
2.2613267959  1.76136894853e-26
2.33182880236  2.22083422599e-26
2.40452886923  2.69462437857e-26
2.47949552606  3.18318601683e-26
2.55679943893  3.68697967545e-26
2.63651347711  4.2064802473e-26
2.71871278176  4.74217743113e-26
2.80347483669  5.29457619316e-26
2.89087954149  5.86419724308e-26
2.98100928677  6.46986253717e-26
3.07394903187  1.34001902532e-25
3.16978638492  2.22451402255e-25
3.26861168545  3.13658516319e-25
3.3705180895  4.07709219624e-25
3.4756016575  5.0469216753e-25
3.58396144475  6.04698779435e-25
3.69569959484  7.0782332494e-25
3.81092143593  8.14163012717e-25
3.92973557999  9.23818082141e-25
4.05225402524  1.2362092028e-24
4.17859226171  1.83471183576e-24
4.30886938006  2.45187414965e-24
4.44320818391  3.08827790248e-24
4.58173530554  3.74452298985e-24
4.72458132527  4.42122801052e-24
4.87188089458  5.11903084944e-24
5.02377286302  6.0226245273e-24
5.18040040906  7.89045560003e-24
5.34191117512  9.82829891864e-24
5.50845740668  1.18265589105e-23
5.68019609583  1.38871192029e-23
5.85728912925  1.60119221492e-23
6.0399034408  1.83771658704e-23
6.22821116889  2.14509568514e-23
6.42238981873  2.46219524568e-23
6.62262242965  2.78918110629e-23
6.82909774767  3.12636149487e-23
7.04201040337  3.46982547459e-23
7.2615610954  3.80675795745e-23
7.48795677965  4.15411232788e-23
7.72141086431  4.51229626089e-23
7.96214341107  4.88106780825e-23
8.21038134255  5.21290175804e-23
8.46635865618  5.5452780607e-23
8.7303166448  5.88801695061e-23
9.00250412412  6.23706577592e-23
9.28317766723  6.54063819066e-23
9.57260184645  6.84975797471e-23
9.87104948279  7.16851527114e-23
10.178801903  7.471021079e-23
10.496149205  7.76348168819e-23
10.8233905309  8.0650604221e-23
11.1608343495  8.36417857823e-23
11.5087987467  8.65918975346e-23
11.8676117255  8.96339857312e-23
12.237611515  9.25831573276e-23
12.6191468896  9.55164012873e-23
13.0125774973  9.85038277022e-23
13.4182741991  1.01177236307e-22
13.8366194184  1.03910536632e-22
14.2680075014  1.06392543593e-22
14.7128450892  1.08740396381e-22
15.1715515006  1.10983549914e-22
15.6445591277  1.12989575261e-22
16.1323138435  1.14963406298e-22
16.6352754221  1.16736345863e-22
17.1539179718  1.18493758584e-22
17.6887303828  1.20132958623e-22
18.2402167871  1.21748316815e-22
18.8088970345  1.23313893536e-22
19.3953071822  1.24830639799e-22
20  1.26346e-22

