0.5 20 151
151
0.5  0
0.512448710082  1.31036367198e-37
0.52520736093  2.65335201886e-37
0.538283669269  4.02977731089e-37
0.55168554395  5.44047204175e-37
0.565421090737  6.88628943204e-37
0.579498617203  8.36810394538e-37
0.59392663776  9.88681181727e-37
0.608713878807  1.14433315971e-36
0.623869284008  1.3038604704e-36
0.6394020197  1.46735959956e-36
0.655321480438  1.63492943524e-36
0.67163729468  1.80667132753e-36
0.688359330604  1.98268914987e-36
0.705497702082  2.16308936189e-36
0.723062774796  2.34798107378e-36
0.741065172505  2.53747611231e-36
0.759515783475  2.73168908843e-36
0.778425767058  2.93073746662e-36
0.797806560447  3.13474163592e-36
0.817669885593  3.34382498274e-36
0.83802775629  3.55811396549e-36
0.858892485448  3.77773819108e-36
0.880276692535  4.00283049329e-36
0.90219331121  4.23352701312e-36
0.924655597149  4.46996728115e-36
0.947677136058  4.71229430186e-36
0.971271851895  4.96065464024e-36
0.995454015286  1.03831388789e-33
1.02023825216  1.785982401e-31
1.04563955259  4.02752669515e-31
1.07167327987  6.3248796594e-31
1.0983551798  8.67943078567e-31
1.1257013902  1.10926041606e-30
1.15372845069  1.3565859327e-30
1.18245331269  1.61006921665e-30
1.21189334964  1.86986358042e-30
1.24206636756  2.13612615362e-30
1.27299061578  2.40901797799e-30
1.30468479801  2.68870410476e-30
1.33716808361  2.97535369454e-30
1.37046011922  3.2691401196e-30
1.40458104063  3.57024106873e-30
1.43955148495  3.8788386547e-30
1.47539260312  4.19511952442e-30
1.51212607267  4.51927497186e-30
1.54977411084  4.85150105366e-30
1.58835948804  5.19199870781e-30
1.62790554158  5.54097387512e-30
1.66843618984  5.8986376238e-30
1.70997594668  6.26520627711e-30
1.75254993629  6.6409015442e-30
1.79618390842  7.02595065421e-30
1.84090425388  7.4205864937e-30
1.88673802057  7.82504774749e-30
1.93371292981  8.23957904306e-30
1.9818573931  8.66443109846e-30
2.03120052932  1.37750280873e-28
2.08177218234  3.46720719181e-28
2.13360293905  5.60893982293e-28
2.18672414789  7.80399607125e-28
2.24116793778  1.00537035573e-27
2.29696723759  1.23594229558e-27
2.35415579601  1.4722548819e-27
2.41276820199  1.71445104197e-27
2.47283990568  1.9626772616e-27
2.53440723981  2.21708367372e-27
2.59750744173  2.47782414917e-27
2.66217867588  2.74505638979e-27
2.72846005693  3.01894202379e-27
2.79639167337  3.2996467035e-27
2.86601461181  3.58734020556e-27
2.9373709818  3.88219653362e-27
3.01050394131  5.49098326497e-27
3.08545772284  1.42540577758e-26
3.16227766017  2.33449299271e-26
3.24101021575  3.26621413421e-26
3.32170300885  4.22113272844e-26
3.40440484432  5.19982633213e-26
3.48916574214  6.20288688169e-26
3.57603696765  7.2309210512e-26
3.66507106256  8.28455061938e-26
3.75632187674  9.36441284561e-26
3.84984460077  1.04711608554e-25
3.94569579937  1.16054640354e-25
4.04393344553  1.62775833635e-25
4.14461695564  2.55120634755e-25
4.2478072254  3.49764583189e-25
4.35356666667  4.46764921773e-25
4.46195924519  5.46180318543e-25
4.57305051927  6.48070902217e-25
4.68690767949  7.52498298563e-25
4.80359958925  8.59525667673e-25
4.92319682653  9.69217742161e-25
5.04577172647  1.26400508243e-24
5.1713984252  1.87975052731e-24
5.30015290463  2.51082644525e-24
5.43211303844  3.15761452547e-24
5.56735863914  3.82050596028e-24
5.70597150638  4.49990168167e-24
5.84803547643  5.1962126038e-24
5.99363647282  5.93516978725e-24
6.1428625584  7.19697618026e-24
6.29580398853  8.54150723375e-24
6.4525532657  9.9195136418e-24
6.6132051955  1.13318288544e-23
6.77785694388  1.27793070722e-23
6.94660809603  1.42628237634e-23
7.11956071652  1.61284420036e-23
7.29681941106  1.81984867643e-23
7.47849138981  2.03200702993e-23
7.66468653214  2.24944757909e-23
7.85551745316  2.47230183697e-23
8.0510995718  2.70996945431e-23
8.25155118063  2.9804027288e-23
8.45699351738  3.25756909417e-23
8.66755083831  3.54163618698e-23
8.88335049333  3.83277581756e-23
9.10452300303  4.13862388058e-23
9.33120213764  4.46061932449e-23
9.5635249979  4.79063162427e-23
9.80163209803  5.12886037893e-23
10.0456674507  5.47374427064e-23
10.295778654  5.81964863836e-23
10.5521169811  6.1741184038e-23
10.8148374712  6.53741355193e-23
11.0840990237  6.89934908078e-23
11.3600644943  7.24681720474e-23
11.6429007931  7.60293638858e-23
11.9327789861  7.96788179862e-23
12.2298743982  8.29623835583e-23
12.5343667197  8.61901544118e-23
12.8464401144  8.94982884325e-23
13.1662833315  9.25226305599e-23
13.4940898196  9.52757133503e-23
13.8300578436  9.80973407997e-23
14.1743906047  1.00694307542e-22
14.5272963631  1.03061387626e-22
14.8889885645  1.05487401898e-22
15.2596859686  1.07718442485e-22
15.6396127818  1.09893143563e-22
16.0289987924  1.12098468265e-22
16.4280795102  1.14165318352e-22
16.8370963082  1.16276254047e-22
17.2562965694  1.18318774614e-22
17.6859338356  1.20333343755e-22
18.1262679613  1.22332537398e-22
18.5775652707  1.24214447179e-22
19.0400987189  1.26114146834e-22
19.5141480567  1.27839786705e-22
20  1.29601e-22

