3.337123 20 101
101
3.337123  5.303677236e-23
3.39741650288  5.25114336427e-23
3.45879935922  5.19371100361e-23
3.52129125093  5.13380037033e-23
3.58491221551  5.07075130796e-23
3.6496826525  5.0051733771e-23
3.71562333001  4.93777638559e-23
3.78275539135  4.86849643612e-23
3.85110036188  4.79796442654e-23
3.92068015584  4.72634420057e-23
3.99151708342  4.65397154135e-23
4.0636338579  4.58468420114e-23
4.1370536029  4.51486202364e-23
4.21179985988  4.44377833325e-23
4.2878965956  4.37141033758e-23
4.36536820985  4.29773483244e-23
4.44423954325  4.22272819437e-23
4.52453588525  4.1505423808e-23
4.60628298221  4.08671424749e-23
4.68950704565  4.02173289876e-23
4.77423476068  3.95557749886e-23
4.86049329454  3.88822683562e-23
4.94831030532  3.8196593136e-23
5.03771395082  3.75240995307e-23
5.12873289756  3.68751344404e-23
5.22139633002  3.62144441669e-23
5.31573395997  3.55418168654e-23
5.41177603599  3.48826771198e-23
5.50955335316  3.43978172067e-23
5.60909726298  3.41528237088e-23
5.71043968338  3.39710048302e-23
5.81361310897  3.38066739007e-23
5.91865062144  3.36368753463e-23
6.02558590021  3.34625071507e-23
6.1344532332  3.33131301641e-23
6.24528752779  3.31449884395e-23
6.35812432211  3.29501192957e-23
6.47299979632  3.27505521464e-23
6.58995078431  3.26521765784e-23
6.70901478543  3.25584984425e-23
6.83022997657  3.24547491944e-23
6.95363522437  3.23341215682e-23
7.07927009772  3.22285230177e-23
7.20717488038  3.2131264221e-23
7.33739058398  3.20322481999e-23
7.46995896108  3.19313783976e-23
7.60492251866  3.17719489117e-23
7.74232453165  3.159299653e-23
7.88220905687  3.14108109243e-23
8.02462094714  3.12364242663e-23
8.16960586565  3.11099785816e-23
8.31721030061  3.09816808067e-23
8.46748158016  3.08509547191e-23
8.62046788754  3.06631077683e-23
8.77621827655  3.04566450526e-23
8.93478268726  3.02464520698e-23
9.09621196202  3.00648463696e-23
9.26055786181  2.99023082747e-23
9.42787308278  2.97368335211e-23
9.59821127316  2.95375307111e-23
9.77162705048  2.93115699532e-23
9.94817601907  2.90815266471e-23
10.1279147879  2.88754682847e-23
10.3109009887  2.86772942292e-23
10.4971932946  2.84740968448e-23
10.6868514385  2.82447280965e-23
10.8799362328  2.80093577323e-23
11.0765095885  2.77868729595e-23
11.2766345353  2.75877486374e-23
11.4803752415  2.73852313777e-23
11.687797035  2.71861538316e-23
11.8989664238  2.69844870653e-23
12.1139511176  2.68015111017e-23
12.3328200495  2.66353895824e-23
12.555643398  2.64662666609e-23
12.7824926095  2.62940881094e-23
13.0134404215  2.61221694727e-23
13.2485608853  2.59778749817e-23
13.4879293904  2.58323389306e-23
13.7316226884  2.56841734055e-23
13.9797189174  2.55343392897e-23
14.2322976275  2.54113555198e-23
14.489439806  2.52899844116e-23
14.7512279033  2.51664204296e-23
15.0177458597  2.50442347436e-23
15.2890791319  2.49510021743e-23
15.5653147206  2.48573583097e-23
15.8465411986  2.47620225337e-23
16.1328487388  2.46806935682e-23
16.4243291433  2.4616392991e-23
16.7210758729  2.45509306624e-23
17.023184077  2.44876050329e-23
17.3307506241  2.44499745256e-23
17.6438741328  2.44126502034e-23
17.9626550035  2.43750470904e-23
18.2871954509  2.43546914457e-23
18.617599536  2.43368496251e-23
18.9539732001  2.43186712646e-23
19.2964242988  2.4299303815e-23
19.6450626361  2.42794314297e-23
20  2.42592e-23

