0.5 20 151
151
0.5  0
0.512448710082  9.54935570931e-42
0.52520736093  1.933646574e-41
0.538283669269  2.93672495614e-41
0.55168554395  3.96477740221e-41
0.565421090737  5.01842570198e-41
0.579498617203  6.09830712618e-41
0.59392663776  7.20507481192e-41
0.608713878807  8.33939815776e-41
0.623869284008  9.50196322855e-41
0.6394020197  1.06934731704e-40
0.655321480438  1.19146486358e-40
0.67163729468  1.316622822e-40
0.688359330604  1.44489689069e-40
0.705497702082  1.57636465276e-40
0.723062774796  1.71110562295e-40
0.741065172505  1.84920129568e-40
0.759515783475  1.9907351944e-40
0.778425767058  2.13579292207e-40
0.797806560447  2.28446221293e-40
0.817669885593  2.43683298558e-40
0.83802775629  2.59299739739e-40
0.858892485448  2.75304990017e-40
0.880276692535  2.91708729736e-40
0.90219331121  3.08520880256e-40
0.924655597149  3.2575160995e-40
0.947677136058  3.43411340362e-40
0.971271851895  3.61510752502e-40
0.995454015286  3.42409902218e-36
1.02023825216  5.91861988707e-34
1.04563955259  1.33471538971e-33
1.07167327987  2.09606392396e-33
1.0983551798  2.87636807255e-33
1.1257013902  3.67609978139e-33
1.15372845069  4.49574274661e-33
1.18245331269  5.33579270711e-33
1.21189334964  6.19675774444e-33
1.24206636756  7.07915859006e-33
1.27299061578  7.98352894028e-33
1.30468479801  8.91041577909e-33
1.33716808361  9.86037970897e-33
1.37046011922  1.083399529e-32
1.40458104063  1.18318513871e-32
1.43955148495  1.28545515268e-32
1.47539260312  1.39027142616e-32
1.51212607267  1.49769735444e-32
1.54977411084  1.60779791119e-32
1.58835948804  1.72063968777e-32
1.62790554158  1.83629093347e-32
1.66843618984  1.95482159682e-32
1.70997594668  2.0763033679e-32
1.75254993629  2.20080972168e-32
1.79618390842  2.32841596246e-32
1.84090425388  2.45919926944e-32
1.88673802057  2.59323874336e-32
1.93371292981  2.73061545438e-32
1.9818573931  2.87141249109e-32
2.03120052932  1.97860869655e-30
2.08177218234  5.13825251619e-30
2.13360293905  8.37656331559e-30
2.18672414789  1.16954996996e-29
2.24116793778  1.50970690372e-29
2.29696723759  1.85833286759e-29
2.35415579601  2.21563871856e-29
2.41276820199  2.58184056342e-29
2.47283990568  2.95715988949e-29
2.53440723981  3.34182369851e-29
2.59750744173  3.73606464401e-29
2.66217867588  4.14012117197e-29
2.72846005693  4.55423766508e-29
2.79639167337  4.97866459051e-29
2.86601461181  5.41365865144e-29
2.9373709818  5.85948294227e-29
3.01050394131  1.17530737267e-28
3.08545772284  4.73954449559e-28
3.16227766017  8.43813425211e-28
3.24101021575  1.22288093518e-27
3.32170300885  1.61138624822e-27
3.40440484432  2.00956434127e-27
3.48916574214  2.4176560416e-27
3.57603696765  2.83590817247e-27
3.66507106256  3.26457370237e-27
3.75632187674  3.70391189808e-27
3.84984460077  4.15418848144e-27
3.94569579937  4.61567579008e-27
4.04393344553  8.37538639556e-27
4.14461695564  1.63924387562e-26
4.2478072254  2.4609095038e-26
4.35356666667  3.30303248635e-26
4.46195924519  4.16612215864e-26
4.57305051927  5.05070053713e-26
4.68690767949  5.95730263518e-26
4.80359958925  6.88647678659e-26
4.92319682653  7.83878497725e-26
5.04577172647  1.10038924402e-25
5.1713984252  1.80124627479e-25
5.30015290463  2.51955283753e-25
5.43211303844  3.25574338056e-25
5.56735863914  4.01026316887e-25
5.70597150638  4.78356855336e-25
5.84803547643  5.57612724693e-25
5.99363647282  6.50005519706e-25
6.1428625584  9.67201169797e-25
6.29580398853  1.31492544063e-24
6.4525532657  1.67130714873e-24
6.6132051955  2.03656184196e-24
6.77785694388  2.41091043476e-24
6.94660809603  2.79457934176e-24
7.11956071652  3.65327104858e-24
7.29681941106  4.74638110318e-24
7.47849138981  5.86670677809e-24
7.66468653214  7.01492567205e-24
7.85551745316  8.19173225425e-24
8.0510995718  9.66605124983e-24
8.25155118063  1.19543226265e-23
8.45699351738  1.42995660571e-23
8.66755083831  1.67031999988e-23
8.88335049333  1.91666782247e-23
9.10452300303  2.20281822908e-23
9.33120213764  2.53460394482e-23
9.5635249979  2.87465026893e-23
9.80163209803  3.22316286924e-23
10.0456674507  3.57958045699e-23
10.295778654  3.94156382589e-23
10.5521169811  4.31253921621e-23
10.8148374712  4.6927509367e-23
11.0840990237  5.07080225811e-23
11.3600644943  5.43203002043e-23
11.6429007931  5.80225142212e-23
11.9327789861  6.18166675335e-23
12.2298743982  6.54369740878e-23
12.5343667197  6.90666169521e-23
12.8464401144  7.27866285599e-23
13.1662833315  7.64579479589e-23
13.4940898196  8.00869264075e-23
13.8300578436  8.38062570573e-23
14.1743906047  8.74951429221e-23
14.5272963631  9.11529793471e-23
14.8889885645  9.49018864624e-23
15.2596859686  9.85199136342e-23
15.6396127818  1.0212978445e-22
16.0289987924  1.05781090957e-22
16.4280795102  1.09125039274e-22
16.8370963082  1.12537057403e-22
17.2562965694  1.15713911567e-22
17.6859338356  1.18761328696e-22
18.1262679613  1.21753426238e-22
18.5775652707  1.24485580149e-22
19.0400987189  1.2724645347e-22
19.5141480567  1.29776725217e-22
20  1.3236e-22

