1 20 101
101
1  0
1.03041055791  4.56094506497e-35
1.06174591785  9.26059101397e-35
1.09403420358  1.41031558183e-34
1.12730439408  1.909298572e-34
1.16158634964  2.42345591329e-34
1.1969108386  2.95324906618e-34
1.23330956497  3.49915352443e-34
1.27081519692  4.06165924183e-34
1.30946139606  4.64127107191e-34
1.34928284767  5.23850922112e-34
1.39031529185  5.85390971566e-34
1.43259555555  6.48802488257e-34
1.47616158565  7.14142384549e-34
1.52105248304  7.81469303541e-34
1.56730853766  8.50843671702e-34
1.61497126471  9.22327753103e-34
1.66408344188  9.95985705302e-34
1.71468914776  1.07188363692e-33
1.76683380139  1.15008966699e-33
1.82056420303  1.23067398606e-33
1.87592857615  1.31370891923e-33
1.93297661076  1.39926899105e-33
1.99175950792  7.27779906946e-33
2.05233002578  3.74218839701e-31
2.11474252688  8.18750019531e-31
2.17905302696  1.27679964055e-30
2.24531924523  1.74877880609e-30
2.31360065617  2.23511112138e-30
2.3839585429  2.73623307371e-30
2.45645605223  3.25259442419e-30
2.53115825126  3.78465861143e-30
2.60813218585  4.33290316744e-30
2.68744694072  4.89782014627e-30
2.76917370155  5.4799165656e-30
2.85338581877  6.0797148618e-30
2.94015887345  6.69775335882e-30
3.02957074514  3.52231870374e-29
3.12170168173  1.22769414595e-28
3.21663437151  2.12977971776e-28
3.31445401734  3.05929821509e-28
3.41524841318  4.01708388851e-28
3.51910802283  5.00399635862e-28
3.62612606115  6.02092138756e-28
3.73639857773  7.06877167398e-28
3.85002454306  8.14848767221e-28
3.96710593738  9.26103843634e-28
4.08774784223  3.0468686901e-27
4.21205853471  6.00703433403e-27
4.34014958471  9.0572202667e-27
4.472135955  1.22001640553e-26
4.60813610445  1.5438686518e-26
4.74827209431  1.87756942557e-26
4.89266969782  2.22141822603e-26
5.041458513  3.43163201208e-26
5.19477207907  6.96186084705e-26
5.35274799621  1.05994459104e-25
5.51552804914  1.43476519651e-25
5.68325833429  1.8209843057e-25
5.85608939099  2.21894855347e-25
6.03417633655  2.96917410424e-25
6.21767900547  5.16873286747e-25
6.40676209294  7.44317172836e-25
6.6015953026  9.78677754395e-25
6.80235349885  1.22016537199e-24
7.00921686386  1.51954606248e-24
7.22237105921  2.33437441133e-24
7.44200739256  3.20006003742e-24
7.66832298935  4.09207164638e-24
7.9015209697  5.01120982603e-24
8.14181063074  6.59073096232e-24
8.38940763443  8.67082805389e-24
8.64453420113  1.08141820585e-23
8.90741930907  1.30227166542e-23
9.17829889981  1.59460776408e-23
9.45741609003  1.9304862261e-23
9.74502138973  2.27657893954e-23
10.041372927  2.63866016115e-23
10.34673668  3.04228478962e-23
10.661386715  3.45869579243e-23
10.9856054331  3.88786843267e-23
11.3196838233  4.33206022488e-23
11.6639217237  4.78996203767e-23
12.0186280908  5.26142135897e-23
12.3841212763  5.74372780701e-23
12.7607293136  6.24053444205e-23
13.1487902114  6.7467889668e-23
13.5486522576  7.25905983155e-23
13.9606743317  7.78606083403e-23
14.3852262269  8.30039356093e-23
14.8226889821  8.82629378677e-23
15.2734552238  9.33506876972e-23
15.7379295184  9.83718870589e-23
16.2165287354  1.03229110619e-22
16.7096824217  1.07839111278e-22
17.2178331866  1.12290219663e-22
17.7414370999  1.16465960871e-22
18.2809641002  1.20475362179e-22
18.8368984177  1.24328542933e-22
19.4097390079  1.27991596808e-22
20  1.3164e-22

