0.5 20000 301
301
0.5  0
0.51797667599  6.8609781583e-42
0.536599673739  1.39686314792e-41
0.555892230681  2.13318287618e-41
0.575878419714  2.89597576679e-41
0.596583179235  3.68619361869e-41
0.618032344264  4.50482245116e-41
0.640252678672  5.35288373418e-41
0.663271908584  6.23143566302e-41
0.687118756972  7.14157447858e-41
0.711822979493  8.08443583532e-41
0.737415401622  9.0611962183e-41
0.763927957112  1.00730744111e-40
0.791393727841  1.11213330168e-40
0.819846985093  1.2207280033e-40
0.849323232317  1.33322704846e-40
0.879859249433  1.44977081139e-40
0.911493138721  1.57050471324e-40
0.944264372364  1.69557940357e-40
0.978213841706  1.82515094825e-40
1.01338390827  2.32935066167e-34
1.04981845661  8.67045582058e-34
1.0875629491  1.52395449652e-33
1.12666448261  2.20448148841e-33
1.16717184731  2.90947570676e-33
1.20913558756  3.63981683039e-33
1.25260806493  4.3964161655e-33
1.29764352358  5.18021778282e-33
1.34429815793  5.99219969557e-33
1.39263018277  6.83337507983e-33
1.44269990591  7.70479353875e-33
1.49456980343  8.60754241225e-33
1.54830459763  9.54274813375e-33
1.6039713378  1.05115776357e-32
1.66163948387  1.15152398058e-32
1.7213809931  1.25549869951e-32
1.78327040983  1.36321165811e-32
1.84738495855  1.47479725863e-32
1.91380464021  1.59039473551e-32
1.98261233206  1.71014832917e-32
2.05389389107  2.27138652786e-30
2.12773826107  5.35974977365e-30
2.20423758369  8.55915003025e-30
2.28348731338  1.18735794504e-29
2.3655863365  1.53071737181e-29
2.4506370947  1.88642172091e-29
2.53874571274  2.25491483367e-29
2.63002213093  2.63665650902e-29
2.72458024232  3.03212307718e-29
2.82253803477  3.44180799407e-29
2.92401773821  3.86622245697e-29
3.02914597715  1.47332115535e-28
3.13805392866  5.41517911565e-28
3.25087748609  9.49876008265e-28
3.36775742859  1.37291594735e-27
3.48883959681  1.81116559027e-27
3.61427507483  2.26517177685e-27
3.74422037875  2.73550100766e-27
3.87883765192  3.22274015085e-27
4.01829486729  4.87804472982e-27
4.16276603701  1.44866098554e-26
4.31243142955  2.4440635105e-26
4.46747779462  3.4752540928e-26
4.62809859623  4.54351943306e-26
4.79449425406  5.65019249311e-26
4.96687239354  6.79665415921e-26
5.14544810495  1.44176160602e-25
5.33044421176  2.38305174834e-25
5.52209154871  3.35818442647e-25
5.72062924983  4.36837639299e-25
5.92630504679  5.41488814686e-25
6.13937557808  8.86918778441e-25
6.36010670917  1.37459640047e-24
6.58877386432  1.8798076677e-24
6.82566237018  2.40318297344e-24
7.07106781187  3.22686545548e-24
7.32529640178  4.79551687011e-24
7.58866536167  6.42056656118e-24
7.86150331847  8.10404223577e-24
8.14415071437  1.0589434692e-23
8.43696023158  1.3902105884e-23
8.74029723243  1.73338787093e-23
9.05454021523  2.10444748844e-23
9.38008128661  2.56552432947e-23
9.7173266507  3.04317842845e-23
10.0666971161  3.53719875828e-23
10.4286286208  4.04543745442e-23
10.8035727762  4.5719490353e-23
11.1919974309  5.10016062291e-23
11.5943872539  5.62910204523e-23
12.0112443398  6.17624479539e-23
12.4430888353  6.71256974809e-23
12.8904595879  7.26817738058e-23
13.3539148186  7.82056539264e-23
13.8340328184  8.38537620758e-23
14.3314126696  8.94469040551e-23
14.8466749937  9.51072719427e-23
15.3804627255  1.00555295661e-22
15.9334419155  1.0602558147e-22
16.5063025609  1.11004279752e-22
17.0997594668  1.15937762147e-22
17.7145531376  1.20379646419e-22
18.3514507018  1.25294377731e-22
19.0112468682  1.30649290619e-22
19.6947649184  1.36196730574e-22
20.4028577337  1.41943619591e-22
21.1364088592  1.47897128531e-22
21.8963336065  1.54064686074e-22
22.6835801957  1.60453987984e-22
23.4991309386  1.67073006714e-22
24.3440034645  1.72254582325e-22
25.2192519896  1.7489026516e-22
26.1259686331  1.76985077422e-22
27.0652847792  1.78985899803e-22
28.0383724893  1.78710507028e-22
29.0464459643  1.78425212959e-22
30.0907630598  1.78148926697e-22
31.1726268555  1.78072382345e-22
32.2933872809  1.77993085967e-22
33.4544428005  1.77880552226e-22
34.6572421578  1.7771502603e-22
35.9032861837  1.7691822022e-22
37.1941296691  1.75846950437e-22
38.5313833047  1.74737164915e-22
39.9167156909  1.73587478884e-22
41.35185542  1.72481909397e-22
42.8385932329  1.71342044707e-22
44.3787842538  1.70161198062e-22
45.9743503045  1.69038347488e-22
47.627282303  1.67941474058e-22
49.3396427475  1.66805164351e-22
51.1135682897  1.65684363769e-22
52.9512724014  1.64557892343e-22
54.8550481358  1.63390920493e-22
56.8272709893  1.62170484302e-22
58.8704018652  1.60905223639e-22
60.9869901447  1.59642587577e-22
63.1796768676  1.58391602345e-22
65.4511980279  1.57211931605e-22
67.8043879881  1.56475885331e-22
70.2421830153  1.55730887291e-22
72.767624945  1.55123570433e-22
75.3838649774  1.54494418497e-22
78.0941676085  1.53842646441e-22
80.9019147041  1.53156817354e-22
83.8106097193  1.52423074529e-22
86.8238820702  1.51662951191e-22
89.9454916625  1.5087549887e-22
93.1793335833  1.50479466505e-22
96.5294429608  1.50076650293e-22
100  1.49659351488e-22
103.595335198  1.49410704382e-22
107.319934748  1.4915311758e-22
111.178446136  1.48886269669e-22
115.175683943  1.4860982768e-22
119.316635847  1.48323446676e-22
123.606468853  1.48210993028e-22
128.050535734  1.48130658569e-22
132.654381717  1.48047435818e-22
137.423751394  1.47961220929e-22
142.364595899  1.47914650627e-22
147.483080324  1.47914650627e-22
152.785591422  1.47864296079e-22
158.278745568  1.47764997491e-22
163.969397019  1.47733882738e-22
169.864646463  1.47733882738e-22
175.971849887  1.47733882738e-22
182.298627744  1.47754658643e-22
188.852874473  1.4781389851e-22
195.642768341  1.47875268249e-22
202.676781654  1.47887303841e-22
209.963691323  1.47812858636e-22
217.51258982  1.47735736877e-22
225.332896521  1.47655842332e-22
233.434369463  1.4757307531e-22
241.827117512  1.47487332536e-22
250.521612986  1.47396949707e-22
259.528704717  1.47278039247e-22
268.859631586  1.47154853558e-22
278.526036554  1.47027238931e-22
288.539981181  1.4689503613e-22
298.913960685  1.46758080195e-22
309.660919525  1.46997024303e-22
320.794267559  1.47288909054e-22
332.327896774  1.4759128804e-22
344.276198619  1.47904538564e-22
356.654081967  1.48288029559e-22
369.476991711  1.48737864925e-22
382.760928042  1.49203873379e-22
396.522466412  1.496866364e-22
410.778778215  1.50161866536e-22
425.547652214  1.50645863925e-22
440.847516738  1.51147262643e-22
456.697462677  1.51666688325e-22
473.117267301  1.52204789102e-22
490.127418939  1.52762236406e-22
507.749142548  1.53476732484e-22
526.004426187  1.54397742305e-22
544.916048465  1.55351865517e-22
564.507606954  1.56340292656e-22
584.803547643  1.57364257064e-22
605.82919543  1.58239511916e-22
627.610785733  1.58645192015e-22
650.175497219  1.59065457674e-22
673.551485719  1.59500833291e-22
697.767919361  1.59951862122e-22
722.855014966  1.60268242476e-22
748.84407575  1.60580734213e-22
775.767530383  1.60904461077e-22
803.658973457  1.61219984259e-22
832.553207402  1.61410713227e-22
862.486285909  1.61608299542e-22
893.495558925  1.61812989747e-22
925.619719247  1.62117663701e-22
958.898850812  1.62457653062e-22
993.374478709  1.6280986618e-22
1029.08962099  1.63013799549e-22
1066.08884235  1.63187090313e-22
1104.41830974  1.63366611461e-22
1144.12584997  1.63552586996e-22
1185.26100936  1.63745248975e-22
1227.87511562  1.63944837798e-22
1272.02134183  1.64151602508e-22
1317.75477286  1.64365801102e-22
1365.13247404  1.64587700854e-22
1414.21356237  1.64817578646e-22
1465.05928036  1.65055721315e-22
1517.73307233  1.65219370813e-22
1572.30066369  1.65219370813e-22
1628.83014287  1.65219370813e-22
1687.39204632  1.65219370813e-22
1748.05944649  1.65219370813e-22
1810.90804305  1.65219370813e-22
1876.01625732  1.65219370813e-22
1943.46533014  1.65219370813e-22
2013.33942322  1.65178486976e-22
2085.72572415  1.64956631077e-22
2160.71455525  1.64726798714e-22
2238.39948618  1.64488703108e-22
2318.87745078  1.64242047166e-22
2402.24886796  1.63986523117e-22
2488.61776706  1.63721812121e-22
2578.09191758  1.63447583878e-22
2670.78296373  1.63163496211e-22
2766.80656368  1.62869194639e-22
2866.28253393  1.6256431194e-22
2969.33499874  1.62248467685e-22
3076.0925451  1.62060593352e-22
3186.68838309  1.61924130672e-22
3301.26051218  1.61782761703e-22
3419.95189335  1.61636310044e-22
3542.91062753  1.61484592958e-22
3670.29014035  1.61327421134e-22
3802.24937364  1.61164598456e-22
3938.95298368  1.60995921757e-22
4080.57154674  1.60821180566e-22
4227.28177184  1.60640156842e-22
4379.2667213  1.6045262471e-22
4536.71603914  1.60258350168e-22
4699.82618773  1.60057090805e-22
4868.8006929  1.59848595494e-22
5043.85039793  1.59679474137e-22
5225.19372662  1.59649548248e-22
5413.05695583  1.59618546422e-22
5607.67449785  1.59586429977e-22
5809.28919286  1.59553158839e-22
6018.15261197  1.59518691491e-22
6234.52537109  1.59482984926e-22
6458.67745619  1.59445994591e-22
6690.88856009  1.59407674329e-22
6931.44843155  1.59367976325e-22
7180.65723674  1.59257288153e-22
7438.82593382  1.59115275248e-22
7706.27666093  1.58968156502e-22
7983.34313818  1.58815748345e-22
8270.371084  1.58657860603e-22
8567.71864659  1.58494296268e-22
8875.75685075  1.58324851247e-22
9194.87006089  1.5814931411e-22
9525.4564606  1.57967465823e-22
9867.9285495  1.57779079482e-22
10222.7136579  1.57684378114e-22
10590.2544803  1.57647986416e-22
10971.0096272  1.57610286314e-22
11365.4541979  1.57571230768e-22
11774.080373  1.57530771044e-22
12197.3980289  1.57488856657e-22
12635.9353735  1.57445435308e-22
13090.2396056  1.57400452815e-22
13560.8775976  1.57353853051e-22
14048.4366031  1.57305577869e-22
14553.524989  1.57255567033e-22
15076.7729955  1.5720375814e-22
15618.8335217  1.57150086543e-22
16180.3829408  1.57094485272e-22
16762.1219439  1.57036884949e-22
17364.776414  1.56977213702e-22
17989.0983325  1.56915397073e-22
18635.8667167  1.56851357929e-22
19305.8885922  1.56785016364e-22
20000  1.56716289596e-22

