4 20 101
101
4  0
4.06489836507  4.90884906651e-31
4.13084967959  9.89734220272e-31
4.19787102722  1.49667716011e-30
4.26597976883  1.4481931606e-29
4.33519354694  1.53055715202e-28
4.4055302903  3.00257042376e-28
4.47700821858  4.49846650917e-28
4.54964584702  6.01863289715e-28
4.6234619913  7.56346336344e-28
4.69847577235  9.13335807261e-28
4.77470662134  1.10095808596e-27
4.85217428469  4.35013752863e-27
4.93089882922  8.31037034245e-27
5.0109006473  1.32857627117e-26
5.09220046219  2.37130354658e-26
5.17481933334  3.44001499721e-26
5.2587786619  4.52606585431e-26
5.34410019626  5.62973744266e-26
5.43080603763  6.75131565143e-26
5.51891864584  7.89109100821e-26
5.60846084511  9.04935875429e-26
5.69945582996  1.02264189211e-25
5.79192717125  1.14225764081e-25
5.88589882225  1.26381410613e-25
5.98139512488  1.38817932051e-25
6.07844081599  1.69772645065e-25
6.17706103378  2.05770089738e-25
6.27728132428  2.48825642971e-25
6.37912764804  3.47783953222e-25
6.48262638677  4.55290606227e-25
6.58780435024  5.64541510736e-25
6.69468878317  6.75564966516e-25
6.80330737234  7.88735940426e-25
6.91368825372  9.49633298822e-25
7.02586001978  1.12896099043e-24
7.13985172691  1.33441269529e-24
7.25569290288  1.60404620078e-24
7.3734135546  1.88232640559e-24
7.49304417576  2.16512159299e-24
7.61461575486  2.45250501671e-24
7.73815978314  2.74455111902e-24
7.86370826279  3.04133554997e-24
7.9912937152  3.35176732048e-24
8.12094918942  3.89164959001e-24
8.25270827072  4.46698537321e-24
8.38660508926  5.05165574434e-24
8.52267432896  5.64581215326e-24
8.66095123645  6.29178142515e-24
8.80147163025  7.26091029878e-24
8.94427191  8.25558229671e-24
9.08938906592  9.6362118536e-24
9.23686068839  1.12735398748e-23
9.38672497765  1.2937432874e-23
9.53902075375  1.46283218569e-23
9.69378746657  1.63466448225e-23
9.85106520605  1.80928468759e-23
10.0108947126  1.99248466466e-23
10.1733173875  2.22771363648e-23
10.3383753039  2.46872509893e-23
10.5061112176  2.71364687385e-23
10.6765685779  2.96254240446e-23
10.8497915392  3.21547616332e-23
11.0258249723  3.47295856412e-23
11.2047144759  3.73698641667e-23
11.3865063885  4.0053315714e-23
11.5712478006  4.27868819661e-23
11.7589865666  4.55734924716e-23
11.9497713174  4.84053145936e-23
12.1436514728  5.12973218537e-23
12.3406772544  5.42413106368e-23
12.5408996988  5.72330644346e-23
12.7443706706  6.0273358215e-23
12.9511428756  6.33629820781e-23
13.1612698752  6.65061146044e-23
13.3748060995  6.97010772516e-23
13.5918068618  7.29431973747e-23
13.8123283727  7.62309693972e-23
14.036427755  7.95844663589e-23
14.2641630582  8.30526816939e-23
14.4955932736  8.65705003611e-23
14.7307783496  9.00484702461e-23
14.9697792074  9.35636559309e-23
15.2126577564  9.64934038692e-23
15.4594769106  9.93617218536e-23
15.7103006046  1.02227522397e-22
15.9651938106  1.04162483506e-22
16.2242225547  1.05690279494e-22
16.4874539343  1.07181554197e-22
16.7549561354  1.08696633689e-22
17.0267984504  1.10234244391e-22
17.3030512959  1.11796525204e-22
17.5837862308  1.13384157856e-22
17.8690759753  1.14998859633e-22
18.1589944294  1.16640719342e-22
18.4536166918  1.18309783921e-22
18.75301908  1.2000592839e-22
19.0572791496  1.21729578233e-22
19.3664757145  1.23481134872e-22
19.6806888673  1.2526110947e-22
20  1.2707e-22

