0.5 20 151
151
0.5  0
0.512448710082  4.31290540286e-43
0.52520736093  8.73319102367e-43
0.538283669269  1.32635303528e-42
0.55168554395  1.79066634437e-42
0.565421090737  2.26653985701e-42
0.579498617203  2.75426139244e-42
0.59392663776  3.25412593585e-42
0.608713878807  3.76643581683e-42
0.623869284008  4.29150089217e-42
0.6394020197  4.82963873331e-42
0.655321480438  5.38117481838e-42
0.67163729468  5.9464427291e-42
0.688359330604  6.5257843525e-42
0.705497702082  7.11955008771e-42
0.723062774796  7.72809905792e-42
0.741065172505  8.35179932752e-42
0.759515783475  8.9910281248e-42
0.778425767058  9.64617207002e-42
0.797806560447  1.03176274093e-41
0.817669885593  1.10058002543e-41
0.83802775629  1.17111068278e-41
0.858892485448  1.24339737153e-41
0.880276692535  1.31748381235e-41
0.90219331121  1.39341481442e-41
0.924655597149  1.47123630255e-41
0.947677136058  1.55099534496e-41
0.971271851895  1.63274018177e-41
0.995454015286  4.42273249301e-37
1.02023825216  7.6453252624e-35
1.04563955259  1.72410728774e-34
1.07167327987  2.70757298526e-34
1.0983551798  3.71552444146e-34
1.1257013902  4.74857128858e-34
1.15372845069  5.8073383371e-34
1.18245331269  6.89246595368e-34
1.21189334964  8.00461044847e-34
1.24206636756  9.14444447202e-34
1.27299061578  1.03126574222e-33
1.30468479801  1.1509955861e-33
1.33716808361  1.27370639421e-33
1.37046011922  1.39947238487e-33
1.40458104063  1.52836962424e-33
1.43955148495  1.66047607234e-33
1.47539260312  1.79587163018e-33
1.51212607267  1.93463818812e-33
1.54977411084  2.07685967535e-33
1.58835948804  2.22262211071e-33
1.62790554158  2.37201365466e-33
1.66843618984  2.52512466266e-33
1.70997594668  2.68204773975e-33
1.75254993629  2.84287779662e-33
1.79618390842  3.007712107e-33
1.84090425388  3.17665036646e-33
1.88673802057  3.34979475274e-33
1.93371292981  3.52724998756e-33
1.9818573931  3.70912339993e-33
2.03120052932  4.47284521154e-31
2.08177218234  1.16614652707e-30
2.13360293905  1.90290634238e-30
2.18672414789  2.65800957638e-30
2.24116793778  3.43191293286e-30
2.29696723759  4.22508448638e-30
2.35415579601  5.03800396532e-30
2.41276820199  5.8711630421e-30
2.47283990568  6.72506563047e-30
2.53440723981  7.60022819036e-30
2.59750744173  8.49718004022e-30
2.66217867588  9.41646367715e-30
2.72846005693  1.0358635105e-29
2.79639167337  1.13242641708e-29
2.86601461181  1.23139349092e-29
2.9373709818  1.33282458958e-29
3.01050394131  3.32037897767e-29
3.08545772284  1.56133995625e-28
3.16227766017  2.83705139775e-28
3.24101021575  4.14452476302e-28
3.32170300885  5.48455084202e-28
3.40440484432  6.85794011334e-28
3.48916574214  8.26552323439e-28
3.57603696765  9.70815154383e-28
3.66507106256  1.11866975764e-27
3.75632187674  1.27020555908e-27
3.84984460077  1.42551421104e-27
3.94569579937  1.58468964776e-27
4.04393344553  3.34322633851e-27
4.14461695564  7.16664538208e-27
4.2478072254  1.1085257696e-26
4.35356666667  1.51014333473e-26
4.46195924519  1.92176014111e-26
4.57305051927  2.34362514407e-26
4.68690767949  2.77599349726e-26
4.80359958925  3.21912670701e-26
4.92319682653  3.67329279047e-26
5.04577172647  5.52920561803e-26
5.1713984252  9.82251689109e-26
5.30015290463  1.42227205388e-25
5.43211303844  1.87324779056e-25
5.56735863914  2.33545165963e-25
5.70597150638  2.80916321264e-25
5.84803547643  3.29466896122e-25
5.99363647282  3.87863764158e-25
6.1428625584  6.19868468241e-25
6.29580398853  8.75159679887e-25
6.4525532657  1.13680698409e-24
6.6132051955  1.40496863117e-24
6.77785694388  1.67980681144e-24
6.94660809603  1.96148775337e-24
7.11956071652  2.65408315176e-24
7.29681941106  3.54878223179e-24
7.47849138981  4.46575701074e-24
7.66468653214  5.40556209603e-24
7.85551745316  6.36876590341e-24
8.0510995718  7.59602445393e-24
8.25155118063  9.54953963936e-24
8.45699351738  1.15516923132e-23
8.66755083831  1.36036934233e-23
8.88335049333  1.57067840673e-23
9.10452300303  1.81820484107e-23
9.33120213764  2.10847427331e-23
9.5635249979  2.40597066556e-23
9.80163209803  2.71087395049e-23
10.0456674507  3.02681921475e-23
10.295778654  3.36541570656e-23
10.5521169811  3.71253368878e-23
10.8148374712  4.06829401325e-23
11.0840990237  4.43285971061e-23
11.3600644943  4.80638449429e-23
11.6429007931  5.18920908146e-23
11.9327789861  5.58156123647e-23
12.2298743982  5.97939324297e-23
12.5343667197  6.38583872842e-23
12.8464401144  6.80240365789e-23
13.1662833315  7.22029084053e-23
13.4940898196  7.64001754597e-23
13.8300578436  8.07019436356e-23
14.1743906047  8.4941777928e-23
14.5272963631  8.91183469983e-23
14.8889885645  9.33989018635e-23
15.2596859686  9.74340271712e-23
15.6396127818  1.01415394224e-22
16.0289987924  1.05432748467e-22
16.4280795102  1.09031017047e-22
16.8370963082  1.12699079692e-22
17.2562965694  1.1611964357e-22
17.6859338356  1.19404650107e-22
18.1262679613  1.22649217445e-22
18.5775652707  1.25662980878e-22
19.0400987189  1.28714448278e-22
19.5141480567  1.31557577083e-22
20  1.34462e-22

