0.5 20 151
151
0.5  0
0.512448710082  1.02337110974e-41
0.52520736093  2.07222151998e-41
0.538283669269  3.14718559957e-41
0.55168554395  4.24891351152e-41
0.565421090737  5.3780716062e-41
0.579498617203  6.53534282439e-41
0.59392663776  7.72142711034e-41
0.608713878807  8.93704183512e-41
0.623869284008  1.01829222305e-40
0.6394020197  1.14598218335e-40
0.655321480438  1.27685129424e-40
0.67163729468  1.41097870837e-40
0.688359330604  1.54844554909e-40
0.705497702082  1.68933495951e-40
0.723062774796  1.83373215277e-40
0.741065172505  1.98172446362e-40
0.759515783475  2.13340140121e-40
0.778425767058  2.28885470325e-40
0.797806560447  2.44817839147e-40
0.817669885593  2.61146882849e-40
0.83802775629  2.77882477613e-40
0.858892485448  2.95034745512e-40
0.880276692535  3.12614060632e-40
0.90219331121  3.30631055346e-40
0.924655597149  3.49096626748e-40
0.947677136058  3.6802194324e-40
0.971271851895  3.87418451288e-40
0.995454015286  3.30062758919e-36
1.02023825216  5.70512683435e-34
1.04563955259  1.28657025191e-33
1.07167327987  2.02045580654e-33
1.0983551798  2.77261321817e-33
1.1257013902  3.5434974089e-33
1.15372845069  4.33357462723e-33
1.18245331269  5.14332273003e-33
1.21189334964  5.97323147157e-33
1.24206636756  6.82380279975e-33
1.27299061578  7.69555115967e-33
1.30468479801  8.58900380478e-33
1.33716808361  9.50470111579e-33
1.37046011922  1.04431969275e-32
1.40458104063  1.14050588638e-32
1.43955148495  1.23908686808e-32
1.47539260312  1.3401222619e-32
1.51212607267  1.44367317638e-32
1.54977411084  1.54980224148e-32
1.58835948804  1.65857364651e-32
1.62790554158  1.77005317891e-32
1.66843618984  1.88430826406e-32
1.70997594668  2.00140800608e-32
1.75254993629  2.12142322958e-32
1.79618390842  2.24442652252e-32
1.84090425388  2.37049228013e-32
1.88673802057  2.49969674988e-32
1.93371292981  2.63211807759e-32
1.9818573931  2.76783635474e-32
2.03120052932  1.88046570232e-30
2.08177218234  4.88274342849e-30
2.13360293905  7.95977012466e-30
2.18672414789  1.11134068473e-29
2.24116793778  1.43455609886e-29
2.29696723759  1.76581874295e-29
2.35415579601  2.10532897227e-29
2.41276820199  2.45329213043e-29
2.47283990568  2.80991867353e-29
2.53440723981  3.17542429752e-29
2.59750744173  3.5500300686e-29
2.66217867588  3.93396255697e-29
2.72846005693  4.32745397381e-29
2.79639167337  4.73074231178e-29
2.86601461181  5.14407148896e-29
2.9373709818  5.56769149632e-29
3.01050394131  1.13394331817e-28
3.08545772284  4.6317376737e-28
3.16227766017  8.26139905141e-28
3.24101021575  1.19814296335e-27
3.32170300885  1.579407938e-27
3.40440484432  1.97016542692e-27
3.48916574214  2.37065176923e-27
3.57603696765  2.78110918826e-27
3.66507106256  3.20178593812e-27
3.75632187674  3.63293645378e-27
3.84984460077  4.07482150497e-27
3.94569579937  4.52770835396e-27
4.04393344553  8.37436510003e-27
4.14461695564  1.66018409626e-26
4.2478072254  2.50341597487e-26
4.35356666667  3.36764215185e-26
4.46195924519  4.25338533108e-26
4.57305051927  5.1611812304e-26
4.68690767949  6.09157890565e-26
4.80359958925  7.04514108275e-26
4.92319682653  8.02244449801e-26
5.04577172647  1.13815771408e-25
5.1713984252  1.88786203592e-25
5.30015290463  2.65623206127e-25
5.43211303844  3.44373251797e-25
5.56735863914  4.25083970443e-25
5.70597150638  5.07804177762e-25
5.84803547643  5.92583904839e-25
5.99363647282  6.91824324471e-25
6.1428625584  1.03968093909e-24
6.29580398853  1.42123432485e-24
6.4525532657  1.81228740558e-24
6.6132051955  2.21307669916e-24
6.77785694388  2.62384461218e-24
6.94660809603  3.04483958652e-24
7.11956071652  3.98249842261e-24
7.29681941106  5.17517486319e-24
7.47849138981  6.39754587023e-24
7.66468653214  7.65035076184e-24
7.85551745316  8.93434726321e-24
8.0510995718  1.05159100631e-23
8.25155118063  1.29065177992e-23
8.45699351738  1.53566455006e-23
8.66755083831  1.78677750607e-23
8.88335049333  2.04414252687e-23
9.10452300303  2.33492078694e-23
9.33120213764  2.66382767767e-23
9.5635249979  3.00092350145e-23
9.80163209803  3.3464121416e-23
10.0456674507  3.69868744953e-23
10.295778654  4.05195636193e-23
10.5521169811  4.41397272772e-23
10.8148374712  4.78500236708e-23
11.0840990237  5.1564964771e-23
11.3600644943  5.51744275464e-23
11.6429007931  5.88737566331e-23
11.9327789861  6.26650243763e-23
12.2298743982  6.63632118207e-23
12.5343667197  7.00970184633e-23
12.8464401144  7.39237872586e-23
13.1662833315  7.77296006759e-23
13.4940898196  8.15201582205e-23
13.8300578436  8.5405090869e-23
14.1743906047  8.92502702307e-23
14.5272963631  9.30548766315e-23
14.8889885645  9.69542079165e-23
15.2596859686  1.00669953896e-22
15.6396127818  1.04355243983e-22
16.0289987924  1.08076180889e-22
16.4280795102  1.11428460467e-22
16.8370963082  1.14846613848e-22
17.2562965694  1.18018735263e-22
17.6859338356  1.21054122548e-22
18.1262679613  1.24040204133e-22
18.5775652707  1.26782286585e-22
19.0400987189  1.29555895479e-22
19.5141480567  1.32118715581e-22
20  1.34736e-22

