1 20 101
101
1  0
1.03041055791  2.68240279429e-35
1.06174591785  5.44637895409e-35
1.09403420358  8.29440917097e-35
1.12730439408  1.12290495757e-34
1.16158634964  1.42529340324e-34
1.1969108386  1.73687765025e-34
1.23330956497  2.05793734804e-34
1.27081519692  2.38876065037e-34
1.30946139606  2.7296444739e-34
1.34928284767  3.08089476467e-34
1.39031529185  3.44282677276e-34
1.43259555555  3.81576533514e-34
1.47616158565  4.20004516727e-34
1.52105248304  4.59601116349e-34
1.56730853766  5.00401870657e-34
1.61497126471  5.42443398666e-34
1.66408344188  5.85763432998e-34
1.71468914776  6.30400853742e-34
1.76683380139  6.76395723355e-34
1.82056420303  7.23789322614e-34
1.87592857615  7.72624187668e-34
1.93297661076  8.22944148213e-34
1.99175950792  4.92400791855e-33
2.05233002578  2.61516358139e-31
2.11474252688  5.72367308245e-31
2.17905302696  8.92671409171e-31
2.24531924523  1.22271613651e-30
2.31360065617  1.56279770814e-30
2.3839585429  1.9132213501e-30
2.45645605223  2.27430157052e-30
2.53115825126  2.64636244189e-30
2.60813218585  3.02973789193e-30
2.68744694072  3.4247720033e-30
2.76917370155  3.83181932239e-30
2.85338581877  4.25124517756e-30
2.94015887345  4.68342600698e-30
3.02957074514  2.70080861285e-29
3.12170168173  9.56344519572e-29
3.21663437151  1.66347783858e-28
3.31445401734  2.39211547634e-28
3.41524841318  3.14291139118e-28
3.51910802283  3.91653942867e-28
3.62612606115  4.71369392639e-28
3.73639857773  5.53509033713e-28
3.85002454306  6.38146587098e-28
3.96710593738  7.25358015703e-28
4.08774784223  2.52513407125e-27
4.21205853471  5.04013080622e-27
4.34014958471  7.63160999503e-27
4.472135955  1.03018975118e-26
4.60813610445  1.30533899617e-26
4.74827209431  1.58885568322e-26
4.89266969782  1.88099427089e-26
5.041458513  2.95690997998e-26
5.19477207907  6.13264105495e-26
5.35274799621  9.40494788368e-26
5.51552804914  1.27767673887e-25
5.68325833429  1.62511258061e-25
5.85608939099  1.98311414013e-25
6.03417633655  2.67216149292e-25
6.21767900547  4.72480703496e-25
6.40676209294  6.84739515914e-25
6.6015953026  9.03453237239e-25
6.80235349885  1.12881816485e-24
7.00921686386  1.40933467636e-24
7.22237105921  2.18217541718e-24
7.44200739256  3.00343520213e-24
7.66832298935  3.84966995533e-24
7.9015209697  4.72163917949e-24
8.14181063074  6.22149472548e-24
8.38940763443  8.19727672343e-24
8.64453420113  1.02331433542e-23
8.90741930907  1.23309218251e-23
9.17829889981  1.51188714257e-23
9.45741609003  1.83267373811e-23
9.74502138973  2.163215633e-23
10.041372927  2.51055518126e-23
10.34673668  2.90615430961e-23
10.661386715  3.31441587652e-23
10.9856054331  3.73584080307e-23
11.3196838233  4.18504585546e-23
11.6639217237  4.64944687982e-23
12.0186280908  5.12849150102e-23
12.3841212763  5.62705068994e-23
12.7607293136  6.14100805499e-23
13.1487902114  6.66509571525e-23
13.5486522576  7.19600854845e-23
13.9606743317  7.74206123148e-23
14.3852262269  8.2707075627e-23
14.8226889821  8.81060178462e-23
15.2734552238  9.32948421345e-23
15.7379295184  9.83913792268e-23
16.2165287354  1.03310598205e-22
16.7096824217  1.07964982696e-22
17.2178331866  1.1246661698e-22
17.7414370999  1.16701001827e-22
18.2809641002  1.20784035471e-22
18.8368984177  1.24725609781e-22
19.4097390079  1.28487530351e-22
20  1.32241e-22

