0.5 20 151
151
0.5  0
0.512448710082  1.71004195788e-37
0.52520736093  3.46265954888e-37
0.538283669269  5.25891279644e-37
0.55168554395  7.09988811582e-37
0.565421090737  8.98669897124e-37
0.579498617203  1.09204865493e-36
0.59392663776  1.29024204492e-36
0.608713878807  1.49336993901e-36
0.623869284008  1.70155519363e-36
0.6394020197  1.91492372401e-36
0.655321480438  2.13360458034e-36
0.67163729468  2.35773002583e-36
0.688359330604  2.5874356167e-36
0.705497702082  2.82286028419e-36
0.723062774796  3.06414641854e-36
0.741065172505  3.31143995516e-36
0.759515783475  3.56489046286e-36
0.778425767058  3.82465123434e-36
0.797806560447  4.09087937889e-36
0.817669885593  4.36373591742e-36
0.83802775629  4.64338587983e-36
0.858892485448  4.92999840486e-36
0.880276692535  5.22374684234e-36
0.90219331121  5.52480885809e-36
0.924655597149  5.83336654135e-36
0.947677136058  6.14960651489e-36
0.971271851895  6.47372004793e-36
0.995454015286  1.38108169261e-33
1.02023825216  2.37579523793e-31
1.04563955259  5.3576013484e-31
1.07167327987  8.41364673845e-31
1.0983551798  1.15457797746e-30
1.1257013902  1.4755894843e-30
1.15372845069  1.8045933495e-30
1.18245331269  2.14178856217e-30
1.21189334964  2.48737906573e-30
1.24206636756  2.84157388126e-30
1.27299061578  3.20458723393e-30
1.30468479801  3.57663868256e-30
1.33716808361  3.95795325244e-30
1.37046011922  4.34876157138e-30
1.40458104063  4.74930000924e-30
1.43955148495  5.15981082088e-30
1.47539260312  5.58054229267e-30
1.51212607267  6.0117488927e-30
1.54977411084  6.45369142463e-30
1.58835948804  6.90663718546e-30
1.62790554158  7.37086012721e-30
1.66843618984  7.84664102259e-30
1.70997594668  8.33426763484e-30
1.75254993629  8.83403489172e-30
1.79618390842  9.34624506399e-30
1.84090425388  9.87120794813e-30
1.88673802057  1.04092410538e-29
1.93371292981  1.09606697957e-29
1.9818573931  1.15258276907e-29
2.03120052932  1.83406021795e-28
2.08177218234  4.6165435168e-28
2.13360293905  7.46830347145e-28
2.18672414789  1.03910648919e-27
2.24116793778  1.33865955315e-27
2.29696723759  1.6456707156e-27
2.35415579601  1.96032566396e-27
2.41276820199  2.28281470877e-27
2.47283990568  2.61333289884e-27
2.53440723981  2.95208013915e-27
2.59750744173  3.29926131183e-27
2.66217867588  3.65508640005e-27
2.72846005693  4.01977061499e-27
2.79639167337  4.39353452605e-27
2.86601461181  4.77660419426e-27
2.9373709818  5.16921130894e-27
3.01050394131  7.48616581978e-27
3.08545772284  2.0285440858e-26
3.16227766017  3.35640128486e-26
3.24101021575  4.71731870252e-26
3.32170300885  6.11211945294e-26
3.40440484432  7.54164714369e-26
3.48916574214  9.00676638599e-26
3.57603696765  1.05083633177e-25
3.66507106256  1.2047346139e-25
3.75632187674  1.36246456624e-25
3.84984460077  1.52412158747e-25
3.94569579937  1.68980345147e-25
4.04393344553  2.37985256715e-25
4.14461695564  3.74614088821e-25
4.2478072254  5.14644626367e-25
4.35356666667  6.58161563042e-25
4.46195924519  8.05251701191e-25
4.57305051927  9.56004004311e-25
4.68690767949  1.11050965086e-24
4.80359958925  1.26886208941e-24
4.92319682653  1.43115709516e-24
5.04577172647  1.74017872435e-24
5.1713984252  2.30227654381e-24
5.30015290463  2.87836914885e-24
5.43211303844  3.46880497354e-24
5.56735863914  4.07394112703e-24
5.70597150638  4.69414360959e-24
5.84803547643  5.32978753395e-24
5.99363647282  6.00774604096e-24
6.1428625584  7.2305291344e-24
6.29580398853  8.53745494905e-24
6.4525532657  9.87691984483e-24
6.6132051955  1.12497339609e-23
6.77785694388  1.26567276069e-23
6.94660809603  1.40987517648e-23
7.11956071652  1.60250109656e-23
7.29681941106  1.8204424341e-23
7.47849138981  2.04380994868e-23
7.66468653214  2.27273873813e-23
7.85551745316  2.50736726383e-23
8.0510995718  2.76130574866e-23
8.25155118063  3.06059603677e-23
8.45699351738  3.36733788093e-23
8.66755083831  3.68171680567e-23
8.88335049333  4.00392295458e-23
9.10452300303  4.3405877319e-23
9.33120213764  4.6929967153e-23
9.5635249979  5.05417977324e-23
9.80163209803  5.42435535752e-23
10.0456674507  5.79872580996e-23
10.295778654  6.16090143285e-23
10.5521169811  6.53196141482e-23
10.8148374712  6.91225983306e-23
11.0840990237  7.28530192797e-23
11.3600644943  7.62989173207e-23
11.6429007931  7.9830609333e-23
11.9327789861  8.34497482884e-23
12.2298743982  8.66104349118e-23
12.5343667197  8.96846198384e-23
12.8464401144  9.28353440389e-23
13.1662833315  9.57188433539e-23
13.4940898196  9.8346966311e-23
13.8300578436  1.0104052275e-22
14.1743906047  1.03571417051e-22
14.5272963631  1.05935885633e-22
14.8889885645  1.08359223382e-22
15.2596859686  1.10653325233e-22
15.6396127818  1.12921488307e-22
16.0289987924  1.15223019745e-22
16.4280795102  1.17391906707e-22
16.8370963082  1.19607550702e-22
17.2562965694  1.21721505016e-22
17.6859338356  1.2378591208e-22
18.1262679613  1.25818380699e-22
18.5775652707  1.27689008047e-22
19.0400987189  1.29573677919e-22
19.5141480567  1.3125751338e-22
20  1.32975e-22

