0.5 20 151
151
0.5  0
0.512448710082  2.37889123267e-36
0.52520736093  4.81701071988e-36
0.538283669269  7.31583309237e-36
0.55168554395  9.87686969539e-36
0.565421090737  1.25016695028e-35
0.579498617203  1.51918200538e-35
0.59392663776  1.79489484134e-35
0.608713878807  2.07747221562e-35
0.623869284008  2.36708503752e-35
0.6394020197  2.66390847154e-35
0.655321480438  2.9681220433e-35
0.67163729468  3.27990974818e-35
0.688359330604  3.59946016255e-35
0.705497702082  3.92696655784e-35
0.723062774796  4.26262701747e-35
0.741065172505  4.6066445566e-35
0.759515783475  4.95922724494e-35
0.778425767058  5.32058833262e-35
0.797806560447  5.69094637912e-35
0.817669885593  6.07052538553e-35
0.83802775629  6.45955492994e-35
0.858892485448  6.85827030637e-35
0.880276692535  7.26691266706e-35
0.90219331121  7.68572916829e-35
0.924655597149  8.11497311994e-35
0.947677136058  8.55490413859e-35
0.971271851895  9.00578830467e-35
0.995454015286  5.7874197274e-33
1.02023825216  9.84208982602e-31
1.04563955259  2.21938289103e-30
1.07167327987  3.48530944322e-30
1.0983551798  4.78275430069e-30
1.1257013902  6.11250218791e-30
1.15372845069  7.47535736699e-30
1.18245331269  8.87214412409e-30
1.21189334964  1.0303707268e-29
1.24206636756  1.17709126409e-29
1.27299061578  1.32746476425e-29
1.30468479801  1.48158217663e-29
1.33716808361  1.63953671497e-29
1.37046011922  1.80142391383e-29
1.40458104063  1.96734168629e-29
1.43955148495  2.13739038324e-29
1.47539260312  2.31167285406e-29
1.51212607267  2.49029450877e-29
1.54977411084  2.67336338188e-29
1.58835948804  2.86099019763e-29
1.62790554158  3.05328843706e-29
1.66843618984  3.25037440654e-29
1.70997594668  3.45236730822e-29
1.75254993629  3.65938931204e-29
1.79618390842  3.87156562967e-29
1.84090425388  4.08902459024e-29
1.88673802057  4.31189771791e-29
1.93371292981  4.54031981148e-29
1.9818573931  4.7744290259e-29
2.03120052932  4.80100913215e-28
2.08177218234  1.17946001981e-27
2.13360293905  1.89623136392e-27
2.18672414789  2.63084846535e-27
2.24116793778  3.38375563741e-27
2.29696723759  4.15540825568e-27
2.35415579601  4.94627303341e-27
2.41276820199  5.75682830381e-27
2.47283990568  6.58756430934e-27
2.53440723981  7.43898349824e-27
2.59750744173  8.31160082843e-27
2.66217867588  9.20594407893e-27
2.72846005693  1.01225541691e-26
2.79639167337  1.10619854858e-26
2.86601461181  1.20248062188e-26
2.9373709818  1.3011598704e-26
3.01050394131  1.77997183507e-26
3.08545772284  4.32710803244e-26
3.16227766017  6.96934744535e-26
3.24101021575  9.6773718031e-26
3.32170300885  1.24528189811e-25
3.40440484432  1.52973676336e-25
3.48916574214  1.82127382091e-25
3.57603696765  2.12006939908e-25
3.66507106256  2.4263042163e-25
3.75632187674  2.74016349043e-25
3.84984460077  3.06183705079e-25
3.94569579937  3.39151945293e-25
4.04393344553  4.66498938176e-25
4.14461695564  7.15538593601e-25
4.2478072254  9.70778693965e-25
4.35356666667  1.23237361435e-24
4.46195924519  1.50048157338e-24
4.57305051927  1.77526472892e-24
4.68690767949  2.05688927613e-24
4.80359958925  2.34552554803e-24
4.92319682653  2.64134811846e-24
5.04577172647  3.17511509929e-24
5.1713984252  4.11870728358e-24
5.30015290463  5.08579247894e-24
5.43211303844  6.07695560075e-24
5.56735863914  7.09279612726e-24
5.70597150638  8.13392846217e-24
5.84803547643  9.20098230627e-24
5.99363647282  1.03219766528e-23
6.1428625584  1.20164634593e-23
6.29580398853  1.38086311376e-23
6.4525532657  1.56454191675e-23
6.6132051955  1.75279384808e-23
6.77785694388  1.94573276684e-23
6.94660809603  2.14347536693e-23
7.11956071652  2.36289887764e-23
7.29681941106  2.59545519454e-23
7.47849138981  2.83380156377e-23
7.66468653214  3.0780821427e-23
7.85551745316  3.32844467784e-23
8.0510995718  3.58726342559e-23
8.25155118063  3.85896756329e-23
8.45699351738  4.13743643307e-23
8.66755083831  4.4228384593e-23
8.88335049333  4.71534625969e-23
9.10452300303  5.01287278145e-23
9.33120213764  5.31521741118e-23
9.5635249979  5.6250896422e-23
9.80163209803  5.94267689235e-23
10.0456674507  6.2650421532e-23
10.295778654  6.58202634358e-23
10.5521169811  6.9068198209e-23
10.8148374712  7.23969981789e-23
11.0840990237  7.57130064718e-23
11.3600644943  7.88956914067e-23
11.6429007931  8.21576169856e-23
11.9327789861  8.55003890054e-23
12.2298743982  8.85095363166e-23
12.5343667197  9.14680720146e-23
12.8464401144  9.4500267619e-23
13.1662833315  9.72648164512e-23
13.4940898196  9.97734211628e-23
13.8300578436  1.0234448366e-22
14.1743906047  1.04695005831e-22
14.5272963631  1.06819851402e-22
14.8889885645  1.08997600147e-22
15.2596859686  1.1097559634e-22
15.6396127818  1.12891567259e-22
16.0289987924  1.14832806307e-22
16.4280795102  1.16637926273e-22
16.8370963082  1.18480955965e-22
17.2562965694  1.20270429273e-22
17.6859338356  1.22039675535e-22
18.1262679613  1.23802969352e-22
18.5775652707  1.25482697938e-22
19.0400987189  1.27181635532e-22
19.5141480567  1.28750660291e-22
20  1.30353e-22

