1 20 101
101
1  0
1.03041055791  5.77931365713e-37
1.06174591785  1.17343794669e-36
1.09403420358  1.78705421504e-36
1.12730439408  2.41933089645e-36
1.16158634964  3.07083546449e-36
1.1969108386  3.74215264993e-36
1.23330956497  4.43388496552e-36
1.27081519692  5.14665324675e-36
1.30946139606  5.88109720907e-36
1.34928284767  6.63787602204e-36
1.39031529185  7.41766890093e-36
1.43259555555  8.22117571632e-36
1.47616158565  9.04911762226e-36
1.52105248304  9.90223770347e-36
1.56730853766  1.07813016423e-35
1.61497126471  1.1687098406e-35
1.66408344188  1.26204409546e-35
1.71468914776  1.35821669708e-35
1.76683380139  1.45731396117e-35
1.82056420303  1.55942482836e-35
1.87592857615  1.66464094398e-35
1.93297661076  1.77305674038e-35
1.99175950792  2.98383523536e-34
2.05233002578  1.80095959676e-32
2.11474252688  3.94664518656e-32
2.17905302696  6.15758227224e-32
2.24531924523  8.43575518821e-32
2.31360065617  1.07832086136e-31
2.3839585429  1.32020494073e-31
2.45645605223  1.5694448499e-31
2.53115825126  1.82626428376e-31
2.60813218585  2.0908937399e-31
2.68744694072  2.36357072543e-31
2.76917370155  2.64453997022e-31
2.85338581877  2.9340536465e-31
2.94015887345  3.2323715952e-31
3.02957074514  3.41216484647e-30
3.12170168173  1.29719647249e-29
3.21663437151  2.28224834511e-29
3.31445401734  3.29725619475e-29
3.41524841318  4.34313099938e-29
3.51910802283  5.42081144033e-29
3.62612606115  6.53126474474e-29
3.73639857773  7.67548755366e-29
3.85002454306  8.85450681659e-29
3.96710593738  1.00693807131e-28
4.08774784223  5.02139372913e-28
4.21205853471  1.06602423491e-27
4.34014958471  1.64705715016e-27
4.472135955  2.24575960052e-27
4.60813610445  2.86266892643e-27
4.74827209431  3.49833880911e-27
4.89266969782  4.15333976757e-27
5.041458513  7.32632607835e-27
5.19477207907  1.72596193433e-26
5.35274799621  2.74949895984e-26
5.51552804914  3.80416231733e-26
5.68325833429  4.89089857593e-26
5.85608939099  6.01068309046e-26
6.03417633655  8.47886225362e-26
6.21767900547  1.6534029158e-25
6.40676209294  2.48650318827e-25
6.6015953026  3.34493850483e-25
6.80235349885  4.22947931829e-25
7.00921686386  5.37772229213e-25
7.22237105921  8.93289521891e-25
7.44200739256  1.27183471915e-24
7.66832298935  1.66189168706e-24
7.9015209697  2.06381050497e-24
8.14181063074  2.84488846532e-24
8.38940763443  3.91228410017e-24
8.64453420113  5.01213983177e-24
8.90741930907  6.1454427898e-24
9.17829889981  7.91129951858e-24
9.45741609003  1.00508555932e-23
9.74502138973  1.22554767617e-23
10.041372927  1.46773864366e-23
10.34673668  1.8012557148e-23
10.661386715  2.14632296869e-23
10.9856054331  2.50577918618e-23
11.3196838233  2.95410555237e-23
11.6639217237  3.42406257644e-23
12.0186280908  3.9130054444e-23
12.3841212763  4.46139391478e-23
12.7607293136  5.02859235805e-23
13.1487902114  5.60961268628e-23
13.5486522576  6.2026236954e-23
13.9606743317  6.81221532958e-23
14.3852262269  7.39119020409e-23
14.8226889821  7.98079375635e-23
15.2734552238  8.54299161347e-23
15.7379295184  9.09199604941e-23
16.2165287354  9.62572511569e-23
16.7096824217  1.01358132063e-22
17.2178331866  1.06370946813e-22
17.7414370999  1.1120224012e-22
18.2809641002  1.15949222298e-22
18.8368984177  1.20621294302e-22
19.4097390079  1.25133468973e-22
20  1.29659e-22

