2.479502 20 101
101
2.479502  0
2.53181004301  2.2322927527e-24
2.58522158639  4.5116783754e-24
2.63975990979  6.83915034817e-24
2.69544878397  9.21572310975e-24
2.75231248117  1.16424324997e-23
2.81037578567  1.41203362097e-23
2.86966400463  1.6650514245e-23
2.93020297906  1.92340693944e-23
2.99201909515  2.18343221705e-23
3.05513929571  2.24666848123e-23
3.11959109195  2.27634551196e-23
3.18540257548  2.30302969136e-23
3.2526024305  2.32928789983e-23
3.32121994637  2.35610005644e-23
3.39128503033  2.38347784736e-23
3.46282822055  2.41143320535e-23
3.53588069944  2.43997831485e-23
3.61047430723  2.46912561738e-23
3.68664155588  2.49888781691e-23
3.76441564321  2.52927788543e-23
3.84383046739  2.56030906858e-23
3.92492064172  2.59199489144e-23
4.00772150969  2.62373888354e-23
4.09226916044  2.65169575078e-23
4.17860044441  2.68010547704e-23
4.26675298947  2.70911454027e-23
4.35676521729  2.73873558417e-23
4.44867636008  2.76898151922e-23
4.54252647772  2.79986552824e-23
4.63835647519  2.83140107214e-23
4.73620812041  2.86360189585e-23
4.83612406243  2.89648203422e-23
4.93814785006  2.9300558182e-23
5.0423239508  2.96375948197e-23
5.14869777027  2.99731106112e-23
5.25731567194  3.03157045072e-23
5.3682249974  3.06655258288e-23
5.48147408696  3.10227270472e-23
5.59711230073  3.138746385e-23
5.71519004012  3.17598952093e-23
5.83575876983  3.21401834511e-23
5.95887104025  3.25284943255e-23
6.08458051041  3.29151539099e-23
6.21294197133  3.3305083125e-23
6.34401136989  3.37025600665e-23
6.47784583326  3.40920671812e-23
6.61450369379  3.44879001485e-23
6.75404451437  3.48920836829e-23
6.89652911449  3.53047939496e-23
7.04201959668  3.57088359191e-23
7.19057937359  3.6077714302e-23
7.34227319564  3.6454374613e-23
7.49716717924  3.68389810211e-23
7.65532883561  3.72317011587e-23
7.81682710018  3.76327061946e-23
7.98173236268  3.80402558205e-23
8.15011649778  3.83685212838e-23
8.32205289643  3.86736213168e-23
8.49761649786  3.89851577978e-23
8.67688382222  3.93032665114e-23
8.85993300394  3.96280861064e-23
9.04684382582  3.99446479155e-23
9.23769775373  4.02568507395e-23
9.4325779722  4.05756396985e-23
9.6315694206  4.09011538896e-23
9.83475883022  4.12335351897e-23
10.042234762  4.15706471071e-23
10.2540876454  4.19059464032e-23
10.4704098172  4.22482870561e-23
10.6912955624  4.25978497923e-23
10.9168411551  4.295478697e-23
11.1471449002  4.33286382795e-23
11.3823071767  4.37250016624e-23
11.6224304811  4.41334874959e-23
11.8676194721  4.45505908239e-23
12.1179810164  4.49434787675e-23
12.3736242351  4.53068295643e-23
12.6346605516  4.56258113762e-23
12.9012037395  4.59299636469e-23
13.173369973  4.61973529507e-23
13.4512778767  4.64452579171e-23
13.7350485781  4.66983927336e-23
14.02480576  4.69666564438e-23
14.3206757141  4.73155199631e-23
14.6227873967  4.76742564384e-23
14.9312724844  4.80405008278e-23
15.246265432  4.83742965492e-23
15.5679035302  4.87035896343e-23
15.8963269667  4.90398295485e-23
16.231678886  4.93179660882e-23
16.5741054529  4.95721801472e-23
16.9237559153  4.98317558734e-23
17.28078267  5.00961318251e-23
17.6453413287  5.03658685003e-23
18.0175907857  5.06421235552e-23
18.3976932876  5.09323364031e-23
18.7858145039  5.12290744789e-23
19.1821235986  5.15013743052e-23
19.586793305  5.17290702874e-23
20  5.190367e-23

