0.1 20 151
151
0.1  0
0.103595335198  7.30435489491e-37
0.107319934748  1.48713258323e-36
0.111178446136  2.27103547393e-36
0.115175683943  3.08312230118e-36
0.119316635847  3.92440637196e-36
0.123606468853  4.79593742505e-36
0.128050535734  5.69880294086e-36
0.132654381717  6.63412949835e-36
0.137423751394  7.60308418077e-36
0.142364595899  8.60687603195e-36
0.147483080324  9.64675756486e-36
0.152785591422  1.07240263245e-35
0.158278745568  1.18400265071e-35
0.163969397019  1.29961506371e-35
0.169864646463  1.41938413048e-35
0.175971849887  1.54345929667e-35
0.182298627744  1.67199538098e-35
0.188852874473  1.80515276837e-35
0.195642768341  1.94309761017e-35
0.202676781654  3.72867266941e-31
0.209963691323  1.38785556331e-30
0.21751258982  2.43933609116e-30
0.225332896521  3.52862086852e-30
0.233434369463  4.65706908489e-30
0.241827117512  5.82608879717e-30
0.250521612986  7.03713868664e-30
0.259528704717  8.29172987905e-30
0.268859631586  9.59142783019e-30
0.278526036554  1.09378542792e-29
0.288539981181  1.23326892723e-29
0.298913960685  1.37776732589e-29
0.309660919525  1.52746092633e-29
0.320794267559  1.68253651348e-29
0.332327896774  1.84318758779e-29
0.344276198619  2.00961460673e-29
0.356654081967  2.18202523486e-29
0.369476991711  2.36063460298e-29
0.382760928042  2.54566557659e-29
0.396522466412  2.73734903391e-29
0.410778778215  2.93592415405e-29
0.425547652214  3.14163871537e-29
0.440847516738  3.35474940473e-29
0.456697462677  3.57552213771e-29
0.473117267301  3.80423239046e-29
0.490127418939  4.04116554344e-29
0.507749142548  4.13133664599e-28
0.526004426187  1.28794559382e-27
0.544916048465  2.19420994426e-27
0.564507606954  3.13305753587e-27
0.584803547643  4.10565984539e-27
0.60582919543  5.11323046809e-27
0.627610785733  6.15702663203e-27
0.650175497219  7.23835076685e-27
0.673551485719  8.35855212889e-27
0.697767919361  9.51902848479e-27
0.722855014966  1.07212278556e-26
0.74884407575  1.19666503235e-26
0.775767530383  1.32568499038e-26
0.803658973457  1.45934364837e-26
0.832553207402  1.59780778313e-26
0.862486285909  1.74125016767e-26
0.893495558925  1.88984978675e-26
0.925619719247  2.04379206024e-26
0.958898850812  2.20326907447e-26
0.993374478709  2.38700124011e-26
1.02908962099  5.9378121179e-26
1.06608884235  1.04372789179e-25
1.10441830974  1.50985166315e-25
1.14412584997  1.99273414653e-25
1.18526100936  2.4929778738e-25
1.22787511562  3.01120703987e-25
1.27202134183  3.54806828156e-25
1.31775477286  4.10423148443e-25
1.36513247404  4.68039061869e-25
1.41421356237  5.27726460511e-25
1.46505928036  5.89559821204e-25
1.51773307233  6.53616298479e-25
1.57230066369  7.19975820827e-25
1.62883014287  7.8872119044e-25
1.68739204632  8.59938186524e-25
1.74805944649  9.33715672334e-25
1.81090804305  1.01014570606e-24
1.87601625732  1.08932365569e-24
1.94346533014  1.17134831801e-24
2.01333942322  1.31761406735e-24
2.08572572415  1.72864147212e-24
2.16071455525  2.15599457175e-24
2.23839948618  2.59871244779e-24
2.31887745078  3.05734751546e-24
2.40224886796  3.53247205114e-24
2.48861776706  4.0246789065e-24
2.57809191758  4.53458224816e-24
2.67078296373  5.06281832415e-24
2.76680656368  5.61004625771e-24
2.86628253393  6.17694886977e-24
2.96933499874  6.76423353099e-24
3.0760925451  8.04377081396e-24
3.18668838309  9.6495018322e-24
3.30126051218  1.13129642629e-23
3.41995189335  1.30362337439e-23
3.54291062753  1.48214605391e-23
3.67029014035  1.66708722217e-23
3.80224937364  1.85867764534e-23
3.93895298368  2.05715638643e-23
4.08057154674  2.28361246499e-23
4.22728177184  2.53456910763e-23
4.3792667213  2.79454848278e-23
4.53671603914  3.06387498791e-23
4.69982618773  3.34288468368e-23
4.8688006929  3.63192571324e-23
5.04385039793  3.92622589285e-23
5.22519372662  4.21520994019e-23
5.41305695583  4.5145814556e-23
5.60767449785  4.82471638048e-23
5.80928919286  5.14600169547e-23
6.01815261197  5.47008608852e-23
6.23452537109  5.73897055563e-23
6.45867745619  6.01524472507e-23
6.69088856009  6.30145187697e-23
6.93144843155  6.59794913534e-23
7.18065723674  6.84554720553e-23
7.43882593382  7.07863455552e-23
7.70627666093  7.32010217705e-23
7.98334313818  7.56625085597e-23
8.270371084  7.72875187125e-23
8.56771864659  7.88652775878e-23
8.87575685075  8.04997621833e-23
9.19487006089  8.19646223187e-23
9.5254564606  8.33312995538e-23
9.8679285495  8.47471134165e-23
10.2227136579  8.60635856725e-23
10.5902544803  8.7335089472e-23
10.9710096272  8.86436478629e-23
11.3654541979  8.97639616017e-23
11.774080373  9.08947977652e-23
12.1973980289  9.19162470635e-23
12.6359353735  9.27965230752e-23
13.0902396056  9.36451879724e-23
13.5608775976  9.42673262935e-23
14.0484366031  9.48800147428e-23
14.553524989  9.5298044276e-23
15.0767729955  9.57000825205e-23
15.6188335217  9.5983961503e-23
16.1803829408  9.62520524709e-23
16.7621219439  9.64772959954e-23
17.364776414  9.66932780702e-23
17.9890983325  9.69040038348e-23
18.6358667167  9.71018011472e-23
19.3058885922  9.72834483942e-23
20  9.74451e-23

