4 20 101
101
4  0
4.06489836507  7.95924049294e-28
4.13084967959  1.60476164097e-27
4.19787102722  2.42672229197e-27
4.26597976883  3.26201891857e-27
4.33519354694  4.11086789152e-27
4.4055302903  4.97348909211e-27
4.47700821858  5.85010596909e-27
4.54964584702  6.74094559661e-27
4.6234619913  7.64623873296e-27
4.69847577235  8.56621988043e-27
4.77470662134  9.50112734599e-27
4.85217428469  1.04612982851e-26
4.93089882922  1.15763138428e-26
5.0109006473  1.37244765571e-26
5.09220046219  2.40539698699e-26
5.17481933334  3.4851133151e-26
5.2587786619  4.58234759932e-26
5.34410019626  5.69738406132e-26
5.43080603763  6.83051153417e-26
5.51891864584  7.98202353712e-26
5.60846084511  9.15221835166e-26
5.69945582996  1.03413990988e-25
5.79192717125  1.15498738174e-25
5.88589882225  1.30077655727e-25
5.98139512488  1.46783189218e-25
6.07844081599  1.79283214639e-25
6.17706103378  2.16158688926e-25
6.27728132428  2.69661004585e-25
6.37912764804  3.543145434e-25
6.48262638677  4.40341551282e-25
6.58780435024  5.4975715295e-25
6.69468878317  7.01571690496e-25
6.80330737234  8.55849356861e-25
6.91368825372  1.0126301153e-24
7.02586001978  1.19344716831e-24
7.13985172691  1.44976419705e-24
7.25569290288  1.71030231927e-24
7.3734135546  1.97506756604e-24
7.49304417576  2.24412852072e-24
7.61461575486  2.51755487941e-24
7.73815978314  2.80043941675e-24
7.86370826279  3.15594011935e-24
7.9912937152  3.52541057874e-24
8.12094918942  3.9848109239e-24
8.25270827072  4.48048684169e-24
8.38660508926  5.28432904093e-24
8.52267432896  6.1264222697e-24
8.66095123645  6.98217811692e-24
8.80147163025  7.85181825298e-24
8.94427191  8.7355679448e-24
9.08938906592  1.0101927511e-23
9.23686068839  1.17871280652e-23
9.38672497765  1.34996703097e-23
9.53902075375  1.52399978521e-23
9.69378746657  1.70085614975e-23
9.85106520605  1.88058193652e-23
10.0108947126  2.06881142792e-23
10.1733173875  2.30779502479e-23
10.3383753039  2.55287904412e-23
10.5061112176  2.8028099056e-23
10.6765685779  3.05679579316e-23
10.8497915392  3.31490249793e-23
11.0258249723  3.57746886166e-23
11.2047144759  3.84574285776e-23
11.3865063885  4.11839000532e-23
11.5712478006  4.39546074142e-23
11.7589865666  4.67702683697e-23
11.9497713174  4.96316122732e-23
12.1436514728  5.25514470358e-23
12.3406772544  5.55229425883e-23
12.5408996988  5.85426494416e-23
12.7443706706  6.16113498043e-23
12.9511428756  6.47298400542e-23
13.1612698752  6.79016954085e-23
13.3748060995  7.11226327969e-23
13.5918068618  7.43930720857e-23
13.8123283727  7.77165729152e-23
14.036427755  8.11067233689e-23
14.2641630582  8.46138672561e-23
14.4955932736  8.81785637973e-23
14.7307783496  9.17801325946e-23
14.9697792074  9.5261156295e-23
15.2126577564  9.7941723168e-23
15.4594769106  1.00524290706e-22
15.7103006046  1.03148759347e-22
15.9651938106  1.0579847993e-22
16.2242225547  1.07440133108e-22
16.4874539343  1.08919496221e-22
16.7549561354  1.10422858642e-22
17.0267984504  1.11950607431e-22
17.3030512959  1.13503148283e-22
17.5837862308  1.15080878617e-22
17.8690759753  1.16684206981e-22
18.1589944294  1.18313548693e-22
18.4536166918  1.19969325808e-22
18.75301908  1.2165196723e-22
19.0572791496  1.23361900136e-22
19.3664757145  1.25099563164e-22
19.6806888673  1.26865441021e-22
20  1.2866e-22

