0.05 20 201
201
0.05  0
0.0515205278956  5.10283079639e-41
0.0530872958927  1.03608415242e-40
0.0547017101788  1.57787512918e-40
0.0563652197041  2.13614227181e-40
0.0580793174821  2.71138662972e-40
0.0598455419298  3.30412448948e-40
0.0616654782484  3.91488783825e-40
0.0635407598458  4.54422484121e-40
0.0654730698028  5.19270033354e-40
0.0674641423837  5.86089632739e-40
0.0695157645926  6.54941253421e-40
0.0716297777775  7.258866903e-40
0.0738080792827  7.98989617497e-40
0.0760526241521  8.74315645494e-40
0.0783654268832  9.51932380028e-40
0.0807485632356  1.03190948276e-39
0.0832041720942  1.11431873381e-39
0.0857344573881  1.19923409616e-39
0.0883416900695  1.28673178206e-39
0.0910282101513  1.37689032139e-39
0.0937964288077  1.46979063221e-39
0.0966488305378  1.56551609332e-39
0.0995879753959  8.46379569275e-37
0.102616501289  5.43636347558e-35
0.105737126344  1.19199560912e-34
0.108952651348  1.86007183755e-34
0.112265962262  2.54846463682e-34
0.115680032808  3.25779184518e-34
0.119197927145  3.98869008968e-34
0.122822802612  4.74181535758e-34
0.126557912563  5.51784358505e-34
0.130406609292  6.31747126387e-34
0.134372347036  7.14141606652e-34
0.138458685077  7.99041749031e-34
0.142669290938  8.86523752107e-34
0.147007943673  9.76666131704e-34
0.151478537257  1.06954979135e-33
0.156085084087  1.16525809492e-33
0.160831718575  1.26387694139e-33
0.165722700867  1.365494842e-33
0.170762420659  1.47020299966e-33
0.175955401141  1.57809539082e-33
0.181306303058  1.68926884978e-33
0.186819928886  1.80382315566e-33
0.192501227153  1.92186112189e-33
0.198355296869  2.04348868853e-33
0.204387392112  1.13642801649e-31
0.210602926736  2.71695007407e-31
0.217007479236  4.34553668922e-31
0.22360679775  6.02364953194e-31
0.230406805222  7.75279472245e-31
0.237413604716  9.53452418291e-31
0.244633484891  1.13704370303e-30
0.25207292565  1.32621810117e-30
0.259738603953  1.52114539829e-30
0.267637399811  1.72200054328e-30
0.275776402457  1.92896380528e-30
0.284162916714  2.14222093555e-30
0.292804469549  2.36196333412e-30
0.301708816827  2.58838822164e-30
0.310883950274  2.82169881631e-30
0.320338104647  3.06210451633e-30
0.33007976513  3.30982108781e-30
0.340117674943  3.56507085843e-30
0.350460843193  3.82808291699e-30
0.361118552961  4.09909331898e-30
0.372100369628  4.3783452985e-30
0.383416149468  4.66608948651e-30
0.395076048485  4.96258413582e-30
0.407090531537  5.26809535283e-30
0.419470381721  5.5828973364e-30
0.432226710057  5.90727262392e-30
0.445370965454  6.2415123449e-30
0.458914944991  6.58591648228e-30
0.472870804502  6.94079414162e-30
0.487251069486  7.30646382857e-30
0.502068646352  7.86361178426e-30
0.517336833998  9.44559383973e-30
0.533069335748  1.10925837922e-29
0.549280271653  1.2789659628e-29
0.565984191164  1.45383444868e-29
0.583196086186  1.63402078278e-29
0.600931404538  1.81968668382e-29
0.619206063817  2.0109987885e-29
0.63803646568  2.20812880102e-29
0.657439510569  2.4112536472e-29
0.677432612878  2.62055563327e-29
0.698033716583  2.83622260952e-29
0.719261311345  3.05844813884e-29
0.741134449107  3.28743167048e-29
0.763672761192  3.52337871908e-29
0.786896475921  3.76650104906e-29
0.810826436772  4.01701686474e-29
0.835484121084  4.27515100613e-29
0.860891659332  4.54113515078e-29
0.887071854993  4.81520802167e-29
0.914048205011  5.09761560147e-29
0.941844920883  5.38861135333e-29
0.970486950393  5.68845644835e-29
1  6.39372483476e-29
1.03041055791  1.25944911975e-28
1.06174591785  1.93921830107e-28
1.09403420358  2.63965964244e-28
1.12730439408  3.36140179579e-28
1.16158634964  4.10509253069e-28
1.1969108386  4.87139931575e-28
1.23330956497  5.66100991767e-28
1.27081519692  6.47463301854e-28
1.30946139606  7.31299885183e-28
1.34928284767  8.17685985784e-28
1.39031529185  9.06699135901e-28
1.43259555555  9.98419225574e-28
1.47616158565  1.09292857435e-27
1.52105248304  1.19031200514e-27
1.56730853766  1.2906569204e-27
1.61497126471  1.39405338051e-27
1.66408344188  1.50059418466e-27
1.71468914776  1.61037495411e-27
1.76683380139  1.723494218e-27
1.82056420303  1.84005350182e-27
1.87592857615  1.96015741849e-27
1.93297661076  2.08391376228e-27
1.99175950792  2.22098661755e-27
2.05233002578  2.95761784348e-27
2.11474252688  3.8262494447e-27
2.17905302696  4.72129661752e-27
2.24531924523  5.64356267423e-27
2.31360065617  6.59387535626e-27
2.3839585429  7.57308757714e-27
2.45645605223  8.58207818798e-27
2.53115825126  9.62175276622e-27
2.60813218585  1.06930444284e-26
2.68744694072  1.17969146678e-26
2.76917370155  1.29343542169e-26
2.85338581877  1.41063839374e-26
2.94015887345  1.53140557356e-26
3.02957074514  1.11404120113e-25
3.12170168173  4.08188555689e-25
3.21663437151  7.1399837153e-25
3.31445401734  1.02910803449e-24
3.41524841318  1.35380035809e-24
3.51910802283  1.68836675641e-24
3.62612606115  2.03310750556e-24
3.73639857773  2.38833201323e-24
3.85002454306  2.75435909636e-24
3.96710593738  3.1315172673e-24
4.08774784223  4.30681205953e-24
4.21205853471  5.82171436862e-24
4.34014958471  7.3826857021e-24
4.472135955  8.99112704473e-24
4.60813610445  1.06484819859e-23
4.74827209431  1.23562380156e-23
4.89266969782  1.41159278589e-23
5.041458513  1.59252826728e-23
5.19477207907  1.77793956154e-23
5.35274799621  1.9689893167e-23
5.51552804914  2.16584900151e-23
5.68325833429  2.36869529915e-23
5.85608939099  2.57771026588e-23
6.03417633655  2.79925888422e-23
6.21767900547  3.0534509248e-23
6.40676209294  3.3155181932e-23
6.6015953026  3.58555507344e-23
6.80235349885  3.86380392587e-23
7.00921686386  4.15108613375e-23
7.22237105921  4.45283089606e-23
7.44200739256  4.76404679497e-23
7.66832298935  5.08472694299e-23
7.9015209697  5.41515915323e-23
8.14181063074  5.78840391946e-23
8.38940763443  6.19644378154e-23
8.64453420113  6.61689236347e-23
8.90741930907  7.05012702135e-23
9.17829889981  7.29689192109e-23
9.45741609003  7.44434422946e-23
9.74502138973  7.59628064479e-23
10.041372927  7.74524665035e-23
10.34673668  7.85632284244e-23
10.661386715  7.97006568359e-23
10.9856054331  8.08596637502e-23
11.3196838233  8.17935786633e-23
11.6639217237  8.27291828529e-23
12.0186280908  8.3676739762e-23
12.3841212763  8.44964309318e-23
12.7607293136  8.5333551511e-23
13.1487902114  8.61275534734e-23
13.5486522576  8.68320704126e-23
13.9606743317  8.75521976607e-23
14.3852262269  8.80975456552e-23
14.8226889821  8.86315564405e-23
15.2734552238  8.90277694641e-23
15.7379295184  8.93331148654e-23
16.2165287354  8.95433596526e-23
16.7096824217  8.96298144253e-23
17.2178331866  8.96432644752e-23
17.7414370999  8.95532569625e-23
18.2809641002  8.94012822292e-23
18.8368984177  8.91885206066e-23
19.4097390079  8.89257376252e-23
20  8.86371e-23

