0.2 20 151
151
0.2  0
0.206235454919  6.59931449796e-36
0.212665314327  1.34043776362e-35
0.219295639229  2.04216040964e-35
0.22613267959  2.76576085529e-35
0.233182880236  3.51192119073e-35
0.240452886923  4.28134477184e-35
0.247949552606  5.07475688322e-35
0.255679943893  5.89290542186e-35
0.263651347711  6.73656160214e-35
0.271871278176  7.60652068282e-35
0.280347483669  8.50360271664e-35
0.289087954149  9.42865332336e-35
0.298100928677  1.03825444869e-34
0.307394903187  1.13661753771e-34
0.316978638492  1.23804731977e-34
0.326861168545  1.342639406e-34
0.33705180895  1.45049238842e-34
0.34756016575  1.56170793289e-34
0.358396144475  1.67639087492e-34
0.369569959484  1.79464931854e-34
0.381092143593  1.91659473812e-34
0.392973557999  2.04234208353e-34
0.405225402524  2.17200988846e-34
0.417859226171  2.30572038215e-34
0.430886938006  2.44359960462e-34
0.444320818391  2.58577752547e-34
0.458173530554  2.7323881664e-34
0.472458132527  2.88356972754e-34
0.487188089458  3.03946471772e-34
0.502377286302  1.83420628882e-31
0.518040040906  1.30355829352e-30
0.534191117512  2.47033734374e-30
0.550845740668  3.6734933848e-30
0.568019609583  4.91416055214e-30
0.585728912925  6.19350834043e-30
0.60399034408  7.51274270601e-30
0.622821116889  8.87310720366e-30
0.642238981873  1.02758841588e-29
0.662262242965  1.17223958763e-29
0.682909774767  1.32140058868e-29
0.704201040337  1.47521202321e-29
0.72615610954  1.63381887908e-29
0.748795677965  1.79737066444e-29
0.772141086431  1.96602154873e-29
0.796214341107  2.13993050795e-29
0.821038134255  2.31926147454e-29
0.846635865618  2.50418349192e-29
0.87303166448  2.69487087381e-29
0.900250412412  2.89150336858e-29
0.928317766723  3.09426632862e-29
0.957260184645  3.30335088515e-29
0.987104948279  3.51895412831e-29
1.0178801903  7.13191676974e-28
1.0496149205  1.91489320917e-27
1.08233905309  3.15406052002e-27
1.11608343495  4.43186169039e-27
1.15087987467  5.74950121871e-27
1.18676117255  7.10822115643e-27
1.2237611515  8.50930227874e-27
1.26191468896  9.95406529193e-27
1.30125774973  1.14438720783e-26
1.34182741991  1.29801269799e-26
1.38366194184  1.45642781225e-26
1.42680075014  1.61978187802e-26
1.47128450892  1.78822887836e-26
1.51715515006  1.96192759708e-26
1.56445591277  2.14104176845e-26
1.61323138435  2.32574023153e-26
1.66352754221  2.5161970893e-26
1.71539179718  2.71259187283e-26
1.76887303828  2.91510971045e-26
1.82402167871  3.12394150231e-26
1.88088970345  3.33928410028e-26
1.93953071822  3.56134049357e-26
2  3.89953957067e-26
2.06235454919  5.75681911241e-26
2.12665314327  7.78462830764e-26
2.19295639229  9.87565906696e-26
2.2613267959  1.20318824665e-25
2.33182880236  1.4255331035e-25
2.40452886923  1.654810067e-25
2.47949552606  1.89123526136e-25
2.55679943893  2.13503154892e-25
2.63651347711  2.38642874028e-25
2.71871278176  2.64566381091e-25
2.80347483669  2.91298112452e-25
2.89087954149  3.18863266343e-25
2.98100928677  3.48546158368e-25
3.07394903187  8.13103468322e-25
3.16978638492  1.40903488855e-24
3.26861168545  2.0235458263e-24
3.3705180895  2.65721554031e-24
3.4756016575  3.31064134898e-24
3.58396144475  3.98443919352e-24
3.69569959484  4.67924421848e-24
3.81092143593  5.39571137049e-24
3.92973557999  6.13451601564e-24
4.05225402524  7.49169592028e-24
4.17859226171  9.71668522149e-24
4.30886938006  1.20110436251e-23
4.44320818391  1.43769338707e-23
4.58173530554  1.68165861261e-23
4.72458132527  1.93323000898e-23
4.87188089458  2.19264471586e-23
5.02377286302  2.45484522036e-23
5.18040040906  2.69825241484e-23
5.34191117512  2.94890904822e-23
5.50845740668  3.20738047229e-23
5.68019609583  3.47391033092e-23
5.85728912925  3.74874986414e-23
6.0399034408  4.0249463707e-23
6.22821116889  4.28347265042e-23
6.42238981873  4.55000226519e-23
6.62262242965  4.82484154694e-23
6.82909774767  5.10824956845e-23
7.04201040337  5.39513760303e-23
7.2615610954  5.66913531335e-23
7.48795677965  5.95157072131e-23
7.72141086431  6.24281169555e-23
7.96214341107  6.54281965341e-23
8.21038134255  6.82601445323e-23
8.46635865618  7.11274232154e-23
8.7303166448  7.40840958334e-23
9.00250412412  7.70924586304e-23
9.28317766723  7.96730977314e-23
9.57260184645  8.22979463919e-23
9.87104948279  8.50046306798e-23
10.178801903  8.73611740462e-23
10.496149205  8.94680396105e-23
10.8233905309  9.16405915009e-23
11.1608343495  9.35928747852e-23
11.5087987467  9.52799140518e-23
11.8676117255  9.70195506049e-23
12.237611515  9.85599593291e-23
12.6191468896  1.00002769686e-22
13.0125774973  1.01470883226e-22
13.4182741991  1.0276976576e-22
13.8366194184  1.04096756795e-22
14.2680075014  1.05353628674e-22
14.7128450892  1.06579601066e-22
15.1715515006  1.07783409807e-22
15.6445591277  1.08920520143e-22
16.1323138435  1.10051006678e-22
16.6352754221  1.1110018453e-22
17.1539179718  1.12142054217e-22
17.6887303828  1.13118621679e-22
18.2402167871  1.1407951423e-22
18.8088970345  1.15008737754e-22
19.3953071822  1.15903682787e-22
20  1.16795e-22

