1.479823 20 101
101
1.479823  0
1.51886080566  9.85062995998e-28
1.55892843061  1.9961120037e-27
1.60005304153  3.03383253542e-27
1.64226252178  4.09892818729e-27
1.68558549025  5.19212111639e-27
1.73005132082  6.31415253031e-27
1.77569016225  7.46578318973e-27
1.82253295863  8.64779392424e-27
1.87061147035  9.86098616178e-27
1.91995829564  1.1106182472e-26
1.97060689268  1.23842271239e-26
2.02259160228  1.41624611182e-26
2.07594767114  1.66105282631e-26
2.13071127581  1.91231755433e-26
2.18691954714  2.17021065859e-26
2.24461059551  2.434906996e-26
2.30382353666  2.70658603619e-26
2.36459851819  2.98543198322e-26
2.42697674682  3.27163390044e-26
2.49100051627  3.56538583874e-26
2.556713236  3.86688696803e-26
2.62415946061  4.17634171239e-26
2.69338492004  4.49395988856e-26
2.76443655059  4.8199568483e-26
2.83736252675  5.15455362435e-26
2.91221229385  5.49797708029e-26
2.9890366016  6.00789127833e-26
3.06788753848  1.68484380215e-25
3.14881856707  2.98995325355e-25
3.23188456028  4.32949155835e-25
3.31714183861  5.70436695145e-25
3.40464820825  7.11551162703e-25
3.49446300035  8.56388237059e-25
3.58664711122  1.00504612077e-24
3.68126304359  1.15762560698e-24
3.77837494906  1.31423014776e-24
3.87804867151  1.47496592425e-24
3.9803517918  1.64215476823e-24
4.08535367358  2.23433509108e-24
4.19312551032  2.94483859938e-24
4.30374037357  3.67408522619e-24
4.41727326252  4.42256941595e-24
4.53380115482  5.19079865652e-24
4.65340305882  5.97929382335e-24
4.7761600671  6.7885895326e-24
4.90215541148  7.61923450364e-24
5.03147451942  8.9053184442e-24
5.16420507197  1.16063550235e-23
5.30043706322  1.43790832429e-23
5.4402628613  1.72249561731e-23
5.58377727101  2.01459033752e-23
5.73107759811  2.31439053124e-23
5.8822637153  2.62209946926e-23
6.03743812991  2.93934632781e-23
6.19670605344  3.2695380209e-23
6.36017547286  3.60844201587e-23
6.52795722383  3.95556713715e-23
6.70016506589  4.30682598709e-23
6.87691575954  4.66720861533e-23
7.05832914544  4.96371986289e-23
7.24452822565  5.1091279382e-23
7.43563924701  5.25837188589e-23
7.6317917868  5.41155289648e-23
7.83311884051  5.56877482989e-23
8.0397569121  5.71645753258e-23
8.25184610648  5.81096508364e-23
8.46953022454  5.9091738148e-23
8.69295686065  6.01059009391e-23
8.92227750274  6.1146817396e-23
9.15764763498  6.2417974221e-23
9.39922684322  6.38252753924e-23
9.64717892321  6.53363958035e-23
9.90167199161  6.70524395862e-23
10.1628786001  6.89599131873e-23
10.430975852  7.10575552263e-23
10.7061455231  7.32172334561e-23
10.988574184  7.54233302286e-23
11.2784533273  7.74834815899e-23
11.5759794971  7.95776492885e-23
11.8813544223  8.1727061237e-23
12.1947851535  8.36508414929e-23
12.5164842033  8.54488625198e-23
12.8466696902  8.72943154324e-23
13.185565487  8.89643403362e-23
13.5334013721  9.04883554399e-23
13.8904131855  9.20525741392e-23
14.2568429886  9.35350566302e-23
14.6329392284  9.49455419645e-23
15.0189569061  9.63490258153e-23
15.4151577496  9.76820266413e-23
15.8218103915  9.89728384581e-23
16.2391905507  1.00140113501e-22
16.6675812195  1.01258761487e-22
17.107272856  1.02347731249e-22
17.55856358  1.03275665649e-22
18.0217593762  1.0406922989e-22
18.4971743009  1.04727514829e-22
18.9851306955  1.05281914304e-22
19.4859594044  1.05705561439e-22
20  1.06128e-22

