0.2 20 151
151
0.2  0
0.206235454919  4.24424552975e-38
0.212665314327  8.62081506782e-38
0.219295639229  1.31338341162e-37
0.22613267959  1.77875567986e-37
0.233182880236  2.2586369871e-37
0.240452886923  2.75347968563e-37
0.247949552606  3.26375023085e-37
0.255679943893  3.78992962098e-37
0.263651347711  4.33251385043e-37
0.271871278176  4.8920143774e-37
0.280347483669  5.46895860593e-37
0.289087954149  6.0638903831e-37
0.298100928677  6.67737051165e-37
0.307394903187  7.30997727863e-37
0.316978638492  7.96230700049e-37
0.326861168545  8.63497458521e-37
0.33705180895  9.32861411194e-37
0.34756016575  1.00438794287e-36
0.358396144475  1.07814447686e-36
0.369569959484  1.15420053856e-36
0.381092143593  1.23262782098e-36
0.392973557999  1.31350025233e-36
0.405225402524  1.39689406567e-36
0.417859226171  1.48288787083e-36
0.430886938006  1.57156272847e-36
0.444320818391  1.66300222649e-36
0.458173530554  1.75729255885e-36
0.472458132527  1.8545226068e-36
0.487188089458  1.95478402264e-36
0.502377286302  8.62245009503e-33
0.518040040906  6.13579514411e-32
0.534191117512  1.16289312124e-31
0.550845740668  1.72933282922e-31
0.568019609583  2.31343258351e-31
0.585728912925  2.91574297624e-31
0.60399034408  3.53683176547e-31
0.622821116889  4.17728441043e-31
0.642238981873  4.83770462337e-31
0.662262242965  5.51871493863e-31
0.682909774767  6.22095729949e-31
0.704201040337  6.94509366327e-31
0.72615610954  7.6918066253e-31
0.748795677965  8.46180006239e-31
0.772141086431  9.25579979631e-31
0.796214341107  1.0074554278e-30
0.821038134255  1.09188352929e-30
0.846635865618  1.17894386889e-30
0.87303166448  1.2687185126e-30
0.900250412412  1.36129208503e-30
0.928317766723  1.45675184915e-30
0.957260184645  1.55518778855e-30
0.987104948279  1.65669269225e-30
1.0178801903  2.8467421993e-28
1.0496149205  7.8691121603e-28
1.08233905309  1.30480659287e-27
1.11608343495  1.83884853608e-27
1.15087987467  2.3895404516e-27
1.18676117255  2.95740144019e-27
1.2237611515  3.54296678674e-27
1.26191468896  4.1467884649e-27
1.30125774973  4.76943565733e-27
1.34182741991  5.41149529225e-27
1.38366194184  6.07357259671e-27
1.42680075014  6.75629166709e-27
1.47128450892  7.4602960574e-27
1.51715515006  8.1862493859e-27
1.56445591277  8.93483596067e-27
1.61323138435  9.70676142464e-27
1.66352754221  1.05027534208e-26
1.71539179718  1.13235622779e-26
1.76887303828  1.21699617182e-26
1.82402167871  1.30427495862e-26
1.88088970345  1.39427486013e-26
1.93953071822  1.48708071328e-26
2  1.82380038351e-26
2.06235454919  5.49998194688e-26
2.12665314327  9.53931157449e-26
2.19295639229  1.37045764911e-25
2.2613267959  1.79997030157e-25
2.33182880236  2.24287398794e-25
2.40452886923  2.69958620416e-25
2.47949552606  3.17053746256e-25
2.55679943893  3.65617169765e-25
2.63651347711  4.15694668465e-25
2.71871278176  4.67333447093e-25
2.80347483669  5.20582182101e-25
2.89087954149  5.75491067543e-25
2.98100928677  6.32752751565e-25
3.07394903187  9.12817095944e-25
3.16978638492  1.26114733809e-24
3.26861168545  1.62033756784e-24
3.3705180895  1.99072637001e-24
3.4756016575  2.37266288558e-24
3.58396144475  2.76650714077e-24
3.69569959484  3.17263038645e-24
3.81092143593  3.59141544808e-24
3.92973557999  4.02325708658e-24
4.05225402524  4.73577702427e-24
4.17859226171  5.84102939864e-24
4.30886938006  6.98074052977e-24
4.44320818391  8.15598474781e-24
4.58173530554  9.36786987753e-24
4.72458132527  1.06175382827e-23
4.87188089458  1.19061679429e-23
5.02377286302  1.335995558e-23
5.18040040906  1.54947693557e-23
5.34191117512  1.77041397289e-23
5.50845740668  1.99823922489e-23
5.68019609583  2.23316744733e-23
5.85728912925  2.47542009147e-23
6.0399034408  2.73421821531e-23
6.22821116889  3.03385633219e-23
6.42238981873  3.34290718769e-23
6.62262242965  3.66159340659e-23
6.82909774767  3.99021539323e-23
7.04201040337  4.32761755646e-23
7.2615610954  4.6695650491e-23
7.48795677965  5.02214485831e-23
7.72141086431  5.38571714505e-23
7.96214341107  5.76014654011e-23
8.21038134255  6.10629689849e-23
8.46635865618  6.45515276462e-23
8.7303166448  6.81488500589e-23
9.00250412412  7.17958408292e-23
9.28317766723  7.47517190415e-23
9.57260184645  7.77438151488e-23
9.87104948279  8.0829196658e-23
10.178801903  8.34562357317e-23
10.496149205  8.57527829518e-23
10.8233905309  8.81209302552e-23
11.1608343495  9.02675070959e-23
11.5087987467  9.21465183204e-23
11.8676117255  9.40841119939e-23
12.237611515  9.58944917528e-23
12.6191468896  9.76535186284e-23
13.0125774973  9.94552230598e-23
13.4182741991  1.01180205649e-22
13.8366194184  1.0295131197e-22
14.2680075014  1.04678580986e-22
14.7128450892  1.06397433425e-22
15.1715515006  1.08094049235e-22
15.6445591277  1.09712681335e-22
16.1323138435  1.11323956823e-22
16.6352754221  1.12825297135e-22
17.1539179718  1.14315110235e-22
17.6887303828  1.15708831378e-22
18.2402167871  1.17062649722e-22
18.8088970345  1.18347298401e-22
19.3953071822  1.19529688339e-22
20  1.20678e-22

