0.5 20 151
151
0.5  0
0.512448710082  1.52463833914e-40
0.52520736093  3.08723623961e-40
0.538283669269  4.68873879655e-40
0.55168554395  6.33011463555e-40
0.565421090737  8.01235649846e-40
0.579498617203  9.73648184385e-40
0.59392663776  1.15035334624e-39
0.608713878807  1.33145801075e-39
0.623869284008  1.51707171419e-39
0.6394020197  1.70730671999e-39
0.655321480438  1.90227808666e-39
0.67163729468  2.10210373737e-39
0.688359330604  2.30690453126e-39
0.705497702082  2.51680433657e-39
0.723062774796  2.73193010553e-39
0.741065172505  2.95241195114e-39
0.759515783475  3.1783832259e-39
0.778425767058  3.40998060243e-39
0.797806560447  3.64734415616e-39
0.817669885593  3.89061745001e-39
0.83802775629  4.13994762128e-39
0.858892485448  4.39548547058e-39
0.880276692535  4.65738555308e-39
0.90219331121  4.92580627198e-39
0.924655597149  5.20090997429e-39
0.947677136058  5.48286304908e-39
0.971271851895  5.77183602803e-39
0.995454015286  2.05235378703e-35
1.02023825216  3.54688112017e-33
1.04563955259  7.99861127313e-33
1.07167327987  1.25611780222e-32
1.0983551798  1.72373409126e-32
1.1257013902  2.20299281953e-32
1.15372845069  2.69418385372e-32
1.18245331269  3.19760427747e-32
1.21189334964  3.71355857103e-32
1.24206636756  4.24235879543e-32
1.27299061578  4.78432478119e-32
1.30468479801  5.33978432182e-32
1.33716808361  5.90907337201e-32
1.37046011922  6.49253625088e-32
1.40458104063  7.0905258502e-32
1.43955148495  7.70340384782e-32
1.47539260312  8.33154092647e-32
1.51212607267  8.97531699788e-32
1.54977411084  9.63512143263e-32
1.58835948804  1.03113532956e-31
1.62790554158  1.10044215874e-31
1.66843618984  1.17147454917e-31
1.70997594668  1.24427546287e-31
1.75254993629  1.3188889315e-31
1.79618390842  1.39536008301e-31
1.84090425388  1.47373516892e-31
1.88673802057  1.55406159226e-31
1.93371292981  1.63638793632e-31
1.9818573931  1.72076399396e-31
2.03120052932  8.03091728502e-30
2.08177218234  2.07638351353e-29
2.13360293905  3.38137697913e-29
2.18672414789  4.71886141535e-29
2.24116793778  6.08964576354e-29
2.29696723759  7.49455910561e-29
2.35415579601  8.93445116544e-29
2.41276820199  1.04101928229e-28
2.47283990568  1.19226766404e-28
2.53440723981  1.34728174031e-28
2.59750744173  1.50615526716e-28
2.66217867588  1.66898433496e-28
2.72846005693  1.83586742648e-28
2.79639167337  2.00690547645e-28
2.86601461181  2.18220193261e-28
2.9373709818  2.36186281829e-28
3.01050394131  4.18258364884e-28
3.08545772284  1.49596691702e-27
3.16227766017  2.61423820157e-27
3.24101021575  3.76035155614e-27
3.32170300885  4.93500017647e-27
3.40440484432  6.13889451704e-27
3.48916574214  7.37276272084e-27
3.57603696765  8.63735105974e-27
3.66507106256  9.93342438585e-27
3.75632187674  1.12617665941e-26
3.84984460077  1.26231810965e-26
3.94569579937  1.40184913077e-26
4.04393344553  2.29369949566e-26
4.14461695564  4.15641491117e-26
4.2478072254  6.06550713503e-26
4.35356666667  8.02213083012e-26
4.46195924519  1.00274694075e-25
4.57305051927  1.20827357419e-25
4.68690767949  1.41891729059e-25
4.80359958925  1.63480549209e-25
4.92319682653  1.85606875286e-25
5.04577172647  2.46374267822e-25
5.1713984252  3.74159735742e-25
5.30015290463  5.05126732148e-25
5.43211303844  6.39354468891e-25
5.56735863914  7.76924129993e-25
5.70597150638  9.17918920749e-25
5.84803547643  1.06242411805e-24
5.99363647282  1.22575653688e-24
6.1428625584  1.69669246958e-24
6.29580398853  2.21022696836e-24
6.4525532657  2.73654715132e-24
6.6132051955  3.27597134902e-24
6.77785694388  3.82882581761e-24
6.94660809603  4.3954449362e-24
7.11956071652  5.49828827566e-24
7.29681941106  6.86755496825e-24
7.47849138981  8.27091286901e-24
7.66468653214  9.70921076106e-24
7.85551745316  1.11833185601e-23
8.0510995718  1.2957291657e-23
8.25155118063  1.55380459852e-23
8.45699351738  1.81830544382e-23
8.66755083831  2.0893916778e-23
8.88335049333  2.36722725965e-23
9.10452300303  2.68154247166e-23
9.33120213764  3.03749671673e-23
9.5635249979  3.4023133042e-23
9.80163209803  3.77621288353e-23
10.0456674507  4.15665205794e-23
10.295778654  4.53469661754e-23
10.5521169811  4.92208022417e-23
10.8148374712  5.31910868323e-23
11.0840990237  5.7094176154e-23
11.3600644943  6.07197553129e-23
11.6429007931  6.44356020394e-23
11.9327789861  6.82435873608e-23
12.2298743982  7.17189568273e-23
12.5343667197  7.51521382009e-23
12.8464401144  7.86707969337e-23
13.1662833315  8.20489204605e-23
13.4940898196  8.52952208929e-23
13.8300578436  8.86223458312e-23
14.1743906047  9.18804482585e-23
14.5272963631  9.50679989406e-23
14.8889885645  9.83349114114e-23
15.2596859686  1.01499589563e-22
15.6396127818  1.04662632254e-22
16.0289987924  1.07867603717e-22
16.4280795102  1.10849623874e-22
16.8370963082  1.13894344919e-22
17.2562965694  1.16747041747e-22
17.6859338356  1.19496290614e-22
18.1262679613  1.22191887566e-22
18.5775652707  1.24643334551e-22
19.0400987189  1.27117045366e-22
19.5141480567  1.29357066607e-22
20  1.31643e-22

