0.5 20 151
151
0.5  0
0.512448710082  3.08421771774e-39
0.52520736093  6.24522449987e-39
0.538283669269  9.484932196e-39
0.55168554395  1.28053002559e-38
0.565421090737  1.62083369144e-38
0.579498617203  1.96961004065e-38
0.59392663776  2.32707002116e-38
0.608713878807  2.693429833e-38
0.623869284008  3.06891105901e-38
0.6394020197  3.45374079887e-38
0.655321480438  3.84815180646e-38
0.67163729468  4.25238263061e-38
0.688359330604  4.66667775944e-38
0.705497702082  5.09128776816e-38
0.723062774796  5.52646947068e-38
0.741065172505  5.97248607489e-38
0.759515783475  6.4296073419e-38
0.778425767058  6.89810974916e-38
0.797806560447  7.3782766577e-38
0.817669885593  7.87039848351e-38
0.83802775629  8.37477287319e-38
0.858892485448  8.89170488397e-38
0.880276692535  9.42150716822e-38
0.90219331121  9.96450016255e-38
0.924655597149  1.05210122816e-37
0.947677136058  1.10913801167e-37
0.971271851895  1.16759486394e-37
0.995454015286  1.31041355399e-34
1.02023825216  2.26321539946e-32
1.04563955259  5.10379170951e-32
1.07167327987  8.01509104146e-32
1.0983551798  1.09988742161e-31
1.1257013902  1.40569458941e-31
1.15372845069  1.71911556676e-31
1.18245331269  2.04033991787e-31
1.21189334964  2.36956192662e-31
1.24206636756  2.70698071404e-31
1.27299061578  3.05280035879e-31
1.30468479801  3.40723002054e-31
1.33716808361  3.77048406649e-31
1.37046011922  4.14278220105e-31
1.40458104063  4.52434959869e-31
1.43955148495  4.91541704016e-31
1.47539260312  5.31622105202e-31
1.51212607267  5.72700404977e-31
1.54977411084  6.14801448442e-31
1.58835948804  6.57950699275e-31
1.62790554158  7.02174255136e-31
1.66843618984  7.47498863448e-31
1.70997594668  7.93951937577e-31
1.75254993629  8.41561573411e-31
1.79618390842  8.90356566352e-31
1.84090425388  9.40366428734e-31
1.88673802057  9.91621407672e-31
1.93371292981  1.04415250336e-30
1.9818573931  1.0979914878e-30
2.03120052932  3.13828783065e-29
2.08177218234  8.0437519288e-29
2.13360293905  1.30713494277e-28
2.18672414789  1.8224121134e-28
2.24116793778  2.35051835624e-28
2.29696723759  2.8917730821e-28
2.35415579601  3.44650365429e-28
2.41276820199  4.01504558662e-28
2.47283990568  4.59774274631e-28
2.53440723981  5.19494756202e-28
2.59750744173  5.80702123695e-28
2.66217867588  6.43433396733e-28
2.72846005693  7.07726516634e-28
2.79639167337  7.73620369355e-28
2.86601461181  8.41154809013e-28
2.9373709818  9.1037068199e-28
3.01050394131  1.44068143868e-27
3.08545772284  4.48542277916e-27
3.16227766017  7.64451049457e-27
3.24101021575  1.08822513442e-26
3.32170300885  1.42006035881e-26
3.40440484432  1.76015742421e-26
3.48916574214  2.10872202914e-26
3.57603696765  2.4659649935e-26
3.66507106256  2.83210238604e-26
3.75632187674  3.20735565508e-26
3.84984460077  3.59195176243e-26
3.94569579937  3.98612332065e-26
4.04393344553  6.02895946254e-26
4.14461695564  1.01988032799e-25
4.2478072254  1.44724654507e-25
4.35356666667  1.88525307843e-25
4.46195924519  2.33416484448e-25
4.57305051927  2.79425335539e-25
4.68690767949  3.26579688327e-25
4.80359958925  3.74908062848e-25
4.92319682653  4.24439689216e-25
5.04577172647  5.42153383225e-25
5.1713984252  7.77932335187e-25
5.30015290463  1.01958157478e-24
5.43211303844  1.26724725703e-24
5.56735863914  1.52107917582e-24
5.70597150638  1.78123085455e-24
5.84803547643  2.04785963894e-24
5.99363647282  2.34296778622e-24
6.1428625584  3.08073548487e-24
6.29580398853  3.8811483418e-24
6.4525532657  4.70148941393e-24
6.6132051955  5.54225486242e-24
6.77785694388  6.40395320153e-24
6.94660809603  7.28710560625e-24
7.11956071652  8.8020907698e-24
7.29681941106  1.06339122532e-23
7.47849138981  1.25113413658e-23
7.66468653214  1.44355136198e-23
7.85551745316  1.64075927989e-23
8.0510995718  1.86669789588e-23
8.25155118063  2.16729111944e-23
8.45699351738  2.47536833879e-23
8.66755083831  2.79111588611e-23
8.88335049333  3.11472473279e-23
9.10452300303  3.46119001689e-23
9.33120213764  3.83320901223e-23
9.5635249979  4.2144903208e-23
9.80163209803  4.60526455032e-23
10.0456674507  4.99874060047e-23
10.295778654  5.3719028756e-23
10.5521169811  5.75416996923e-23
10.8148374712  6.1459545273e-23
11.0840990237  6.52848216893e-23
11.3600644943  6.87763395822e-23
11.6429007931  7.23547872631e-23
11.9327789861  7.60219189291e-23
12.2298743982  7.93146278076e-23
12.5343667197  8.2549067043e-23
12.8464401144  8.58640354711e-23
13.1662833315  8.9019062044e-23
13.4940898196  9.20231429843e-23
13.8300578436  9.510201779e-23
14.1743906047  9.81032844503e-23
14.5272963631  1.01025202968e-22
14.8889885645  1.04019869719e-22
15.2596859686  1.06906121213e-22
15.6396127818  1.09784066822e-22
16.0289987924  1.12698029508e-22
16.4280795102  1.15391550467e-22
16.8370963082  1.18140961384e-22
17.2562965694  1.20708167495e-22
17.6859338356  1.23176003951e-22
18.1262679613  1.2559315722e-22
18.5775652707  1.27784656955e-22
19.0400987189  1.29995521611e-22
19.5141480567  1.31993365246e-22
20  1.34032e-22

