1 20 101
101
1  0
1.03041055791  6.04324688924e-37
1.06174591785  1.2270272288e-36
1.09403420358  1.86866650032e-36
1.12730439408  2.52981838007e-36
1.16158634964  3.21107625735e-36
1.1969108386  3.91305156675e-36
1.23330956497  4.63637433696e-36
1.27081519692  5.38169375615e-36
1.30946139606  6.14967875471e-36
1.34928284767  6.94101860554e-36
1.39031529185  7.75642354273e-36
1.43259555555  8.59662539898e-36
1.47616158565  9.46237826244e-36
1.52105248304  1.03544591535e-35
1.56730853766  1.12736687221e-35
1.61497126471  1.22208319666e-35
1.66408344188  1.31967989738e-35
1.71468914776  1.42024456821e-35
1.76683380139  1.5238674668e-35
1.82056420303  1.63064159554e-35
1.87592857615  1.7406627851e-35
1.93297661076  1.85402978043e-35
1.99175950792  3.16783170317e-34
2.05233002578  1.91392294365e-32
2.11474252688  4.19423312279e-32
2.17905302696  6.54388880669e-32
2.24531924523  8.96499883084e-32
2.31360065617  1.14597361616e-31
2.3839585429  1.40303398464e-31
2.45645605223  1.66791170234e-31
2.53115825126  1.94084449922e-31
2.60813218585  2.22207733473e-31
2.68744694072  2.51186261766e-31
2.76917370155  2.81046043272e-31
2.85338581877  3.11813877393e-31
2.94015887345  3.43517378515e-31
3.02957074514  3.65644581398e-30
3.12170168173  1.39101233e-29
3.21663437151  2.44756208391e-29
3.31445401734  3.53624210529e-29
3.41524841318  4.65802949351e-29
3.51910802283  5.81393106206e-29
3.62612606115  7.0049842422e-29
3.73639857773  8.23225801405e-29
3.85002454306  9.49685386601e-29
3.96710593738  1.07999067834e-28
4.08774784223  5.39085881861e-28
4.21205853471  1.14461196669e-27
4.34014958471  1.76855243759e-27
4.472135955  2.41146728632e-27
4.60813610445  3.07393353428e-27
4.74827209431  3.75654575045e-27
4.89266969782  4.45991658494e-27
5.041458513  7.84087035089e-27
5.19477207907  1.84102723334e-26
5.35274799621  2.9301095727e-26
5.51552804914  4.05231151361e-26
5.68325833429  5.20864024164e-26
5.85608939099  6.40013357141e-26
6.03417633655  8.99470929921e-26
6.21767900547  1.74003143754e-25
6.40676209294  2.60936456757e-25
6.6015953026  3.50513460309e-25
6.80235349885  4.42814550516e-25
7.00921686386  5.61836040837e-25
7.22237105921  9.2401403209e-25
7.44200739256  1.30954278621e-24
7.66832298935  1.70679568482e-24
7.9015209697  2.11612926572e-24
8.14181063074  2.90218767595e-24
8.38940763443  3.97281197572e-24
8.64453420113  5.07599455776e-24
8.90741930907  6.21272553759e-24
9.17829889981  7.99139855994e-24
9.45741609003  1.01491279548e-23
9.74502138973  1.23724751044e-23
10.041372927  1.48228184487e-23
10.34673668  1.82383544312e-23
10.661386715  2.17726924144e-23
10.9856054331  2.54555734293e-23
11.3196838233  3.00720414802e-23
11.6639217237  3.49131967693e-23
12.0186280908  3.99451566875e-23
12.3841212763  4.55440049628e-23
12.7607293136  5.13329224251e-23
13.1487902114  5.72276268471e-23
13.5486522576  6.31851754719e-23
13.9606743317  6.9307678773e-23
14.3852262269  7.50677927128e-23
14.8226889821  8.09251958995e-23
15.2734552238  8.65047995593e-23
15.7379295184  9.19494647801e-23
16.2165287354  9.72568422351e-23
16.7096824217  1.02347909383e-22
17.2178331866  1.0736975947e-22
17.7414370999  1.12236657843e-22
18.2809641002  1.17030161601e-22
18.8368984177  1.21759494839e-22
19.4097390079  1.26322067572e-22
20  1.30896e-22

