0.5 20 151
151
0.5  0
0.512448710082  3.22882193405e-41
0.52520736093  6.53803320443e-41
0.538283669269  9.92963529823e-41
0.55168554395  1.34056795344e-40
0.565421090737  1.69682683044e-40
0.579498617203  2.06195563439e-40
0.59392663776  2.43617520358e-40
0.608713878807  2.81971187463e-40
0.623869284008  3.21279761932e-40
0.6394020197  3.61567018496e-40
0.655321480438  4.02857323813e-40
0.67163729468  4.45175651211e-40
0.688359330604  4.88547595787e-40
0.705497702082  5.3299938989e-40
0.723062774796  5.78557918988e-40
0.741065172505  6.25250737927e-40
0.759515783475  6.73106087598e-40
0.778425767058  7.22152912017e-40
0.797806560447  7.72420875831e-40
0.817669885593  8.23940382261e-40
0.83802775629  8.7674259149e-40
0.858892485448  9.30859439507e-40
0.880276692535  9.86323657427e-40
0.90219331121  1.04316879128e-39
0.924655597149  1.10142922232e-39
0.947677136058  1.16114018779e-39
0.971271851895  1.22233780226e-39
0.995454015286  7.86133220269e-36
1.02023825216  1.3587752585e-33
1.04563955259  3.06419059513e-33
1.07167327987  4.81206637396e-33
1.0983551798  6.60345975045e-33
1.1257013902  8.43945420051e-33
1.15372845069  1.03211601758e-32
1.18245331269  1.22497157754e-32
1.21189334964  1.42262874341e-32
1.24206636756  1.62520706278e-32
1.27299061578  1.83282905969e-32
1.30468479801  2.04562030869e-32
1.33716808361  2.26370951083e-32
1.37046011922  2.48722857146e-32
1.40458104063  2.71631268006e-32
1.43955148495  2.95110039197e-32
1.47539260312  3.19173371218e-32
1.51212607267  3.43835818128e-32
1.54977411084  3.69112296341e-32
1.58835948804  3.95018093652e-32
1.62790554158  4.21568878484e-32
1.66843618984  4.48780709361e-32
1.70997594668  4.76670044624e-32
1.75254993629  5.05253752387e-32
1.79618390842  5.34549120731e-32
1.84090425388  5.64573868169e-32
1.88673802057  5.9534615436e-32
1.93371292981  6.2688459109e-32
1.9818573931  6.5920825353e-32
2.03120052932  4.00910304221e-30
2.08177218234  1.0398470375e-29
2.13360293905  1.69469164708e-29
2.18672414789  2.36584019804e-29
2.24116793778  3.05369861648e-29
2.29696723759  3.75868293497e-29
2.35415579601  4.48121954425e-29
2.41276820199  5.22174545108e-29
2.47283990568  5.98070854255e-29
2.53440723981  6.75856785699e-29
2.59750744173  7.55579386162e-29
2.66217867588  8.37286873705e-29
2.72846005693  9.21028666897e-29
2.79639167337  1.0068554147e-28
2.86601461181  1.0948190271e-28
2.9373709818  1.18497270652e-28
3.01050394131  2.24043135865e-28
3.08545772284  8.56592488782e-28
3.16227766017  1.51297053349e-27
3.24101021575  2.18569069817e-27
3.32170300885  2.87515985943e-27
3.40440484432  3.5817950241e-27
3.48916574214  4.30602358136e-27
3.57603696765  5.04828356131e-27
3.66507106256  5.80902389986e-27
3.75632187674  6.58870471024e-27
3.84984460077  7.38779756136e-27
3.94569579937  8.20678576294e-27
4.04393344553  1.40019824358e-26
4.14461695564  2.62196463869e-26
4.2478072254  3.87414986509e-26
4.35356666667  5.15751127319e-26
4.46195924519  6.47282506949e-26
4.57305051927  7.82088678603e-26
4.68690767949  9.20251176153e-26
4.80359958925  1.06185356346e-25
4.92319682653  1.20698148489e-25
5.04577172647  1.63651160734e-25
5.1713984252  2.55961922776e-25
5.30015290463  3.50570984647e-25
5.43211303844  4.47535568082e-25
5.56735863914  5.46914319492e-25
5.70597150638  6.48767345431e-25
5.84803547643  7.53156248952e-25
5.99363647282  8.72407270527e-25
6.1428625584  1.23904284293e-24
6.29580398853  1.63966678621e-24
6.4525532657  2.05026523213e-24
6.6132051955  2.47108652007e-24
6.77785694388  2.90238517244e-24
6.94660809603  3.34442204857e-24
7.11956071652  4.25466589005e-24
7.29681941106  5.3968269706e-24
7.47849138981  6.56742491547e-24
7.66468653214  7.76716772922e-24
7.85551745316  8.99678104389e-24
8.0510995718  1.05169510576e-23
8.25155118063  1.28282483106e-23
8.45699351738  1.51970909025e-23
8.66755083831  1.76249115636e-23
8.88335049333  2.01131786958e-23
9.10452300303  2.30308008421e-23
9.33120213764  2.64413017618e-23
9.5635249979  2.99367153559e-23
9.80163209803  3.35191557309e-23
10.0456674507  3.71952336436e-23
10.295778654  4.09818775555e-23
10.5521169811  4.48629167289e-23
10.8148374712  4.88405837652e-23
11.0840990237  5.27706241616e-23
11.3600644943  5.64675679911e-23
11.6429007931  6.02565561845e-23
11.9327789861  6.41395142517e-23
12.2298743982  6.77033569787e-23
12.5343667197  7.12307178273e-23
12.8464401144  7.48459008611e-23
13.1662833315  7.83233027528e-23
13.4940898196  8.16716854037e-23
13.8300578436  8.51034341443e-23
14.1743906047  8.84663045852e-23
14.5272963631  9.17587741494e-23
14.8889885645  9.51332177116e-23
15.2596859686  9.8411321711e-23
15.6396127818  1.01692023936e-22
16.0289987924  1.0501855819e-22
16.4280795102  1.08133174351e-22
16.8370963082  1.11314097989e-22
17.2562965694  1.14305619615e-22
17.6859338356  1.17196648779e-22
18.1262679613  1.20033010346e-22
18.5775652707  1.2261713874e-22
19.0400987189  1.25224754521e-22
19.5141480567  1.27586174361e-22
20  1.29996e-22

