0.9487111 20000 251
251
0.9487111  0
0.98725550927  3.72368788409e-28
1.0273659079  8.57839102507e-28
1.06910591919  1.36303319192e-27
1.11254175134  1.88875239983e-27
1.15774230248  2.43583062453e-27
1.20477926994  3.00513564408e-27
1.25372726397  4.20000462144e-27
1.30466392612  5.79143281342e-27
1.35767005235  7.44751784304e-27
1.41282972125  1.03725133424e-26
1.47023042732  2.08172171262e-26
1.52996321986  3.48840537732e-26
1.59212284729  4.95224004499e-26
1.65680790751  6.47554765709e-26
1.72412100427  8.06074449136e-26
1.79416890991  9.71034499452e-26
1.86706273477  1.14269657707e-25
1.94291810337  1.32133297319e-25
2.02185533785  1.72330530563e-25
2.10399964882  2.72889218849e-25
2.189481334  3.77533424039e-25
2.27843598481  4.95687400627e-25
2.37100470156  6.19903360221e-25
2.46733431718  7.49165988694e-25
2.56757763017  8.8368032304e-25
2.67189364693  1.02944031112e-24
2.78044783403  1.19799377458e-24
2.89341238063  1.37339525918e-24
3.01096647164  1.62087602253e-24
3.1332965719  2.53536534938e-24
3.260596722  3.48700871701e-24
3.39306884604  4.47731562662e-24
3.53092307193  5.52344956251e-24
3.67437806469  6.62638528807e-24
3.82366137332  7.77413128938e-24
3.97900979169  8.96850812659e-24
4.14066973422  1.13444141055e-23
4.30889762666  1.39927800945e-23
4.48396031289  1.67487443846e-23
4.66613547818  1.96166784994e-23
4.85571208963  2.26011315695e-23
5.05299085455  2.59084454059e-23
5.25828469747  2.99213870875e-23
5.47191925644  3.40973673026e-23
5.69423339961  3.84413380601e-23
5.92557976273  4.29411612513e-23
6.16632530849  4.74148765931e-23
6.41685190861  5.19843213718e-23
6.67755694958  5.67394143945e-23
6.94885396295  6.1687698212e-23
7.23117328135  6.51167563919e-23
7.524962721  6.82890669547e-23
7.8306882921  7.15854096638e-23
8.14883493801  7.44523999402e-23
8.47990730443  7.67703514409e-23
8.82443053991  7.91644801398e-23
9.18295112885  8.13571359568e-23
9.5560377583  8.33286773961e-23
9.94428222003  8.51623600966e-23
10.3483003492  8.68065538568e-23
10.7687330014  8.84286068915e-23
11.2062470688  8.97315949594e-23
11.6615365383  9.09412981845e-23
12.1353235921  9.21579402104e-23
12.6283597537  9.33060186238e-23
13.1414270792  9.44613986632e-23
13.6753393985  9.5522218567e-23
14.2309436058  9.65610876464e-23
14.8091210031  9.75093127987e-23
15.4107886983  9.83691504697e-23
16.0369010593  9.91946096135e-23
16.6884512286  9.98611710483e-23
17.3664726982  1.00394469052e-22
18.0720409489  1.00896115422e-22
18.8062751564  1.01733506601e-22
19.5703399666  1.02604919464e-22
20.3654473425  1.03511736248e-22
21.1928584873  1.04455395352e-22
22.0538858444  1.05437393611e-22
22.9498951796  1.06459288677e-22
23.882307747  1.07522701483e-22
24.852602544  1.07841873934e-22
25.8623186566  1.07530667477e-22
26.9130577013  1.071125016e-22
28.0064863655  1.05988026471e-22
29.1443390508  1.04755901931e-22
30.3284206245  1.03438750116e-22
31.5606092824  1.01973277618e-22
32.842859528  1.00448265634e-22
34.1772052727  9.90027051263e-23
35.5657630621  9.74982594259e-23
37.010735433  9.59020840506e-23
38.5144144075  9.41514164099e-23
40.0791851282  9.23303336872e-23
41.7075296419  9.0449151763e-23
43.4020308364  8.84915408331e-23
45.1653765374  8.65760767622e-23
47.0003637723  8.58063162485e-23
48.9099032065  8.50052817628e-23
50.8970237604  8.409402649e-23
52.9648774141  8.30475184376e-23
55.1167442068  8.18659361416e-23
57.3560374399  7.8957320666e-23
59.6863090908  7.59305334252e-23
62.1112554474  7.49280876347e-23
64.6347229711  7.42169252016e-23
67.260714398  7.34768695301e-23
69.9933950882  7.27067467405e-23
72.8370996327  7.20701048875e-23
75.7963387291  7.14079966086e-23
78.8758063364  7.07189880727e-23
82.0803871207  7.01554917745e-23
85.4151642033  6.96554225982e-23
88.8854272232  6.91350365194e-23
92.4966807281  6.84992586248e-23
96.2546529054  6.77938657744e-23
100.165304668  6.70847354336e-23
104.234839111  6.69343837861e-23
108.469711349  6.67779236242e-23
112.876638756  6.661510677e-23
117.46261162  6.64456749626e-23
122.234904235  6.63129906508e-23
127.201086433  6.62264646813e-23
132.369035596  6.61364233187e-23
137.74694915  6.6042723739e-23
143.343357565  6.59743430346e-23
149.167137892  6.59236090685e-23
155.227527838  6.59163535754e-23
161.534140423  6.59052964021e-23
168.096979226  6.58579953568e-23
174.926454252  6.58087725559e-23
182.033398447  6.57208049733e-23
189.429084879  6.55338559701e-23
197.125244622  6.53393115684e-23
205.13408536  6.52369332406e-23
213.468310754  6.51887047303e-23
222.141140592  6.51385167832e-23
231.166331758  6.5086289791e-23
240.558200053  6.50319409109e-23
250.331642902  6.49782592002e-23
260.502162987  6.50075804282e-23
271.085892834  6.50380929244e-23
282.099620407  6.50698450879e-23
293.560815732  6.51028872842e-23
305.487658611  6.53273496218e-23
317.899067459  6.57930289832e-23
330.814729311  6.62776280514e-23
344.25513105  6.67819154998e-23
358.241591907  6.69621683263e-23
372.796297271  6.68998350326e-23
387.942333885  6.68349692504e-23
403.703726463  6.68849228385e-23
420.105475801  6.73348211379e-23
437.173598432  6.78029979882e-23
454.935167892  6.82901960138e-23
473.418357666  6.87971880105e-23
492.652485879  6.93247781714e-23
512.668061794  6.97552405688e-23
533.496834213  7.01316312239e-23
555.171841834  7.05233139477e-23
577.727465655  7.09309100294e-23
601.199483515  7.13515828925e-23
625.625126838  7.17220434072e-23
651.043139696  7.210755506e-23
677.493840261  7.25087293512e-23
705.01918476  7.28935400678e-23
733.662834023  7.3141574761e-23
763.470222743  7.33996866535e-23
794.488631541  7.36682851634e-23
826.767261964  7.38513350777e-23
860.357314527  7.40211537119e-23
895.312069931  7.41978717688e-23
931.686973574  7.45825462869e-23
969.539723501  7.50137601662e-23
1008.93036192  7.53836998467e-23
1049.92137045  7.5488995884e-23
1092.57776923  7.55985699081e-23
1136.96722003  7.57125957257e-23
1183.16013361  7.58312542053e-23
1231.22978139  7.59547335635e-23
1281.25241167  7.60832296637e-23
1333.30737059  7.62169463272e-23
1387.47722796  7.63560956559e-23
1443.84790827  7.65008983692e-23
1502.50882697  7.66463702137e-23
1563.55303227  7.6676313688e-23
1627.07735278  7.67074737114e-23
1693.18255108  7.673989971e-23
1761.97348356  7.67736431179e-23
1833.55926671  7.68087574593e-23
1908.05345023  7.68452984326e-23
1985.57419716  7.68833239993e-23
2066.24447128  7.68568403066e-23
2150.19223214  7.68143118576e-23
2237.55063809  7.6770055555e-23
2328.45825745  7.67240011991e-23
2423.0592883  7.66760757384e-23
2521.50378726  7.66262031533e-23
2623.94790745  7.65743043356e-23
2730.55414622  7.65202969631e-23
2841.49160288  7.64640953692e-23
2956.93624697  7.64056104066e-23
3077.07119731  7.63026291055e-23
3202.08701254  7.61709729025e-23
3332.18199333  7.6033967747e-23
3467.56249696  7.58913963208e-23
3608.44326461  7.57430324765e-23
3755.04776204  7.55886408786e-23
3907.60853398  7.54279766304e-23
4066.36757306  7.52607848855e-23
4231.57670362  7.50868004437e-23
4403.49798115  7.49057473299e-23
4582.40410801  7.47173383569e-23
4768.57886593  7.45212746694e-23
4962.3175662  7.43172452703e-23
5163.92751806  7.41061593537e-23
5373.72851617  7.38867923062e-23
5592.05334786  7.36585127739e-23
5819.24832102  7.34209586587e-23
6055.67381338  7.31737531512e-23
6301.70484419  7.29165041328e-23
6557.73166902  7.26488035539e-23
6824.16039883  7.23702267866e-23
7101.41364414  7.21375351523e-23
7389.93118536  7.19986031114e-23
7690.17067037  7.18540265138e-23
8002.60834046  7.17035760317e-23
8327.73978575  7.15470130196e-23
8666.08073126  7.13840891367e-23
9018.16785502  7.12145459523e-23
9384.55963927  7.10381145361e-23
9765.83725641  7.08545150319e-23
10162.6054908  7.07300202574e-23
10575.493698  7.07002186281e-23
11005.1568034  7.06692062127e-23
11452.2763406  7.06369338192e-23
11917.5615326  7.0603350257e-23
12401.7504171  7.05684022556e-23
12905.6110167  7.05320343803e-23
13429.9425576  7.04941889444e-23
13975.5767369  7.04548059171e-23
14543.379042  7.04138228289e-23
15134.2501238  7.03711746723e-23
15749.1272248  7.03267937985e-23
16388.9856657  7.02806098103e-23
17054.8403933  7.02325494506e-23
17747.7475893  7.01825364858e-23
18468.8063465  7.0130491585e-23
19219.1604117  7.00763321944e-23
20000  7.00199724062e-23

