4 20 101
101
4  0
4.06489836507  2.21198749172e-28
4.13084967959  4.45986357638e-28
4.19787102722  6.74421053174e-28
4.26597976883  9.06562008276e-28
4.33519354694  1.14246935549e-27
4.4055302903  1.38220420299e-27
4.47700821858  1.6258286504e-27
4.54964584702  1.8734058049e-27
4.6234619913  2.12499979753e-27
4.69847577235  2.38067579986e-27
4.77470662134  2.64050004083e-27
4.85217428469  5.17395722021e-27
4.93089882922  9.55143225943e-27
5.0109006473  1.46447649634e-26
5.09220046219  2.34630591227e-26
5.17481933334  3.24859078407e-26
5.2587786619  4.16551485913e-26
5.34410019626  5.09731565252e-26
5.43080603763  6.04423453294e-26
5.51891864584  7.01767744578e-26
5.60846084511  8.57900402261e-26
5.69945582996  1.02891519387e-25
5.79192717125  1.20270463057e-25
5.88589882225  1.37931372984e-25
5.98139512488  1.56177946071e-25
6.07844081599  2.40214277245e-25
6.17706103378  3.41849472877e-25
6.27728132428  4.45133658016e-25
6.37912764804  5.50093586844e-25
6.48262638677  6.56756447617e-25
6.58780435024  7.65149869709e-25
6.69468878317  8.7530193077e-25
6.80330737234  9.87241164e-25
6.91368825372  1.10099656554e-24
7.02586001978  1.24741645906e-24
7.13985172691  1.50026689371e-24
7.25569290288  1.75730927861e-24
7.3734135546  2.01852207114e-24
7.49304417576  2.28401528487e-24
7.61461575486  2.61795332268e-24
7.73815978314  2.97681841306e-24
7.86370826279  3.34150594285e-24
7.9912937152  3.71653779605e-24
8.12094918942  4.21014972728e-24
8.25270827072  4.72515168844e-24
8.38660508926  5.51012959972e-24
8.52267432896  6.40002524102e-24
8.66095123645  7.30435907538e-24
8.80147163025  8.22336535656e-24
8.94427191  9.15728213902e-24
9.08938906592  1.03883792607e-23
9.23686068839  1.21456155221e-23
9.38672497765  1.3934280533e-23
9.53902075375  1.57519659026e-23
9.69378746657  1.75991424744e-23
9.85106520605  1.9476288731e-23
10.0108947126  2.14365520004e-23
10.1733173875  2.38781660208e-23
10.3383753039  2.63774102697e-23
10.5061112176  2.89172037349e-23
10.6765685779  3.1498204311e-23
10.8497915392  3.41210805665e-23
11.0258249723  3.67881538476e-23
11.2047144759  3.95072382961e-23
11.3865063885  4.22705626283e-23
11.5712478006  4.50787207684e-23
11.7589865666  4.79324401264e-23
11.9497713174  5.08324599147e-23
12.1436514728  5.37852945992e-23
12.3406772544  5.67880856767e-23
12.5408996988  5.9839595812e-23
12.7443706706  6.29406564344e-23
12.9511428756  6.60940910689e-23
13.1612698752  6.92989094534e-23
13.3748060995  7.25551940468e-23
13.5918068618  7.58633658386e-23
13.8123283727  7.922247572e-23
14.036427755  8.26487260063e-23
14.2641630582  8.61933379534e-23
14.4955932736  8.97543672045e-23
14.7307783496  9.33352886347e-23
14.9697792074  9.69623234383e-23
15.2126577564  1.00026031246e-22
15.4594769106  1.03033924784e-22
15.7103006046  1.0573818518e-22
15.9651938106  1.07694245812e-22
16.2242225547  1.09220421921e-22
16.4874539343  1.10688384355e-22
16.7549561354  1.1218016388e-22
17.0267984504  1.13695969398e-22
17.3030512959  1.15235158259e-22
17.5837862308  1.16799961202e-22
17.8690759753  1.18390209591e-22
18.1589944294  1.20006878319e-22
18.4536166918  1.21650294996e-22
18.75301908  1.23320375437e-22
19.0572791496  1.25017596383e-22
19.3664757145  1.26742264888e-22
19.6806888673  1.28494914433e-22
20  1.30276e-22

