2 20000 251
251
2  0
2.07505683164  2.89007831351e-38
2.15293042726  5.88861668772e-38
2.23372649556  8.99968545688e-38
2.31755471231  1.22275077084e-37
2.40452886923  1.55764650157e-37
2.49476702849  1.90511033853e-37
2.5883916829  2.26561394284e-37
2.68552992228  2.63964667632e-37
2.78631360589  3.02771626575e-37
2.89087954149  3.43034949211e-37
2.999369671  3.8480929056e-37
3.11193126321  7.56208176538e-34
3.22871711365  1.54481221666e-33
3.34988575205  2.36301131712e-33
3.4756016575  3.21191613364e-33
3.60603548172  4.0926790031e-33
3.74136428073  5.00649550777e-33
3.88177175519  5.9546060982e-33
4.02744849972  1.28421637877e-31
4.17859226171  7.98384054245e-31
4.33540820964  1.49348909876e-30
4.49810921167  2.21468033442e-30
4.66691612456  2.96293673465e-30
4.84205809347  3.73927401222e-30
5.02377286302  1.53114521943e-29
5.2123071  1.01534122103e-28
5.40791672822  1.9099259222e-28
5.6108672759  2.83808297003e-28
5.82143423613  3.80107228149e-28
6.0399034408  1.0271680003e-27
6.26657144863  4.23885624337e-27
6.50174594771  7.57107405831e-27
6.74574617318  1.1028344729e-26
6.99890334057  1.4615361291e-26
7.2615610954  6.41648432812e-26
7.53407597968  1.15773194287e-25
7.81681791585  1.69318324949e-25
8.11017070897  3.55750532753e-25
8.41453256769  7.74957555987e-25
8.7303166448  1.2098967547e-24
9.05795159807  1.92984584339e-24
9.3978821721  3.97409993367e-24
9.75056980207  6.09507164149e-24
10.1164932401  9.32131410908e-24
10.496149205  1.49471776874e-23
10.8900530568  2.07841710134e-23
11.2987394962  2.85995481185e-23
11.7227632903  3.73800208335e-23
12.1627000256  4.65216559346e-23
12.6191468896  5.60623082865e-23
13.0927234813  6.57796576223e-23
13.5840726523  7.50888572858e-23
14.0938613793  8.45516037943e-23
14.6227816697  9.34692051784e-23
15.1715515006  1.02395501578e-22
15.7409157939  1.10913128776e-22
16.3316474272  1.19184986647e-22
16.9445482828  1.27308987489e-22
17.5804503366  1.3478651111e-22
18.2402167871  1.40857149257e-22
18.9247432273  1.45378502154e-22
19.6349588604  1.51635253662e-22
20.3718277611  1.5960143228e-22
21.1363501843  1.69252478944e-22
21.9295639229  1.80565173062e-22
22.7525457165  1.93517558231e-22
23.606412713  2.08088867541e-22
24.4923239853  2.1784412808e-22
25.4114821042  2.22518476792e-22
26.3651347711  2.26925727757e-22
27.3545765119  2.31075409947e-22
28.3811504338  2.34976696101e-22
29.4462500487  2.38638415808e-22
30.5513211648  2.4206906821e-22
31.6978638492  2.45276834334e-22
32.8874344643  2.48269589066e-22
34.1216477801  2.51054912786e-22
35.4021791663  2.5364010267e-22
36.730766867  2.56032183681e-22
38.1092143593  2.58237919258e-22
39.5393928022  2.60263821718e-22
41.0232435765  2.62116162386e-22
42.5627809197  2.63800981469e-22
44.1600946604  2.65324097687e-22
45.8173530554  2.66691117676e-22
47.5368057325  2.67907445179e-22
49.3207867447  2.6897829004e-22
51.1717177381  2.69908677016e-22
53.0921112395  2.70703454416e-22
55.0845740668  2.71367302603e-22
57.1518108675  2.71904742341e-22
59.2966277905  2.72320143042e-22
61.5219362948  2.7261773089e-22
63.830757102  2.72801596886e-22
66.2262242965  2.72875704821e-22
68.71158958  2.72843899181e-22
71.2902266852  2.72709913014e-22
73.9656359561  2.72477375768e-22
76.7414490985  2.7214982111e-22
79.6214341107  2.71730694739e-22
82.609500398  2.71223362218e-22
85.7097040795  2.70631116809e-22
88.9262534938  2.69957187346e-22
92.2635149121  2.69204746139e-22
95.7260184645  2.68376916911e-22
99.3184642901  2.67476782772e-22
103.045728916  2.66507394236e-22
106.912871879  2.65471777248e-22
110.925142592  2.64372941239e-22
115.087987467  2.63213887165e-22
119.407057317  2.61997615517e-22
123.888215015  2.60727134263e-22
128.537543463  2.59405466679e-22
133.361353843  2.58035659017e-22
138.366194184  2.56620787945e-22
143.558858254  2.55163967679e-22
148.946394781  2.53668356718e-22
154.536117019  2.52137164084e-22
160.335612678  2.50573654935e-22
166.352754221  2.48981155432e-22
172.595709553  2.47363056703e-22
179.07295311  2.4572281774e-22
185.793277356  2.44063967068e-22
192.765804725  2.42390102989e-22
200  2.40704892218e-22
207.505683164  2.39012066718e-22
215.293042726  2.37315418549e-22
223.372649556  2.3561879255e-22
231.755471231  2.33926076702e-22
240.452886923  2.32241190036e-22
249.476702849  2.30568068002e-22
258.83916829  2.28910645259e-22
268.552992228  2.27272835895e-22
278.631360589  2.25658511178e-22
289.087954149  2.24071475007e-22
299.9369671  2.22515437311e-22
311.193126321  2.21124865472e-22
322.871711365  2.19638550116e-22
334.988575205  2.18193642074e-22
347.56016575  2.16793168816e-22
360.603548172  2.15439915712e-22
374.136428073  2.14136397604e-22
388.177175519  2.12884832392e-22
402.744849972  2.11687117406e-22
417.859226171  2.10544809256e-22
433.540820964  2.09459107824e-22
449.810921167  2.08430844955e-22
466.691612456  2.07460478305e-22
484.205809347  2.06548090698e-22
502.377286302  2.05693395166e-22
521.23071  2.04895745767e-22
540.791672822  2.04154154121e-22
561.08672759  2.03467311533e-22
582.143423613  2.02833616511e-22
603.99034408  2.02251207502e-22
626.657144863  2.01718000781e-22
650.174594771  2.012317337e-22
674.574617318  2.00790014088e-22
699.890334057  2.00390377872e-22
726.15610954  2.00030360345e-22
753.407597968  1.99707672389e-22
781.681791585  1.99439628018e-22
811.017070897  1.9924029208e-22
841.453256769  1.99108795351e-22
873.03166448  1.99044031705e-22
905.795159807  1.98391066634e-22
939.78821721  1.98510014788e-22
975.056980207  1.98686898891e-22
1011.64932401  1.98922317803e-22
1049.6149205  1.99216685689e-22
1089.00530568  1.99570229694e-22
1129.87394962  1.99982989434e-22
1172.27632903  2.00454818295e-22
1216.27000256  2.00985386537e-22
1261.91468896  2.0157418611e-22
1309.27234813  2.0222053711e-22
1358.40726523  2.02923595728e-22
1409.38613793  2.03682363537e-22
1462.27816697  2.07472283351e-22
1517.15515006  2.0911432976e-22
1574.09157939  2.10622252717e-22
1633.16474272  2.12010558329e-22
1694.45482828  2.13292052399e-22
1758.04503366  2.14478120874e-22
1824.02167871  2.15578952658e-22
1892.47432273  2.16603718276e-22
1963.49588604  2.17560714341e-22
2037.18277611  2.18457481232e-22
2113.63501843  2.19300899627e-22
2192.95639229  2.20097270163e-22
2275.25457165  2.20611174669e-22
2360.6412713  2.21227104638e-22
2449.23239853  2.21781391489e-22
2541.14821042  2.22278643516e-22
2636.51347711  2.2272307606e-22
2735.45765119  2.23118557172e-22
2838.11504338  2.2346864667e-22
2944.62500487  2.23776629693e-22
3055.13211648  2.24045545637e-22
3169.78638492  2.24278213199e-22
3288.74344643  2.24477252111e-22
3412.16477801  2.24645102067e-22
3540.21791663  2.24784039236e-22
3673.0766867  2.24896190717e-22
3810.92143593  2.24983547205e-22
3953.93928022  2.25047974131e-22
4102.32435765  2.2509122147e-22
4256.27809197  2.25114932397e-22
4416.00946604  2.25120650955e-22
4581.73530554  2.25109828853e-22
4753.68057325  2.25083831516e-22
4932.07867447  2.25043943495e-22
5117.17177381  2.24991373303e-22
5309.21112395  2.24927257782e-22
5508.45740668  2.24852666044e-22
5715.18108675  2.24768603053e-22
5929.66277905  2.24676012903e-22
6152.19362948  2.24575781827e-22
6383.0757102  2.24468740986e-22
6622.62242965  2.24355669063e-22
6871.158958  2.24237294692e-22
7129.02266852  2.24114298749e-22
7396.56359561  2.23987316524e-22
7674.14490985  2.23856939796e-22
7962.14341107  2.23723718815e-22
8260.9500398  2.23588164212e-22
8570.97040795  2.23450748849e-22
8892.62534938  2.23311909604e-22
9226.35149121  2.23172049112e-22
9572.60184645  2.23031537455e-22
9931.84642901  2.22890713809e-22
10304.5728916  2.22749888056e-22
10691.2871879  2.22609342347e-22
11092.5142592  2.22469332631e-22
11508.7987467  2.22330090147e-22
11940.7057317  2.22191822868e-22
12388.8215015  2.22054716915e-22
12853.7543463  2.21918937921e-22
13336.1353843  2.21784632354e-22
13836.6194184  2.21651928802e-22
14355.8858254  2.21520939205e-22
14894.6394781  2.21391760048e-22
15453.6117019  2.21264473498e-22
16033.5612678  2.21139148507e-22
16635.2754221  2.21015841852e-22
17259.5709553  2.20894599136e-22
17907.295311  2.20775455736e-22
18579.3277356  2.20658437707e-22
19276.5804725  2.20543562628e-22
20000  2.2043084041e-22

