2 20000 251
251
2  0
2.07505683164  4.26844448672e-38
2.15293042726  8.69707693304e-38
2.23372649556  1.32919089393e-37
2.31755471231  1.80591777117e-37
2.40452886923  2.30053545289e-37
2.49476702849  2.81371535265e-37
2.5883916829  3.34615408107e-37
2.68552992228  3.89857439149e-37
2.78631360589  4.47172616102e-37
2.89087954149  5.06638740849e-37
2.999369671  5.68336535052e-37
3.11193126321  1.14056972855e-33
3.22871711365  2.33001391412e-33
3.34988575205  3.56409605568e-33
3.4756016575  4.844491345e-33
3.60603548172  6.17293784115e-33
3.74136428073  7.5512388298e-33
3.88177175519  8.98126527108e-33
4.02744849972  1.95828513422e-31
4.17859226171  1.21806283698e-30
4.33540820964  2.2786599953e-30
4.49810921167  3.37905968478e-30
4.66691612456  4.52075563139e-30
4.84205809347  5.70529761821e-30
5.02377286302  2.22550043684e-29
5.2123071  1.45033305227e-28
5.40791672822  2.72419281213e-28
5.6108672759  4.04585851075e-28
5.82143423613  5.41712422929e-28
6.0399034408  1.3893253609e-27
6.26657144863  5.54356083421e-27
6.50174594771  9.85369818378e-27
6.74574617318  1.432558816e-26
6.99890334057  1.89653010828e-26
7.2615610954  8.0172282423e-26
7.53407597968  1.43921580296e-25
7.81681791585  2.10063288327e-25
8.11017070897  4.4490674025e-25
8.41453256769  9.75310542397e-25
8.7303166448  1.52561955898e-24
9.05795159807  2.44717029427e-24
9.3978821721  5.09603510144e-24
9.75056980207  7.84430760854e-24
10.1164932401  1.18001989926e-23
10.496149205  1.83581635235e-23
10.8900530568  2.51622380743e-23
11.2987394962  3.3294719085e-23
11.7227632903  4.2142145157e-23
12.1627000256  5.11927915034e-23
12.6191468896  6.03553689178e-23
13.0927234813  6.97235711815e-23
13.5840726523  7.88542636912e-23
14.0938613793  8.81792874884e-23
14.6227816697  9.71723076167e-23
15.1715515006  1.06203704347e-22
15.7409157939  1.14891634099e-22
16.3316474272  1.2323932841e-22
16.9445482828  1.31360264747e-22
17.5804503366  1.38690076725e-22
18.2402167871  1.44483518708e-22
18.9247432273  1.48453012945e-22
19.6349588604  1.54043917767e-22
20.3718277611  1.61230480219e-22
21.1363501843  1.69988230619e-22
21.9295639229  1.80293909758e-22
22.7525457165  1.92125395691e-22
23.606412713  2.05461630002e-22
24.4923239853  2.14456731638e-22
25.4114821042  2.18836239545e-22
26.3651347711  2.22962443516e-22
27.3545765119  2.26844368644e-22
28.3811504338  2.30490702421e-22
29.4462500487  2.33909807154e-22
30.5513211648  2.37109732022e-22
31.6978638492  2.40098224777e-22
32.8874344643  2.42882743111e-22
34.1216477801  2.45470465695e-22
35.4021791663  2.47868302915e-22
36.730766867  2.50082907299e-22
38.1092143593  2.52120683668e-22
39.5393928022  2.5398779901e-22
41.0232435765  2.55690192105e-22
42.5627809197  2.572335829e-22
44.1600946604  2.58623481656e-22
45.8173530554  2.5986519789e-22
47.5368057325  2.60963849101e-22
49.3207867447  2.61924369324e-22
51.1717177381  2.62751517508e-22
53.0921112395  2.63449885734e-22
55.0845740668  2.640239073e-22
57.1518108675  2.64477864672e-22
59.2966277905  2.64815897326e-22
61.5219362948  2.65042009494e-22
63.830757102  2.65160077827e-22
66.2262242965  2.65173858992e-22
68.71158958  2.65086997214e-22
71.2902266852  2.64903031781e-22
73.9656359561  2.64625404524e-22
76.7414490985  2.64257467286e-22
79.6214341107  2.63802489388e-22
82.609500398  2.63263665111e-22
85.7097040795  2.62644121198e-22
88.9262534938  2.61946924381e-22
92.2635149121  2.61175088949e-22
95.7260184645  2.60331584356e-22
99.3184642901  2.59419342859e-22
103.045728916  2.58441267203e-22
106.912871879  2.57400238327e-22
110.925142592  2.56299123088e-22
115.087987467  2.55140781986e-22
119.407057317  2.53928076851e-22
123.888215015  2.52663878483e-22
128.537543463  2.51351074173e-22
133.361353843  2.49992575082e-22
138.366194184  2.48591323397e-22
143.558858254  2.47150299197e-22
148.946394781  2.45672526936e-22
154.536117019  2.44161081455e-22
160.335612678  2.42619093391e-22
166.352754221  2.4104975387e-22
172.595709553  2.39456318327e-22
179.07295311  2.37842109312e-22
185.793277356  2.36210518098e-22
192.765804725  2.34565004923e-22
200  2.32909097687e-22
207.505683164  2.31246388903e-22
215.293042726  2.29580530733e-22
223.372649556  2.27915227936e-22
231.755471231  2.26254228568e-22
240.452886923  2.24601312312e-22
249.476702849  2.22960276353e-22
258.83916829  2.21334918742e-22
268.552992228  2.19729019289e-22
278.631360589  2.18146318037e-22
289.087954149  2.16590491512e-22
299.9369671  2.15065126969e-22
311.193126321  2.1369988554e-22
322.871711365  2.12242929762e-22
334.988575205  2.10826509619e-22
347.56016575  2.09453558056e-22
360.603548172  2.08126775013e-22
374.136428073  2.06848599733e-22
388.177175519  2.05621185024e-22
402.744849972  2.04446374172e-22
417.859226171  2.03325681206e-22
433.540820964  2.02260275139e-22
449.810921167  2.01250968763e-22
466.691612456  2.00298212414e-22
484.205809347  1.9940209307e-22
502.377286302  1.98562338966e-22
521.23071  1.97778329804e-22
540.791672822  1.97049112532e-22
561.08672759  1.96373422547e-22
582.143423613  1.95749710155e-22
603.99034408  1.95176172118e-22
626.657144863  1.9465078822e-22
650.174594771  1.94171363058e-22
674.574617318  1.937355738e-22
699.890334057  1.93341025935e-22
726.15610954  1.92985322211e-22
753.407597968  1.92666232876e-22
781.681791585  1.92400440964e-22
811.017070897  1.92201494626e-22
841.453256769  1.92068532136e-22
873.03166448  1.92000462366e-22
905.795159807  1.91356949594e-22
939.78821721  1.91467748869e-22
975.056980207  1.91634825596e-22
1011.64932401  1.91858764386e-22
1049.6149205  1.92139971518e-22
1089.00530568  1.92478672602e-22
1129.87394962  1.9287491199e-22
1172.27632903  1.93328553932e-22
1216.27000256  1.93839285467e-22
1261.91468896  1.94406620983e-22
1309.27234813  1.95029908357e-22
1358.40726523  1.95708336539e-22
1409.38613793  1.96440944449e-22
1462.27816697  2.00101657132e-22
1517.15515006  2.01688564148e-22
1574.09157939  2.03146378616e-22
1633.16474272  2.04489047729e-22
1694.45482828  2.05728892749e-22
1758.04503366  2.06876875934e-22
1824.02167871  2.07942812797e-22
1892.47432273  2.08935542448e-22
1963.49588604  2.09863065421e-22
2037.18277611  2.10732656034e-22
2113.63501843  2.11550954591e-22
2192.95639229  2.12324043521e-22
2275.25457165  2.12821249081e-22
2360.6412713  2.13419111983e-22
2449.23239853  2.13957253652e-22
2541.14821042  2.14440129975e-22
2636.51347711  2.14871817452e-22
2735.45765119  2.15256057223e-22
2838.11504338  2.15596292743e-22
2944.62500487  2.15895702155e-22
3055.13211648  2.16157226212e-22
3169.78638492  2.16383592455e-22
3288.74344643  2.1657733619e-22
3412.16477801  2.16740818768e-22
3540.21791663  2.16876243527e-22
3673.0766867  2.16985669754e-22
3810.92143593  2.17071024916e-22
3953.93928022  2.17134115424e-22
4102.32435765  2.171766361e-22
4256.27809197  2.17200178542e-22
4416.00946604  2.17206238528e-22
4581.73530554  2.1719622258e-22
4753.68057325  2.1717145381e-22
4932.07867447  2.17133177139e-22
5117.17177381  2.17082563971e-22
5309.21112395  2.17020716408e-22
5508.45740668  2.16948671051e-22
5715.18108675  2.16867402462e-22
5929.66277905  2.16777826324e-22
6152.19362948  2.1668080235e-22
6383.0757102  2.16577136971e-22
6622.62242965  2.16467585838e-22
6871.158958  2.16352856169e-22
7129.02266852  2.16233608961e-22
7396.56359561  2.16110461086e-22
7674.14490985  2.15983987288e-22
7962.14341107  2.15854722104e-22
8260.9500398  2.15723161705e-22
8570.97040795  2.15589765681e-22
8892.62534938  2.15454958766e-22
9226.35149121  2.15319132519e-22
9572.60184645  2.15182646958e-22
9931.84642901  2.1504583215e-22
10304.5728916  2.14908989768e-22
10691.2871879  2.14772394602e-22
11092.5142592  2.14636296039e-22
11508.7987467  2.14500919501e-22
11940.7057317  2.14366467847e-22
12388.8215015  2.14233122733e-22
12853.7543463  2.14101045939e-22
13336.1353843  2.13970380645e-22
13836.6194184  2.13841252672e-22
14355.8858254  2.1371377168e-22
14894.6394781  2.13588032315e-22
15453.6117019  2.13464115318e-22
16033.5612678  2.13342088586e-22
16635.2754221  2.13222008182e-22
17259.5709553  2.13103919303e-22
17907.295311  2.12987857204e-22
18579.3277356  2.1287384806e-22
19276.5804725  2.12761909803e-22
20000  2.12652052891e-22

