0.5 20 151
151
0.5  0
0.512448710082  2.52586817312e-41
0.52520736093  5.11462394743e-41
0.538283669269  7.76783306196e-41
0.55168554395  1.04871002386e-40
0.565421090737  1.32740701527e-40
0.579498617203  1.61304284277e-40
0.59392663776  1.90579026548e-40
0.608713878807  2.20582634378e-40
0.623869284008  2.51333254638e-40
0.6394020197  2.82849486011e-40
0.655321480438  3.15150390239e-40
0.67163729468  3.48255503651e-40
0.688359330604  3.82184848982e-40
0.705497702082  4.16958947478e-40
0.723062774796  4.52598831317e-40
0.741065172505  4.89126056317e-40
0.759515783475  5.26562714986e-40
0.778425767058  5.64931449875e-40
0.797806560447  6.04255467278e-40
0.817669885593  6.44558551265e-40
0.83802775629  6.85865078068e-40
0.858892485448  7.28200030824e-40
0.880276692535  7.71589014686e-40
0.90219331121  8.16058272311e-40
0.924655597149  8.61634699727e-40
0.947677136058  9.08345862605e-40
0.971271851895  9.56220012933e-40
0.995454015286  4.21031721974e-35
1.02023825216  7.2782431415e-33
1.04563955259  1.64132619875e-32
1.07167327987  2.57757192359e-32
1.0983551798  3.53712775162e-32
1.1257013902  4.52057404428e-32
1.15372845069  5.52850561249e-32
1.18245331269  6.56153207645e-32
1.21189334964  7.62027823433e-32
1.24206636756  8.70538444014e-32
1.27299061578  9.81750699109e-32
1.30468479801  1.09573185245e-31
1.33716808361  1.21255084245e-31
1.37046011922  1.33227832393e-31
1.40458104063  1.45498671082e-31
1.43955148495  1.58075021998e-31
1.47539260312  1.70964491607e-31
1.51212607267  1.84174875756e-31
1.54977411084  1.9771416439e-31
1.58835948804  2.11590546381e-31
1.62790554158  2.25812414486e-31
1.66843618984  2.40388370416e-31
1.70997594668  2.55327230046e-31
1.75254993629  2.7063802874e-31
1.79618390842  2.86330026823e-31
1.84090425388  3.02412715175e-31
1.88673802057  3.18895820976e-31
1.93371292981  3.35789313588e-31
1.9818573931  3.53103410584e-31
2.03120052932  4.41158859365e-29
2.08177218234  1.15038602373e-28
2.13360293905  1.87727111481e-28
2.18672414789  2.6222537694e-28
2.24116793778  3.38578457017e-28
2.29696723759  4.16832531809e-28
2.35415579601  4.9703493118e-28
2.41276820199  5.79234163387e-28
2.47283990568  6.63479944416e-28
2.53440723981  7.49823228052e-28
2.59750744173  8.38316236698e-28
2.66217867588  9.29012492963e-28
2.72846005693  1.02196685203e-27
2.79639167337  1.11723553483e-27
2.86601461181  1.21487616205e-27
2.9373709818  1.31494778899e-27
3.01050394131  3.02721441642e-27
3.08545772284  1.35467685052e-26
3.16227766017  2.44632825993e-26
3.24101021575  3.56515897315e-26
3.32170300885  4.71184568473e-26
3.40440484432  5.88708193717e-26
3.48916574214  7.09157854038e-26
3.57603696765  8.3260640016e-26
3.66507106256  9.59128496604e-26
3.75632187674  1.08880066684e-25
3.84984460077  1.22170133959e-25
3.94569579937  1.35791089622e-25
4.04393344553  2.49827904711e-25
4.14461695564  4.93484214217e-25
4.2478072254  7.43206937237e-25
4.35356666667  9.99147111816e-25
4.46195924519  1.26145953646e-24
4.57305051927  1.53030286375e-24
4.68690767949  1.80583969632e-24
4.80359958925  2.08823668519e-24
4.92319682653  2.37766463054e-24
5.04577172647  3.1210969129e-24
5.1713984252  4.65141477466e-24
5.30015290463  6.21983360322e-24
5.43211303844  7.82730201434e-24
5.56735863914  9.4747922419e-24
5.70597150638  1.11633007259e-23
5.84803547643  1.2893848715e-23
5.99363647282  1.47376375156e-23
6.1428625584  1.8025581501e-23
6.29580398853  2.15376061494e-23
6.4525532657  2.5137071151e-23
6.6132051955  2.88261535452e-23
6.77785694388  3.26070845738e-23
6.94660809603  3.64821510308e-23
7.11956071652  4.05995009393e-23
7.29681941106  4.48860947719e-23
7.47849138981  4.92794137323e-23
7.66468653214  5.37821150007e-23
7.85551745316  5.83969219145e-23
8.0510995718  6.29422537609e-23
8.25155118063  6.70664674364e-23
8.45699351738  7.12933633926e-23
8.66755083831  7.56254981534e-23
8.88335049333  8.00654918936e-23
9.10452300303  8.42193223725e-23
9.33120213764  8.80228169079e-23
9.5635249979  9.19210086448e-23
9.80163209803  9.59162552992e-23
10.0456674507  9.98571714773e-23
10.295778654  1.03237216048e-22
10.5521169811  1.06697345125e-22
10.8148374712  1.10243622489e-22
11.0840990237  1.13670528133e-22
11.3600644943  1.16714151307e-22
11.6429007931  1.19833552847e-22
11.9327789861  1.23030241358e-22
12.2298743982  1.25877189739e-22
12.5343667197  1.28665730419e-22
12.8464401144  1.31523698568e-22
13.1662833315  1.34183610036e-22
13.4940898196  1.3665494315e-22
13.8300578436  1.39187806083e-22
14.1743906047  1.4158213523e-22
14.5272963631  1.43834732686e-22
14.8889885645  1.46143414007e-22
15.2596859686  1.4827819534e-22
15.6396127818  1.50364753398e-22
16.0289987924  1.52469922795e-22
16.4280795102  1.54353405221e-22
16.8370963082  1.56273330071e-22
17.2562965694  1.58078820368e-22
17.6859338356  1.59823577306e-22
18.1262679613  1.61550534229e-22
18.5775652707  1.63164373408e-22
19.0400987189  1.6479514116e-22
19.5141480567  1.66289424898e-22
20  1.67815e-22

