0.5 20 151
151
0.5  0
0.512448710082  1.81812165881e-43
0.52520736093  3.68150985648e-43
0.538283669269  5.59129161303e-43
0.55168554395  7.54862200839e-43
0.565421090737  9.55468488101e-43
0.579498617203  1.16106935438e-42
0.59392663776  1.37178915182e-42
0.608713878807  1.58775532859e-42
0.623869284008  1.80909850601e-42
0.6394020197  2.03595255751e-42
0.655321480438  2.26845468966e-42
0.67163729468  2.50674552507e-42
0.688359330604  2.75096918753e-42
0.705497702082  3.00127338914e-42
0.723062774796  3.25780951962e-42
0.741065172505  3.52073273793e-42
0.759515783475  3.79020206607e-42
0.778425767058  4.0663804853e-42
0.797806560447  4.34943503467e-42
0.817669885593  4.63953691209e-42
0.83802775629  4.93686157784e-42
0.858892485448  5.24158886072e-42
0.880276692535  5.5539030668e-42
0.90219331121  5.87399309089e-42
0.924655597149  6.2020525308e-42
0.947677136058  6.53827980442e-42
0.971271851895  6.88287826975e-42
0.995454015286  2.23863557243e-36
1.02023825216  3.86993841118e-34
1.04563955259  8.72714967664e-34
1.07167327987  1.37052929718e-33
1.0983551798  1.88073791922e-33
1.1257013902  2.4036494197e-33
1.15372845069  2.93958006751e-33
1.18245331269  3.48885400585e-33
1.21189334964  4.0518034482e-33
1.24206636756  4.62876887936e-33
1.27299061578  5.22009926128e-33
1.30468479801  5.82615224417e-33
1.33716808361  6.44729438282e-33
1.37046011922  7.08390135828e-33
1.40458104063  7.73635820508e-33
1.43955148495  8.40505954414e-33
1.47539260312  9.0904098214e-33
1.51212607267  9.79282355248e-33
1.54977411084  1.05127255733e-32
1.58835948804  1.12505512973e-32
1.62790554158  1.20067469783e-32
1.66843618984  1.27817699809e-32
1.70997594668  1.35760890569e-32
1.75254993629  1.43901846286e-32
1.79618390842  1.52245490798e-32
1.84090425388  1.60796870534e-32
1.88673802057  1.69561157563e-32
1.93371292981  1.7854365273e-32
1.9818573931  1.87749788852e-32
2.03120052932  5.65633613273e-30
2.08177218234  1.47934645202e-29
2.13360293905  2.41580838323e-29
2.18672414789  3.3755858006e-29
2.24116793778  4.3592591996e-29
2.29696723759  5.36742352852e-29
2.35415579601  6.40068854833e-29
2.41276820199  7.45967920149e-29
2.47283990568  8.54503598988e-29
2.53440723981  9.65741536226e-29
2.59750744173  1.07974901113e-28
2.66217867588  1.19659497803e-28
2.72846005693  1.31635010807e-28
2.79639167337  1.43908683189e-28
2.86601461181  1.5648793835e-28
2.9373709818  1.69380384512e-28
3.01050394131  5.33245094721e-28
3.08545772284  2.81542630324e-27
3.16227766017  5.18384673423e-27
3.24101021575  7.61123472381e-27
3.32170300885  1.00990584121e-26
3.40440484432  1.2648822492e-26
3.48916574214  1.52620691195e-26
3.57603696765  1.79403788464e-26
3.66507106256  2.06853715758e-26
3.75632187674  2.34987075425e-26
3.84984460077  2.63820883169e-26
3.94569579937  2.93372578339e-26
4.04393344553  6.49570940541e-26
4.14461695564  1.42751164635e-25
4.2478072254  2.22482106877e-25
4.35356666667  3.04198143888e-25
4.46195924519  3.87948699408e-25
4.57305051927  4.73784427696e-25
4.68690767949  5.61757244178e-25
4.80359958925  6.51920356834e-25
4.92319682653  7.44328298389e-25
5.04577172647  1.07656244519e-24
5.1713984252  1.82554995365e-24
5.30015290463  2.59318531881e-24
5.43211303844  3.37993282419e-24
5.56735863914  4.18626831277e-24
5.70597150638  5.0126794748e-24
5.84803547643  5.85966614277e-24
5.99363647282  6.80355146803e-24
6.1428625584  9.28192109831e-24
6.29580398853  1.1975681566e-23
6.4525532657  1.47365097199e-23
6.6132051955  1.75660753724e-23
6.77785694388  2.04660899097e-23
6.94660809603  2.34383073275e-23
7.11956071652  2.72519831393e-23
7.29681941106  3.15118640867e-23
7.47849138981  3.58778050798e-23
7.66468653214  4.03524467403e-23
7.85551745316  4.49384954343e-23
8.0510995718  4.95461989148e-23
8.25155118063  5.400049425e-23
8.45699351738  5.85656900477e-23
8.66755083831  6.32445474434e-23
8.88335049333  6.80398963175e-23
9.10452300303  7.25645885169e-23
9.33120213764  7.67557950441e-23
9.5635249979  8.10513518012e-23
9.80163209803  8.54538568397e-23
10.0456674507  8.979837542e-23
10.295778654  9.35329611576e-23
10.5521169811  9.73560935029e-23
10.8148374712  1.0127441198e-22
11.0840990237  1.05064867456e-22
11.3600644943  1.08441029023e-22
11.6429007931  1.11901248303e-22
11.9327789861  1.15447203865e-22
12.2298743982  1.18611040871e-22
12.5343667197  1.21711990673e-22
12.8464401144  1.24890146125e-22
13.1662833315  1.27859593001e-22
13.4940898196  1.30630541245e-22
13.8300578436  1.33470478952e-22
14.1743906047  1.36172727009e-22
14.5272963631  1.38734117004e-22
14.8889885645  1.41359279001e-22
15.2596859686  1.43779467667e-22
15.6396127818  1.46141472664e-22
16.0289987924  1.48523808267e-22
16.4280795102  1.50649109086e-22
16.8370963082  1.52815262048e-22
17.2562965694  1.54864909413e-22
17.6859338356  1.56854559592e-22
18.1262679613  1.58823920746e-22
18.5775652707  1.60664311174e-22
19.0400987189  1.62521137772e-22
19.5141480567  1.64200400196e-22
20  1.65914e-22

