2 20 101
101
2  0
2.04658598456  4.98288349468e-37
2.0942570961  1.00818332561e-36
2.14303861048  1.5299552815e-36
2.19295639229  2.06388086753e-36
2.2440369086  2.61024317812e-36
2.29630724299  3.16933190179e-36
2.34979510988  3.74144347478e-36
2.40452886923  4.32688123822e-36
2.46053754162  4.92595559897e-36
2.51785082359  5.53898419418e-36
2.57649910339  6.16629205973e-36
2.63651347711  6.80821180255e-36
2.69792576518  7.46508377698e-36
2.76076852921  8.13725626524e-36
2.82507508925  8.82508566208e-36
2.89087954149  9.52893666375e-36
2.95821677634  1.02491824614e-35
3.02712249687  2.49412966041e-33
3.09763323782  8.95034721568e-33
3.16978638492  1.55569493966e-32
3.24362019472  2.23174391112e-32
3.31917381488  2.92354008605e-32
3.39648730492  3.63145026394e-32
3.4756016575  4.35584978814e-32
3.55655882008  5.09712274487e-32
3.63940171722  5.85566216685e-32
3.72417427333  6.63187024174e-32
3.81092143593  7.42615852532e-32
3.89968919952  8.23894815976e-32
3.99052462994  1.65936629776e-31
4.08347588934  3.10944688225e-30
4.17859226171  6.54815349045e-30
4.275924179  1.00669578651e-29
4.3755232479  1.36677257229e-29
4.47744227714  1.73523662387e-29
4.58173530554  2.11228330575e-29
4.68845763064  2.49811253308e-29
4.79766583804  2.89292887763e-29
4.90941783137  3.29694167624e-29
5.02377286302  9.82174462327e-29
5.14079156554  3.99028275175e-28
5.26053598379  7.07579201982e-28
5.38306960785  1.02331720314e-27
5.50845740668  1.34640968713e-27
5.63676586253  1.67702796185e-27
5.76806300625  2.0153473255e-27
5.90241845333  2.36154715947e-27
6.0399034408  5.08419452665e-27
6.18059086503  1.37969118407e-26
6.32455532034  2.27125744119e-26
6.47187313859  3.18359094425e-26
6.62262242965  4.11717542456e-26
6.77688312278  5.07250588096e-26
6.93473700905  6.05008884231e-26
7.09626778467  1.30141730768e-25
7.2615610954  2.42776477093e-25
7.43070458194  3.58034823694e-25
7.60378792641  4.75977882073e-25
7.78090289989  5.966681872e-25
7.96214341107  7.21536105766e-25
8.14760555608  1.31633373309e-24
8.33738766941  2.0496772308e-24
8.53159037603  2.80010249294e-24
8.7303166448  3.56800740492e-24
8.93367184302  4.35379912009e-24
9.1417637923  6.23530846766e-24
9.35470282574  8.67648413489e-24
9.57260184645  1.11745220881e-23
9.79557638737  1.37307468201e-23
10.0237446725  1.6570760395e-23
10.2572276798  2.1012145433e-23
10.496149205  2.55985785988e-23
10.7406359274  3.02918435168e-23
10.9908174772  3.51262351283e-23
11.2468265038  4.06688943689e-23
11.5087987467  4.63983321108e-23
11.7768731071  5.22612256018e-23
12.0511917215  5.81972087149e-23
12.3319000372  6.39990542183e-23
12.6191468896  6.99343526273e-23
12.9130845807  7.60079018963e-23
13.2138689602  8.16792438793e-23
13.5216595078  8.72565932778e-23
13.8366194184  9.29638558327e-23
14.1589156877  9.83996155959e-23
14.4887192015  1.03536499908e-22
14.826204826  1.08793037626e-22
15.1715515006  1.1379330046e-22
15.5249423326  1.18517429102e-22
15.8865646945  1.23351596836e-22
16.2566103233  1.27873163496e-22
16.6352754221  1.32307710468e-22
17.022760764  1.36793331644e-22
17.4192717991  1.40908400598e-22
17.8250187627  1.45098143743e-22
18.2402167871  1.49122441162e-22
18.6650860159  1.53044409013e-22
19.0998517204  1.56956031391e-22
19.5447444191  1.60611620147e-22
20  1.64352e-22

