1 20 101
101
1  0
1.03041055791  1.27171175179e-39
1.06174591785  2.58209696745e-39
1.09403420358  3.9323317286e-39
1.12730439408  5.32362788215e-39
1.16158634964  6.75723412794e-39
1.1969108386  8.2344371395e-39
1.23330956497  9.75656271879e-39
1.27081519692  1.13249769862e-38
1.30946139606  1.29410876064e-38
1.34928284767  1.46063450523e-38
1.39031529185  1.63222439062e-38
1.43259555555  1.80903242015e-38
1.47616158565  1.99121728051e-38
1.52105248304  2.17894248411e-38
1.56730853766  2.37237651588e-38
1.61497126471  2.57169298449e-38
1.66408344188  2.7770707781e-38
1.71468914776  2.988694225e-38
1.76683380139  3.20675325899e-38
1.82056420303  3.43144358986e-38
1.87592857615  3.66296687904e-38
1.93297661076  3.90153092062e-38
1.99175950792  1.4203268629e-35
2.05233002578  9.11429824733e-34
2.11474252688  1.99841581645e-33
2.17905302696  3.11845765862e-33
2.24531924523  4.2725605981e-33
2.31360065617  5.46176045185e-33
2.3839585429  6.68712453662e-33
2.45645605223  7.94975262685e-33
2.53115825126  9.25077794174e-33
2.60813218585  1.05913681623e-32
2.68744694072  1.19727264794e-32
2.76917370155  1.33960926736e-32
2.85338581877  1.48627442279e-32
2.94015887345  1.63739974742e-32
3.02957074514  8.78708029294e-31
3.12170168173  3.5621582614e-30
3.21663437151  6.32721371219e-30
3.31445401734  9.1763560419e-30
3.41524841318  1.21121423794e-29
3.51910802283  1.51372076174e-29
3.62612606115  1.82542667769e-29
3.73639857773  2.14661174446e-29
3.85002454306  2.47756422829e-29
3.96710593738  2.81858116181e-29
4.08774784223  3.49397735056e-28
4.21205853471  8.03095227705e-28
4.34014958471  1.27058991423e-27
4.472135955  1.75230137499e-27
4.60813610445  2.24866195003e-27
4.74827209431  2.76011712707e-27
4.89266969782  3.2871259414e-27
5.041458513  7.99518492443e-27
5.19477207907  2.39569899118e-26
5.35274799621  4.04042022941e-26
5.51552804914  5.73515835811e-26
5.68325833429  7.48143441881e-26
5.85608939099  9.28081570879e-26
6.03417633655  1.47905583913e-25
6.21767900547  3.57984500843e-25
6.40676209294  5.75310740005e-25
6.6015953026  7.99245991348e-25
6.80235349885  1.02999123862e-24
7.00921686386  1.36061753696e-24
7.22237105921  2.63150009301e-24
7.44200739256  3.98893851094e-24
7.66832298935  5.38765738848e-24
7.9015209697  6.82891208746e-24
8.14181063074  9.72628226139e-24
8.38940763443  1.37223367153e-23
8.64453420113  1.78399134145e-23
8.90741930907  2.20827079185e-23
9.17829889981  2.75094070446e-23
9.45741609003  3.36655320569e-23
9.74502138973  4.00088682654e-23
10.041372927  4.65170329251e-23
10.34673668  5.30662183342e-23
10.661386715  5.98119375045e-23
10.9856054331  6.67231864548e-23
11.3196838233  7.30520449658e-23
11.6639217237  7.94920476073e-23
12.0186280908  8.60382368229e-23
12.3841212763  9.19321009559e-23
12.7607293136  9.79644578534e-23
13.1487902114  1.03840633553e-22
13.5486522576  1.09332738758e-22
13.9606743317  1.14971535026e-22
14.3852262269  1.20094234205e-22
14.8226889821  1.25275105615e-22
15.2734552238  1.30185846246e-22
15.7379295184  1.3496017752e-22
16.2165287354  1.39568547079e-22
16.7096824217  1.43929011972e-22
17.2178331866  1.48181375365e-22
17.7414370999  1.52232498842e-22
18.2809641002  1.56139060456e-22
18.8368984177  1.59910518865e-22
19.4097390079  1.63449210751e-22
20  1.66953e-22

