0.5 20000 301
301
0.5  0
0.51797667599  1.02130529768e-40
0.536599673739  2.0793299442e-40
0.555892230681  3.17539412325e-40
0.575878419714  4.31086548351e-40
0.596583179235  5.48716084526e-40
0.618032344264  6.70574796817e-40
0.640252678672  7.96814738284e-40
0.663271908584  9.275934288e-40
0.687118756972  1.06307405161e-39
0.711822979493  1.20342565693e-39
0.737415401622  1.34882337293e-39
0.763927957112  1.49944862418e-39
0.791393727841  1.65548935811e-39
0.819846985093  1.81714027947e-39
0.849323232317  1.9846030933e-39
0.879859249433  2.15808675662e-39
0.911493138721  2.33780773915e-39
0.944264372364  2.52399029343e-39
0.978213841706  2.71686673461e-39
1.01338390827  8.37480941065e-33
1.04981845661  3.11732542847e-32
1.0875629491  5.47913796718e-32
1.12666448261  7.92586558341e-32
1.16717184731  1.04605612588e-31
1.20913558756  1.308638774e-31
1.25260806493  1.58066214849e-31
1.29764352358  1.86246567511e-31
1.34429815793  2.15440098312e-31
1.39263018277  2.456832344e-31
1.44269990591  2.77013712606e-31
1.49456980343  3.09470626522e-31
1.54830459763  3.43094475288e-31
1.6039713378  3.77927214124e-31
1.66163948387  4.1401230668e-31
1.7213809931  4.51394779269e-31
1.78327040983  4.90121277053e-31
1.84738495855  5.30240122244e-31
1.91380464021  5.71801374396e-31
1.98261233206  6.14856892876e-31
2.05389389107  1.05654920613e-28
2.12773826107  2.49563882102e-28
2.20423758369  3.98646853135e-28
2.28348731338  5.53089856701e-28
2.3655863365  7.13085603934e-28
2.4506370947  8.78833734583e-28
2.53874571274  1.05054106611e-27
2.63002213093  1.22842185177e-27
2.72458024232  1.41269804793e-27
2.82253803477  1.60359959102e-27
2.92401773821  1.80136468449e-27
3.02914597715  6.99503301008e-27
3.13805392866  2.5848585117e-26
3.25087748609  4.53799856189e-26
3.36775742859  6.56136054378e-26
3.48883959681  8.65746917117e-26
3.61427507483  1.08289399298e-25
3.74422037875  1.3078482341e-25
3.87883765192  1.54089033423e-25
4.01829486729  2.25877371865e-25
4.16276603701  6.27141133748e-25
4.31243142955  1.0428316729e-24
4.46747779462  1.47346768032e-24
4.62809859623  1.91958649569e-24
4.79449425406  2.38174477785e-24
4.96687239354  2.8605191994e-24
5.14544810495  4.91678774905e-24
5.33044421176  7.41513612204e-24
5.52209154871  1.00033084934e-23
5.72062924983  1.26845343371e-23
5.92630504679  1.54621592373e-23
6.13937557808  1.9763388712e-23
6.36010670917  2.49991311416e-23
6.58877386432  3.04231160616e-23
6.82566237018  3.60421114206e-23
7.07106781187  4.18484821321e-23
7.32529640178  4.78263903147e-23
7.58866536167  5.40192243344e-23
7.86150331847  6.04347114953e-23
8.14415071437  6.6510479936e-23
8.43696023158  7.22369849451e-23
8.74029723243  7.81693770043e-23
9.05454021523  8.41056507415e-23
9.38008128661  8.92223718295e-23
9.7173266507  9.45230561918e-23
10.0666971161  9.98218573935e-23
10.4286286208  1.04466162462e-22
10.8035727762  1.09277445865e-22
11.1919974309  1.13788437366e-22
11.5943872539  1.17960012661e-22
12.0112443398  1.2226335424e-22
12.4430888353  1.26040698042e-22
12.8904595879  1.29953850015e-22
13.3539148186  1.33488145965e-22
13.8340328184  1.36982924885e-22
14.3314126696  1.40191738287e-22
14.8466749937  1.43302376937e-22
15.3804627255  1.46216298203e-22
15.9334419155  1.4910616745e-22
16.5063025609  1.51737930852e-22
17.0997594668  1.54344684531e-22
17.7145531376  1.56684589242e-22
18.3514507018  1.58356226825e-22
19.0112468682  1.59792957463e-22
19.6947649184  1.61691077067e-22
20.4028577337  1.64034315152e-22
21.1364088592  1.66806426112e-22
21.8963336065  1.69991146207e-22
22.6835801957  1.73572149527e-22
23.4991309386  1.77533002841e-22
24.3440034645  1.80551049944e-22
25.2192519896  1.81671019747e-22
26.1259686331  1.8269608226e-22
27.0652847792  1.83629338245e-22
28.0383724893  1.84473776142e-22
29.0464459643  1.85232276144e-22
30.0907630598  1.85907614169e-22
31.1726268555  1.86502465726e-22
32.2933872809  1.87019409685e-22
33.4544428005  1.87460931955e-22
34.6572421578  1.87829429076e-22
35.9032861837  1.88127211726e-22
37.1941296691  1.88356508145e-22
38.5313833047  1.88519467497e-22
39.9167156909  1.88618163151e-22
41.35185542  1.8865459591e-22
42.8385932329  1.88630697168e-22
44.3787842538  1.88548332029e-22
45.9743503045  1.88409302366e-22
47.627282303  1.88215349846e-22
49.3396427475  1.87968158913e-22
51.1135682897  1.87669359743e-22
52.9512724014  1.87320531171e-22
54.8550481358  1.86923203602e-22
56.8272709893  1.864788619e-22
58.8704018652  1.85988948282e-22
60.9869901447  1.85454865196e-22
63.1796768676  1.84877978213e-22
65.4511980279  1.84259618924e-22
67.8043879881  1.83601087852e-22
70.2421830153  1.82903657388e-22
72.767624945  1.8216857475e-22
75.3838649774  1.81397064981e-22
78.0941676085  1.80590333969e-22
80.9019147041  1.79749571529e-22
83.8106097193  1.78875954511e-22
86.8238820702  1.77970649967e-22
89.9454916625  1.77034818365e-22
93.1793335833  1.76069616856e-22
96.5294429608  1.75076202591e-22
100  1.74055736086e-22
103.595335198  1.73009384638e-22
107.319934748  1.71938325778e-22
111.178446136  1.70843750754e-22
115.175683943  1.6972686804e-22
119.316635847  1.68588906846e-22
123.606468853  1.67431120618e-22
128.050535734  1.66254790507e-22
132.654381717  1.65061228766e-22
137.423751394  1.63851782065e-22
142.364595899  1.62627834663e-22
147.483080324  1.61390811409e-22
152.785591422  1.60142180515e-22
158.278745568  1.58883456043e-22
163.969397019  1.57616200043e-22
169.864646463  1.56342024273e-22
175.971849887  1.55062591425e-22
182.298627744  1.53779615769e-22
188.852874473  1.52494863129e-22
195.642768341  1.51210150104e-22
202.676781654  1.49927342439e-22
209.963691323  1.48648352445e-22
217.51258982  1.47375135394e-22
225.332896521  1.46109684794e-22
233.434369463  1.44854026475e-22
241.827117512  1.43610211428e-22
250.521612986  1.4238030736e-22
259.528704717  1.41166388946e-22
268.859631586  1.39970526796e-22
278.526036554  1.38794775182e-22
288.539981181  1.37641158605e-22
298.913960685  1.36511657339e-22
309.660919525  1.35493546205e-22
320.794267559  1.34416101278e-22
332.327896774  1.33368375711e-22
344.276198619  1.32352006084e-22
356.654081967  1.31368504412e-22
369.476991711  1.30419242457e-22
382.760928042  1.29505436965e-22
396.522466412  1.28628136173e-22
410.778778215  1.27788207954e-22
425.547652214  1.26986329914e-22
440.847516738  1.26222981757e-22
456.697462677  1.25498440161e-22
473.117267301  1.24812776373e-22
490.127418939  1.2416585665e-22
507.749142548  1.23557345642e-22
526.004426187  1.22986712729e-22
544.916048465  1.22453241277e-22
564.507606954  1.21956040751e-22
584.803547643  1.21494061592e-22
605.82919543  1.21066112775e-22
627.610785733  1.20670882048e-22
650.175497219  1.2030695895e-22
673.551485719  1.19972861038e-22
697.767919361  1.19667064335e-22
722.855014966  1.19388040583e-22
748.84407575  1.19134309295e-22
775.767530383  1.18912746864e-22
803.658973457  1.18734697228e-22
832.553207402  1.18599673388e-22
862.486285909  1.18506949596e-22
893.495558925  1.17987347193e-22
925.619719247  1.18014285992e-22
958.898850812  1.18077304083e-22
993.374478709  1.18176776031e-22
1029.08962099  1.18312979296e-22
1066.08884235  1.18486092293e-22
1104.41830974  1.18696193299e-22
1144.12584997  1.18943260255e-22
1185.26100936  1.19227171436e-22
1227.87511562  1.19547706996e-22
1272.02134183  1.1990455135e-22
1317.75477286  1.20297296348e-22
1365.13247404  1.20725445192e-22
1414.21356237  1.225478194e-22
1465.05928036  1.23645610395e-22
1517.73307233  1.24656477037e-22
1572.30066369  1.2558951023e-22
1628.83014287  1.26452756564e-22
1687.39204632  1.27253386909e-22
1748.05944649  1.27997831201e-22
1810.90804305  1.28691887149e-22
1876.01625732  1.29340808613e-22
1943.46533014  1.29949377975e-22
2013.33942322  1.3052196579e-22
2085.72572415  1.31062580256e-22
2160.71455525  1.31574908448e-22
2238.39948618  1.32062350875e-22
2318.87745078  1.32324154933e-22
2402.24886796  1.32691363911e-22
2488.61776706  1.3302272425e-22
2578.09191758  1.33320774724e-22
2670.78296373  1.33587851177e-22
2766.80656368  1.33826108659e-22
2866.28253393  1.3403754056e-22
2969.33499874  1.34223995209e-22
3076.0925451  1.34387190311e-22
3186.68838309  1.34528725544e-22
3301.26051218  1.34650093589e-22
3419.95189335  1.34752689791e-22
3542.91062753  1.34837820659e-22
3670.29014035  1.34906711345e-22
3802.24937364  1.34960512247e-22
3938.95298368  1.35000304845e-22
4080.57154674  1.35027106869e-22
4227.28177184  1.35041876882e-22
4379.2667213  1.35045518365e-22
4536.71603914  1.35038883345e-22
4699.82618773  1.35022775649e-22
4868.8006929  1.34997953816e-22
5043.85039793  1.34965133711e-22
5225.19372662  1.34924990892e-22
5413.05695583  1.34878162752e-22
5607.67449785  1.34825250467e-22
5809.28919286  1.34766820783e-22
6018.15261197  1.34703407656e-22
6234.52537109  1.34635513771e-22
6458.67745619  1.34563611957e-22
6690.88856009  1.3448814651e-22
6931.44843155  1.34409534436e-22
7180.65723674  1.34328166635e-22
7438.82593382  1.34244409023e-22
7706.27666093  1.34158603609e-22
7983.34313818  1.34071069526e-22
8270.371084  1.33982104031e-22
8567.71864659  1.33891983473e-22
8875.75685075  1.33800964228e-22
9194.87006089  1.33709283618e-22
9525.4564606  1.33617160799e-22
9867.9285495  1.33524797631e-22
10222.7136579  1.3343237953e-22
10590.2544803  1.33340076297e-22
10971.0096272  1.33248042929e-22
11365.4541979  1.33156420412e-22
11774.080373  1.33065336492e-22
12197.3980289  1.32974906429e-22
12635.9353735  1.32885233725e-22
13090.2396056  1.32796410842e-22
13560.8775976  1.32708519884e-22
14048.4366031  1.3262163327e-22
14553.524989  1.32535814375e-22
15076.7729955  1.32451118154e-22
15618.8335217  1.32367591738e-22
16180.3829408  1.32285275007e-22
16762.1219439  1.32204201143e-22
17364.776414  1.3212439715e-22
17989.0983325  1.32045884356e-22
18635.8667167  1.31968678889e-22
19305.8885922  1.31892792129e-22
20000  1.31818231132e-22

