0.5 20 151
151
0.5  0
0.512448710082  2.43160903012e-40
0.52520736093  4.92375885194e-40
0.538283669269  7.47795677499e-40
0.55168554395  1.00957476369e-39
0.565421090737  1.27787147378e-39
0.579498617203  1.55284807979e-39
0.59392663776  1.8346708939e-39
0.608713878807  2.12351036902e-39
0.623869284008  2.41954120192e-39
0.6394020197  2.72294243884e-39
0.655321480438  3.03389758383e-39
0.67163729468  3.35259470973e-39
0.688359330604  3.67922657187e-39
0.705497702082  4.01399072472e-39
0.723062774796  4.35708964135e-39
0.741065172505  4.70873083585e-39
0.759515783475  5.06912698893e-39
0.778425767058  5.43849607645e-39
0.797806560447  5.81706150134e-39
0.817669885593  6.20505222868e-39
0.83802775629  6.60270292417e-39
0.858892485448  7.01025409611e-39
0.880276692535  7.42795224081e-39
0.90219331121  7.85604999173e-39
0.924655597149  8.29480627222e-39
0.947677136058  8.74448645217e-39
0.971271851895  9.20536250851e-39
0.995454015286  1.5573224814e-34
1.02023825216  2.69199206785e-32
1.04563955259  6.07074602001e-32
1.07167327987  9.53362222895e-32
1.0983551798  1.30827151218e-31
1.1257013902  1.67201712717e-31
1.15372845069  2.04481906956e-31
1.18245331269  2.42690281856e-31
1.21189334964  2.81849946718e-31
1.24206636756  3.21984586211e-31
1.27299061578  3.63118474686e-31
1.30468479801  4.05276490866e-31
1.33716808361  4.48484132887e-31
1.37046011922  4.92767533727e-31
1.40458104063  5.38153477003e-31
1.43955148495  5.84669413179e-31
1.47539260312  6.32343476162e-31
1.51212607267  6.81204500322e-31
1.54977411084  7.3128203793e-31
1.58835948804  7.82606377033e-31
1.62790554158  8.35208559771e-31
1.66843618984  8.89120401154e-31
1.70997594668  9.44374508305e-31
1.75254993629  1.00100430018e-30
1.79618390842  1.05904402777e-30
1.84090425388  1.11852879485e-30
1.88673802057  1.17949457917e-30
1.93371292981  1.24197825423e-30
1.9818573931  1.30601761161e-30
2.03120052932  1.05324005588e-28
2.08177218234  2.73883363241e-28
2.13360293905  4.46639414043e-28
2.18672414789  6.23696644829e-28
2.24116793778  8.05162143883e-28
2.29696723759  9.91145665712e-28
2.35415579601  1.18175969743e-27
2.41276820199  1.37711952678e-27
2.47283990568  1.57734331189e-27
2.53440723981  1.7825521527e-27
2.59750744173  1.99287016424e-27
2.66217867588  2.20842455169e-27
2.72846005693  2.42934568728e-27
2.79639167337  2.65576718922e-27
2.86601461181  2.88782600242e-27
2.9373709818  3.1256624814e-27
3.01050394131  6.28247401093e-27
3.08545772284  2.53791346045e-26
3.16227766017  4.51956509609e-26
3.24101021575  6.55055474511e-26
3.32170300885  8.63211079678e-26
3.40440484432  1.07654922241e-25
3.48916574214  1.29519893451e-25
3.57603696765  1.51929246037e-25
3.66507106256  1.74896533689e-25
3.75632187674  1.98435647553e-25
3.84984460077  2.22560824624e-25
3.94569579937  2.47286656366e-25
4.04393344553  4.23901688251e-25
4.14461695564  7.96551999292e-25
4.2478072254  1.1784803417e-24
4.35356666667  1.56991771452e-24
4.46195924519  1.97110086809e-24
4.57305051927  2.38227244719e-24
4.68690767949  2.80368113785e-24
4.80359958925  3.23558181775e-24
4.92319682653  3.67823571034e-24
5.04577172647  4.68905750019e-24
5.1713984252  6.68319290247e-24
5.30015290463  8.72697713172e-24
5.43211303844  1.08216463156e-23
5.56735863914  1.29684673584e-23
5.70597150638  1.51687387066e-23
5.84803547643  1.7423791135e-23
5.99363647282  1.97939818619e-23
6.1428625584  2.33989779202e-23
6.29580398853  2.72133218935e-23
6.4525532657  3.11226331913e-23
6.6132051955  3.51292762551e-23
6.77785694388  3.92356743947e-23
6.94660809603  4.34443112542e-23
7.11956071652  4.75806748488e-23
7.29681941106  5.17389865641e-23
7.47849138981  5.60008295135e-23
7.66468653214  6.03687813574e-23
7.85551745316  6.48454839336e-23
8.0510995718  6.92091644359e-23
8.25155118063  7.30309748098e-23
8.45699351738  7.69479384024e-23
8.66755083831  8.09624242832e-23
8.88335049333  8.50768605058e-23
9.10452300303  8.88944681565e-23
9.33120213764  9.23504409106e-23
9.5635249979  9.58924584705e-23
9.80163209803  9.95226631297e-23
10.0456674507  1.03108800329e-22
10.295778654  1.0620814818e-22
10.5521169811  1.09381103992e-22
10.8148374712  1.12633058219e-22
11.0840990237  1.1576321497e-22
11.3600644943  1.18513762814e-22
11.6429007931  1.21332792205e-22
11.9327789861  1.24221697971e-22
12.2298743982  1.26830300926e-22
12.5343667197  1.2939778018e-22
12.8464401144  1.32029183045e-22
13.1662833315  1.34487151904e-22
13.4940898196  1.36780158288e-22
13.8300578436  1.39130254616e-22
14.1743906047  1.41330465507e-22
14.5272963631  1.43377318906e-22
14.8889885645  1.45475133674e-22
15.2596859686  1.47426259166e-22
15.6396127818  1.49338810744e-22
16.0289987924  1.51269819114e-22
16.4280795102  1.53009152756e-22
16.8370963082  1.54782649593e-22
17.2562965694  1.5641986914e-22
17.6859338356  1.57980311691e-22
18.1262679613  1.59515587379e-22
18.5775652707  1.60925891471e-22
19.0400987189  1.62353069653e-22
19.5141480567  1.63676874042e-22
20  1.65029e-22

