0.5 20 151
151
0.5  0
0.512448710082  3.2514785864e-36
0.52520736093  6.58391060133e-36
0.538283669269  9.99931157629e-36
0.55168554395  1.34997472244e-35
0.565421090737  1.70873346895e-35
0.579498617203  2.07642438272e-35
0.59392663776  2.45326985166e-35
0.608713878807  2.83949780057e-35
0.623869284008  3.23534182901e-35
0.6394020197  3.64104135254e-35
0.655321480438  4.05684174757e-35
0.67163729468  4.48299449974e-35
0.688359330604  4.91975735604e-35
0.705497702082  5.36739448068e-35
0.723062774796  5.8261766149e-35
0.741065172505  6.29638124067e-35
0.759515783475  6.77829274858e-35
0.778425767058  7.27220260978e-35
0.797806560447  7.77840955231e-35
0.817669885593  8.29721974179e-35
0.83802775629  8.82894696654e-35
0.858892485448  9.37391282742e-35
0.880276692535  9.93244693231e-35
0.90219331121  1.05048870955e-34
0.924655597149  1.10915795419e-34
0.947677136058  1.16928791167e-34
0.971271851895  1.23091494997e-34
0.995454015286  3.83762494954e-32
1.02023825216  6.61190421765e-30
1.04563955259  1.49104295476e-29
1.07167327987  2.34155667495e-29
1.0983551798  3.21324599258e-29
1.1257013902  4.10663812541e-29
1.15372845069  5.02227341754e-29
1.18245331269  5.96070566625e-29
1.21189334964  6.92250245696e-29
1.24206636756  7.90824550648e-29
1.27299061578  8.91853101487e-29
1.30468479801  9.95397002606e-29
1.33716808361  1.10151887974e-28
1.37046011922  1.21028291783e-28
1.40458104063  1.32175489988e-28
1.43955148495  1.4360022467e-28
1.47539260312  1.55309405772e-28
1.51212607267  1.67310115276e-28
1.54977411084  1.79609611486e-28
1.58835948804  1.92215333421e-28
1.62790554158  2.05134905312e-28
1.66843618984  2.18376141213e-28
1.70997594668  2.31947049727e-28
1.75254993629  2.45855838853e-28
1.79618390842  2.60110920945e-28
1.84090425388  2.74720917806e-28
1.88673802057  2.89694665897e-28
1.93371292981  3.05041221686e-28
1.9818573931  3.20769867122e-28
2.03120052932  4.68435958186e-27
2.08177218234  1.17475153954e-26
2.13360293905  1.89865255668e-26
2.18672414789  2.64057684161e-26
2.24116793778  3.4009731272e-26
2.29696723759  4.18030131859e-26
2.35415579601  4.97903277141e-26
2.41276820199  5.79765057682e-26
2.47283990568  6.63664985367e-26
2.53440723981  7.49653804805e-26
2.59750744173  8.37783524009e-26
2.66217867588  9.28107445861e-26
2.72846005693  1.02068020035e-25
2.79639167337  1.1155577776e-25
2.86601461181  1.21279756175e-25
2.9373709818  1.31245836567e-25
3.01050394131  1.80344774487e-25
3.08545772284  4.42389168791e-25
3.16227766017  7.14220127556e-25
3.24101021575  9.92818975915e-25
3.32170300885  1.27835421686e-24
3.40440484432  1.57099854867e-24
3.48916574214  1.87092896936e-24
3.57603696765  2.17832688377e-24
3.66507106256  2.4933782132e-24
3.75632187674  2.81627350796e-24
3.84984460077  3.14720806254e-24
3.94569579937  3.48638203377e-24
4.04393344553  4.46445925635e-24
4.14461695564  6.26557247303e-24
4.2478072254  8.11152876224e-24
4.35356666667  1.00034446008e-23
4.46195924519  1.19424642629e-23
4.57305051927  1.39297605122e-23
4.68690767949  1.59665353112e-23
4.80359958925  1.80540205482e-23
4.92319682653  2.01934787823e-23
5.04577172647  2.28324755937e-23
5.1713984252  2.63046467945e-23
5.30015290463  2.98632661006e-23
5.43211303844  3.35104858468e-23
5.56735863914  3.72485119554e-23
5.70597150638  4.10796052706e-23
5.84803547643  4.50060829258e-23
5.99363647282  4.90104245334e-23
6.1428625584  5.27179331205e-23
6.29580398853  5.64774170028e-23
6.4525532657  6.03305023349e-23
6.6132051955  6.42795195515e-23
6.77785694388  6.8326857109e-23
6.94660809603  7.24749629301e-23
7.11956071652  7.60472649272e-23
7.29681941106  7.93977024163e-23
7.47849138981  8.28315571553e-23
7.66468653214  8.63509060185e-23
7.85551745316  8.99578775891e-23
8.0510995718  9.34414558129e-23
8.25155118063  9.63939476497e-23
8.45699351738  9.94199489162e-23
8.66755083831  1.02521289808e-22
8.88335049333  1.05699846086e-22
9.10452300303  1.08587089789e-22
9.33120213764  1.11122495909e-22
9.5635249979  1.13721027102e-22
9.80163209803  1.16384255016e-22
10.0456674507  1.19012956309e-22
10.295778654  1.2127506436e-22
10.5521169811  1.23590824807e-22
10.8148374712  1.25964241715e-22
11.0840990237  1.28252688953e-22
11.3600644943  1.30273032163e-22
11.6429007931  1.32343676706e-22
11.9327789861  1.34465577505e-22
12.2298743982  1.36302535355e-22
12.5343667197  1.38083510943e-22
12.8464401144  1.39908828229e-22
13.1662833315  1.41625779124e-22
13.4940898196  1.43239898272e-22
13.8300578436  1.44894204822e-22
14.1743906047  1.46461173462e-22
14.5272963631  1.47938789872e-22
14.8889885645  1.4945319512e-22
15.2596859686  1.50811319732e-22
15.6396127818  1.52118267969e-22
16.0289987924  1.53433691914e-22
16.4280795102  1.54584019717e-22
16.8370963082  1.55755443827e-22
17.2562965694  1.56860434754e-22
17.6859338356  1.57930661184e-22
18.1262679613  1.58989148031e-22
18.5775652707  1.59976135247e-22
19.0400987189  1.60970683644e-22
19.5141480567  1.6186042857e-22
20  1.62768e-22

