1 20 101
101
1  0
1.03041055791  1.53263129761e-34
1.06174591785  3.11187076805e-34
1.09403420358  4.73913579187e-34
1.12730439408  6.41588685293e-34
1.16158634964  8.14362884923e-34
1.1969108386  9.92391244357e-34
1.23330956497  1.17583354553e-33
1.27081519692  1.36485442942e-33
1.30946139606  1.55962354384e-33
1.34928284767  1.76031569571e-33
1.39031529185  1.96711100787e-33
1.43259555555  2.18019508086e-33
1.47616158565  2.39975915938e-33
1.52105248304  2.62600030403e-33
1.56730853766  2.85912156811e-33
1.61497126471  3.0993321799e-33
1.66408344188  3.3468477304e-33
1.71468914776  3.60189036689e-33
1.76683380139  3.86468899224e-33
1.82056420303  4.13547947041e-33
1.87592857615  4.4145048381e-33
1.93297661076  4.70201552289e-33
1.99175950792  6.25764623224e-32
2.05233002578  3.7107623278e-30
2.11474252688  8.13046990307e-30
2.17905302696  1.26845832515e-29
2.24531924523  1.73771897277e-29
2.31360065617  2.22125009848e-29
2.3839585429  2.7194856755e-29
2.45645605223  3.23287287438e-29
2.53115825126  3.76187246441e-29
2.60813218585  4.3069592271e-29
2.68744694072  4.86862238236e-29
2.76917370155  5.44736602752e-29
2.85338581877  6.04370958983e-29
2.94015887345  6.65818829257e-29
3.02957074514  5.31318223297e-28
3.12170168173  1.96605307609e-27
3.21663437151  3.44441901622e-27
3.31445401734  4.96774288938e-27
3.41524841318  6.5373918914e-27
3.51910802283  8.1547747953e-27
3.62612606115  9.82134321566e-27
3.73639857773  1.15385929115e-26
3.85002454306  1.33080651286e-26
3.96710593738  1.51313479831e-26
4.08774784223  5.81432582849e-26
4.21205853471  1.18351712616e-25
4.34014958471  1.80391139634e-25
4.472135955  2.44317220241e-25
4.60813610445  3.10187328623e-25
4.74827209431  3.78060583752e-25
4.89266969782  4.47997902436e-25
5.041458513  6.90066392955e-25
5.19477207907  1.39299803946e-24
5.35274799621  2.11730622952e-24
5.51552804914  2.86364103573e-24
5.68325833429  3.63267229978e-24
5.85608939099  4.42509023363e-24
6.03417633655  5.63426399604e-24
6.21767900547  8.52689179357e-24
6.40676209294  1.15167094984e-23
6.6015953026  1.45974492277e-23
6.80235349885  1.7771875971e-23
7.00921686386  2.11846870957e-23
7.22237105921  2.61221527783e-23
7.44200739256  3.12829477031e-23
7.66832298935  3.66006852808e-23
7.9015209697  4.20801382251e-23
8.14181063074  4.7613938733e-23
8.38940763443  5.32356782212e-23
8.64453420113  5.90283779436e-23
8.90741930907  6.49972368964e-23
9.17829889981  7.05507566129e-23
9.45741609003  7.5953823446e-23
9.74502138973  8.15212005559e-23
10.041372927  8.71014759081e-23
10.34673668  9.19773946815e-23
10.661386715  9.69869378887e-23
10.9856054331  1.02110529885e-22
11.3196838233  1.06623720857e-22
11.6639217237  1.11195544413e-22
12.0186280908  1.15828652519e-22
12.3841212763  1.19864359733e-22
12.7607293136  1.23987464525e-22
13.1487902114  1.27980482441e-22
13.5486522576  1.3167160899e-22
13.9606743317  1.35460072618e-22
14.3852262269  1.38859329298e-22
14.8226889821  1.42290349687e-22
15.2734552238  1.45475686634e-22
15.7379295184  1.48524031429e-22
16.2165287354  1.51468686528e-22
16.7096824217  1.54257963777e-22
17.2178331866  1.56981323938e-22
17.7414370999  1.59580493764e-22
18.2809641002  1.6207411238e-22
18.8368984177  1.64468521485e-22
19.4097390079  1.66717764755e-22
20  1.68946e-22

