0.5 20 151
151
0.5  0
0.512448710082  3.25638337817e-37
0.52520736093  6.59384230153e-37
0.538283669269  1.0014395342e-36
0.55168554395  1.35201113287e-36
0.565421090737  1.71131105993e-36
0.579498617203  2.07955662824e-36
0.59392663776  2.45697056118e-36
0.608713878807  2.8437811274e-36
0.623869284008  3.2402222788e-36
0.6394020197  3.64653379212e-36
0.655321480438  4.0629614139e-36
0.67163729468  4.48975700915e-36
0.688359330604  4.92717871366e-36
0.705497702082  5.37549109014e-36
0.723062774796  5.83496528822e-36
0.741065172505  6.30587920847e-36
0.759515783475  6.78851767045e-36
0.778425767058  7.283172585e-36
0.797806560447  7.7901431308e-36
0.817669885593  8.30973593528e-36
0.83802775629  8.84226526014e-36
0.858892485448  9.38805319135e-36
0.880276692535  9.947429834e-36
0.90219331121  1.05207335119e-35
0.924655597149  1.11083109725e-35
0.947677136058  1.17105175959e-35
0.971271851895  1.23277176106e-35
0.995454015286  1.0713999301e-32
1.02023825216  1.84991251519e-30
1.04563955259  4.17174599038e-30
1.07167327987  6.55138712916e-30
1.0983551798  8.99027519321e-30
1.1257013902  1.14898852781e-29
1.15372845069  1.40517292056e-29
1.18245331269  1.66773564377e-29
1.21189334964  1.93683550142e-29
1.24206636756  2.21263525129e-29
1.27299061578  2.49530170342e-29
1.30468479801  2.78500582097e-29
1.33716808361  3.08192282366e-29
1.37046011922  3.38623229372e-29
1.40458104063  3.69811828451e-29
1.43955148495  4.01776943186e-29
1.47539260312  4.34537906814e-29
1.51212607267  4.68114533917e-29
1.54977411084  5.02527132414e-29
1.58835948804  5.37796515834e-29
1.62790554158  5.73944015912e-29
1.66843618984  6.10991495488e-29
1.70997594668  6.48961361728e-29
1.75254993629  6.87876579682e-29
1.79618390842  7.27760686168e-29
1.84090425388  7.68637804011e-29
1.88673802057  8.10532656633e-29
1.93371292981  8.53470583002e-29
1.9818573931  8.97477552966e-29
2.03120052932  2.06446498286e-27
2.08177218234  5.26251486787e-27
2.13360293905  8.54018794457e-27
2.18672414789  1.1899466625e-26
2.24116793778  1.53423826782e-26
2.29696723759  1.8871018459e-26
2.35415579601  2.24875081675e-26
2.41276820199  2.61940391397e-26
2.47283990568  2.99928531709e-26
2.53440723981  3.38862478711e-26
2.59750744173  3.78765780551e-26
2.66217867588  4.19662571662e-26
2.72846005693  4.61577587366e-26
2.79639167337  5.04536178826e-26
2.86601461181  5.48564328388e-26
2.9373709818  5.93688665288e-26
3.01050394131  8.79804138425e-26
3.08545772284  2.47909586842e-25
3.16227766017  4.13833015564e-25
3.24101021575  5.83887509606e-25
3.32170300885  7.58175921838e-25
3.40440484432  9.36803665898e-25
3.48916574214  1.11987877996e-24
3.57603696765  1.30751199205e-24
3.66507106256  1.49981678706e-24
3.75632187674  1.69690947535e-24
3.84984460077  1.89890926312e-24
3.94569579937  2.10593832447e-24
4.04393344553  2.82995835141e-24
4.14461695564  4.22041474224e-24
4.2478072254  5.64548991006e-24
4.35356666667  7.10604577309e-24
4.46195924519  8.60296570912e-24
4.57305051927  1.01371550898e-23
4.68690767949  1.1709541828e-23
4.80359958925  1.33210769395e-23
4.92319682653  1.49727351179e-23
5.04577172647  1.72236708611e-23
5.1713984252  2.04905303482e-23
5.30015290463  2.38387262086e-23
5.43211303844  2.72702835081e-23
5.56735863914  3.07872777315e-23
5.70597150638  3.43918360378e-23
5.84803547643  3.80861385467e-23
5.99363647282  4.18694200196e-23
6.1428625584  4.56871097604e-23
6.29580398853  4.9593769181e-23
6.4525532657  5.35976943425e-23
6.6132051955  5.77013069111e-23
6.77785694388  6.19070888461e-23
6.94660809603  6.6217583901e-23
7.11956071652  7.00470647885e-23
7.29681941106  7.37026176685e-23
7.47849138981  7.74491843846e-23
7.66468653214  8.12890309463e-23
7.85551745316  8.52244797812e-23
8.0510995718  8.90238342208e-23
8.25155118063  9.22394588845e-23
8.45699351738  9.55351443064e-23
8.66755083831  9.89128837931e-23
8.88335049333  1.02374720279e-22
9.10452300303  1.05554627998e-22
9.33120213764  1.08392650763e-22
9.5635249979  1.11301332974e-22
9.80163209803  1.14282433867e-22
10.0456674507  1.17225437297e-22
10.295778654  1.19760463093e-22
10.5521169811  1.22355632317e-22
10.8148374712  1.25015414558e-22
11.0840990237  1.27557241654e-22
11.3600644943  1.29746751698e-22
11.6429007931  1.31990774892e-22
11.9327789861  1.34290378096e-22
12.2298743982  1.36317493965e-22
12.5343667197  1.38295780578e-22
12.8464401144  1.40323321423e-22
13.1662833315  1.4223688859e-22
13.4940898196  1.44042446727e-22
13.8300578436  1.45892958603e-22
14.1743906047  1.47616199189e-22
14.5272963631  1.49209215783e-22
14.8889885645  1.5084189438e-22
15.2596859686  1.52311888349e-22
15.6396127818  1.53729395289e-22
16.0289987924  1.5516155633e-22
16.4280795102  1.56459693374e-22
16.8370963082  1.5778368075e-22
17.2562965694  1.59034012622e-22
17.6859338356  1.6024601935e-22
18.1262679613  1.61435674447e-22
18.5775652707  1.62521044476e-22
19.0400987189  1.63615198575e-22
19.5141480567  1.64597687441e-22
20  1.656e-22

