0.5 20 151
151
0.5  0
0.512448710082  1.87994195308e-42
0.52520736093  3.80668961085e-42
0.538283669269  5.78140831461e-42
0.55168554395  7.80529241965e-42
0.565421090737  9.87956601761e-42
0.579498617203  1.20054836769e-41
0.59392663776  1.41843312013e-41
0.608713878807  1.64174264081e-41
0.623869284008  1.87061199245e-41
0.6394020197  2.1051796005e-41
0.655321480438  2.34558733684e-41
0.67163729468  2.59198060561e-41
0.688359330604  2.84450843111e-41
0.705497702082  3.10332354799e-41
0.723062774796  3.36858249358e-41
0.741065172505  3.64044570259e-41
0.759515783475  3.91907760414e-41
0.778425767058  4.20464672122e-41
0.797806560447  4.49732577259e-41
0.817669885593  4.79729177728e-41
0.83802775629  5.10472616162e-41
0.858892485448  5.41981486899e-41
0.880276692535  5.74274847231e-41
0.90219331121  6.07372228923e-41
0.924655597149  6.41293650034e-41
0.947677136058  6.76059627019e-41
0.971271851895  7.1169118714e-41
0.995454015286  8.55389944496e-36
1.02023825216  1.47870796799e-33
1.04563955259  3.33465398214e-33
1.07167327987  5.23680826401e-33
1.0983551798  7.18632128025e-33
1.1257013902  9.18437214117e-33
1.15372845069  1.12321693139e-32
1.18245331269  1.33309513532e-32
1.21189334964  1.54819876508e-32
1.24206636756  1.76865792029e-32
1.27299061578  1.99460593972e-32
1.30468479801  2.22617948192e-32
1.33716808361  2.4635186079e-32
1.37046011922  2.70676686582e-32
1.40458104063  2.95607137782e-32
1.43955148495  3.21158292901e-32
1.47539260312  3.47345605865e-32
1.51212607267  3.74184915362e-32
1.54977411084  4.01692454425e-32
1.58835948804  4.29884860245e-32
1.62790554158  4.58779184239e-32
1.66843618984  4.88392902357e-32
1.70997594668  5.18743925658e-32
1.75254993629  5.49850611139e-32
1.79618390842  5.81731772838e-32
1.84090425388  6.14406693215e-32
1.88673802057  6.47895134814e-32
1.93371292981  6.82217352214e-32
1.9818573931  7.17394104281e-32
2.03120052932  1.41279342145e-29
2.08177218234  3.69088928903e-29
2.13360293905  6.02570386661e-29
2.18672414789  8.41864930372e-29
2.24116793778  1.08711729088e-28
2.29696723759  1.33847580246e-28
2.35415579601  1.59609249251e-28
2.41276820199  1.86012317353e-28
2.47283990568  2.13072753736e-28
2.53440723981  2.40806925173e-28
2.59750744173  2.69231605929e-28
2.66217867588  2.98363987905e-28
2.72846005693  3.28221691035e-28
2.79639167337  3.58822773946e-28
2.86601461181  3.90185744875e-28
2.9373709818  4.22329572869e-28
3.01050394131  1.14756157309e-27
3.08545772284  5.66028047688e-27
3.16227766017  1.03434357257e-26
3.24101021575  1.51431894583e-26
3.32170300885  2.00624446764e-26
3.40440484432  2.51041766585e-26
3.48916574214  3.02714347602e-26
3.57603696765  3.55673442579e-26
3.66507106256  4.09951082395e-26
3.75632187674  4.65580095415e-26
3.84984460077  5.22594127346e-26
3.94569579937  5.81027661585e-26
4.04393344553  1.18753770118e-25
4.14461695564  2.50162534754e-25
4.2478072254  3.84843038617e-25
4.35356666667  5.22876739572e-25
4.46195924519  6.64347123577e-25
4.57305051927  8.09339755173e-25
4.68690767949  9.57942329239e-25
4.80359958925  1.11024472403e-24
4.92319682653  1.26633905553e-24
5.04577172647  1.74934519298e-24
5.1713984252  2.79989607419e-24
5.30015290463  3.8766029621e-24
5.43211303844  4.98011707379e-24
5.56735863914  6.11110583998e-24
5.70597150638  7.27025330868e-24
5.84803547643  8.45826055894e-24
5.99363647282  9.75055895609e-24
6.1428625584  1.25641311843e-23
6.29580398853  1.55992139475e-23
6.4525532657  1.87098624415e-23
6.6132051955  2.18979580581e-23
6.77785694388  2.51654290307e-23
6.94660809603  2.8514251601e-23
7.11956071652  3.24208754303e-23
7.29681941106  3.66419012718e-23
7.47849138981  4.09680197672e-23
7.66468653214  4.54018474524e-23
7.85551745316  4.99460660085e-23
8.0510995718  5.44731761848e-23
8.25155118063  5.87355591497e-23
8.45699351738  6.31040644542e-23
8.66755083831  6.75813342708e-23
8.88335049333  7.21700765551e-23
9.10452300303  7.64855800526e-23
9.33120213764  8.04653198819e-23
9.5635249979  8.45441449659e-23
9.80163209803  8.87245222718e-23
10.0456674507  9.28533027964e-23
10.295778654  9.64178528052e-23
10.5521169811  1.00067031398e-22
10.8148374712  1.03807065124e-22
11.0840990237  1.07415268813e-22
11.3600644943  1.10605705618e-22
11.6429007931  1.13875576069e-22
11.9327789861  1.17226472908e-22
12.2298743982  1.20223667189e-22
12.5343667197  1.23163845045e-22
12.8464401144  1.26177225745e-22
13.1662833315  1.28976797702e-22
13.4940898196  1.31572697282e-22
13.8300578436  1.34233228064e-22
14.1743906047  1.36740267036e-22
14.5272963631  1.39090266482e-22
14.8889885645  1.41498774851e-22
15.2596859686  1.43734310551e-22
15.6396127818  1.45923448849e-22
16.0289987924  1.48132206695e-22
16.4280795102  1.50109147747e-22
16.8370963082  1.52124373511e-22
17.2562965694  1.54014466344e-22
17.6859338356  1.55837417264e-22
18.1262679613  1.57643378587e-22
18.5775652707  1.593352922e-22
19.0400987189  1.61045811588e-22
19.5141480567  1.62619801771e-22
20  1.64227e-22

