1 20 101
101
1  0
1.03041055791  9.72979718259e-38
1.06174591785  1.97554829259e-37
1.09403420358  3.0086055366e-37
1.12730439408  4.07307862777e-37
1.16158634964  5.16992293951e-37
1.1969108386  6.30012289872e-37
1.23330956497  7.46469286924e-37
1.27081519692  8.66467806229e-37
1.30946139606  9.90115547454e-37
1.34928284767  1.11752348547e-36
1.39031529185  1.24880596997e-36
1.43259555555  1.38408082807e-36
1.47616158565  1.52346947007e-36
1.52105248304  1.66709699844e-36
1.56730853766  1.81509232008e-36
1.61497126471  1.96758826202e-36
1.66408344188  2.12472169064e-36
1.71468914776  2.28663363448e-36
1.76683380139  2.45346941087e-36
1.82056420303  2.6253787563e-36
1.87592857615  2.80251596083e-36
1.93297661076  2.98504000658e-36
1.99175950792  3.17464801824e-34
2.05233002578  2.02296859453e-32
2.11474252688  4.43532285962e-32
2.17905302696  6.92103816379e-32
2.24531924523  9.48234545717e-32
2.31360065617  1.21215435343e-31
2.3839585429  1.48410010974e-31
2.45645605223  1.76431588823e-31
2.53115825126  2.05305318487e-31
2.60813218585  2.35057114379e-31
2.68744694072  2.65713678983e-31
2.76917370155  2.97302526821e-31
2.85338581877  3.29852009145e-31
2.94015887345  3.63391339386e-31
3.02957074514  9.79967218204e-30
3.12170168173  3.91273888341e-29
3.21663437151  6.93469777119e-29
3.31445401734  1.00485561147e-28
3.41524841318  1.32571086277e-28
3.51910802283  1.65632350128e-28
3.62612606115  1.99699025457e-28
3.73639857773  2.34801687389e-28
3.85002454306  2.70971840855e-28
3.96710593738  3.08241948867e-28
4.08774784223  2.55801046868e-27
4.21205853471  5.7303804316e-27
4.34014958471  8.99922393499e-27
4.472135955  1.2367474793e-26
4.60813610445  1.58381560389e-26
4.74827209431  1.94143826377e-26
4.89266969782  2.30993642826e-26
5.041458513  4.75842441148e-26
5.19477207907  1.28000367776e-25
5.35274799621  2.10861990623e-25
5.51552804914  2.96243481651e-25
5.68325833429  3.84221471456e-25
5.85608939099  4.74874921014e-25
6.03417633655  6.90690415534e-25
6.21767900547  1.42639749126e-24
6.40676209294  2.18735311171e-24
6.6015953026  2.97144981712e-24
6.80235349885  3.77939134081e-24
7.00921686386  4.77837313097e-24
7.22237105921  7.4752379758e-24
7.44200739256  1.03399964026e-23
7.66832298935  1.32918737315e-23
7.9015209697  1.63335192968e-23
8.14181063074  2.06187554896e-23
8.38940763443  2.58579823668e-23
8.64453420113  3.12565370563e-23
8.90741930907  3.68192648058e-23
9.17829889981  4.28148622825e-23
9.45741609003  4.91338800871e-23
9.74502138973  5.56450627485e-23
10.041372927  6.22500513568e-23
10.34673668  6.84735874161e-23
10.661386715  7.48766212333e-23
10.9856054331  8.14283565494e-23
11.3196838233  8.72585729691e-23
11.6639217237  9.31716162327e-23
12.0186280908  9.91711785223e-23
12.3841212763  1.04467203651e-22
12.7607293136  1.09881885706e-22
13.1487902114  1.1510301883e-22
13.5486522576  1.19889367523e-22
13.9606743317  1.24800332445e-22
14.3852262269  1.2915235202e-22
14.8226889821  1.3353616629e-22
15.2734552238  1.37699443738e-22
15.7379295184  1.41752910907e-22
16.2165287354  1.45674142366e-22
16.7096824217  1.49395973236e-22
17.2178331866  1.53037115523e-22
17.7414370999  1.56522746774e-22
18.2809641002  1.59917141217e-22
18.8368984177  1.63227730077e-22
19.4097390079  1.66332101275e-22
20  1.69405e-22

