0.2 20 151
151
0.2  0
0.206235454919  1.73664694181e-39
0.212665314327  3.52743780219e-39
0.219295639229  5.37406064097e-39
0.22613267959  7.27825614706e-39
0.233182880236  9.24181927932e-39
0.240452886923  1.12666009585e-38
0.247949552606  1.33545098122e-38
0.255679943893  1.55075139734e-38
0.263651347711  1.77276429366e-38
0.271871278176  2.00169894702e-38
0.280347483669  2.23777115892e-38
0.289087954149  2.481203459e-38
0.298100928677  2.73222531474e-38
0.307394903187  2.99107334781e-38
0.316978638492  3.25799155709e-38
0.326861168545  3.53323154866e-38
0.33705180895  3.81705277304e-38
0.34756016575  4.10972276966e-38
0.358396144475  4.41151741913e-38
0.369569959484  4.72272120326e-38
0.381092143593  5.04362747322e-38
0.392973557999  5.37453872608e-38
0.405225402524  5.71576688994e-38
0.417859226171  6.06763361795e-38
0.430886938006  6.43047059157e-38
0.444320818391  6.80461983315e-38
0.458173530554  7.19043402837e-38
0.472458132527  7.5882768587e-38
0.487188089458  7.99852334419e-38
0.502377286302  4.0952834514e-33
0.518040040906  2.914773904e-32
0.534191117512  5.52433570643e-32
0.550845740668  8.21525653375e-32
0.568019609583  1.09900729386e-31
0.585728912925  1.38514005565e-31
0.60399034408  1.68019365712e-31
0.622821116889  1.98444622574e-31
0.642238981873  2.29818456024e-31
0.662262242965  2.62170440094e-31
0.682909774767  2.95531070856e-31
0.704201040337  3.29931795163e-31
0.72615610954  3.65405040299e-31
0.748795677965  4.01984244538e-31
0.772141086431  4.39703888673e-31
0.796214341107  4.7859952851e-31
0.821038134255  5.18707828391e-31
0.846635865618  5.60066595751e-31
0.87303166448  6.02714816758e-31
0.900250412412  6.46692693062e-31
0.928317766723  6.92041679691e-31
0.957260184645  7.38804524129e-31
0.987104948279  7.87025306609e-31
1.0178801903  6.98650090882e-28
1.0496149205  1.93721827931e-27
1.08233905309  3.21440164826e-27
1.11608343495  4.5314041138e-27
1.15087987467  5.88946712686e-27
1.18676117255  7.28987084338e-27
1.2237611515  8.73393533112e-27
1.26191468896  1.02230218139e-26
1.30125774973  1.17585339549e-26
1.34182741991  1.33419191795e-26
1.38366194184  1.49746700401e-26
1.42680075014  1.66583256226e-26
1.47128450892  1.83944729975e-26
1.51715515006  2.01847487158e-26
1.56445591277  2.20308403518e-26
1.61323138435  2.39344880937e-26
1.66352754221  2.58974863839e-26
1.71539179718  2.79216856109e-26
1.76887303828  3.0008993853e-26
1.82402167871  3.21613786773e-26
1.88088970345  3.43808689943e-26
1.93953071822  3.66695569704e-26
2  5.01722515973e-26
2.06235454919  2.17997781379e-25
2.12665314327  4.02545702893e-25
2.19295639229  5.92847325631e-25
2.2613267959  7.89082034317e-25
2.33182880236  9.914348064e-25
2.40452886923  1.20009638642e-24
2.47949552606  1.41526346582e-24
2.55679943893  1.63713886834e-24
2.63651347711  1.86593174121e-24
2.71871278176  2.1018577523e-24
2.80347483669  2.34513929342e-24
2.89087954149  2.59600568996e-24
2.98100928677  2.8581165841e-24
3.07394903187  4.30891467015e-24
3.16978638492  6.12293367245e-24
3.26861168545  7.9935088433e-24
3.3705180895  9.92240344989e-24
3.4756016575  1.19114357333e-23
3.58396144475  1.39624806224e-23
3.69569959484  1.60774715012e-23
3.81092143593  1.82584020314e-23
3.92973557999  2.05073280316e-23
4.05225402524  2.33427175656e-23
4.17859226171  2.69824716229e-23
4.30886938006  3.07357032919e-23
4.44320818391  3.46059504952e-23
4.58173530554  3.85968614584e-23
4.72458132527  4.27121981485e-23
4.87188089458  4.69558398206e-23
5.02377286302  5.1214614767e-23
5.18040040906  5.50101905739e-23
5.34191117512  5.89166030192e-23
5.50845740668  6.29448067581e-23
5.68019609583  6.7098598911e-23
5.85728912925  7.13818949824e-23
6.0399034408  7.5521673757e-23
6.22821116889  7.87808567649e-23
6.42238981873  8.21394697236e-23
6.62262242965  8.56027950807e-23
6.82909774767  8.91740974835e-23
7.04201040337  9.26717641358e-23
7.2615610954  9.55243595633e-23
7.48795677965  9.84622714542e-23
7.72141086431  1.01491779431e-22
7.96214341107  1.04607530625e-22
8.21038134255  1.07134444998e-22
8.46635865618  1.0960129837e-22
8.7303166448  1.12145061506e-22
9.00250412412  1.14721053213e-22
9.28317766723  1.16770985742e-22
9.57260184645  1.18842684017e-22
9.87104948279  1.20978972198e-22
10.178801903  1.22937084217e-22
10.496149205  1.24774207748e-22
10.8233905309  1.26668607784e-22
11.1608343495  1.28434054695e-22
11.5087987467  1.3004165021e-22
11.8676117255  1.31699366172e-22
12.237611515  1.33158560274e-22
12.6191468896  1.34519496955e-22
13.0125774973  1.35900749721e-22
13.4182741991  1.37083466242e-22
13.8366194184  1.38289137164e-22
14.2680075014  1.39421442514e-22
14.7128450892  1.4051930168e-22
15.1715515006  1.41584140915e-22
15.6445591277  1.42566104749e-22
16.1323138435  1.43524170236e-22
16.6352754221  1.44361098302e-22
17.1539179718  1.45173942246e-22
17.6887303828  1.45889521252e-22
18.2402167871  1.46577444969e-22
18.8088970345  1.47220053649e-22
19.3953071822  1.4782458696e-22
20  1.48419e-22

