0.5 20000 301
301
0.5  0
0.51797667599  1.22849808234e-37
0.536599673739  2.50116478864e-37
0.555892230681  3.81958812898e-37
0.575878419714  5.18541320774e-37
0.596583179235  6.6003442763e-37
0.618032344264  8.06614685959e-37
0.640252678672  9.58464995909e-37
0.663271908584  1.1157748335e-36
0.687118756972  1.27874048705e-36
0.711822979493  1.44756530211e-36
0.737415401622  1.62245993516e-36
0.763927957112  1.80364261652e-36
0.791393727841  1.99133942259e-36
0.819846985093  2.185784558e-36
0.849323232317  2.3872206478e-36
0.879859249433  2.59589904023e-36
0.911493138721  2.81208012037e-36
0.944264372364  3.03603363496e-36
0.978213841706  3.2680390291e-36
1.01338390827  5.2171523104e-31
1.04981845661  1.94195317145e-30
1.0875629491  3.41325342642e-30
1.12666448261  4.93745185733e-30
1.16717184731  6.51645033091e-30
1.20913558756  8.15221909238e-30
1.25260806493  9.8467992239e-30
1.29764352358  1.16023051913e-29
1.34429815793  1.34209274827e-29
1.39263018277  1.53049353415e-29
1.44269990591  1.72566795979e-29
1.49456980343  1.92785956026e-29
1.54830459763  2.1373206265e-29
1.6039713378  2.35431252019e-29
1.66163948387  2.5791059998e-29
1.7213809931  2.81198155851e-29
1.78327040983  3.05322977416e-29
1.84738495855  3.30315167181e-29
1.91380464021  3.56205909941e-29
1.98261233206  3.8302751169e-29
2.05389389107  1.85181875225e-27
2.12773826107  4.33573471445e-27
2.20423758369  6.90895578151e-27
2.28348731338  9.57469277133e-27
2.3655863365  1.23362719414e-26
2.4506370947  1.51971391394e-26
2.53874571274  1.81608641028e-26
2.63002213093  2.12311449129e-26
2.72458024232  2.44118126097e-26
2.82253803477  2.77068359717e-26
2.92401773821  3.11203264684e-26
3.02914597715  7.31729979064e-26
3.13805392866  2.20758382417e-25
3.25087748609  3.73649956204e-25
3.36775742859  5.32038494558e-25
3.48883959681  6.96121631781e-25
3.61427507483  8.6610410779e-25
3.74422037875  1.04219802359e-24
3.87883765192  1.22462310593e-24
4.01829486729  1.58183601298e-24
4.16276603701  3.10608791517e-24
4.31243142955  4.6851417825e-24
4.46747779462  6.32096792932e-24
4.62809859623  8.01560750937e-24
4.79449425406  9.77117506272e-24
4.96687239354  1.15898611542e-23
5.14544810495  1.53784640445e-23
5.33044421176  1.9752655797e-23
5.52209154871  2.42841144052e-23
5.72062924983  2.89784941396e-23
5.92630504679  3.3841652561e-23
6.13937557808  3.91064054648e-23
6.36010670917  4.46846474399e-23
6.58877386432  5.04634459121e-23
6.82566237018  5.64500115598e-23
7.07106781187  6.23341468202e-23
7.32529640178  6.76225435098e-23
7.58866536167  7.31010757869e-23
7.86150331847  7.87765796633e-23
8.14415071437  8.40357029029e-23
8.43696023158  8.88663788036e-23
8.74029723243  9.38707336954e-23
9.05454021523  9.88545499947e-23
9.38008128661  1.03028697987e-22
9.7173266507  1.07352920591e-22
10.0666971161  1.11670764219e-22
10.4286286208  1.15433242973e-22
10.8035727762  1.19330995451e-22
11.1919974309  1.22974169043e-22
11.5943872539  1.26329985043e-22
12.0112443398  1.29788251267e-22
12.4430888353  1.32690630445e-22
12.8904595879  1.35697359883e-22
13.3539148186  1.38447406401e-22
13.8340328184  1.41179362176e-22
14.3314126696  1.43707643498e-22
14.8466749937  1.46170203025e-22
15.3804627255  1.48398281717e-22
15.9334419155  1.50571612032e-22
16.5063025609  1.52523632459e-22
17.0997594668  1.54463653854e-22
17.7145531376  1.56261174801e-22
18.3514507018  1.57501750133e-22
19.0112468682  1.58518528781e-22
19.6947649184  1.59877827342e-22
20.4028577337  1.61564147858e-22
21.1364088592  1.63561900587e-22
21.8963336065  1.65855363185e-22
22.6835801957  1.68428638798e-22
23.4991309386  1.71265612979e-22
24.3440034645  1.73414303388e-22
25.2192519896  1.74190952602e-22
26.1259686331  1.74888803215e-22
27.0652847792  1.75510390786e-22
28.0383724893  1.76058158823e-22
29.0464459643  1.76534462149e-22
30.0907630598  1.76941570191e-22
31.1726268555  1.77281670184e-22
32.2933872809  1.77556870296e-22
33.4544428005  1.77769202686e-22
34.6572421578  1.77920626481e-22
35.9032861837  1.78013030702e-22
37.1941296691  1.78048237116e-22
38.5313833047  1.78028003038e-22
39.9167156909  1.77954024081e-22
41.35185542  1.77827936852e-22
42.8385932329  1.77651321611e-22
44.3787842538  1.77425704885e-22
45.9743503045  1.77152562053e-22
47.627282303  1.76833319896e-22
49.3396427475  1.76469359126e-22
51.1135682897  1.76062016896e-22
52.9512724014  1.75612589291e-22
54.8550481358  1.7512233381e-22
56.8272709893  1.74592471852e-22
58.8704018652  1.74024191189e-22
60.9869901447  1.73418648454e-22
63.1796768676  1.72776971641e-22
65.4511980279  1.72100262616e-22
67.8043879881  1.71389599655e-22
70.2421830153  1.70646040004e-22
72.767624945  1.69870622473e-22
75.3838649774  1.69064370069e-22
78.0941676085  1.68228292665e-22
80.9019147041  1.67363389716e-22
83.8106097193  1.6647065302e-22
86.8238820702  1.65551069536e-22
89.9454916625  1.64605624246e-22
93.1793335833  1.63635303076e-22
96.5294429608  1.62641095865e-22
100  1.61623999391e-22
103.595335198  1.60585020435e-22
107.319934748  1.59525178894e-22
111.178446136  1.58445510922e-22
115.175683943  1.57347072096e-22
119.316635847  1.56230940583e-22
123.606468853  1.55098220309e-22
128.050535734  1.53950044087e-22
132.654381717  1.52787576689e-22
137.423751394  1.51612017832e-22
142.364595899  1.50424605038e-22
147.483080324  1.49226616329e-22
152.785591422  1.48019372704e-22
158.278745568  1.46804240353e-22
163.969397019  1.45582632534e-22
169.864646463  1.44356011067e-22
175.971849887  1.43125887347e-22
182.298627744  1.41893822819e-22
188.852874473  1.40661428826e-22
195.642768341  1.39430365738e-22
202.676781654  1.38202341288e-22
209.963691323  1.36979108013e-22
217.51258982  1.35762459738e-22
225.332896521  1.34554226999e-22
233.434369463  1.33356271366e-22
241.827117512  1.32170478596e-22
250.521612986  1.30998750581e-22
259.528704717  1.29842996096e-22
268.859631586  1.28705120339e-22
278.526036554  1.2758701333e-22
288.539981181  1.2649053723e-22
298.913960685  1.2541751273e-22
309.660919525  1.24450086854e-22
320.794267559  1.23427422427e-22
332.327896774  1.22433356645e-22
344.276198619  1.21469387638e-22
356.654081967  1.20536896758e-22
369.476991711  1.19637133944e-22
382.760928042  1.18771203974e-22
396.522466412  1.17940053936e-22
410.778778215  1.17144462243e-22
425.547652214  1.16385029499e-22
440.847516738  1.15662171499e-22
456.697462677  1.14976114585e-22
473.117267301  1.1432689355e-22
490.127418939  1.13714352211e-22
507.749142548  1.1313814672e-22
526.004426187  1.12597751638e-22
544.916048465  1.12092468721e-22
564.507606954  1.11621438369e-22
584.803547643  1.11183653635e-22
605.82919543  1.10777976736e-22
627.610785733  1.10403158034e-22
650.175497219  1.10057857619e-22
673.551485719  1.09740669869e-22
697.767919361  1.09450151945e-22
722.855014966  1.09184858664e-22
748.84407575  1.08943391228e-22
775.767530383  1.08732195105e-22
803.658973457  1.08561907377e-22
832.553207402  1.08432061752e-22
862.486285909  1.08341969343e-22
893.495558925  1.07853393413e-22
925.619719247  1.07875544899e-22
958.898850812  1.07931606761e-22
993.374478709  1.08021921769e-22
1029.08962099  1.0814674242e-22
1066.08884235  1.08306229128e-22
1104.41830974  1.08500449221e-22
1144.12584997  1.08729376735e-22
1185.26100936  1.08992893042e-22
1227.87511562  1.09290788275e-22
1272.02134183  1.09622763537e-22
1317.75477286  1.09988433844e-22
1365.13247404  1.10387331752e-22
1414.21356237  1.12094078536e-22
1465.05928036  1.1312120162e-22
1517.73307233  1.14066825917e-22
1572.30066369  1.14939473209e-22
1628.83014287  1.15746686779e-22
1687.39204632  1.16495189258e-22
1748.05944649  1.17191008853e-22
1810.90804305  1.17839581166e-22
1876.01625732  1.18445831991e-22
1943.46533014  1.19014245123e-22
2013.33942322  1.19548918268e-22
2085.72572415  1.20053609404e-22
2160.71455525  1.20531775444e-22
2238.39948618  1.20986604635e-22
2318.87745078  1.21230561158e-22
2402.24886796  1.21572914687e-22
2488.61776706  1.21881714968e-22
2578.09191758  1.2215934108e-22
2670.78296373  1.22407981965e-22
2766.80656368  1.22629657159e-22
2866.28253393  1.22826234702e-22
2969.33499874  1.22999446679e-22
3076.0925451  1.23150902739e-22
3186.68838309  1.232821019e-22
3301.26051218  1.23394442868e-22
3419.95189335  1.23489233099e-22
3542.91062753  1.23567696753e-22
3670.29014035  1.23630981709e-22
3802.24937364  1.23680165748e-22
3938.95298368  1.23716262021e-22
4080.57154674  1.23740223896e-22
4227.28177184  1.23752949254e-22
4379.2667213  1.23755284317e-22
4536.71603914  1.23748027048e-22
4699.82618773  1.23731930209e-22
4868.8006929  1.23707704081e-22
5043.85039793  1.23676018928e-22
5225.19372662  1.23637507208e-22
5413.05695583  1.23592765586e-22
5607.67449785  1.23542356765e-22
5809.28919286  1.23486811158e-22
6018.15261197  1.2342662843e-22
6234.52537109  1.23362278922e-22
6458.67745619  1.23294204982e-22
6690.88856009  1.23222822204e-22
6931.44843155  1.231485206e-22
7180.65723674  1.23071665705e-22
7438.82593382  1.22992599635e-22
7706.27666093  1.22911642099e-22
7983.34313818  1.22829091363e-22
8270.371084  1.22745225194e-22
8567.71864659  1.22660301765e-22
8875.75685075  1.22574560535e-22
9194.87006089  1.2248822311e-22
9525.4564606  1.2240149408e-22
9867.9285495  1.22314561832e-22
10222.7136579  1.22227599354e-22
10590.2544803  1.22140765007e-22
10971.0096272  1.22054203292e-22
11365.4541979  1.21968045592e-22
11774.080373  1.21882410895e-22
12197.3980289  1.217974065e-22
12635.9353735  1.21713128705e-22
13090.2396056  1.21629663474e-22
13560.8775976  1.21547087084e-22
14048.4366031  1.21465466748e-22
14553.524989  1.21384861223e-22
15076.7729955  1.21305321391e-22
15618.8335217  1.2122689082e-22
16180.3829408  1.21149606301e-22
16762.1219439  1.21073498363e-22
17364.776414  1.20998591765e-22
17989.0983325  1.20924905965e-22
18635.8667167  1.20852455565e-22
19305.8885922  1.20781250733e-22
20000  1.20711297604e-22

