0.05 20000 351
351
0.05  0
0.0518771238405  2.57142690849e-37
0.0538247195593  5.23939155207e-37
0.0558454328452  8.00751819641e-37
0.0579420087128  1.08795671711e-36
0.0601172952312  1.38594399778e-36
0.0623742473934  1.69511845903e-36
0.0647159311297  2.01590009532e-36
0.0671455274734  2.34872466875e-36
0.0696663368815  2.69404430101e-36
0.0722817837184  3.05232808756e-36
0.0749954209075  3.42406273485e-36
0.0778109347578  3.80975322152e-36
0.0807321499715  4.20992348434e-36
0.0837630348397  4.62511712998e-36
0.0869077066328  5.05589817343e-36
0.0901704371937  5.50285180421e-36
0.093555658741  5.96658518131e-36
0.0970679698898  6.44772825797e-36
0.100712141898  7.9042180357e-33
0.10449312515  4.98338091529e-32
0.108416055878  9.33375409722e-32
0.112486263142  1.38474510635e-31
0.116709276067  1.85306033934e-31
0.121090831358  2.3389572861e-31
0.125636881086  2.84309600773e-31
0.130353600781  3.36616134562e-31
0.135247397815  3.90886385182e-31
0.140324920111  4.47194075428e-31
0.14559306517  5.0561569583e-31
0.151058989443  5.66230608561e-31
0.156730118052  6.29121155247e-31
0.162614154874  6.94372768823e-31
0.168719093012  7.6207408959e-31
0.175053225649  8.32317085621e-31
0.181625157314  9.05197177702e-31
0.188443815571  9.8081336895e-31
0.195518463147  1.0592683793e-30
0.202858710516  2.983150083e-28
0.210474528951  1.090094112e-27
0.218376264073  1.91159856434e-27
0.226574649903  2.76394432853e-27
0.235080823443  3.64828926381e-27
0.243906339806  4.56583469831e-27
0.253063187912  5.51782706101e-27
0.262563806776  6.50555957491e-27
0.272421102403  7.53037401381e-27
0.282648465323  8.59366252502e-27
0.293259788778  9.6968695205e-27
0.304269487597  1.0841493639e-26
0.315692517779  1.2029089782e-26
0.327544396807  1.32612712256e-26
0.339841224729  1.45397118125e-26
0.352599706028  1.58661482254e-26
0.365837172315  1.72423823467e-26
0.379571605873  1.86702837055e-26
0.393821664084  2.0151792018e-26
0.408606704776  2.16889198219e-26
0.423946812514  2.32837552108e-26
0.439862825892  2.49384646703e-26
0.456376365833  2.66552960213e-26
0.473509864964  2.84365814735e-26
0.491286598089  3.02847407934e-26
0.509730713805  9.96758167312e-26
0.528867267308  2.34359711627e-25
0.548722254427  3.74099973524e-25
0.569322646939  5.19086430962e-25
0.59069642921  6.69516039117e-25
0.612872636205  8.25593147347e-25
0.635881392938  9.87529776794e-25
0.659753955386  1.1555459084e-24
0.684522752957  1.32986978172e-24
0.710221432536  1.51073820502e-24
0.736884904198  1.69839687691e-24
0.764549388626  1.89310072013e-24
0.793252466319  2.09511422788e-24
0.823033128641  2.30471182305e-24
0.853931830787  2.52217823108e-24
0.885990546742  2.74780886669e-24
0.919252826298  2.98191023521e-24
0.953763854212  3.22480034892e-24
0.989570511591  3.4768091591e-24
1.02672143958  4.49957232271e-24
1.06526710541  5.86902369908e-24
1.10525987101  7.28988767198e-24
1.14675406409  8.76409439764e-24
1.18980605195  1.02936464951e-23
1.23447431806  1.18806217667e-23
1.28081954152  1.35271760207e-23
1.32890467946  1.52355459995e-23
1.37879505257  1.70080524187e-23
1.43055843386  1.8847103119e-23
1.48426514069  2.07551963376e-23
1.53998813031  2.27349241016e-23
1.59780309898  2.47889757492e-23
1.65778858478  2.69201415832e-23
1.72002607428  2.91313166611e-23
1.78460011328  3.14255047281e-23
1.85159842165  3.38058222974e-23
1.92111201246  3.62755028838e-23
1.99323531564  3.88379013964e-23
2.06806630625  4.09752983779e-23
2.1457066376  4.31391950403e-23
2.22626177928  4.53843297429e-23
2.30984116051  4.77137523631e-23
2.39655831871  5.01306272779e-23
2.48653105382  5.26382376632e-23
2.57988158824  5.52399899533e-23
2.67673673294  5.79394184683e-23
2.77722805967  6.07401902158e-23
2.8814920797  6.36461098717e-23
2.98967042928  6.66611249488e-23
3.10191006204  6.87369160874e-23
3.21836344861  7.07799603696e-23
3.33918878375  7.28997055943e-23
3.46455020123  7.5099031305e-23
3.59461799682  7.73809251501e-23
3.72956885961  7.9748486942e-23
3.86958611204  8.22049328676e-23
4.01485995891  8.46305579963e-23
4.16558774582  8.6026867968e-23
4.32197422717  8.74755988745e-23
4.48423184437  8.89787187275e-23
4.6525810144  9.05382694227e-23
4.82725042924  9.21563695137e-23
5.00847736654  9.38003332863e-23
5.19650801193  9.47684752699e-23
5.39159779346  9.57729637015e-23
5.5940117286  9.68151631167e-23
5.8040247842  9.78964892793e-23
6.02192225006  9.89838295093e-23
6.24800012649  9.97912409895e-23
6.48256552635  1.00628964696e-22
6.7259370923  1.01498138626e-22
6.97844542962  1.02399943498e-22
7.24043355533  1.03113832085e-22
7.51225736418  1.03833893803e-22
7.79428611207  1.04580988421e-22
8.08690291769  1.05270867649e-22
8.39050528295  1.05777237029e-22
8.70550563296  1.0630261677e-22
9.03233187631  1.06818370624e-22
9.37142798632  1.07076117316e-22
9.72325460418  1.07343540458e-22
10.0882896647  1.07575348553e-22
10.4670290455  1.07667381128e-22
10.8599872407  1.07762868834e-22
11.2676980598  1.07809026259e-22
11.690715353  1.07828201595e-22
12.129613763  1.07838466341e-22
12.5849895064  1.07825273446e-22
13.0574611831  1.078089836e-22
13.5476706168  1.07772586427e-22
14.0562837268  1.07735872835e-22
14.5839914326  1.07706536324e-22
15.1315105928  1.07664534281e-22
15.6995849783  1.07583001013e-22
16.2889862833  1.0747616998e-22
16.9005151731  1.07341344188e-22
17.5350023721  1.07132618925e-22
18.193309792  1.07275137704e-22
18.876331703  1.08316120393e-22
19.5849959482  1.09332359614e-22
20.3202652044  1.10313137894e-22
21.0831382897  1.11247283633e-22
21.87465152  1.12123138243e-22
22.6958801174  1.12928521914e-22
23.5479396704  1.13650697958e-22
24.4319876495  1.13785642766e-22
25.3492249792  1.13355597415e-22
26.3008976702  1.12905434334e-22
27.2882985111  1.12435666683e-22
28.3127688251  1.11946787766e-22
29.3757002922  1.11439271977e-22
30.4785368392  1.10913575726e-22
31.6227766017  1.10370138361e-22
32.8099739589  1.09809383088e-22
34.0417416454  1.09231717875e-22
35.3197529418  1.08637536359e-22
36.6457439475  1.08027218757e-22
38.0215159399  1.07401132765e-22
39.4489378204  1.06759634475e-22
40.9299486537  1.06103069292e-22
42.4665603019  1.05431772857e-22
44.0608601572  1.04746071987e-22
45.715013978  1.04046285628e-22
47.4312688301  1.03332725819e-22
49.2119561403  1.02605698689e-22
51.0594948625  1.01865505459e-22
52.9763947643  1.01112443488e-22
54.9652598363  1.00346807333e-22
57.028791829  9.95688898529e-23
59.1697939238  9.87789833367e-23
61.3911745401  9.7977380679e-23
63.6959512866  9.71643765916e-23
66.0872550608  9.63402688608e-23
68.5683343013  9.55053596512e-23
71.1425594018  9.46599568601e-23
73.8134272884  9.38043755225e-23
76.5845661707  9.29389392711e-23
79.4597404702  9.20639818509e-23
82.4428559342  9.11798486903e-23
85.5379649413  9.02868985289e-23
88.7492720065  8.93855051013e-23
92.0811394928  8.84760588739e-23
95.5380935369  8.75589688341e-23
99.124830198  8.66346643259e-23
102.846221837  8.57035969254e-23
106.707323735  8.47662423493e-23
110.713380962  8.38231023856e-23
114.8698355  8.28747068329e-23
119.182333635  8.19216154329e-23
123.656733632  8.09644197769e-23
128.299113687  8.00037451639e-23
133.115780187  7.90402523822e-23
138.113276278  7.80746393859e-23
143.29839075  7.71076428286e-23
148.678167262  7.61400394165e-23
154.259913908  7.51726470344e-23
160.051213149  7.42063255959e-23
166.059932107  7.3241977565e-23
172.294233257  7.22805480887e-23
178.762585514  7.13230246817e-23
185.473775735  7.03704363981e-23
192.43692066  6.94238524249e-23
199.661479291  6.84843800332e-23
207.157265748  6.75531618237e-23
214.934462593  6.66313722099e-23
223.003634671  6.57202130875e-23
231.375743454  6.48209086507e-23
240.062161937  6.39346993282e-23
249.074690085  6.30628348311e-23
258.425570861  6.22065663217e-23
268.127506863  6.13671377399e-23
278.193677571  6.05457763475e-23
288.63775726  5.97436825804e-23
299.473933569  5.89620193281e-23
310.716926775  5.82511746718e-23
322.382009794  5.7512415554e-23
334.48502892  5.67972981477e-23
347.042425362  5.6106716667e-23
360.071257569  5.54414719112e-23
373.589224406  5.48022611691e-23
387.6146892  5.41896690569e-23
402.166704681  5.36041595333e-23
417.265038865  5.30460693172e-23
432.930201911  5.2515602908e-23
449.183473977  5.20128293753e-23
466.046934132  5.15376810455e-23
483.543490349  5.10899541684e-23
501.696910623  5.0669311605e-23
520.531855256  5.02752875331e-23
540.073910361  4.99072941331e-23
560.349622617  4.95646301878e-23
581.386535329  4.9246491519e-23
603.21322585  4.89519831948e-23
625.859344393  4.86801334815e-23
649.355654317  4.84299096169e-23
673.734073911  4.82002356854e-23
699.027719757  4.79900133235e-23
725.270951716  4.77981471394e-23
752.499419602  4.76235876133e-23
780.750111613  4.7471959397e-23
810.061404573  4.73484554943e-23
840.473116069  4.72525491367e-23
872.026558539  4.71836411e-23
904.764595392  4.68689376073e-23
938.731699233  4.68746194007e-23
973.974012283  4.69033068526e-23
1010.53940905  4.69552161786e-23
1048.47756138  4.70305079198e-23
1087.84000592  4.71292856751e-23
1128.68021411  4.72515953033e-23
1171.05366488  4.73974246067e-23
1215.01791994  4.75667035021e-23
1260.63270202  4.77593046755e-23
1307.959976  4.79750447074e-23
1357.06403307  4.8213685649e-23
1408.01157806  4.8474937019e-23
1460.87182008  4.98340304496e-23
1515.71656651  5.04282348021e-23
1572.62032056  5.09770264514e-23
1631.66038248  5.14851156638e-23
1692.91695455  5.1956733263e-23
1756.47325006  5.23957002815e-23
1822.41560632  5.28054846012e-23
1890.83360195  5.31892473439e-23
1961.82017861  5.35498811121e-23
2035.47176717  5.38900416986e-23
2111.88841879  5.42121745207e-23
2191.17394078  5.45185367669e-23
2273.43603764  5.47065234107e-23
2358.78645736  5.49424348183e-23
2447.34114324  5.51549138691e-23
2539.22039135  5.53456465877e-23
2634.54901401  5.55161831845e-23
2733.45650928  5.56679529383e-23
2836.07723689  5.58022770575e-23
2942.55060079  5.59203798323e-23
3053.02123849  5.60233983332e-23
3167.63921753  5.61123908702e-23
3286.5602394  5.61883443859e-23
3409.94585098  5.62521809331e-23
3537.96366401  5.63047633596e-23
3670.78758282  5.63469003068e-23
3808.59804053  5.63793506125e-23
3951.58224415  5.64028271955e-23
4099.93442891  5.64180004892e-23
4253.85612214  5.64255014823e-23
4413.55641696  5.64259244173e-23
4579.25225639  5.64198291918e-23
4751.16872804  5.64077435009e-23
4929.53936983  5.63901647545e-23
5114.60648731  5.63675618013e-23
5306.62148276  5.63403764836e-23
5505.84519672  5.63090250477e-23
5712.54826234  5.62738994301e-23
5927.01147301  5.62353684364e-23
6149.52616379  5.61937788298e-23
6380.39460719  5.61494563415e-23
6619.93042377  5.61027066157e-23
6868.45900819  5.60538160986e-23
7126.31797123  5.60030528796e-23
7393.85759841  5.59506674941e-23
7671.44132584  5.58968936905e-23
7959.44623392  5.58419491697e-23
8258.26355958  5.57860362993e-23
8568.29922776  5.57293428062e-23
8889.97440283  5.56720424509e-23
9223.72606069  5.56142956838e-23
9570.00758243  5.55562502865e-23
9929.28937017  5.54980419986e-23
10302.0594861  5.54397951298e-23
10688.8243155  5.53816231586e-23
11090.1092545  5.53236293171e-23
11506.459424  5.52659071612e-23
11938.4404101  5.52085411275e-23
12386.6390323  5.51516070743e-23
12851.6641409  5.50951728079e-23
13334.1474439  5.50392985928e-23
13834.7443651  5.49840376457e-23
14354.1349346  5.49294366126e-23
14893.0247126  5.48755360281e-23
15452.1457475  5.48223707579e-23
16032.2575709  5.47699704221e-23
16634.148229  5.47183598009e-23
17258.6353531  5.46675592215e-23
17906.5672706  5.46175849263e-23
18578.8241571  5.45684494228e-23
19276.3192322  5.45201618143e-23
20000  5.44727281129e-23

