1 20 101
101
1  0
1.03041055791  2.86518849367e-40
1.06174591785  5.81750896795e-40
1.09403420358  8.85961115499e-40
1.12730439408  1.19942253668e-39
1.16158634964  1.52241649455e-39
1.1969108386  1.85523287889e-39
1.23330956497  2.19817039516e-39
1.27081519692  2.55153683263e-39
1.30946139606  2.91564934061e-39
1.34928284767  3.2908347131e-39
1.39031529185  3.67742968208e-39
1.43259555555  4.07578121976e-39
1.47616158565  4.48624684995e-39
1.52105248304  4.90919496895e-39
1.56730853766  5.34500517621e-39
1.61497126471  5.79406861503e-39
1.66408344188  6.25678832355e-39
1.71468914776  6.73357959657e-39
1.76683380139  7.22487035821e-39
1.82056420303  7.73110154601e-39
1.87592857615  8.25272750666e-39
1.93297661076  8.79021640379e-39
1.99175950792  4.76581751742e-36
2.05233002578  3.06113937748e-34
2.11474252688  6.71195899038e-34
2.17905302696  1.04738020645e-33
2.24531924523  1.43500448854e-33
2.31360065617  1.8344166413e-33
2.3839585429  2.24597514046e-33
2.45645605223  2.67004936319e-33
2.53115825126  3.10701991964e-33
2.60813218585  3.55727899449e-33
2.68744694072  4.02123069902e-33
2.76917370155  4.49929143372e-33
2.85338581877  4.99189026209e-33
2.94015887345  5.49946929565e-33
3.02957074514  3.67785095251e-31
3.12170168173  1.49543555844e-30
3.21663437151  2.65737850135e-30
3.31445401734  3.85465677742e-30
3.41524841318  5.08834495383e-30
3.51910802283  6.35955027598e-30
3.62612606115  7.66941366119e-30
3.73639857773  9.01911072274e-30
3.85002454306  1.04098528249e-29
3.96710593738  1.18428881704e-29
4.08774784223  1.69869098823e-28
4.21205853471  3.93171441342e-28
4.34014958471  6.2326453268e-28
4.472135955  8.60354883297e-28
4.60813610445  1.10465528375e-27
4.74827209431  1.35638499568e-27
4.89266969782  1.61576994859e-27
5.041458513  4.24621572443e-27
5.19477207907  1.32606287306e-26
5.35274799621  2.25491750655e-26
5.51552804914  3.21201912766e-26
5.68325833429  4.19822674305e-26
5.85608939099  5.21442548224e-26
6.03417633655  8.65150216904e-26
6.21767900547  2.22158951365e-25
6.40676209294  3.62489290452e-25
6.6015953026  5.07087153443e-25
6.80235349885  6.5608231812e-25
7.00921686386  8.80557105286e-25
7.22237105921  1.82253773923e-24
7.44200739256  2.8297662213e-24
7.66832298935  3.86762508345e-24
7.9015209697  4.93704581264e-24
8.14181063074  7.33857602614e-24
8.38940763443  1.07430694904e-23
8.64453420113  1.42510955004e-23
8.90741930907  1.78658025385e-23
9.17829889981  2.28540676651e-23
9.45741609003  2.86701162928e-23
9.74502138973  3.46630342042e-23
10.041372927  4.08657713141e-23
10.34673668  4.74112127693e-23
10.661386715  5.41582880813e-23
10.9856054331  6.10791514243e-23
11.3196838233  6.75823272953e-23
11.6639217237  7.4218817488e-23
12.0186280908  8.09728851917e-23
12.3841212763  8.71323770878e-23
12.7607293136  9.3440900659e-23
13.1487902114  9.95950648879e-23
13.5486522576  1.05362715028e-22
13.9606743317  1.11284209862e-22
14.3852262269  1.16656739286e-22
14.8226889821  1.2208915178e-22
15.2734552238  1.27221346179e-22
15.7379295184  1.32198652719e-22
16.2165287354  1.36995166849e-22
16.7096824217  1.41523303996e-22
17.2178331866  1.45939289655e-22
17.7414370999  1.50146447097e-22
18.2809641002  1.54207887512e-22
18.8368984177  1.58133339727e-22
19.4097390079  1.61836854541e-22
20  1.65513e-22

