1 20 101
101
1  0
1.03041055791  5.06144202707e-37
1.06174591785  1.027680533e-36
1.09403420358  1.56507707407e-36
1.12730439408  2.11881614378e-36
1.16158634964  2.68939472753e-36
1.1969108386  3.27732492434e-36
1.23330956497  3.88313440646e-36
1.27081519692  4.50736689291e-36
1.30946139606  5.15058263754e-36
1.34928284767  5.81335893182e-36
1.39031529185  6.49629062299e-36
1.43259555555  7.19999064789e-36
1.47616158565  7.92509058316e-36
1.52105248304  8.672241212e-36
1.56730853766  9.4421131083e-36
1.61497126471  1.02353972385e-35
1.66408344188  1.10528055817e-35
1.71468914776  1.18950717686e-35
1.76683380139  1.27629517402e-35
1.82056420303  1.36572244259e-35
1.87592857615  1.45786924429e-35
1.93297661076  1.55281828164e-35
1.99175950792  1.056644023e-33
2.05233002578  6.69558184112e-32
2.11474252688  1.46792226921e-31
2.17905302696  2.29056505155e-31
2.24531924523  3.13822485986e-31
2.31360065617  4.01166247587e-31
2.3839585429  4.91166181707e-31
2.45645605223  5.83903064037e-31
2.53115825126  6.79460126696e-31
2.60813218585  7.77923132944e-31
2.68744694072  8.79380454145e-31
2.76917370155  9.83923149088e-31
2.85338581877  1.09164504571e-30
2.94015887345  1.20264282531e-30
3.02957074514  2.41025981361e-29
3.12170168173  9.5211457848e-29
3.21663437151  1.68482777656e-28
3.31445401734  2.43982319179e-28
3.41524841318  3.21777843881e-28
3.51910802283  4.01939173892e-28
3.62612606115  4.84538254672e-28
3.73639857773  5.69649219581e-28
3.85002454306  6.57348456418e-28
3.96710593738  7.47714675975e-28
4.08774784223  5.03654233764e-27
4.21205853471  1.10764752922e-26
4.34014958471  1.73000859777e-26
4.472135955  2.37129601363e-26
4.60813610445  3.03208533759e-26
4.74827209431  3.71296963356e-26
4.89266969782  4.41456000084e-26
5.041458513  8.41418500026e-26
5.19477207907  2.12763269716e-25
5.35274799621  3.45296138563e-25
5.51552804914  4.81859405892e-25
5.68325833429  6.22575638371e-25
5.85608939099  7.67571129988e-25
6.03417633655  1.08861685413e-24
6.21767900547  2.13923275735e-24
6.40676209294  3.22583029637e-24
6.6015953026  4.34547187278e-24
6.80235349885  5.49916237418e-24
7.00921686386  6.88346683941e-24
7.22237105921  1.0268453845e-23
7.44200739256  1.38572520105e-23
7.66832298935  1.75551875305e-23
7.9015209697  2.13655793327e-23
8.14181063074  2.61942267496e-23
8.38940763443  3.18154215244e-23
8.64453420113  3.76075599684e-23
8.90741930907  4.35758405739e-23
9.17829889981  4.96278408058e-23
9.45741609003  5.58115705082e-23
9.74502138973  6.21833508809e-23
10.041372927  6.8618701825e-23
10.34673668  7.45221681557e-23
10.661386715  8.05929630009e-23
10.9856054331  8.68050624774e-23
11.3196838233  9.23394718216e-23
11.6639217237  9.79532690782e-23
12.0186280908  1.03652709726e-22
12.3841212763  1.08717588156e-22
12.7607293136  1.13897831708e-22
13.1487902114  1.18918388627e-22
13.5486522576  1.2356598519e-22
13.9606743317  1.28334837941e-22
14.3852262269  1.32569496617e-22
14.8226889821  1.36836508332e-22
15.2734552238  1.40866031888e-22
15.7379295184  1.44772725179e-22
16.2165287354  1.4854033747e-22
16.7096824217  1.52100907084e-22
17.2178331866  1.55555407752e-22
17.7414370999  1.58820601755e-22
18.2809641002  1.61987574367e-22
18.8368984177  1.65063558945e-22
19.4097390079  1.67974130878e-22
20  1.70867e-22

