1 20 101
101
1  0
1.03041055791  4.2274020658e-35
1.06174591785  8.58336178694e-35
1.09403420358  1.30717886734e-34
1.12730439408  1.76967111257e-34
1.16158634964  2.246228005e-34
1.1969108386  2.73727725841e-34
1.23330956497  3.24325959358e-34
1.27081519692  3.76462913385e-34
1.30946139606  4.30185381272e-34
1.34928284767  4.85541579379e-34
1.39031529185  5.42581190356e-34
1.43259555555  6.01355407724e-34
1.47616158565  6.61916981834e-34
1.52105248304  7.24320267201e-34
1.56730853766  7.88621271291e-34
1.61497126471  8.54877704789e-34
1.66408344188  9.23149033396e-34
1.71468914776  9.93496531195e-34
1.76683380139  1.06598333565e-33
1.82056420303  1.14067450427e-33
1.87592857615  1.217637073e-33
1.93297661076  1.29694011638e-33
1.99175950792  2.54091641468e-32
2.05233002578  1.54795220942e-30
2.11474252688  3.39249188425e-30
2.17905302696  5.29312503968e-30
2.24531924523  7.25155750975e-30
2.31360065617  9.26954700386e-30
2.3839585429  1.13489046844e-29
2.45645605223  1.3491496792e-29
2.53115825126  1.5699246321e-29
2.60813218585  1.7974134745e-29
2.68744694072  2.0318203795e-29
2.76917370155  2.27335572927e-29
2.85338581877  2.52223630378e-29
2.94015887345  2.77868547542e-29
3.02957074514  2.7910630705e-28
3.12170168173  1.05660983915e-27
3.21663437151  1.85775768744e-27
3.31445401734  2.68326888876e-27
3.41524841318  3.53388434628e-27
3.51910802283  4.41036749443e-27
3.62612606115  5.31350498412e-27
3.73639857773  6.24410738873e-27
3.85002454306  7.20300993167e-27
3.96710593738  8.19107323592e-27
4.08774784223  3.60839101334e-26
4.21205853471  7.52058934979e-26
4.34014958471  1.15517598203e-25
4.472135955  1.57055204339e-25
4.60813610445  1.99855992251e-25
4.74827209431  2.43958376003e-25
4.89266969782  2.8940193785e-25
5.041458513  4.63989278974e-25
5.19477207907  9.84701941628e-25
5.35274799621  1.52124976686e-24
5.51552804914  2.07411431081e-24
5.68325833429  2.64379177399e-24
5.85608939099  3.23079344665e-24
6.03417633655  4.18448490796e-24
6.21767900547  6.63009720887e-24
6.40676209294  9.15827611899e-24
6.6015953026  1.17633383603e-23
6.80235349885  1.44476219977e-23
7.00921686386  1.7384468448e-23
7.22237105921  2.21228239152e-23
7.44200739256  2.70934577026e-23
7.66832298935  3.22152512366e-23
7.9015209697  3.74928013695e-23
8.14181063074  4.30648713916e-23
8.38940763443  4.89022951056e-23
8.64453420113  5.49172381315e-23
8.90741930907  6.11150989307e-23
9.17829889981  6.69738875669e-23
9.45741609003  7.27285862362e-23
9.74502138973  7.86582885027e-23
10.041372927  8.46094449033e-23
10.34673668  8.98537616292e-23
10.661386715  9.52426752371e-23
10.9856054331  1.00753204521e-22
11.3196838233  1.0558566618e-22
11.6639217237  1.10478319459e-22
12.0186280908  1.15434482456e-22
12.3841212763  1.19731549354e-22
12.7607293136  1.24120539421e-22
13.1487902114  1.28374137211e-22
13.5486522576  1.3231157878e-22
13.9606743317  1.36352139772e-22
14.3852262269  1.39953377683e-22
14.8226889821  1.43584318552e-22
15.2734552238  1.46981398231e-22
15.7379295184  1.50251761739e-22
16.2165287354  1.53430383953e-22
16.7096824217  1.56467224353e-22
17.2178331866  1.59424764212e-22
17.7414370999  1.62236517226e-22
18.2809641002  1.64941597774e-22
18.8368984177  1.67546705985e-22
19.4097390079  1.70017972707e-22
20  1.72477e-22

