0.5 20 151
151
0.5  0
0.512448710082  2.23370441672e-39
0.52520736093  4.52302231082e-39
0.538283669269  6.86933831442e-39
0.55168554395  9.27407153341e-39
0.565421090737  1.17386764057e-38
0.579498617203  1.42646435811e-38
0.59392663776  1.68535008226e-38
0.608713878807  1.95068139305e-38
0.623869284008  2.22261876897e-38
0.6394020197  2.501326684e-38
0.655321480438  2.78697370709e-38
0.67163729468  3.07973260414e-38
0.688359330604  3.37978044245e-38
0.705497702082  3.68729869786e-38
0.723062774796  4.00247336449e-38
0.741065172505  4.32549506721e-38
0.759515783475  4.65655917699e-38
0.778425767058  4.99586592901e-38
0.797806560447  5.34362054381e-38
0.817669885593  5.70003335136e-38
0.83802775629  6.06531991833e-38
0.858892485448  6.43970117844e-38
0.880276692535  6.82340356609e-38
0.90219331121  7.2166591533e-38
0.924655597149  7.61970579009e-38
0.947677136058  8.03278724835e-38
0.971271851895  8.45615336924e-38
0.995454015286  5.4213899484e-34
1.02023825216  9.3704814458e-32
1.04563955259  2.11314865283e-31
1.07167327987  3.3185310296e-31
1.0983551798  4.55392431786e-31
1.1257013902  5.82007571188e-31
1.15372845069  7.11775100916e-31
1.18245331269  8.44773507354e-31
1.21189334964  9.81083230999e-31
1.24206636756  1.12078671511e-30
1.27299061578  1.26396845556e-30
1.30468479801  1.41071505196e-30
1.33716808361  1.56111526003e-30
1.37046011922  1.71526004527e-30
1.40458104063  1.873242638e-30
1.43955148495  2.03515858971e-30
1.47539260312  2.20110583091e-30
1.51212607267  2.3711847303e-30
1.54977411084  2.54549815551e-30
1.58835948804  2.7241515353e-30
1.62790554158  2.90725292336e-30
1.66843618984  3.0949130636e-30
1.70997594668  3.28724545721e-30
1.75254993629  3.48436643123e-30
1.79618390842  3.68639520896e-30
1.84090425388  3.89345398206e-30
1.88673802057  4.10566798443e-30
1.93371292981  4.32316556799e-30
1.9818573931  4.54607828026e-30
2.03120052932  2.48528983278e-28
2.08177218234  6.43854670898e-28
2.13360293905  1.04902294827e-27
2.18672414789  1.46427887047e-27
2.24116793778  1.88987359385e-27
2.29696723759  2.32606452787e-27
2.35415579601  2.77311549086e-27
2.41276820199  3.2312968695e-27
2.47283990568  3.70088578244e-27
2.53440723981  4.18216624784e-27
2.59750744173  4.67542935521e-27
2.66217867588  5.18097344142e-27
2.72846005693  5.69910427116e-27
2.79639167337  6.23013522186e-27
2.86601461181  6.77438747326e-27
2.9373709818  7.33219020164e-27
3.01050394131  1.32264028797e-26
3.08545772284  4.82479072768e-26
3.16227766017  8.45879035772e-26
3.24101021575  1.21832672034e-25
3.32170300885  1.6000473914e-25
3.40440484432  1.9912719224e-25
3.48916574214  2.39223693492e-25
3.57603696765  2.80318494183e-25
3.66507106256  3.22436449393e-25
3.75632187674  3.65603033031e-25
3.84984460077  4.09844353239e-25
3.94569579937  4.55187168184e-25
4.04393344553  7.14084569949e-25
4.14461695564  1.24853519472e-24
4.2478072254  1.79629226126e-24
4.35356666667  2.35768706564e-24
4.46195924519  2.93305915233e-24
4.57305051927  3.52275651962e-24
4.68690767949  4.12713583003e-24
4.80359958925  4.74656262607e-24
4.92319682653  5.38141155132e-24
5.04577172647  6.60288467934e-24
5.1713984252  8.83642688138e-24
5.30015290463  1.11255785221e-23
5.43211303844  1.3471724133e-23
5.56735863914  1.5876282717e-23
5.70597150638  1.83407086063e-23
5.84803547643  2.08664923425e-23
5.99363647282  2.35001652542e-23
6.1428625584  2.70963765972e-23
6.29580398853  3.08733569791e-23
6.4525532657  3.47443744285e-23
6.6132051955  3.87117702259e-23
6.77785694388  4.27779439434e-23
6.94660809603  4.69453548963e-23
7.11956071652  5.09463881479e-23
7.29681941106  5.49233996705e-23
7.47849138981  5.899942852e-23
7.66468653214  6.31769399723e-23
7.85551745316  6.74584606825e-23
8.0510995718  7.16331015317e-23
8.25155118063  7.52930472314e-23
8.45699351738  7.90441161371e-23
8.66755083831  8.28885769813e-23
8.88335049333  8.68287549825e-23
9.10452300303  9.04561428737e-23
9.33120213764  9.37038655068e-23
9.5635249979  9.70324480549e-23
9.80163209803  1.00443903721e-22
10.0456674507  1.03814035192e-22
10.295778654  1.06727088861e-22
10.5521169811  1.09709328958e-22
10.8148374712  1.1276581914e-22
11.0840990237  1.15702541416e-22
11.3600644943  1.18270400119e-22
11.6429007931  1.2090219188e-22
11.9327789861  1.23599152008e-22
12.2298743982  1.25958482837e-22
12.5343667197  1.28254659433e-22
12.8464401144  1.30608004903e-22
13.1662833315  1.32829381905e-22
13.4940898196  1.34925704397e-22
13.8300578436  1.3707421991e-22
14.1743906047  1.3909538486e-22
14.5272963631  1.40986253914e-22
14.8889885645  1.42924200729e-22
15.2596859686  1.4468109471e-22
15.6396127818  1.46381267199e-22
16.0289987924  1.48098744778e-22
16.4280795102  1.49653236181e-22
16.8370963082  1.51238585291e-22
17.2562965694  1.52737820184e-22
17.6859338356  1.54192571967e-22
18.1262679613  1.55623060963e-22
18.5775652707  1.56934982242e-22
19.0400987189  1.58258288325e-22
19.5141480567  1.59452483326e-22
20  1.60671e-22

