1 20 101
101
1  0
1.03041055791  1.45095766223e-34
1.06174591785  2.94603975647e-34
1.09403420358  4.48658813132e-34
1.12730439408  6.07398544174e-34
1.16158634964  7.70965639e-34
1.1969108386  9.39506900436e-34
1.23330956497  1.11317359566e-33
1.27081519692  1.29212159198e-33
1.30946139606  1.47651149671e-33
1.34928284767  1.66650880131e-33
1.39031529185  1.86228402994e-33
1.43259555555  2.0640128925e-33
1.47616158565  2.27187644232e-33
1.52105248304  2.48606123866e-33
1.56730853766  2.70675951415e-33
1.61497126471  2.93416934733e-33
1.66408344188  3.16849484042e-33
1.71468914776  3.40994630247e-33
1.76683380139  3.6587404382e-33
1.82056420303  3.9151005424e-33
1.87592857615  4.1792567004e-33
1.93297661076  4.45144599454e-33
1.99175950792  5.93991646301e-32
2.05233002578  3.52314538778e-30
2.11474252688  7.71940800623e-30
2.17905302696  1.2043281312e-29
2.24531924523  1.64986460174e-29
2.31360065617  2.10895008492e-29
2.3839585429  2.58199661377e-29
2.45645605223  3.06942875148e-29
2.53115825126  3.57168397244e-29
2.60813218585  4.08921305489e-29
2.68744694072  4.62248048546e-29
2.76917370155  5.17196487612e-29
2.85338581877  5.73815939366e-29
2.94015887345  6.32157220237e-29
3.02957074514  5.01714987987e-28
3.12170168173  1.85537281082e-27
3.21663437151  3.25019612326e-27
3.31445401734  4.68743679082e-27
3.41524841318  6.16838474894e-27
3.51910802283  7.69436916069e-27
3.62612606115  9.26675960978e-27
3.73639857773  1.08869673297e-26
3.85002454306  1.25564464703e-26
3.96710593738  1.42766954029e-26
4.08774784223  5.44660741056e-26
4.21205853471  1.10716911075e-25
4.34014958471  1.68678367381e-25
4.472135955  2.28402463909e-25
4.60813610445  2.89942803534e-25
4.74827209431  3.53354619221e-25
4.89266969782  4.18694823601e-25
5.041458513  6.45462214349e-25
5.19477207907  1.30444654248e-24
5.35274799621  1.98347095167e-24
5.51552804914  2.68314487199e-24
5.68325833429  3.40409626659e-24
5.85608939099  4.14697219531e-24
6.03417633655  5.29672186745e-24
6.21767900547  8.09299433842e-24
6.40676209294  1.09833297585e-23
6.6015953026  1.39615618912e-23
6.80235349885  1.70303637246e-23
7.00921686386  2.03401028984e-23
7.22237105921  2.52291098458e-23
7.44200739256  3.03429465226e-23
7.66832298935  3.56122978257e-23
7.9015209697  4.10418930418e-23
8.14181063074  4.65392239175e-23
8.38940763443  5.21340496113e-23
8.64453420113  5.78990170759e-23
8.90741930907  6.38393004175e-23
9.17829889981  6.936054057e-23
9.45741609003  7.47288294012e-23
9.74502138973  8.02603708908e-23
10.041372927  8.58028652283e-23
10.34673668  9.06350726416e-23
10.661386715  9.55994950338e-23
10.9856054331  1.00676759427e-22
11.3196838233  1.05145522592e-22
11.6639217237  1.09671906745e-22
12.0186280908  1.14261292833e-22
12.3841212763  1.18281379004e-22
12.7607293136  1.22389796082e-22
13.1487902114  1.26363959868e-22
13.5486522576  1.30029495245e-22
13.9606743317  1.33792330771e-22
14.3852262269  1.37190255429e-22
14.8226889821  1.40623463132e-22
15.2734552238  1.43818163746e-22
15.7379295184  1.46880907244e-22
16.2165287354  1.49830438597e-22
16.7096824217  1.52612318541e-22
17.2178331866  1.55329145607e-22
17.7414370999  1.57923079393e-22
18.2809641002  1.604155172e-22
18.8368984177  1.62812705977e-22
19.4097390079  1.65053340757e-22
20  1.67268e-22

