0.5 20000 301
301
0.5  0
0.51797667599  1.29572130198e-35
0.536599673739  2.63802812799e-35
0.555892230681  4.02859538379e-35
0.575878419714  5.46915819359e-35
0.596583179235  6.96151406513e-35
0.618032344264  8.5075251326e-35
0.640252678672  1.01091204802e-34
0.663271908584  1.1768298549e-34
0.687118756972  1.34871296309e-34
0.711822979493  1.52677584517e-34
0.737415401622  1.71124068472e-34
0.763927957112  1.90233765358e-34
0.791393727841  2.10030519902e-34
0.819846985093  2.3053903413e-34
0.849323232317  2.51784898189e-34
0.879859249433  2.73794622277e-34
0.911493138721  2.96595669721e-34
0.944264372364  3.2021649125e-34
0.978213841706  3.4468656049e-34
1.01338390827  7.69200501243e-30
1.04981845661  2.86307018598e-29
1.0875629491  5.03222150449e-29
1.12666448261  7.27936108385e-29
1.16717184731  9.60729286346e-29
1.20913558756  1.20189215937e-28
1.25260806493  1.45172564606e-28
1.29764352358  1.71054148403e-28
1.34429815793  1.97866261891e-28
1.39263018277  2.25642360734e-28
1.44269990591  2.54417103435e-28
1.49456980343  2.84226394588e-28
1.54830459763  3.15107429678e-28
1.6039713378  3.47098741492e-28
1.66163948387  3.80240248201e-28
1.7213809931  4.14573303165e-28
1.78327040983  4.50140746539e-28
1.84738495855  4.86986958723e-28
1.91380464021  5.25157915743e-28
1.98261233206  5.64701246617e-28
2.05389389107  1.13796696764e-26
2.12773826107  2.61844391706e-26
2.20423758369  4.15214897535e-26
2.28348731338  5.74099587143e-26
2.3655863365  7.38696713921e-26
2.4506370947  9.09211659132e-26
2.53874571274  1.08585718819e-25
2.63002213093  1.26885371612e-25
2.72458024232  1.45842958264e-25
2.82253803477  1.65482133701e-25
2.92401773821  1.85827403325e-25
3.02914597715  3.26284779857e-25
3.13805392866  7.94201436147e-25
3.25087748609  1.27894126468e-24
3.36775742859  1.78110911488e-24
3.48883959681  2.30133158256e-24
3.61427507483  2.84025779172e-24
3.74422037875  3.39856020457e-24
3.87883765192  3.97693546059e-24
4.01829486729  4.84191817193e-24
4.16276603701  7.5617054374e-24
4.31243142955  1.03792781717e-23
4.46747779462  1.32981520903e-23
4.62809859623  1.63219693103e-23
4.79449425406  1.94545028951e-23
4.96687239354  2.26996615624e-23
5.14544810495  2.72966400929e-23
5.33044421176  3.23503294811e-23
5.52209154871  3.75857159428e-23
5.72062924983  4.30093320966e-23
5.92630504679  4.86279454311e-23
6.13937557808  5.39818746101e-23
6.36010670917  5.92726596441e-23
6.58877386432  6.47536661346e-23
6.82566237018  7.04317331807e-23
7.07106781187  7.59015735994e-23
7.32529640178  8.0520105791e-23
7.58866536167  8.53046896961e-23
7.86150331847  9.02612954304e-23
8.14415071437  9.48214006906e-23
8.43696023158  9.89734395349e-23
8.74029723243  1.03274758093e-22
9.05454021523  1.07543959112e-22
9.38008128661  1.11045367358e-22
9.7173266507  1.14672662968e-22
10.0666971161  1.18268629705e-22
10.4286286208  1.21283747316e-22
10.8035727762  1.2440726851e-22
11.1919974309  1.2737519849e-22
11.5943872539  1.30165908532e-22
12.0112443398  1.33041391302e-22
12.4430888353  1.35438688061e-22
12.8904595879  1.37922175673e-22
13.3539148186  1.40093809117e-22
13.8340328184  1.42214897846e-22
14.3314126696  1.44198237345e-22
14.8466749937  1.46141858131e-22
15.3804627255  1.47956696578e-22
15.9334419155  1.49753846099e-22
16.5063025609  1.51338044809e-22
17.0997594668  1.52896726301e-22
17.7145531376  1.54282411478e-22
18.3514507018  1.55147810837e-22
19.0112468682  1.55766272131e-22
19.6947649184  1.5664725501e-22
20.4028577337  1.57775778208e-22
21.1364088592  1.5913669558e-22
21.8963336065  1.60714656983e-22
22.6835801957  1.62494068021e-22
23.4991309386  1.64459048611e-22
24.3440034645  1.65960714401e-22
25.2192519896  1.66523712101e-22
26.1259686331  1.67018592649e-22
27.0652847792  1.67447520983e-22
28.0383724893  1.67812583281e-22
29.0464459643  1.68115789867e-22
30.0907630598  1.68359078046e-22
31.1726268555  1.68544314875e-22
32.2933872809  1.68673299857e-22
33.4544428005  1.68747767591e-22
34.6572421578  1.68769390346e-22
35.9032861837  1.68739780598e-22
37.1941296691  1.68660493504e-22
38.5313833047  1.68533029333e-22
39.9167156909  1.68358835859e-22
41.35185542  1.68139310709e-22
42.8385932329  1.67875803679e-22
44.3787842538  1.6756961902e-22
45.9743503045  1.67222017698e-22
47.627282303  1.66834219629e-22
49.3396427475  1.66407405901e-22
51.1135682897  1.65942720981e-22
52.9512724014  1.6544127491e-22
54.8550481358  1.64904145502e-22
56.8272709893  1.64332380535e-22
58.8704018652  1.63726999957e-22
60.9869901447  1.63088998095e-22
63.1796768676  1.62419345882e-22
65.4511980279  1.61718993105e-22
67.8043879881  1.60988870676e-22
70.2421830153  1.60229892936e-22
72.767624945  1.59442959986e-22
75.3838649774  1.58628960063e-22
78.0941676085  1.57788771957e-22
80.9019147041  1.56923267465e-22
83.8106097193  1.56033313908e-22
86.8238820702  1.55119776686e-22
89.9454916625  1.54183521891e-22
93.1793335833  1.53225418972e-22
96.5294429608  1.52246343451e-22
100  1.51247179691e-22
103.595335198  1.50228823711e-22
107.319934748  1.49192186033e-22
111.178446136  1.48138194579e-22
115.175683943  1.47067797572e-22
119.316635847  1.45981966455e-22
123.606468853  1.44881698806e-22
128.050535734  1.4376802121e-22
132.654381717  1.42641992097e-22
137.423751394  1.41504704478e-22
142.364595899  1.4035728858e-22
147.483080324  1.39200914311e-22
152.785591422  1.38036793534e-22
158.278745568  1.36866182081e-22
163.969397019  1.35690381461e-22
169.864646463  1.34510740192e-22
175.971849887  1.33328654693e-22
182.298627744  1.32145569664e-22
188.852874473  1.30962977873e-22
195.642768341  1.29782419269e-22
202.676781654  1.28605479344e-22
209.963691323  1.27433786658e-22
217.51258982  1.26269009459e-22
225.332896521  1.25112851307e-22
233.434369463  1.23967045662e-22
241.827117512  1.22833349374e-22
250.521612986  1.21713535044e-22
259.528704717  1.2060938225e-22
268.859631586  1.19522667648e-22
278.526036554  1.18455153999e-22
288.539981181  1.17408578194e-22
298.913960685  1.16384638388e-22
309.660919525  1.15460619121e-22
320.794267559  1.14485152292e-22
332.327896774  1.13537121483e-22
344.276198619  1.12617922156e-22
356.654081967  1.11728840052e-22
369.476991711  1.10871037418e-22
382.760928042  1.10045540064e-22
396.522466412  1.09253225577e-22
410.778778215  1.08494812988e-22
425.547652214  1.07770854182e-22
440.847516738  1.07081727325e-22
456.697462677  1.06427632495e-22
473.117267301  1.05808589722e-22
490.127418939  1.0522443953e-22
507.749142548  1.04674846057e-22
526.004426187  1.04159302771e-22
544.916048465  1.03677140738e-22
564.507606954  1.03227539383e-22
584.803547643  1.02809539673e-22
605.82919543  1.02422059634e-22
627.610785733  1.02063912203e-22
650.175497219  1.0173382552e-22
673.551485719  1.01430466013e-22
697.767919361  1.01152465193e-22
722.855014966  1.00898452425e-22
748.84407575  1.0066710073e-22
775.767530383  1.0046445286e-22
803.658973457  1.0030048886e-22
832.553207402  1.00174757032e-22
862.486285909  1.00086597051e-22
893.495558925  9.96213474212e-23
925.619719247  9.96392854434e-23
958.898850812  9.96892471085e-23
993.374478709  9.97715536335e-23
1029.08962099  9.98864418981e-23
1066.08884235  1.00034062723e-22
1104.41830974  1.00214479888e-22
1144.12584997  1.0042766991e-22
1185.26100936  1.00673522581e-22
1227.87511562  1.00951842263e-22
1272.02134183  1.01262349903e-22
1317.75477286  1.01604685743e-22
1365.13247404  1.01978412673e-22
1414.21356237  1.03581662374e-22
1465.05928036  1.04546445413e-22
1517.73307233  1.05434867182e-22
1572.30066369  1.06254898482e-22
1628.83014287  1.07013599753e-22
1687.39204632  1.07717267249e-22
1748.05944649  1.08371550029e-22
1810.90804305  1.08981544414e-22
1876.01625732  1.09551870856e-22
1943.46533014  1.10086736934e-22
2013.33942322  1.10589989329e-22
2085.72572415  1.1106515695e-22
2160.71455525  1.11515486917e-22
2238.39948618  1.11943974728e-22
2318.87745078  1.12172826767e-22
2402.24886796  1.1249518096e-22
2488.61776706  1.12785941389e-22
2578.09191758  1.1304734534e-22
2670.78296373  1.13281451612e-22
2766.80656368  1.13490159936e-22
2866.28253393  1.13675227766e-22
2969.33499874  1.13838284851e-22
3076.0925451  1.13980845915e-22
3186.68838309  1.14104321728e-22
3301.26051218  1.14210028791e-22
3419.95189335  1.14299197842e-22
3542.91062753  1.1437298132e-22
3670.29014035  1.1443245995e-22
3802.24937364  1.1447864855e-22
3938.95298368  1.14512501168e-22
4080.57154674  1.14534915629e-22
4227.28177184  1.14546737573e-22
4379.2667213  1.14548764047e-22
4536.71603914  1.14541746707e-22
4699.82618773  1.14526394678e-22
4868.8006929  1.14503377121e-22
5043.85039793  1.14473325539e-22
5225.19372662  1.14436835861e-22
5413.05695583  1.14394470329e-22
5607.67449785  1.14346759219e-22
5809.28919286  1.14294202412e-22
6018.15261197  1.14237270843e-22
6234.52537109  1.14176407843e-22
6458.67745619  1.14112030384e-22
6690.88856009  1.14044530246e-22
6931.44843155  1.13974275119e-22
7180.65723674  1.13901609642e-22
7438.82593382  1.138268564e-22
7706.27666093  1.13750316867e-22
7983.34313818  1.13672272324e-22
8270.371084  1.1359298474e-22
8567.71864659  1.13512697623e-22
8875.75685075  1.13431636855e-22
9194.87006089  1.13350011493e-22
9525.4564606  1.13268014561e-22
9867.9285495  1.13185823816e-22
10222.7136579  1.13103602501e-22
10590.2544803  1.13021500078e-22
10971.0096272  1.12939652944e-22
11365.4541979  1.12858185132e-22
11774.080373  1.12777208991e-22
12197.3980289  1.12696825853e-22
12635.9353735  1.12617126677e-22
13090.2396056  1.12538192682e-22
13560.8775976  1.1246009595e-22
14048.4366031  1.12382900018e-22
14553.524989  1.1230666045e-22
15076.7729955  1.12231425381e-22
15618.8335217  1.12157236049e-22
16180.3829408  1.12084127298e-22
16762.1219439  1.12012128067e-22
17364.776414  1.11941261847e-22
17989.0983325  1.11871547132e-22
18635.8667167  1.11802997828e-22
19305.8885922  1.1173562366e-22
20000  1.11669430545e-22

