0.5 20 151
151
0.5  0
0.512448710082  1.60865468348e-43
0.52520736093  3.25736071852e-43
0.538283669269  4.94711528044e-43
0.55168554395  6.67894037167e-43
0.565421090737  8.45388343984e-43
0.579498617203  1.02730180113e-42
0.59392663776  1.21374443406e-42
0.608713878807  1.40482900756e-42
0.623869284008  1.60067109397e-42
0.6394020197  1.80138914309e-42
0.655321480438  2.00710455381e-42
0.67163729468  2.21794174755e-42
0.688359330604  2.43402824349e-42
0.705497702082  2.65549473571e-42
0.723062774796  2.88247517223e-42
0.741065172505  3.11510683606e-42
0.759515783475  3.35353042816e-42
0.778425767058  3.59789015262e-42
0.797806560447  3.8483338038e-42
0.817669885593  4.1050128558e-42
0.83802775629  4.368082554e-42
0.858892485448  4.63770200901e-42
0.880276692535  4.91403429287e-42
0.90219331121  5.19724653771e-42
0.924655597149  5.48751003681e-42
0.947677136058  5.7850003482e-42
0.971271851895  6.08989740087e-42
0.995454015286  1.96846898054e-36
1.02023825216  3.40290025786e-34
1.04563955259  7.67392571346e-34
1.07167327987  1.20512886844e-33
1.0983551798  1.65376367004e-33
1.1257013902  2.11356832079e-33
1.15372845069  2.58482092113e-33
1.18245331269  3.06780649547e-33
1.21189334964  3.56281716458e-33
1.24206636756  4.07015232231e-33
1.27299061578  4.59011881662e-33
1.30468479801  5.12303113521e-33
1.33716808361  5.66921159572e-33
1.37046011922  6.22899054063e-33
1.40458104063  6.80270653713e-33
1.43955148495  7.39070658185e-33
1.47539260312  7.99334631074e-33
1.51212607267  8.61099021417e-33
1.54977411084  9.24401185738e-33
1.58835948804  9.89279410641e-33
1.62790554158  1.05577293597e-32
1.66843618984  1.12392197854e-32
1.70997594668  1.19376775645e-32
1.75254993629  1.26535251404e-32
1.79618390842  1.33871954742e-32
1.84090425388  1.41391323066e-32
1.88673802057  1.49097904262e-32
1.93371292981  1.56996359448e-32
1.9818573931  1.65091465792e-32
2.03120052932  5.02516016414e-30
2.08177218234  1.31429818743e-29
2.13360293905  2.14629164024e-29
2.18672414789  2.99899958362e-29
2.24116793778  3.87293775495e-29
2.29696723759  4.76863473212e-29
2.35415579601  5.68663225328e-29
2.41276820199  6.62748554443e-29
2.47283990568  7.59176365528e-29
2.53440723981  8.58004980341e-29
2.59750744173  9.59294172702e-29
2.66217867588  1.06310520464e-28
2.72846005693  1.16950086346e-28
2.79639167337  1.27854549971e-28
2.86601461181  1.39030506607e-28
2.9373709818  1.50484715732e-28
3.01050394131  4.81216377294e-28
3.08545772284  2.55705985737e-27
3.16227766017  4.71134916861e-27
3.24101021575  6.919274726e-27
3.32170300885  9.18217193368e-27
3.40440484432  1.15014094439e-26
3.48916574214  1.38783899849e-26
3.57603696765  1.63145512092e-26
3.66507106256  1.8811366563e-26
3.75632187674  2.13703461778e-26
3.84984460077  2.39930377833e-26
3.94569579937  2.66810276436e-26
4.04393344553  5.97782610186e-26
4.14461695564  1.32138110303e-25
4.2478072254  2.06299533158e-25
4.35356666667  2.82307384118e-25
4.46195924519  3.60207634479e-25
4.57305051927  4.40047400105e-25
4.68690767949  5.2187496992e-25
4.80359958925  6.05739835123e-25
4.92319682653  6.91692719112e-25
5.04577172647  1.00257192072e-24
5.1713984252  1.70432528541e-24
5.30015290463  2.42355049848e-24
5.43211303844  3.16068256388e-24
5.56735863914  3.91616731602e-24
5.70597150638  4.69046168946e-24
5.84803547643  5.48403399526e-24
5.99363647282  6.36929674269e-24
6.1428625584  8.71028526281e-24
6.29580398853  1.12553819193e-23
6.4525532657  1.38638449165e-23
6.6132051955  1.6537251913e-23
6.77785694388  1.92772198467e-23
6.94660809603  2.20854059134e-23
7.11956071652  2.57579669327e-23
7.29681941106  2.98855774421e-23
7.47849138981  3.41159548047e-23
7.66468653214  3.845165765e-23
7.85551745316  4.28953083107e-23
8.0510995718  4.7384560495e-23
8.25155118063  5.17971238097e-23
8.45699351738  5.63195485674e-23
8.66755083831  6.09545700343e-23
8.88335049333  6.57049915782e-23
9.10452300303  7.019907383e-23
9.33120213764  7.43765640027e-23
9.5635249979  7.86580629036e-23
9.80163209803  8.30461600814e-23
10.0456674507  8.73827660843e-23
10.295778654  9.11386093883e-23
10.5521169811  9.49837099282e-23
10.8148374712  9.89245435518e-23
11.0840990237  1.02727503495e-22
11.3600644943  1.06092626443e-22
11.6429007931  1.09541532271e-22
11.9327789861  1.13075901799e-22
12.2298743982  1.16238190243e-22
12.5343667197  1.19340662507e-22
12.8464401144  1.22520378325e-22
13.1662833315  1.25483609102e-22
13.4940898196  1.28240789473e-22
13.8300578436  1.31066616523e-22
14.1743906047  1.33739753792e-22
14.5272963631  1.36256677662e-22
14.8889885645  1.38836266442e-22
15.2596859686  1.41230002741e-22
15.6396127818  1.43573771251e-22
16.0289987924  1.45938627877e-22
16.4280795102  1.48055975575e-22
16.8370963082  1.50214357219e-22
17.2562965694  1.52246813102e-22
17.6859338356  1.54212833232e-22
18.1262679613  1.56161385243e-22
18.5775652707  1.57989139346e-22
19.0400987189  1.59835628176e-22
19.5141480567  1.61524197305e-22
20  1.63248e-22

