1 20 101
101
1  0
1.03041055791  5.27522824919e-43
1.06174591785  1.07108791325e-42
1.09403420358  1.63118311919e-42
1.12730439408  2.20831113282e-42
1.16158634964  2.80298993133e-42
1.1969108386  3.41575324388e-42
1.23330956497  4.04715103063e-42
1.27081519692  4.69774997634e-42
1.30946139606  5.36813399897e-42
1.34928284767  6.05890477374e-42
1.39031529185  6.77068227316e-42
1.43259555555  7.50410532344e-42
1.47616158565  8.25983217787e-42
1.52105248304  9.03854110758e-42
1.56730853766  9.84093101028e-42
1.61497126471  1.06677220376e-41
1.66408344188  1.15196562413e-41
1.71468914776  1.23974982395e-41
1.76683380139  1.33020359026e-41
1.82056420303  1.42340810606e-41
1.87592857615  1.5194470232e-41
1.93297661076  1.61840653738e-41
1.99175950792  5.46338844813e-38
2.05233002578  3.51488821247e-36
2.11474252688  7.70697255633e-36
2.17905302696  1.20265405239e-35
2.24531924523  1.64774689633e-35
2.31360065617  2.10637526198e-35
2.3839585429  2.5789507721e-35
2.45645605223  3.06589756714e-35
2.53115825126  3.56765268588e-35
2.60813218585  4.08466645773e-35
2.68744694072  4.61740290682e-35
2.76917370155  5.16634016855e-35
2.85338581877  5.73197091867e-35
2.94015887345  6.31480281547e-35
3.02957074514  1.16247403344e-32
3.12170168173  4.76336408237e-32
3.21663437151  8.47375920667e-32
3.31445401734  1.22969895168e-31
3.41524841318  1.62364863936e-31
3.51910802283  2.02957855684e-31
3.62612606115  2.44785302958e-31
3.73639857773  2.87884746239e-31
3.85002454306  3.32294867637e-31
3.96710593738  3.78055525603e-31
4.08774784223  1.02103420068e-29
4.21205853471  2.41213409884e-29
4.34014958471  3.84553812102e-29
4.472135955  5.32253275922e-29
4.60813610445  6.8444436284e-29
4.74827209431  8.41263665621e-29
4.89266969782  1.00285193089e-28
5.041458513  3.65785122711e-28
5.19477207907  1.3031878067e-27
5.35274799621  2.26909742929e-27
5.51552804914  3.2643809024e-27
5.68325833429  4.2899315012e-27
5.85608939099  5.34666966588e-27
6.03417633655  1.04806669958e-26
6.21767900547  3.27347499958e-26
6.40676209294  5.57606114704e-26
6.6015953026  7.94867022388e-26
6.80235349885  1.03934316665e-25
7.00921686386  1.4946752775e-25
7.22237105921  4.00148929993e-25
7.44200739256  6.68948001294e-25
7.66832298935  9.4592140232e-25
7.9015209697  1.231317719e-24
8.14181063074  2.26332641096e-24
8.38940763443  3.8547536762e-24
8.64453420113  5.49457713245e-24
8.90741930907  7.18426853488e-24
9.17829889981  1.04848321568e-23
9.45741609003  1.47201480277e-23
9.74502138973  1.90842622171e-23
10.041372927  2.37834272082e-23
10.34673668  2.97562043134e-23
10.661386715  3.592957507e-23
10.9856054331  4.22963458281e-23
11.3196838233  4.89700692088e-23
11.6639217237  5.58583728681e-23
12.0186280908  6.29182901871e-23
12.3841212763  6.98333472229e-23
12.7607293136  7.6941488745e-23
13.1487902114  8.39911379894e-23
13.5486522576  9.08000648856e-23
13.9606743317  9.77937417418e-23
14.3852262269  1.04245332886e-22
14.8226889821  1.10785969779e-22
15.2734552238  1.16891286387e-22
15.7379295184  1.22758525677e-22
16.2165287354  1.28412057446e-22
16.7096824217  1.33748473485e-22
17.2178331866  1.38898639814e-22
17.7414370999  1.43726791498e-22
18.2809641002  1.48404790914e-22
18.8368984177  1.52943438682e-22
19.4097390079  1.57330014043e-22
20  1.61731e-22

