0.5 20 151
151
0.5  0
0.512448710082  2.30725886511e-40
0.52520736093  4.67196252361e-40
0.538283669269  7.09554120267e-40
0.55168554395  9.57946073839e-40
0.565421090737  1.21252234625e-39
0.579498617203  1.47343691107e-39
0.59392663776  1.74084757544e-39
0.608713878807  2.01491607548e-39
0.623869284008  2.29580817412e-39
0.6394020197  2.58369376136e-39
0.655321480438  2.87874695702e-39
0.67163729468  3.18114621607e-39
0.688359330604  3.49107443653e-39
0.705497702082  3.80871907011e-39
0.723062774796  4.1342722356e-39
0.741065172505  4.46793083504e-39
0.759515783475  4.80989667281e-39
0.778425767058  5.16037657774e-39
0.797806560447  5.51958252811e-39
0.817669885593  5.88773177996e-39
0.83802775629  6.26504699841e-39
0.858892485448  6.65175639239e-39
0.880276692535  7.04809385264e-39
0.90219331121  7.45429909316e-39
0.924655597149  7.87061779622e-39
0.947677136058  8.29730176096e-39
0.971271851895  8.73460905565e-39
0.995454015286  1.48795270678e-34
1.02023825216  2.57208037487e-32
1.04563955259  5.80033162324e-32
1.07167327987  9.10895799933e-32
1.0983551798  1.24999606365e-31
1.1257013902  1.59753904911e-31
1.15372845069  1.9537349583e-31
1.18245331269  2.31879922671e-31
1.21189334964  2.69295265359e-31
1.24206636756  3.07642153555e-31
1.27299061578  3.46943780338e-31
1.30468479801  3.87223916236e-31
1.33716808361  4.28506923602e-31
1.37046011922  4.70817771348e-31
1.40458104063  5.14182050048e-31
1.43955148495  5.58625987415e-31
1.47539260312  6.04176464165e-31
1.51212607267  6.50861030273e-31
1.54977411084  6.98707921638e-31
1.58835948804  7.47746077161e-31
1.62790554158  7.98005156246e-31
1.66843618984  8.49515556741e-31
1.70997594668  9.02308433319e-31
1.75254993629  9.56415716327e-31
1.79618390842  1.01187013109e-30
1.84090425388  1.06870521773e-30
1.88673802057  1.12695535139e-30
1.93371292981  1.18665576311e-30
1.9818573931  1.24784256106e-30
2.03120052932  1.00397449614e-28
2.08177218234  2.61067591467e-28
2.13360293905  4.2573800535e-28
2.18672414789  5.94508287716e-28
2.24116793778  7.67480514713e-28
2.29696723759  9.44759303923e-28
2.35415579601  1.12645187763e-27
2.41276820199  1.31266812769e-27
2.47283990568  1.50352068197e-27
2.53440723981  1.69912497248e-27
2.59750744173  1.8995993052e-27
2.66217867588  2.10506493162e-27
2.72846005693  2.31564612206e-27
2.79639167337  2.53147024088e-27
2.86601461181  2.75266782347e-27
2.9373709818  2.97937265521e-27
3.01050394131  5.97884169113e-27
3.08545772284  2.41196496146e-26
3.16227766017  4.29442715494e-26
3.24101021575  6.2237578006e-26
3.32170300885  8.20112380197e-26
3.40440484432  1.02277211155e-25
3.48916574214  1.23047754739e-25
3.57603696765  1.44335431273e-25
3.66507106256  1.66153116034e-25
3.75632187674  1.88514004859e-25
3.84984460077  2.11431622129e-25
3.94569579937  2.34919828946e-25
4.04393344553  4.04624047194e-25
4.14461695564  7.63043549548e-25
4.2478072254  1.13038677285e-24
4.35356666667  1.50687589472e-24
4.46195924519  1.89273862445e-24
4.57305051927  2.28820834069e-24
4.68690767949  2.69352423262e-24
4.80359958925  3.1089314446e-24
4.92319682653  3.53468122449e-24
5.04577172647  4.52601083313e-24
5.1713984252  6.49644173362e-24
5.30015290463  8.51593128014e-24
5.43211303844  1.05857009064e-23
5.56735863914  1.27070024567e-23
5.70597150638  1.4881118943e-23
5.84803547643  1.7109365321e-23
5.99363647282  1.94529101966e-23
6.1428625584  2.30470918728e-23
6.29580398853  2.68520299482e-23
6.4525532657  3.07517011655e-23
6.6132051955  3.47484641356e-23
6.77785694388  3.88447361927e-23
6.94660809603  4.30429948563e-23
7.11956071652  4.71559766923e-23
7.29681941106  5.12844912211e-23
7.47849138981  5.55157951108e-23
7.66468653214  5.98524475513e-23
7.85551745316  6.42970714497e-23
8.0510995718  6.86259072644e-23
8.25155118063  7.24063043359e-23
8.45699351738  7.62808235417e-23
8.66755083831  8.025180828e-23
8.88335049333  8.43216602939e-23
9.10452300303  8.80904275617e-23
9.33120213764  9.14927453647e-23
9.5635249979  9.49797721035e-23
9.80163209803  9.85536168121e-23
10.0456674507  1.02087461482e-22
10.295778654  1.05156654741e-22
10.5521169811  1.08298849954e-22
10.8148374712  1.11519277722e-22
11.0840990237  1.1461342273e-22
11.3600644943  1.17318712237e-22
11.6429007931  1.20091356475e-22
11.9327789861  1.2293274101e-22
12.2298743982  1.25513979843e-22
12.5343667197  1.28059840143e-22
12.8464401144  1.30669085796e-22
13.1662833315  1.33115486771e-22
13.4940898196  1.35407181929e-22
13.8300578436  1.37755934385e-22
14.1743906047  1.39946920367e-22
14.5272963631  1.41976481384e-22
14.8889885645  1.44056573235e-22
15.2596859686  1.45997065447e-22
15.6396127818  1.47902018488e-22
16.0289987924  1.49826952022e-22
16.4280795102  1.51574142426e-22
16.8370963082  1.53356228615e-22
17.2562965694  1.54992512098e-22
17.6859338356  1.56545650816e-22
18.1262679613  1.58068390105e-22
18.5775652707  1.59452970251e-22
19.0400987189  1.60854583975e-22
19.5141480567  1.62158279823e-22
20  1.6349e-22

