1 20000 251
251
1  0
1.04040904696  2.83502504316e-37
1.082450985  5.78461074643e-37
1.12619179768  8.85338639689e-37
1.17170013492  1.20461683467e-36
1.21904742069  1.53679675723e-36
1.26830796516  1.88239975388e-36
1.31955908129  2.24196823825e-36
1.37288120617  2.61606654239e-36
1.4283580273  3.00528180246e-36
1.4860766139  3.41022488026e-36
1.54612755358  3.83153132191e-36
1.6086050945  4.26986235534e-36
1.6736072933  4.72590592809e-36
1.74123616901  5.20037778698e-36
1.81159786313  5.69402260151e-36
1.88480280626  6.20761513252e-36
1.96096589137  6.74196144823e-36
2.04020665416  2.75894502382e-32
2.12264946065  8.41465886357e-32
2.20842370239  1.42989147095e-31
2.29766399949  2.04209477262e-31
2.39051041194  2.67903662625e-31
2.48710865943  3.34171669316e-31
2.58761035005  4.03117503002e-31
2.6921732182  4.74849372118e-31
2.8009613722  5.49479857702e-31
2.91414555182  6.27126090083e-31
3.03190339627  1.65524536829e-29
3.15441972299  7.74831679764e-29
3.28188681771  1.40876034365e-28
3.41450473624  2.06830546069e-28
3.55248161847  2.75450216733e-28
3.69603401502  3.46842742891e-28
3.8453872271  4.21120172992e-28
4.00077566014  5.26388984531e-28
4.16244319166  6.44060631285e-27
4.33064355406  1.25938115269e-26
4.50564073281  1.89956618995e-26
4.68770938077  2.56562049443e-26
4.87713524927  3.25858941859e-26
5.07421563659  8.93087005966e-26
5.27925985453  2.33605367226e-25
5.49258971391  3.83732924633e-25
5.71454002959  5.39926993558e-25
5.945459146  7.02432715948e-25
6.18570948383  1.67239879065e-24
6.43566810884  2.92627878116e-24
6.69572732367  4.23082686708e-24
6.96629528353  5.58809049787e-24
7.24779663678  9.40977048743e-24
7.54067319143  1.37268688884e-23
7.84538460853  1.82184171213e-23
8.1624091236  2.40727398547e-23
8.49224429718  3.13336616817e-23
8.83540779578  3.88879904398e-23
9.19243820431  4.68608379949e-23
9.56389587139  5.5256642417e-23
9.95036378878  6.39917132943e-23
10.3524485064  7.21895460651e-23
10.7707810842  8.05882082393e-23
11.2060180829  8.86627310571e-23
11.6588425938  9.62954618232e-23
12.1299653117  1.03882490284e-22
12.6201256496  1.10808942489e-22
13.1300928996  1.17701128535e-22
13.6606674402  1.23917404795e-22
14.2126819923  1.29979077612e-22
14.7870029263  1.35612087631e-22
15.384531622  1.40981265192e-22
16.0062058827  1.46276864473e-22
16.6530014079  1.51031482245e-22
17.3259333238  1.55697250425e-22
18.0260577771  1.60146566752e-22
18.7544735924  1.62764519815e-22
19.5123239965  1.66435532075e-22
20.3007984131  1.71133051404e-22
21.1211343295  1.76831152432e-22
21.9746192385  1.83504448461e-22
22.8625926593  1.91128001736e-22
23.7864482397  1.996772319e-22
24.7476359436  2.03692368868e-22
25.7476643266  2.06060108518e-22
26.7881029035  2.08249094022e-22
27.8705846117  2.10266008966e-22
28.996808374  2.12117267325e-22
30.1685417653  2.1380902431e-22
31.3876237862  2.15347186885e-22
32.6559677498  2.16737423977e-22
33.9755642841  2.17985176389e-22
35.3484844568  2.19095666427e-22
36.7768830251  2.20073907259e-22
38.2630018183  2.2092471203e-22
39.8091732557  2.21652702726e-22
41.4178240072  2.22262318824e-22
43.0914788025  2.22757825742e-22
44.832764393  2.23143323086e-22
46.6444136747  2.23422752732e-22
48.5292699773  2.23599906751e-22
50.4902915267  2.23678435193e-22
52.5305560881  2.23661853746e-22
54.6532657959  2.23553551291e-22
56.8617521799  2.23356797374e-22
59.159481394  2.23074749593e-22
61.5500596558  2.22710460954e-22
64.0372389068  2.22266887167e-22
66.624922701  2.21746893945e-22
69.3171723311  2.21153264291e-22
72.118213203  2.20488705805e-22
75.032441467  2.19755858021e-22
78.0644309178  2.18957299795e-22
81.2189401726  2.1809555675e-22
84.5009201401  2.17173108801e-22
87.9155217902  2.16192397758e-22
91.4681042388  2.15155835021e-22
95.1642431583  2.14065809371e-22
99.009739529  2.12924694856e-22
103.010628743  2.11734858768e-22
107.173190077  2.1049866969e-22
111.503956548  2.09218505609e-22
116.009725165  2.07896762062e-22
120.697567597  2.06535860266e-22
125.574841273  2.05138255203e-22
130.649200932  2.03706443586e-22
135.928610627  2.02242971627e-22
141.421356237  2.00750442523e-22
147.136058463  1.99231523545e-22
153.081686359  1.97688952597e-22
159.267571411  1.96125544098e-22
165.703422184  1.94544194022e-22
172.399339552  1.92947883889e-22
179.36583256  1.91339683514e-22
186.613834911  1.89722752274e-22
194.154722129  1.88100338658e-22
202.000329413  1.86475777844e-22
210.162970211  1.84852487059e-22
218.655455543  1.83233958464e-22
227.491114114  1.81623749353e-22
236.683813228  1.80025469453e-22
246.247980551  1.78442765189e-22
256.198626761  1.76879300814e-22
266.551369101  1.75338736393e-22
277.322455892  1.73824702726e-22
288.528792035  1.723407734e-22
300.187965542  1.70997035656e-22
312.318275138  1.69581018842e-22
324.938758985  1.68205305934e-22
338.069224556  1.66872904146e-22
351.730279727  1.65586596169e-22
365.943365117  1.64348906039e-22
380.730787743  1.63162066811e-22
396.115756024  1.62027991027e-22
412.122416211  1.60948244946e-22
428.775890281  1.59924027439e-22
446.102315367  1.58956154363e-22
464.128884777  1.58045049078e-22
482.883890678  1.57190739611e-22
502.396768493  1.56392862794e-22
522.698143103  1.55650675495e-22
543.819876914  1.54963072924e-22
565.795119858  1.54328613826e-22
588.658361426  1.53745552332e-22
612.445484796  1.53211876245e-22
637.193823152  1.52725351737e-22
662.942218274  1.52283574892e-22
689.731081504  1.51884031613e-22
717.602457167  1.51524170071e-22
746.600088557  1.5120149898e-22
776.769486596  1.5092468584e-22
808.158001257  1.50712622274e-22
840.814895881  1.50564805244e-22
874.791424493  1.50480041134e-22
910.140912246  1.4992934222e-22
946.918839109  1.50013224835e-22
985.182926946  1.50151764409e-22
1024.99323011  1.5034548336e-22
1066.41222967  1.50594710896e-22
1109.50493154  1.50899580715e-22
1154.33896842  1.51260030882e-22
1200.98470601  1.51675805888e-22
1249.51535339  1.52146460837e-22
1300.00707798  1.5267136767e-22
1352.53912504  1.53249723272e-22
1407.19394206  1.53880559268e-22
1464.05730815  1.56947140879e-22
1523.21846867  1.58330386888e-22
1584.7702753  1.59593552352e-22
1648.80933177  1.60750503445e-22
1715.43614549  1.61813409175e-22
1784.75528525  1.62793033211e-22
1856.87554538  1.63698962995e-22
1931.9101165  1.64539791452e-22
2009.97676312  1.65323262393e-22
2091.19800853  1.66056387817e-22
2175.70132706  1.66745543236e-22
2263.61934415  1.67208491841e-22
2355.09004453  1.67738354463e-22
2450.25698873  1.68211225271e-22
2549.26953846  1.68631665269e-22
2652.28309095  1.69003820056e-22
2759.45932292  1.6933147121e-22
2870.96644429  1.69618079789e-22
2986.97946215  1.69866823342e-22
3107.68045551  1.70080627517e-22
3233.25886097  1.70262193178e-22
3363.91177012  1.70414019729e-22
3499.84423881  1.70538425249e-22
3641.26960901  1.70637563915e-22
3788.40984363  1.70713441123e-22
3941.49587491  1.7076792664e-22
4100.76796681  1.70802766078e-22
4266.47609215  1.70819590918e-22
4438.88032492  1.70819927301e-22
4618.25124841  1.70805203765e-22
4804.87037999  1.70776758058e-22
4999.03061281  1.70735843186e-22
5201.0366756  1.70683632788e-22
5411.20561086  1.70621225937e-22
5629.8672725  1.70549651465e-22
5857.36484349  1.70469871872e-22
6094.05537452  1.70382786883e-22
6340.31034432  1.70289236714e-22
6596.51624277  1.70190005088e-22
6863.0751774  1.70085822038e-22
7140.40550453  1.69977366545e-22
7428.94248588  1.69865269014e-22
7729.13897165  1.69750113638e-22
8041.46611132  1.6963244065e-22
8366.41409304  1.69512748492e-22
8704.49291301  1.69391495898e-22
9056.2331759  1.6926910392e-22
9422.18692758  1.69145957888e-22
9802.92852161  1.69022409314e-22
10199.0555206  1.68898777752e-22
10611.1896341  1.68775352605e-22
11039.9776943  1.68652394877e-22
11486.0926714  1.68530138894e-22
11950.2347295  1.6840879396e-22
12433.1323259  1.68288545973e-22
12935.5433539  1.68169558989e-22
13458.2563327  1.68051976732e-22
14002.0916449  1.67935924053e-22
14567.9028237  1.67821508331e-22
15156.577893  1.6770882082e-22
15769.0407609  1.67597937938e-22
16406.2526695  1.67488922493e-22
17069.213704  1.67381824857e-22
17758.9643622  1.67276684076e-22
18476.5871871  1.67173528918e-22
19223.2084664  1.67072378865e-22
20000  1.66973245045e-22

