1 20 101
101
1  0
1.03041055791  1.82815197623e-42
1.06174591785  3.71189907399e-42
1.09403420358  5.65293197197e-42
1.12730439408  7.6529927633e-42
1.16158634964  9.71387651915e-42
1.1969108386  1.18374328998e-41
1.23330956497  1.40255678147e-41
1.27081519692  1.62802451332e-41
1.30946139606  1.86034884469e-41
1.34928284767  2.09973828859e-41
1.39031529185  2.34640769904e-41
1.43259555555  2.60057846387e-41
1.47616158565  2.86247870347e-41
1.52105248304  3.13234347548e-41
1.56730853766  3.41041498576e-41
1.61497126471  3.69694280581e-41
1.66408344188  3.99218409672e-41
1.71468914776  4.29640384001e-41
1.76683380139  4.60987507542e-41
1.82056420303  4.93287914599e-41
1.87592857615  5.26570595055e-41
1.93297661076  5.60865420392e-41
1.99175950792  1.29349278014e-37
2.05233002578  8.32053106873e-36
2.11474252688  1.8244114992e-35
2.17905302696  2.84694806388e-35
2.24531924523  3.90058053598e-35
2.31360065617  4.98625455939e-35
2.3839585429  6.10494453556e-35
2.45645605223  7.25765449803e-35
2.53115825126  8.44541901358e-35
2.60813218585  9.66930411071e-35
2.68744694072  1.09304082365e-34
2.76917370155  1.22298632423e-34
2.85338581877  1.35688353998e-34
2.94015887345  1.49485264476e-34
3.02957074514  2.35534248432e-32
3.12170168173  9.64413504455e-32
3.21663437151  1.7154583853e-31
3.31445401734  2.48934296e-31
3.41524841318  3.28676179636e-31
3.51910802283  4.10843058443e-31
3.62612606115  4.95508677877e-31
3.73639857773  5.82749026033e-31
3.85002454306  6.72642401849e-31
3.96710593738  7.65269485376e-31
4.08774784223  1.94412815169e-29
4.21205853471  4.58623639724e-29
4.34014958471  7.30869262861e-29
4.472135955  1.01139402729e-28
4.60813610445  1.3004497063e-28
4.74827209431  1.59829572979e-28
4.89266969782  1.90519941702e-28
5.041458513  6.60647299361e-28
5.19477207907  2.3148191144e-27
5.35274799621  4.01929521723e-27
5.51552804914  5.77560538928e-27
5.68325833429  7.58532593353e-27
5.85608939099  9.45008108919e-27
6.03417633655  1.76295741278e-26
6.21767900547  5.23019928494e-26
6.40676209294  8.81758194362e-26
6.6015953026  1.25140589104e-25
6.80235349885  1.6322947804e-25
7.00921686386  2.28632902906e-25
7.22237105921  5.58027591552e-25
7.44200739256  9.10933102166e-25
7.66832298935  1.27457066625e-24
7.9015209697  1.64926665153e-24
8.14181063074  2.84594961047e-24
8.38940763443  4.65905072071e-24
8.64453420113  6.52728924726e-24
8.90741930907  8.45234194971e-24
9.17829889981  1.21427773262e-23
9.45741609003  1.68586601491e-23
9.74502138973  2.17179555996e-23
10.041372927  2.69469742003e-23
10.34673668  3.35753243643e-23
10.661386715  4.04260422513e-23
10.9856054331  4.74754337054e-23
11.3196838233  5.45459066159e-23
11.6639217237  6.18115638617e-23
12.0186280908  6.92220595664e-23
12.3841212763  7.61351227239e-23
12.7607293136  8.32238275051e-23
13.1487902114  9.01745782113e-23
13.5486522576  9.67509093539e-23
13.9606743317  1.0350503946e-22
14.3852262269  1.09713938369e-22
14.8226889821  1.16005090252e-22
15.2734552238  1.21964439731e-22
15.7379295184  1.27755505236e-22
16.2165287354  1.33378616113e-22
16.7096824217  1.38743635065e-22
17.2178331866  1.43954206451e-22
17.7414370999  1.48887078918e-22
18.2809641002  1.53639268042e-22
18.8368984177  1.58222390555e-22
19.4097390079  1.62576123274e-22
20  1.66911e-22

