1 20000 251
251
1  0
1.04040904696  6.14981244781e-38
1.082450985  1.25481329556e-37
1.12619179768  1.92050034973e-37
1.17170013492  2.61308718333e-37
1.21904742069  3.33366079081e-37
1.26830796516  4.08335209104e-37
1.31955908129  4.86333770222e-37
1.37288120617  5.67484178859e-37
1.4283580273  6.5191379817e-37
1.4860766139  7.39755137932e-37
1.54612755358  8.31146062518e-37
1.6086050945  9.26230007267e-37
1.6736072933  1.0251562036e-36
1.74123616901  1.12807991326e-36
1.81159786313  1.23516267192e-36
1.88480280626  1.34657254281e-36
1.96096589137  1.46248438041e-36
2.04020665416  9.17046756031e-33
2.12264946065  2.79711767844e-32
2.20842370239  4.75316047505e-32
2.29766399949  6.78824509688e-32
2.39051041194  8.90556554876e-32
2.48710865943  1.11084449022e-31
2.58761035005  1.34003405109e-31
2.6921732182  1.57848494369e-31
2.8009613722  1.8265714096e-31
2.91414555182  2.08468281317e-31
3.03190339627  7.06449667367e-30
3.15441972299  3.33180245026e-29
3.28188681771  6.06324323704e-29
3.41450473624  8.90505894284e-29
3.55248161847  1.18617097129e-28
3.69603401502  1.49378359229e-28
3.8453872271  1.81382654613e-28
4.00077566014  2.29000295426e-28
4.16244319166  3.24831701764e-27
4.33064355406  6.38964145106e-27
4.50564073281  9.65790381103e-27
4.68770938077  1.30582335382e-26
4.87713524927  1.6595967349e-26
5.07421563659  4.8829885426e-26
5.27925985453  1.3154665036e-25
5.49258971391  2.17605920933e-25
5.71454002959  3.07142764612e-25
5.945459146  4.00297706812e-25
6.18570948383  1.02840561366e-24
6.43566810884  1.84420307687e-24
6.69572732367  2.69296613809e-24
6.96629528353  3.57602690571e-24
7.24779663678  6.56286718009e-24
7.54067319143  9.96306733034e-24
7.84538460853  1.35006663281e-23
8.1624091236  1.86380148e-23
8.49224429718  2.54258907383e-23
8.83540779578  3.24880582741e-23
9.19243820431  4.02775163619e-23
9.56389587139  4.87749819539e-23
9.95036378878  5.76158220321e-23
10.3524485064  6.60450456155e-23
10.7707810842  7.47022291477e-23
11.2060180829  8.30366766427e-23
11.6588425938  9.09293671143e-23
12.1299653117  9.87680426281e-23
12.6201256496  1.05904919294e-22
13.1300928996  1.13019620867e-22
13.6606674402  1.19478304749e-22
14.2126819923  1.25792818697e-22
14.7870029263  1.31689946048e-22
15.384531622  1.37325864117e-22
16.0062058827  1.42894275562e-22
16.6530014079  1.47925697952e-22
17.3259333238  1.52863184135e-22
18.0260577771  1.57566890975e-22
18.7544735924  1.60199192336e-22
19.5123239965  1.63934870901e-22
20.3007984131  1.68747085524e-22
21.1211343295  1.74609696295e-22
21.9746192385  1.81497175831e-22
22.8625926593  1.89384519005e-22
23.7864482397  1.98247150953e-22
24.7476359436  2.02457822357e-22
25.7476643266  2.04971781071e-22
26.7881029035  2.07300359791e-22
27.8705846117  2.09450510026e-22
28.996808374  2.11428902901e-22
30.1685417653  2.13241940418e-22
31.3876237862  2.14895766384e-22
32.6559677498  2.16396277001e-22
33.9755642841  2.17749131157e-22
35.3484844568  2.1895976041e-22
36.7768830251  2.20033378698e-22
38.2630018183  2.20974991781e-22
39.8091732557  2.21789406433e-22
41.4178240072  2.22481239403e-22
43.0914788025  2.23054926154e-22
44.832764393  2.23514729408e-22
46.6444136747  2.23864747498e-22
48.5292699773  2.24108922562e-22
50.4902915267  2.24251048583e-22
52.5305560881  2.24294779295e-22
54.6532657959  2.24243635978e-22
56.8617521799  2.24101015154e-22
59.159481394  2.23870196202e-22
61.5500596558  2.23554348922e-22
64.0372389068  2.23156541041e-22
66.624922701  2.22679745703e-22
69.3171723311  2.22126848956e-22
72.118213203  2.21500657237e-22
75.032441467  2.20803904891e-22
78.0644309178  2.2003926173e-22
81.2189401726  2.19209340649e-22
84.5009201401  2.18316705307e-22
87.9155217902  2.1736387789e-22
91.4681042388  2.16353346964e-22
95.1642431583  2.15287575408e-22
99.009739529  2.14169008449e-22
103.010628743  2.1300008178e-22
107.173190077  2.11783229747e-22
111.503956548  2.10520893604e-22
116.009725165  2.09215529784e-22
120.697567597  2.07869618175e-22
125.574841273  2.06485670332e-22
130.649200932  2.05066237575e-22
135.928610627  2.03613918893e-22
141.421356237  2.02131368566e-22
147.136058463  2.00621303381e-22
153.081686359  1.99086509335e-22
159.267571411  1.97529847652e-22
165.703422184  1.95954259959e-22
172.399339552  1.94362772422e-22
179.36583256  1.92758498641e-22
186.613834911  1.91144641056e-22
194.154722129  1.89524490646e-22
202.000329413  1.8790142465e-22
210.162970211  1.86278902071e-22
218.655455543  1.84660456701e-22
227.491114114  1.83049687454e-22
236.683813228  1.81450245791e-22
246.247980551  1.79865820096e-22
256.198626761  1.78300116904e-22
266.551369101  1.7675683896e-22
277.322455892  1.7523966019e-22
288.528792035  1.73752197775e-22
300.187965542  1.72404352026e-22
312.318275138  1.70984173409e-22
324.938758985  1.69604043368e-22
338.069224556  1.68267014043e-22
351.730279727  1.66975913007e-22
365.943365117  1.65733308896e-22
380.730787743  1.64541478808e-22
396.115756024  1.63402378456e-22
412.122416211  1.62317616053e-22
428.775890281  1.61288430846e-22
446.102315367  1.60315677112e-22
464.128884777  1.59399814307e-22
482.883890678  1.58540903879e-22
502.396768493  1.5773861308e-22
522.698143103  1.56992225919e-22
543.819876914  1.56300661233e-22
565.795119858  1.55662497712e-22
588.658361426  1.55076005649e-22
612.445484796  1.54539185186e-22
637.193823152  1.54049811049e-22
662.942218274  1.53605484192e-22
689.731081504  1.53203691856e-22
717.602457167  1.52841880245e-22
746.600088557  1.52517553046e-22
776.769486596  1.52239367924e-22
808.158001257  1.52026205064e-22
840.814895881  1.51877553561e-22
874.791424493  1.51792210191e-22
910.140912246  1.51235207386e-22
946.918839109  1.51319492646e-22
985.182926946  1.51458616716e-22
1024.99323011  1.5165311565e-22
1066.41222967  1.51903331505e-22
1109.50493154  1.52209409953e-22
1154.33896842  1.52571300073e-22
1200.98470601  1.52988756333e-22
1249.51535339  1.53461342706e-22
1300.00707798  1.53988438833e-22
1352.53912504  1.54569248086e-22
1407.19394206  1.55202807329e-22
1464.05730815  1.58274493124e-22
1523.21846867  1.59661866496e-22
1584.7702753  1.60929338673e-22
1648.80933177  1.62090741158e-22
1715.43614549  1.63158219829e-22
1784.75528525  1.64142523754e-22
1856.87554538  1.65053232092e-22
1931.9101165  1.65898934143e-22
2009.97676312  1.66687373508e-22
2091.19800853  1.67425564433e-22
2175.70132706  1.681198864e-22
2263.61934415  1.68585690165e-22
2355.09004453  1.6911980408e-22
2450.25698873  1.69596674517e-22
2549.26953846  1.70020872219e-22
2652.28309095  1.70396552224e-22
2759.45932292  1.70727505245e-22
2870.96644429  1.71017201171e-22
2986.97946215  1.71268826088e-22
3107.68045551  1.714853139e-22
3233.25886097  1.7166937346e-22
3363.91177012  1.71823511913e-22
3499.84423881  1.7195005484e-22
3641.26960901  1.720511637e-22
3788.40984363  1.7212885096e-22
3941.49587491  1.72184993265e-22
4100.76796681  1.72221342911e-22
4266.47609215  1.72239537885e-22
4438.88032492  1.72241110662e-22
4618.25124841  1.72227495941e-22
4804.87037999  1.72200037471e-22
4999.03061281  1.72159994098e-22
5201.0366756  1.72108545137e-22
5411.20561086  1.72046795183e-22
5629.8672725  1.71975778434e-22
5857.36484349  1.71896462596e-22
6094.05537452  1.71809752448e-22
6340.31034432  1.71716493102e-22
6596.51624277  1.71617473019e-22
6863.0751774  1.71513426819e-22
7140.40550453  1.71405037908e-22
7428.94248588  1.71292940967e-22
7729.13897165  1.71177724304e-22
8041.46611132  1.71059932117e-22
8366.41409304  1.70940066656e-22
8704.49291301  1.70818590312e-22
9056.2331759  1.70695927643e-22
9422.18692758  1.70572467336e-22
9802.92852161  1.70448564114e-22
10199.0555206  1.70324540596e-22
10611.1896341  1.70200689107e-22
11039.9776943  1.70077273438e-22
11486.0926714  1.6995453056e-22
11950.2347295  1.69832672293e-22
12433.1323259  1.69711886921e-22
12935.5433539  1.69592340759e-22
13458.2563327  1.6947417967e-22
14002.0916449  1.69357530523e-22
14567.9028237  1.69242502604e-22
15156.577893  1.6912918896e-22
15769.0407609  1.69017667699e-22
16406.2526695  1.68908003215e-22
17069.213704  1.6880024737e-22
17758.9643622  1.68694440604e-22
18476.5871871  1.68590612991e-22
19223.2084664  1.68488785233e-22
20000  1.68388969597e-22

