0.5 20 151
151
0.5  0
0.512448710082  3.16212174543e-36
0.52520736093  6.40297216457e-36
0.538283669269  9.72451139828e-36
0.55168554395  1.31287483899e-35
0.565421090737  1.66177421002e-35
0.579498617203  2.01936027529e-35
0.59392663776  2.38584931107e-35
0.608713878807  2.76146297836e-35
0.623869284008  3.14642845695e-35
0.6394020197  3.5409785828e-35
0.655321480438  3.94535198891e-35
0.67163729468  4.35979324962e-35
0.688359330604  4.78455302853e-35
0.705497702082  5.21988823013e-35
0.723062774796  5.66606215515e-35
0.741065172505  6.12334465985e-35
0.759515783475  6.5920123192e-35
0.778425767058  7.07234859418e-35
0.797806560447  7.56464400323e-35
0.817669885593  8.06919629791e-35
0.83802775629  8.58631064308e-35
0.858892485448  9.11629980136e-35
0.880276692535  9.65948432241e-35
0.90219331121  1.02161927367e-34
0.924655597149  1.07867617543e-34
0.947677136058  1.13715364684e-34
0.971271851895  1.19708705644e-34
0.995454015286  3.75760232483e-32
1.02023825216  6.47417939534e-30
1.04563955259  1.4599848967e-29
1.07167327987  2.29278267482e-29
1.0983551798  3.14631496912e-29
1.1257013902  4.02109801559e-29
1.15372845069  4.91766090311e-29
1.18245331269  5.83654589355e-29
1.21189334964  6.77830874968e-29
1.24206636756  7.74351907133e-29
1.27299061578  8.73276063991e-29
1.30468479801  9.74663177146e-29
1.33716808361  1.07857456786e-28
1.37046011922  1.18507308412e-28
1.40458104063  1.29422313869e-28
1.43955148495  1.40609074804e-28
1.47539260312  1.52074357225e-28
1.51212607267  1.638250956e-28
1.54977411084  1.75868397046e-28
1.58835948804  1.88211545628e-28
1.62790554158  2.00862006766e-28
1.66843618984  2.13827431751e-28
1.70997594668  2.27115662369e-28
1.75254993629  2.40734735648e-28
1.79618390842  2.54692888717e-28
1.84090425388  2.68998563787e-28
1.88673802057  2.83660413261e-28
1.93371292981  2.98687304961e-28
1.9818573931  3.14088327497e-28
2.03120052932  4.62943728155e-27
2.08177218234  1.16146017446e-26
2.13360293905  1.87736787823e-26
2.18672414789  2.61109983689e-26
2.24116793778  3.36309982842e-26
2.29696723759  4.13382267969e-26
2.35415579601  4.92373454163e-26
2.41276820199  5.73331317109e-26
2.47283990568  6.56304821984e-26
2.53440723981  7.41344153073e-26
2.59750744173  8.28500744118e-26
2.66217867588  9.1782730943e-26
2.72846005693  1.00937787577e-25
2.79639167337  1.10320781503e-25
2.86601461181  1.19937387771e-25
2.9373709818  1.29793422726e-25
3.01050394131  1.79128179573e-25
3.08545772284  4.43312375255e-25
3.16227766017  7.17365657987e-25
3.24101021575  9.98242160446e-25
3.32170300885  1.2861117632e-24
3.40440484432  1.58114857641e-24
3.48916574214  1.88353104512e-24
3.57603696765  2.1934420572e-24
3.66507106256  2.51106905397e-24
3.75632187674  2.83660414353e-24
3.84984460077  3.17024421699e-24
3.94569579937  3.51219106755e-24
4.04393344553  4.51037126234e-24
4.14461695564  6.35395479726e-24
4.2478072254  8.24343880606e-24
4.35356666667  1.01799660921e-23
4.46195924519  1.21647079117e-23
4.57305051927  1.41988646822e-23
4.68690767949  1.62836667086e-23
4.80359958925  1.8420374927e-23
4.92319682653  2.06102816676e-23
5.04577172647  2.32982815761e-23
5.1713984252  2.68160301432e-23
5.30015290463  3.04213615744e-23
5.43211303844  3.41164564571e-23
5.56735863914  3.79035496697e-23
5.70597150638  4.17849317332e-23
5.84803547643  4.57629501967e-23
5.99363647282  4.98180285272e-23
6.1428625584  5.35359347766e-23
6.29580398853  5.73018437284e-23
6.4525532657  6.11615140976e-23
6.6132051955  6.51172803018e-23
6.77785694388  6.91715348792e-23
6.94660809603  7.33267299363e-23
7.11956071652  7.68877765223e-23
7.29681941106  8.02182015048e-23
7.47849138981  8.36315454774e-23
7.66468653214  8.7129872909e-23
7.85551745316  9.07152996686e-23
8.0510995718  9.41792387198e-23
8.25155118063  9.71186791523e-23
8.45699351738  1.00131304068e-22
8.66755083831  1.03218935573e-22
8.88335049333  1.06383441136e-22
9.10452300303  1.09245634447e-22
9.33120213764  1.11743185152e-22
9.5635249979  1.14302918427e-22
9.80163209803  1.16926382456e-22
10.0456674507  1.19518736357e-22
10.295778654  1.21762472519e-22
10.5521169811  1.24059520268e-22
10.8148374712  1.26413758579e-22
11.0840990237  1.28683895308e-22
11.3600644943  1.30688508486e-22
11.6429007931  1.32743031361e-22
11.9327789861  1.34848399403e-22
12.2298743982  1.36657398543e-22
12.5343667197  1.38406402438e-22
12.8464401144  1.40198952017e-22
13.1662833315  1.41889303275e-22
13.4940898196  1.43482770613e-22
13.8300578436  1.45115911178e-22
14.1743906047  1.46666941744e-22
14.5272963631  1.48133970981e-22
14.8889885645  1.49637525463e-22
15.2596859686  1.50976219202e-22
15.6396127818  1.52259611977e-22
16.0289987924  1.53550016658e-22
16.4280795102  1.54667489118e-22
16.8370963082  1.55804964833e-22
17.2562965694  1.5688028807e-22
17.6859338356  1.57923447353e-22
18.1262679613  1.58956971045e-22
18.5775652707  1.59925455071e-22
19.0400987189  1.60900826276e-22
19.5141480567  1.61769291907e-22
20  1.62655e-22

