2 20 101
101
2  0
2.04658598456  5.23342291966e-37
2.0942570961  1.0588747919e-36
2.14303861048  1.60688144622e-36
2.19295639229  2.16765281531e-36
2.2440369086  2.74148622757e-36
2.29630724299  3.32868593707e-36
2.34979510988  3.92956328487e-36
2.40452886923  4.5444368641e-36
2.46053754162  5.17363268886e-36
2.51785082359  5.81748436711e-36
2.57649910339  6.47633327753e-36
2.63651347711  7.15052875054e-36
2.69792576518  7.84042825349e-36
2.76076852921  8.54639758024e-36
2.82507508925  9.26881104508e-36
2.89087954149  1.00080516812e-35
2.95821677634  1.07645114437e-35
3.02712249687  2.63377500938e-33
3.09763323782  9.45163243862e-33
3.16978638492  1.64282981683e-32
3.24362019472  2.3567471319e-32
3.31917381488  3.08729371748e-32
3.39648730492  3.83485691904e-32
3.4756016575  4.59983310448e-32
3.55655882008  5.3826278743e-32
3.63940171722  6.18365627666e-32
3.72417427333  7.0033430274e-32
3.81092143593  7.84212273531e-32
3.89968919952  8.70044013247e-32
3.99052462994  1.76429908854e-31
4.08347588934  3.33157774998e-30
4.17859226171  7.01754608337e-30
4.275924179  1.07893716487e-29
4.3755232479  1.46490543178e-29
4.47744227714  1.85986405455e-29
4.58173530554  2.26402244548e-29
4.68845763064  2.67759489468e-29
4.79766583804  3.10080068375e-29
4.90941783137  3.533864202e-29
5.02377286302  1.06335652418e-28
5.14079156554  4.33907371938e-28
5.26053598379  7.69907946387e-28
5.38306960785  1.11373497962e-27
5.50845740668  1.46557077329e-27
5.63676586253  1.82560187538e-27
5.76806300625  2.19401917916e-27
5.90241845333  2.57101802434e-27
6.0399034408  5.54101252011e-27
6.18059086503  1.50469339732e-26
6.32455532034  2.47742767813e-26
6.47187313859  3.47281985103e-26
6.62262242965  4.49139768613e-26
6.77688312278  5.53370124688e-26
6.93473700905  6.60028317643e-26
7.09626778467  1.40493772181e-25
7.2615610954  2.6082442629e-25
7.43070458194  3.83957941395e-25
7.60378792641  5.09959604517e-25
7.78090289989  6.38896223406e-25
7.96214341107  7.72243438406e-25
8.14760555608  1.38969777671e-24
8.33738766941  2.14995826134e-24
8.53159037603  2.92792748756e-24
8.7303166448  3.72401794497e-24
8.93367184302  4.53865173125e-24
9.1417637923  6.4757182526e-24
9.35470282574  8.98621409279e-24
9.57260184645  1.15551868932e-23
9.79557638737  1.41839987572e-23
10.0237446725  1.71060006199e-23
10.2572276798  2.16840698829e-23
10.496149205  2.64118012386e-23
10.7406359274  3.12496556043e-23
10.9908174772  3.62302501115e-23
11.2468265038  4.18896606539e-23
11.5087987467  4.77353878745e-23
11.7768731071  5.3717279574e-23
12.0511917215  5.97577724173e-23
12.3319000372  6.55924886726e-23
12.6191468896  7.1560964093e-23
12.9130845807  7.76684631654e-23
13.2138689602  8.33349136872e-23
13.5216595078  8.88907762275e-23
13.8366194184  9.45760514311e-23
14.1589156877  9.99848652308e-23
14.4887192015  1.05089498057e-22
14.826204826  1.10313033056e-22
15.1715515006  1.15298359078e-22
15.5249423326  1.2002672841e-22
15.8865646945  1.24865235612e-22
16.2566103233  1.29408435711e-22
16.6352754221  1.33872897226e-22
17.022760764  1.38390223152e-22
17.4192717991  1.42547681952e-22
17.8250187627  1.4678124577e-22
18.2402167871  1.50844859589e-22
18.6650860159  1.54802941324e-22
19.0998517204  1.58744104218e-22
19.5447444191  1.62404612336e-22
20  1.6615e-22

