0.5 20 151
151
0.5  0
0.512448710082  2.80128343498e-37
0.52520736093  5.67231160065e-37
0.538283669269  8.61482096086e-37
0.55168554395  1.1630591213e-36
0.565421090737  1.47214463641e-36
0.579498617203  1.78892558347e-36
0.59392663776  2.11359355886e-36
0.608713878807  2.44634492925e-36
0.623869284008  2.78738095032e-36
0.6394020197  3.1369078885e-36
0.655321480438  3.49513714571e-36
0.67163729468  3.86228538726e-36
0.688359330604  4.23857467284e-36
0.705497702082  4.62423259087e-36
0.723062774796  5.01949239612e-36
0.741065172505  5.42459315082e-36
0.759515783475  5.83977986922e-36
0.778425767058  6.26530366579e-36
0.797806560447  6.70142190711e-36
0.817669885593  7.14839836753e-36
0.83802775629  7.60650338869e-36
0.858892485448  8.07601404304e-36
0.880276692535  8.55721430143e-36
0.90219331121  9.05039520483e-36
0.924655597149  9.5558550404e-36
0.947677136058  1.00738995219e-35
0.971271851895  1.06048419745e-35
0.995454015286  9.03874727739e-33
1.02023825216  1.56062130265e-30
1.04563955259  3.51936380965e-30
1.07167327987  5.52687395185e-30
1.0983551798  7.58436591753e-30
1.1257013902  9.69308412518e-30
1.15372845069  1.1854303976e-29
1.18245331269  1.40693326256e-29
1.21189334964  1.63395097741e-29
1.24206636756  1.8666208477e-29
1.27299061578  2.1050835975e-29
1.30468479801  2.34948345458e-29
1.33716808361  2.59996823759e-29
1.37046011922  2.85668944549e-29
1.40458104063  3.11980234916e-29
1.43955148495  3.38946608535e-29
1.47539260312  3.66584375289e-29
1.51212607267  3.94910251133e-29
1.54977411084  4.2394136821e-29
1.58835948804  4.53695285206e-29
1.62790554158  4.84189997976e-29
1.66843618984  5.15443950422e-29
1.70997594668  5.47476045654e-29
1.75254993629  5.8030565742e-29
1.79618390842  6.13952641824e-29
1.84090425388  6.48437349336e-29
1.88673802057  6.837806371e-29
1.93371292981  7.20003881549e-29
1.9818573931  7.57128991336e-29
2.03120052932  1.71811273818e-27
2.08177218234  4.37794339781e-27
2.13360293905  7.10399697893e-27
2.18672414789  9.89792226145e-27
2.24116793778  1.27614090756e-26
2.29696723759  1.56961893242e-26
2.35415579601  1.87040380297e-26
2.41276820199  2.17867744082e-26
2.47283990568  2.49462629695e-26
2.53440723981  2.81844146451e-26
2.59750744173  3.15031879435e-26
2.66217867588  3.49045901352e-26
2.72846005693  3.83906784663e-26
2.79639167337  4.19635614034e-26
2.86601461181  4.56253999081e-26
2.9373709818  4.93784087447e-26
3.01050394131  7.35725270826e-26
3.08545772284  2.09159813239e-25
3.16227766017  3.49829993504e-25
3.24101021575  4.94002498352e-25
3.32170300885  6.41764526629e-25
3.40440484432  7.93205448209e-25
3.48916574214  9.48416858043e-25
3.57603696765  1.10749263156e-24
3.66507106256  1.27052898145e-24
3.75632187674  1.43762451585e-24
3.84984460077  1.60888029797e-24
3.94569579937  1.78439990726e-24
4.04393344553  2.43765447029e-24
4.14461695564  3.7068466347e-24
4.2478072254  5.00763840971e-24
4.35356666667  6.34081654408e-24
4.46195924519  7.70718737462e-24
4.57305051927  9.10757731383e-24
4.68690767949  1.05428333498e-23
4.80359958925  1.20138235582e-23
4.92319682653  1.3521437628e-23
5.04577172647  1.56392209908e-23
5.1713984252  1.87945114068e-23
5.30015290463  2.2028360414e-23
5.43211303844  2.53427239186e-23
5.56735863914  2.8739606524e-23
5.70597150638  3.22210627429e-23
5.84803547643  3.57891982401e-23
5.99363647282  3.9446095627e-23
6.1428625584  4.31925359561e-23
6.29580398853  4.70320999712e-23
6.4525532657  5.09672592249e-23
6.6132051955  5.50003937919e-23
6.77785694388  5.91339430048e-23
6.94660809603  6.33704069292e-23
7.11956071652  6.71139237733e-23
7.29681941106  7.06767544028e-23
7.47849138981  7.43282903235e-23
7.66468653214  7.80707400682e-23
7.85551745316  8.19063671566e-23
8.0510995718  8.56208282579e-23
8.25155118063  8.87999085887e-23
8.45699351738  9.20581398183e-23
8.66755083831  9.53974925998e-23
8.88335049333  9.88199866505e-23
9.10452300303  1.01949047988e-22
9.33120213764  1.04722920558e-22
9.5635249979  1.07565855399e-22
9.80163209803  1.10479571984e-22
10.0456674507  1.13356091687e-22
10.295778654  1.1583402556e-22
10.5521169811  1.18370749645e-22
10.8148374712  1.20970631615e-22
11.0840990237  1.2347663318e-22
11.3600644943  1.25687116599e-22
11.6429007931  1.27952635353e-22
11.9327789861  1.30274240604e-22
12.2298743982  1.32291322255e-22
12.5343667197  1.34249512374e-22
12.8464401144  1.36256456376e-22
13.1662833315  1.3814641964e-22
13.4940898196  1.39925425451e-22
13.8300578436  1.41748723917e-22
14.1743906047  1.43472848e-22
14.5272963631  1.45095508678e-22
14.8889885645  1.4675856942e-22
15.2596859686  1.48249574218e-22
15.6396127818  1.49684177864e-22
16.0289987924  1.51129098623e-22
16.4280795102  1.52401155888e-22
16.8370963082  1.53696921105e-22
17.2562965694  1.54921916311e-22
17.6859338356  1.56110292989e-22
18.1262679613  1.57284568466e-22
18.5775652707  1.58376707955e-22
19.0400987189  1.59477533406e-22
19.5141480567  1.60464828921e-22
20  1.61472e-22

