0.2 20000 301
301
0.2  0
0.207824460767  9.02604250812e-35
0.215955032466  1.84052045937e-34
0.22440369086  2.81513011081e-34
0.233182880236  3.82786873715e-34
0.242305531726  4.88022803174e-34
0.251785082359  5.97375804639e-34
0.261635494852  7.11006947453e-34
0.271871278176  8.29083602362e-34
0.282507508925  9.51779688039e-34
0.293559853524  1.07927592726e-33
0.305044591308  1.21176011309e-33
0.316978638492  1.34942738549e-33
0.329379573097  1.49248051875e-33
0.342265660832  1.64113022015e-33
0.355655882008  1.79559544034e-33
0.369569959484  1.9561036958e-33
0.384028387728  2.12289140401e-33
0.399052462994  2.2962042316e-33
0.414664314697  2.4762974563e-33
0.430886938006  2.66343634285e-33
0.447744227714  2.85789653379e-33
0.465261013431  3.05996445539e-33
0.483463096161  3.26993773962e-33
0.502377286302  2.21666431368e-30
0.522031443137  2.05142714864e-29
0.542454515866  3.95277232065e-29
0.563676586253  5.92850249616e-29
0.585728912925  7.98152778791e-29
0.608643977422  1.01148721589e-28
0.632455532034  1.23316778765e-28
0.65719864952  1.4635210141e-28
0.682909774767  1.70288618947e-28
0.709626778467  1.95161588195e-28
0.737389012904  2.21007645303e-28
0.766237369911  2.4786485971e-28
0.796214341107  2.7577279022e-28
0.827364080478  3.04772543266e-28
0.859732469416  3.34906833463e-28
0.893367184302  3.66220046516e-28
0.928317766723  3.98758304604e-28
0.964635696448  4.32569534312e-28
1.00237446725  3.0466345611e-27
1.04158966572  4.56751357686e-26
1.08233905309  8.99713621523e-26
1.12468265038  1.36000558963e-25
1.16868282675  1.83830523997e-25
1.21440439138  2.33531707456e-25
1.26191468896  2.85177315715e-25
1.31128369884  3.38843419151e-25
1.36258413812  3.94609064192e-25
1.41589156877  4.52556389742e-25
1.47128450892  5.12770748169e-25
1.52884454851  5.75340831021e-25
1.58865646945  6.40358799665e-25
1.65080837054  7.07920421034e-25
1.71539179718  7.78125208681e-25
1.78250187627  8.51076569362e-25
1.85223745626  9.2688195534e-25
1.9247012528  1.00565302266e-24
2  1.08750579561e-24
2.07824460767  2.45043512304e-24
2.15955032466  3.86668538572e-24
2.2440369086  5.33834262149e-24
2.33182880236  6.86757447877e-24
2.42305531726  8.45663340941e-24
2.51785082359  1.01078599863e-23
2.61635494852  1.18236863511e-23
2.71871278176  1.36066397963e-23
2.82507508925  1.54593464878e-23
2.93559853524  1.73845353335e-23
3.05044591308  2.01380414817e-23
3.16978638492  2.39981920361e-23
3.29379573097  2.80093605732e-23
3.42265660832  3.21774552646e-23
3.55655882008  3.6508615423e-23
3.69569959484  4.1009220545e-23
3.84028387728  4.5685899708e-23
3.99052462994  5.05455413342e-23
4.14664314697  5.45973103635e-23
4.30886938006  5.87405856383e-23
4.47744227714  6.30459553872e-23
4.65261013431  6.75197611196e-23
4.83463096161  7.21685924392e-23
5.02377286302  7.6780542132e-23
5.22031443137  7.99916862262e-23
5.42454515866  8.33284576752e-23
5.63676586253  8.67957713108e-23
5.85728912925  9.03987342438e-23
6.08643977422  9.38078912983e-23
6.32455532034  9.67761124441e-23
6.5719864952  9.98604572394e-23
6.82909774767  1.03065468709e-22
7.09626778467  1.05953799987e-22
7.37389012904  1.08139632785e-22
7.66237369911  1.10410980397e-22
7.96214341107  1.12771188361e-22
8.27364080478  1.14549451665e-22
8.59732469416  1.16300352434e-22
8.93367184302  1.18119752474e-22
9.28317766723  1.19811207296e-22
9.64635696448  1.21520370535e-22
10.0237446725  1.23272372016e-22
10.4158966572  1.24721050123e-22
10.8233905309  1.26226403856e-22
11.2468265038  1.27484579772e-22
11.6868282675  1.28564410713e-22
12.1440439138  1.29589646113e-22
12.6191468896  1.30436208049e-22
13.1128369884  1.31294536103e-22
13.6258413812  1.32111551412e-22
14.1589156877  1.32931090069e-22
14.7128450892  1.33710663852e-22
15.2884454851  1.34431962955e-22
15.8865646945  1.35089647248e-22
16.5080837054  1.35610618688e-22
17.1539179718  1.36081018983e-22
17.8250187627  1.36459343798e-22
18.5223745626  1.40848661364e-22
19.247012528  1.46836125856e-22
20  1.53077082053e-22
20.7824460767  1.59558146845e-22
21.5955032466  1.66265519191e-22
22.440369086  1.73184924438e-22
23.3182880236  1.80301556391e-22
24.2305531726  1.85711275945e-22
25.1785082359  1.8545917791e-22
26.1635494852  1.85154133394e-22
27.1871278176  1.84797780827e-22
28.2507508925  1.84391693194e-22
29.3559853524  1.83937380878e-22
30.5044591308  1.83436294438e-22
31.6978638492  1.82889827341e-22
32.9379573097  1.82299318636e-22
34.2265660832  1.816660556e-22
35.5655882008  1.80991276331e-22
36.9569959484  1.8027617232e-22
38.4028387728  1.79521890993e-22
39.9052462994  1.78729538233e-22
41.4664314697  1.77900180892e-22
43.0886938006  1.77034849285e-22
44.7744227714  1.76134539696e-22
46.5261013431  1.75200216884e-22
48.3463096161  1.74232816597e-22
50.2377286302  1.73233248114e-22
52.2031443137  1.72202396813e-22
54.2454515866  1.71141126767e-22
56.3676586253  1.70050283389e-22
58.5728912925  1.68930696125e-22
60.8643977422  1.67783181207e-22
63.2455532034  1.66608544469e-22
65.719864952  1.65407584236e-22
68.2909774767  1.64181094295e-22
70.9626778467  1.62929866958e-22
73.7389012904  1.61654696209e-22
76.6237369911  1.60356380966e-22
79.6214341107  1.59035728437e-22
82.7364080478  1.5769355759e-22
85.9732469416  1.56330702739e-22
89.3367184302  1.54948017236e-22
92.8317766723  1.53546377282e-22
96.4635696448  1.52126685842e-22
100.237446725  1.50689876661e-22
104.158966572  1.49236918371e-22
108.233905309  1.47768818671e-22
112.468265038  1.46286628563e-22
116.868282675  1.44791446611e-22
121.440439138  1.43284423195e-22
126.191468896  1.41766764724e-22
131.128369884  1.40239737741e-22
136.258413812  1.38704672884e-22
141.589156877  1.37162968613e-22
147.128450892  1.35616094637e-22
152.884454851  1.34065594944e-22
158.865646945  1.32513090331e-22
165.080837054  1.3096028032e-22
171.539179718  1.29408944339e-22
178.250187627  1.27860942016e-22
185.223745626  1.26318212471e-22
192.47012528  1.24782772421e-22
200  1.23256712979e-22
207.824460767  1.21742194973e-22
215.955032466  1.20241442662e-22
224.40369086  1.18756735703e-22
233.182880236  1.17290399277e-22
242.305531726  1.15844792297e-22
251.785082359  1.14422293646e-22
261.635494852  1.13025286479e-22
271.871278176  1.11656140626e-22
282.507508925  1.10317193258e-22
293.559853524  1.09010727982e-22
305.044591308  1.07823685788e-22
316.978638492  1.06586550813e-22
329.379573097  1.05388311031e-22
342.265660832  1.04230796097e-22
355.655882008  1.03115666581e-22
369.569959484  1.02044391952e-22
384.028387728  1.01018230215e-22
399.052462994  1.00038209804e-22
414.664314697  9.910511426e-23
430.886938006  9.82194702234e-23
447.744227714  9.7381539149e-23
465.261013431  9.65913130989e-23
483.463096161  9.58485148443e-23
502.377286302  9.51526024094e-23
522.031443137  9.45027780801e-23
542.454515866  9.38980018114e-23
563.676586253  9.33370088945e-23
585.728912925  9.28183317159e-23
608.643977422  9.23403254624e-23
632.455532034  9.19011977399e-23
657.19864952  9.14990423416e-23
682.909774767  9.1131877977e-23
709.626778467  9.07976941309e-23
737.389012904  9.04945102177e-23
766.237369911  9.02233809205e-23
796.214341107  9.00002454462e-23
827.364080478  8.98271023508e-23
859.732469416  8.97029835597e-23
893.367184302  8.91739612444e-23
928.317766723  8.91839071724e-23
964.635696448  8.92354140558e-23
1002.37446725  8.93288999524e-23
1041.58966572  8.9464663757e-23
1082.33905309  8.96428825747e-23
1124.68265038  8.98636102677e-23
1168.68282675  9.01267772051e-23
1214.40439138  9.04321912199e-23
1261.91468896  9.07795397505e-23
1311.28369884  9.11683931227e-23
1362.58413812  9.15982089016e-23
1415.89156877  9.33933218048e-23
1471.28450892  9.4521244738e-23
1528.84454851  9.55540113278e-23
1588.65646945  9.65021567013e-23
1650.80837054  9.73749759218e-23
1715.39179718  9.81807295883e-23
1782.50187627  9.8926806815e-23
1852.23745626  9.96198556378e-23
1924.7012528  1.00265888239e-22
2000  1.00870366498e-22
2078.24460767  1.01438272023e-22
2159.55032466  1.01974163836e-22
2244.0369086  1.023371094e-22
2331.82880236  1.02754729764e-22
2423.05531726  1.03128911004e-22
2517.85082359  1.03462987045e-22
2616.35494852  1.03760001866e-22
2718.71278176  1.04022743693e-22
2825.07508925  1.04253774188e-22
2935.59853524  1.04455453499e-22
3050.44591308  1.04629961816e-22
3169.78638492  1.04779317995e-22
3293.79573097  1.04905395699e-22
3422.65660832  1.05009937406e-22
3556.55882008  1.05094566622e-22
3695.69959484  1.05160798531e-22
3840.28387728  1.05210049309e-22
3990.52462994  1.05243644292e-22
4146.64314697  1.05262825148e-22
4308.86938006  1.05268756187e-22
4477.44227714  1.05262529937e-22
4652.61013431  1.05245172075e-22
4834.63096161  1.05217645807e-22
5023.77286302  1.05180855769e-22
5220.31443137  1.05135651528e-22
5424.54515866  1.05082830716e-22
5636.76586253  1.05023141882e-22
5857.28912925  1.0495728707e-22
6086.43977422  1.04885924192e-22
6324.55532034  1.04809669209e-22
6571.9864952  1.04729098152e-22
6829.09774767  1.04644749021e-22
7096.26778467  1.04557123563e-22
7373.89012904  1.0446668896e-22
7662.37369911  1.04373879435e-22
7962.14341107  1.04279097793e-22
8273.64080478  1.04182716905e-22
8597.32469416  1.04085081137e-22
8933.67184302  1.03986507744e-22
9283.17766723  1.03887288215e-22
9646.35696448  1.03787689591e-22
10023.7446725  1.03687955745e-22
10415.8966572  1.03588308631e-22
10823.3905309  1.03488949506e-22
11246.8265038  1.03390060112e-22
11686.8282675  1.03291803837e-22
12144.0439138  1.03194326837e-22
12619.1468896  1.03097759127e-22
13112.8369884  1.03002215642e-22
13625.8413812  1.02907797258e-22
14158.9156877  1.02814591777e-22
14712.8450892  1.0272267488e-22
15288.4454851  1.02632111039e-22
15886.5646945  1.02542954391e-22
16508.0837054  1.0245524957e-22
17153.9179718  1.02369032507e-22
17825.0187627  1.02284331181e-22
18522.3745626  1.02201166335e-22
19247.012528  1.02119552157e-22
20000  1.02039496909e-22

