0.1 20000 301
301
0.1  0
0.10415259619  3.73605779956e-37
0.108477632931  7.62725899296e-37
0.112982270983  1.16800460589e-36
0.117673968462  1.5901129006e-36
0.122560493193  2.02974964828e-36
0.127649935564  2.48764273479e-36
0.132950721924  2.96455027217e-36
0.138471628537  3.46126185377e-36
0.144221796108  3.97859986159e-36
0.150210744918  4.5174208278e-36
0.156448390588  5.07861685293e-36
0.162945060494  5.66311708282e-36
0.169711510868  6.27188924698e-36
0.176758944602  6.90594126083e-36
0.1840990298  7.56632289445e-36
0.191743919097  8.25412751063e-36
0.199706269776  8.97049387509e-36
0.207999264725  1.86873972522e-30
0.216636634267  3.88653991422e-30
0.225632678887  5.98813119699e-30
0.235002292913  8.1769930793e-30
0.244760989175  1.04567495567e-29
0.254924924685  1.28311751148e-29
0.265510927395  1.53042009781e-29
0.276536524049  1.78799216191e-29
0.28801996921  2.05626015374e-29
0.299980275477  2.33566823197e-29
0.312437244967  2.62667899942e-29
0.325411502097  2.9297742689e-29
0.338924527734  3.245455861e-29
0.352998694759  3.57424643486e-29
0.367657305107  3.91669035357e-29
0.382924628351  4.27335458539e-29
0.398825941877  4.64482964252e-29
0.415387572744  5.03173055871e-29
0.432636941262  5.43469790761e-29
0.450602606401  5.85439886329e-29
0.469314313065  6.29152830486e-29
0.488803041347  6.74680996696e-29
0.509101057818  2.53975540518e-27
0.530241968947  8.276572801e-27
0.552260776746  1.42516170574e-26
0.575193936719  2.0474780774e-26
0.599079418219  2.69563673499e-26
0.623956767313  3.3707108043e-26
0.649867172259  4.07381797369e-26
0.676853531693  4.80612234461e-26
0.70496052566  5.56883635893e-26
0.734234689588  6.36322280635e-26
0.764724491332  7.19059691511e-26
0.796480411421  8.0523285296e-26
0.829555026638  8.94984437827e-26
0.864003097066  9.88463043587e-26
0.899881656755  1.08582343837e-25
0.937250108145  1.18722681719e-25
0.976170320425  1.29284106887e-25
1.01670673196  3.68513137648e-25
1.05892645697  9.56729458289e-25
1.10289939667  1.56937202745e-24
1.148698355  2.20745516859e-24
1.19639915912  2.87203532594e-24
1.24608078501  3.56421281358e-24
1.29782548821  4.2851336372e-24
1.35171893999  5.03599139147e-24
1.40785036919  5.81802923624e-24
1.46631270998  6.63254195475e-24
1.5272027557  7.48087809738e-24
1.59062131914  8.36444221434e-24
1.65667339944  9.28469718115e-24
1.7254683559  1.02431666207e-23
1.7971200891  1.12414374256e-23
1.87174722945  1.22811623859e-23
1.94947333358  1.33640629254e-23
2.03042708895  1.51446863401e-23
2.11474252688  1.81282159818e-23
2.20255924448  2.12356395617e-23
2.29402263574  2.44721018948e-23
2.3892841323  2.78429614394e-23
2.48850145414  3.13537991691e-23
2.59183887071  3.50104278125e-23
2.6994674729  3.88189014776e-23
2.81156545633  4.27855256751e-23
2.92831841634  4.69168677578e-23
3.04991965532  5.07519383819e-23
3.17657050272  5.40465933853e-23
3.30848064838  5.74780621068e-23
3.44586848972  6.10520258677e-23
3.58896149333  6.47744019115e-23
3.73799657156  6.86513532011e-23
3.89322047476  7.26892986223e-23
4.05489019986  7.63384507474e-23
4.2232734158  7.90116615326e-23
4.39864890674  8.1795879967e-23
4.58130703365  8.46957157501e-23
4.77155021497  8.77159700034e-23
4.96969342739  9.08616432198e-23
5.1760647273  9.2976938938e-23
5.39100579394  9.49719281353e-23
5.61487249513  9.7049761178e-23
5.84803547643  9.92138782365e-23
6.0908807748  1.01199790042e-22
6.34381045777  1.0280130277e-22
6.60724328913  1.04469319853e-22
6.8816154222  1.06206602951e-22
7.16738112202  1.07710339862e-22
7.4650135174  1.09051336698e-22
7.77500538429  1.10448019717e-22
8.09786996163  1.11745076532e-22
8.43414180111  1.12718581423e-22
8.78437765219  1.1373251204e-22
9.14915738387  1.14633316775e-22
9.52908494479  1.15337808397e-22
9.92478936312  1.16071554711e-22
10.3369257881  1.16656203959e-22
10.7661765745  1.17223382853e-22
11.2132524127  1.17750993665e-22
11.6788935051  1.18228430471e-22
12.1638707918  1.18688205185e-22
12.6689872269  1.19090563712e-22
13.1950791077  1.19457320219e-22
13.74301746  1.19746859886e-22
14.3137094794  1.19972096445e-22
14.9081000339  1.20141565097e-22
15.5271732278  1.20233327106e-22
16.1719540317  1.20297598114e-22
16.8435099786  1.20318958965e-22
17.5429529322  1.20310560737e-22
18.2714409272  1.21148155376e-22
19.030180087  1.23503156052e-22
19.8204266202  1.25915672675e-22
20.6434889008  1.28370052597e-22
21.5007296344  1.30849991333e-22
22.3935681139  1.33338470593e-22
23.3234825702  1.35817693543e-22
24.2920126187  1.37435041758e-22
25.3007618091  1.37042962425e-22
26.35140028  1.36614722046e-22
27.445667524  1.36151433162e-22
28.5853752678  1.35654160995e-22
29.772410472  1.35123925741e-22
31.0087384549  1.34561704827e-22
32.2964061465  1.3396843512e-22
33.6375454776  1.33345015118e-22
35.0343769094  1.32692307105e-22
36.48921311  1.32011139292e-22
38.0044627833  1.31302307939e-22
39.5826346568  1.30566579477e-22
41.2263416354  1.29804692614e-22
42.9383051273  1.29017360463e-22
44.72135955  1.28205272664e-22
46.5784570227  1.27369097536e-22
48.5126722543  1.26509484254e-22
50.5272076339  1.25627065047e-22
52.6253985329  1.24722457452e-22
54.8107188272  1.23796266606e-22
57.0867866488  1.22849087597e-22
59.457370376  1.2188150788e-22
61.9263948728  1.20894109763e-22
64.4979479868  1.19887472976e-22
67.1762873173  1.18862177325e-22
69.9658472649  1.17818805444e-22
72.8712463726  1.16757945648e-22
75.8972949729  1.15680194893e-22
79.0490031521  1.14586161856e-22
82.331589045  1.13476470124e-22
85.7504874747  1.12351761515e-22
89.3113589503  1.11212699509e-22
93.0200990391  1.10059972807e-22
96.8828481275  1.08894299e-22
100.906001587  1.07716428345e-22
105.096220365  1.0652714763e-22
109.460442007  1.05327284119e-22
114.005892151  1.04117709545e-22
118.740096485  1.02899344113e-22
123.670893207  1.01673160492e-22
128.806446006  1.00440187731e-22
134.155257575  9.92015150466e-23
139.72618369  9.79582954118e-23
145.52844787  9.67117488612e-23
151.571656651  9.54631654229e-23
157.86581549  9.4213907565e-23
164.421345329  9.29654120379e-23
171.24909985  9.17191909772e-23
178.360383446  9.04768321252e-23
185.766969933  8.92399980137e-23
193.481122048  8.80104239503e-23
201.51561175  8.67899146439e-23
209.883741365  8.5580339311e-23
218.599365612  8.43836251128e-23
227.67691454  8.32017487921e-23
237.131417418  8.20367264041e-23
246.978527622  8.08906010742e-23
257.23454855  7.97654287622e-23
267.916460612  7.86632620691e-23
279.041949347  7.75861321927e-23
290.629434703  7.65360292113e-23
302.698101535  7.55750674135e-23
315.267931366  7.4583066226e-23
328.359735471  7.36236897393e-23
341.995189335  7.26985346838e-23
356.196868537  7.18090452247e-23
370.988286128  7.09564915268e-23
386.393931562  7.01419499855e-23
402.439311242  6.93662857484e-23
419.150990746  6.86301381184e-23
436.556638818  6.79339093725e-23
454.685073167  6.72777574451e-23
473.566308191  6.66615928223e-23
493.231604661  6.60850798735e-23
513.713521483  6.55476427291e-23
535.045969603  6.50484756944e-23
557.26426815  6.45865581001e-23
580.405202916  6.41606734235e-23
604.507087258  6.37694325173e-23
629.60982553  6.34113008607e-23
655.754979155  6.30846299901e-23
682.985835434  6.2787693815e-23
711.347479213  6.25187318696e-23
740.886867531  6.22760057527e-23
771.652907362  6.20617206277e-23
803.696536592  6.18880485352e-23
837.070808348  6.17553138729e-23
871.830978841  6.16625809308e-23
908.03459885  6.12806756639e-23
945.741609003  6.12945995742e-23
985.014439024  6.13426310718e-23
1025.91811109  6.14251008618e-23
1068.52034748  6.15422339445e-23
1112.89168271  6.16941474374e-23
1159.10558033  6.18808495282e-23
1207.23855449  6.21022395824e-23
1257.37029671  6.23581094004e-23
1309.58380774  6.26481455953e-23
1363.96553504  6.29719330344e-23
1420.60551588  6.43099126473e-23
1479.5975264  6.51534296608e-23
1541.03923691  6.59242020926e-23
1605.03237354  6.66306151935e-23
1671.68288673  6.72800683598e-23
1741.10112659  6.7879139107e-23
1813.40202564  6.84337125475e-23
1888.70528906  6.89490845976e-23
1967.13559293  6.94300449385e-23
2048.82279061  6.98809442109e-23
2133.90212774  7.03057488108e-23
2222.51446619  7.07080858541e-23
2314.80651723  7.09405581689e-23
2410.93108447  7.12380986886e-23
2511.04731682  7.15026212985e-23
2615.32097202  7.17367363829e-23
2723.92469106  7.19428256454e-23
2837.03828399  7.21230693492e-23
2954.84902768  7.22794695272e-23
3077.55197581  7.24138698348e-23
3205.3502819  7.2527972591e-23
3338.45553557  7.26233534483e-23
3477.08811294  7.27014740572e-23
3621.47754143  7.27636930232e-23
3771.86287983  7.28112754102e-23
3928.49311406  7.28454009985e-23
4091.62756943  7.28671714786e-23
4261.53633998  7.28776167303e-23
4438.50073566  7.28777003198e-23
4622.81374809  7.28683243239e-23
4814.78053566  7.28503335811e-23
5014.71892873  7.28245194502e-23
5222.95995589  7.27916231508e-23
5439.84839201  7.27523387478e-23
5665.74332907  7.27073158337e-23
5901.01877067  7.26571619564e-23
6146.0642513  7.26024448324e-23
6401.28548122  7.25436943807e-23
6667.10501821  7.24814046056e-23
6943.96296717  7.24160353556e-23
7232.31770876  7.23480139773e-23
7532.64665837  7.22777368831e-23
7845.44705649  7.22055710469e-23
8171.23679203  7.21318554387e-23
8510.55525972  7.20569024088e-23
8863.96425316  7.19809990268e-23
9232.048895  7.19044083822e-23
9615.41860565  7.18273708507e-23
10014.7081123  7.17501053266e-23
10430.5784998  7.16728104262e-23
10863.7183051  7.15956656592e-23
11314.8446575  7.15188325712e-23
11784.7044657  7.14424558551e-23
12274.0756543  7.13666644309e-23
12783.7684522  7.12915724929e-23
13314.6267339  7.12172805233e-23
13867.5294163  7.11438762704e-23
14443.3919145  7.10714356908e-23
15043.1676568  7.10000238541e-23
15667.8496638  7.09296958088e-23
16318.4721919  7.08604974097e-23
16996.1124464  7.07924661048e-23
17701.8923642  7.07256316821e-23
18436.9804721  7.06600169767e-23
19202.5938207  7.05956385366e-23
20000  7.05325072493e-23

