1 20 101
101
1  0
1.03041055791  3.00072530922e-35
1.06174591785  6.09270434924e-35
1.09403420358  9.27871219691e-35
1.12730439408  1.25616083207e-34
1.16158634964  1.59443391473e-34
1.1969108386  1.94299407055e-34
1.23330956497  2.30215413517e-34
1.27081519692  2.67223645774e-34
1.30946139606  3.05357319022e-34
1.34928284767  3.44650658548e-34
1.39031529185  3.85138930451e-34
1.43259555555  4.26858473291e-34
1.47616158565  4.69846730706e-34
1.52105248304  5.14142285011e-34
1.56730853766  5.59784891837e-34
1.61497126471  6.068155158e-34
1.66408344188  6.55276367277e-34
1.71468914776  7.05210940284e-34
1.76683380139  7.56664051515e-34
1.82056420303  8.09681880566e-34
1.87592857615  8.64312011376e-34
1.93297661076  9.20603474944e-34
1.99175950792  1.83682630994e-32
2.05233002578  1.12015399433e-30
2.11474252688  2.45495225936e-30
2.17905302696  3.83034248433e-30
2.24531924523  5.24755909339e-30
2.31360065617  6.70787405021e-30
2.3839585429  8.21259799959e-30
2.45645605223  9.76308144378e-30
2.53115825126  1.13607159545e-29
2.60813218585  1.30069354221e-29
2.68744694072  1.47032173421e-29
2.76917370155  1.64510841417e-29
2.85338581877  1.82521045458e-29
2.94015887345  2.01078949852e-29
3.02957074514  2.01793857089e-28
3.12170168173  7.63869250875e-28
3.21663437151  1.34303767097e-27
3.31445401734  1.93981892585e-27
3.41524841318  2.55474863164e-27
3.51910802283  3.18837869286e-27
3.62612606115  3.84127779775e-27
3.73639857773  4.51403192868e-27
3.85002454306  5.20724488807e-27
3.96710593738  5.92153884031e-27
4.08774784223  2.61648608354e-26
4.21205853471  5.45588873784e-26
4.34014958471  8.38163921099e-26
4.472135955  1.13963633883e-25
4.60813610445  1.45027670099e-25
4.74827209431  1.77036380986e-25
4.89266969782  2.1001849463e-25
5.041458513  3.41950768428e-25
5.19477207907  7.39177939175e-25
5.35274799621  1.1484850098e-24
5.51552804914  1.5702393368e-24
5.68325833429  2.00481944819e-24
5.85608939099  2.45261538322e-24
6.03417633655  3.22258985793e-24
6.21767900547  5.30998545046e-24
6.40676209294  7.46810795927e-24
6.6015953026  9.6918601776e-24
6.80235349885  1.19832379416e-23
7.00921686386  1.45222905042e-23
7.22237105921  1.89214784454e-23
7.44200739256  2.35462728623e-23
7.66832298935  2.83117098576e-23
7.9015209697  3.32220664506e-23
8.14181063074  3.84936587708e-23
8.38940763443  4.40771965173e-23
8.64453420113  4.98305327617e-23
8.90741930907  5.57588311712e-23
9.17829889981  6.1386376275e-23
9.45741609003  6.69276870612e-23
9.74502138973  7.26375122001e-23
10.041372927  7.83708621777e-23
10.34673668  8.3439687042e-23
10.661386715  8.86485925113e-23
10.9856054331  9.39762198717e-23
11.3196838233  9.86718468171e-23
11.6639217237  1.03428801516e-22
12.0186280908  1.08254143669e-22
12.3841212763  1.12501918316e-22
12.7607293136  1.16844208986e-22
13.1487902114  1.21039569491e-22
13.5486522576  1.24900237547e-22
13.9606743317  1.28863484484e-22
14.3852262269  1.32445747028e-22
14.8226889821  1.36065751327e-22
15.2734552238  1.39443905104e-22
15.7379295184  1.42689651475e-22
16.2165287354  1.45812160849e-22
16.7096824217  1.4875283628e-22
17.2178331866  1.51624138899e-22
17.7414370999  1.54364681781e-22
18.2809641002  1.57004534615e-22
18.8368984177  1.59550157854e-22
19.4097390079  1.61934726814e-22
20  1.64294e-22

