1 20 101
101
1  0
1.03041055791  4.03657581491e-43
1.06174591785  8.1959061524e-43
1.09403420358  1.2481724046e-42
1.12730439408  1.68978760528e-42
1.16158634964  2.1448325706e-42
1.1969108386  2.61371570719e-42
1.23330956497  3.09685784156e-42
1.27081519692  3.59469259778e-42
1.30946139606  4.10766678669e-42
1.34928284767  4.63624080688e-42
1.39031529185  5.18088905792e-42
1.43259555555  5.74210036614e-42
1.47616158565  6.32037842334e-42
1.52105248304  6.9162422389e-42
1.56730853766  7.53022660552e-42
1.61497126471  8.16288257929e-42
1.66408344188  8.81477797418e-42
1.71468914776  9.48649787173e-42
1.76683380139  1.01786451461e-41
1.82056420303  1.08918410053e-41
1.87592857615  1.16267255484e-41
1.93297661076  1.23839583405e-41
1.99175950792  4.5267403045e-38
2.05233002578  2.91236166869e-36
2.11474252688  6.38583497033e-36
2.17905302696  9.96493853296e-36
2.24531924523  1.36528846318e-35
2.31360065617  1.7452983229e-35
2.3839585429  2.13686449446e-35
2.45645605223  2.54033841177e-35
2.53115825126  2.956082196e-35
2.60813218585  3.38446898065e-35
2.68744694072  3.82588324643e-35
2.76917370155  4.28072116631e-35
2.85338581877  4.74939096108e-35
2.94015887345  5.23231326579e-35
3.02957074514  1.0195353972e-32
3.12170168173  4.17867155288e-32
3.21663437151  7.43387880157e-32
3.31445401734  1.07880787188e-31
3.41524841318  1.42442817269e-31
3.51910802283  1.78055897967e-31
3.62612606115  2.14751992318e-31
3.73639857773  2.52564035371e-31
3.85002454306  2.91525963749e-31
3.96710593738  3.31672746107e-31
4.08774784223  9.6095670908e-30
4.21205853471  2.27374037374e-29
4.34014958471  3.62644652205e-29
4.472135955  5.02028921903e-29
4.60813610445  6.45651945006e-29
4.74827209431  7.9364262437e-29
4.89266969782  9.4613378286e-29
5.041458513  3.56879464127e-28
5.19477207907  1.28482392759e-27
5.35274799621  2.24098769991e-27
5.51552804914  3.22622894599e-27
5.68325833429  4.24143192804e-27
5.85608939099  5.28750779917e-27
6.03417633655  1.03778088851e-26
6.21767900547  3.24496927345e-26
6.40676209294  5.52870459342e-26
6.6015953026  7.8818895786e-26
6.80235349885  1.0306636232e-25
7.00921686386  1.47204108787e-25
7.22237105921  3.84535303444e-25
7.44200739256  6.38964667636e-25
7.66832298935  9.01131370741e-25
7.9015209697  1.17127070955e-24
8.14181063074  2.11951274645e-24
8.38940763443  3.57593526945e-24
8.64453420113  5.07664841394e-24
8.90741930907  6.62299908241e-24
9.17829889981  9.82001148925e-24
9.45741609003  1.39722481285e-23
9.74502138973  1.82507566004e-23
10.041372927  2.29286437999e-23
10.34673668  2.92535264389e-23
10.661386715  3.57959816867e-23
10.9856054331  4.25456184454e-23
11.3196838233  4.96650217884e-23
11.6639217237  5.70178090891e-23
12.0186280908  6.45361026672e-23
12.3841212763  7.17313443518e-23
12.7607293136  7.91189968269e-23
13.1487902114  8.63849446903e-23
13.5486522576  9.32979196896e-23
13.9606743317  1.00396686838e-22
14.3852262269  1.06884786571e-22
14.8226889821  1.13452852378e-22
15.2734552238  1.19637650193e-22
15.7379295184  1.25621008056e-22
16.2165287354  1.31417791262e-22
16.7096824217  1.36931249474e-22
17.2178331866  1.42291724576e-22
17.7414370999  1.47374871365e-22
18.2809641002  1.52298481621e-22
18.8368984177  1.57073957408e-22
19.4097390079  1.61624254014e-22
20  1.66161e-22

