0.5 20000 301
301
0.5  0
0.51797667599  3.31118734532e-41
0.536599673739  6.74142297475e-41
0.555892230681  1.02949870731e-40
0.575878419714  1.39763137123e-40
0.596583179235  1.77899963839e-40
0.618032344264  2.1740793731e-40
0.640252678672  2.58336354856e-40
0.663271908584  3.00736286205e-40
0.687118756972  3.44660637209e-40
0.711822979493  3.90164215865e-40
0.737415401622  4.37303800701e-40
0.763927957112  4.86138211623e-40
0.791393727841  5.3672838331e-40
0.819846985093  5.89137441246e-40
0.849323232317  6.43430780489e-40
0.879859249433  6.99676147267e-40
0.911493138721  7.57943723515e-40
0.944264372364  8.18306214441e-40
0.978213841706  8.80838939249e-40
1.01338390827  4.41020477914e-33
1.04981845661  1.64159494735e-32
1.0875629491  2.88533409325e-32
1.12666448261  4.17378983045e-32
1.16717184731  5.50856987027e-32
1.20913558756  6.89133972668e-32
1.25260806493  8.32382479444e-32
1.29764352358  9.80781250205e-32
1.34429815793  1.13451545421e-31
1.39263018277  1.29377691815e-31
1.44269990591  1.45876436557e-31
1.49456980343  1.62968366476e-31
1.54830459763  1.80674808567e-31
1.6039713378  1.99017856603e-31
1.66163948387  2.18020398701e-31
1.7213809931  2.37706145884e-31
1.78327040983  2.58099661664e-31
1.84738495855  2.79226392695e-31
1.91380464021  3.01112700523e-31
1.98261233206  3.23785894481e-31
2.05389389107  6.98468852468e-29
2.12773826107  1.65098244498e-28
2.20423758369  2.63774209395e-28
2.28348731338  3.6599790599e-28
2.3655863365  4.71896887129e-28
2.4506370947  5.81603291611e-28
2.53874571274  6.95254009068e-28
2.63002213093  8.12990850773e-28
2.72458024232  9.34960726588e-28
2.82253803477  1.06131582828e-27
2.92401773821  1.19221381942e-27
3.02914597715  5.12165211491e-27
3.13805392866  1.94383144981e-26
3.25087748609  3.42697088831e-26
3.36775742859  4.96343416109e-26
3.48883959681  6.55513843871e-26
3.61427507483  8.20406982047e-26
3.74422037875  9.91228581259e-26
3.87883765192  1.16819178955e-25
4.01829486729  1.74431022744e-25
4.16276603701  5.03603890113e-25
4.31243142955  8.44611625445e-25
4.46747779462  1.19787973191e-24
4.62809859623  1.56384901096e-24
4.79449425406  1.9429761123e-24
4.96687239354  2.33573410377e-24
5.14544810495  4.130535565e-24
5.33044421176  6.31734813561e-24
5.52209154871  8.58278394827e-24
5.72062924983  1.09296697721e-23
5.92630504679  1.3360934008e-23
6.13937557808  1.73951997421e-23
6.36010670917  2.24046919191e-23
6.58877386432  2.75942921315e-23
6.82566237018  3.29704758671e-23
7.07106781187  3.86284597316e-23
7.32529640178  4.47147945036e-23
7.58866536167  5.1019953412e-23
7.86150331847  5.75518039179e-23
8.14415071437  6.38047762976e-23
8.43696023158  6.97712481131e-23
8.74029723243  7.59522345898e-23
9.05454021523  8.21470671996e-23
9.38008128661  8.75367075649e-23
9.7173266507  9.31201235672e-23
10.0666971161  9.86933372909e-23
10.4286286208  1.03540764999e-22
10.8035727762  1.08562473982e-22
11.1919974309  1.13285467543e-22
11.5943872539  1.17670319584e-22
12.0112443398  1.22192411059e-22
12.4430888353  1.26114348446e-22
12.8904595879  1.30177292629e-22
13.3539148186  1.33827212623e-22
13.8340328184  1.37429090218e-22
14.3314126696  1.40761068422e-22
14.8466749937  1.44005637405e-22
15.3804627255  1.47033737808e-22
15.9334419155  1.50031635189e-22
16.5063025609  1.52746767183e-22
17.0997594668  1.55440154673e-22
17.7145531376  1.57891110118e-22
18.3514507018  1.59617396791e-22
19.0112468682  1.61075000165e-22
19.6947649184  1.63013450438e-22
20.4028577337  1.65416224797e-22
21.1364088592  1.68266842137e-22
21.8963336065  1.71548819457e-22
22.6835801957  1.75245627221e-22
23.4991309386  1.79340643627e-22
24.3440034645  1.82472977459e-22
25.2192519896  1.83654061784e-22
26.1259686331  1.84737229564e-22
27.0652847792  1.85725685954e-22
28.0383724893  1.86622520059e-22
29.0464459643  1.87430709135e-22
30.0907630598  1.88153122687e-22
31.1726268555  1.88792526455e-22
32.2933872809  1.89351586311e-22
33.4544428005  1.89832872044e-22
34.6572421578  1.90238861072e-22
35.9032861837  1.90571942049e-22
37.1941296691  1.90834418408e-22
38.5313833047  1.91028511814e-22
39.9167156909  1.91156365555e-22
41.35185542  1.91220047861e-22
42.8385932329  1.91221555165e-22
44.3787842538  1.91162815308e-22
45.9743503045  1.91045690696e-22
47.627282303  1.90871981405e-22
49.3396427475  1.90643428259e-22
51.1135682897  1.90361715864e-22
52.9512724014  1.90028475624e-22
54.8550481358  1.89645288725e-22
56.8272709893  1.89213689115e-22
58.8704018652  1.88735166466e-22
60.9869901447  1.88211169137e-22
63.1796768676  1.8764310714e-22
65.4511980279  1.8703235511e-22
67.8043879881  1.86380255295e-22
70.2421830153  1.85688120563e-22
72.767624945  1.84957237439e-22
75.3838649774  1.84188869166e-22
78.0941676085  1.83384258811e-22
80.9019147041  1.82544632405e-22
83.8106097193  1.81671202134e-22
86.8238820702  1.80765169571e-22
89.9454916625  1.79827728965e-22
93.1793335833  1.78860070579e-22
96.5294429608  1.77863384076e-22
100  1.76838861962e-22
103.595335198  1.75787703067e-22
107.319934748  1.74711116072e-22
111.178446136  1.73610323069e-22
115.175683943  1.72486563131e-22
119.316635847  1.71341095901e-22
123.606468853  1.70175205161e-22
128.050535734  1.68990202363e-22
132.654381717  1.67787430103e-22
137.423751394  1.66568265492e-22
142.364595899  1.65334123399e-22
147.483080324  1.64086459503e-22
152.785591422  1.62826773128e-22
158.278745568  1.61556609773e-22
163.969397019  1.60277563302e-22
169.864646463  1.58991277694e-22
175.971849887  1.57699448301e-22
182.298627744  1.56403822509e-22
188.852874473  1.55106199721e-22
195.642768341  1.53808430576e-22
202.676781654  1.52512415297e-22
209.963691323  1.51220101081e-22
217.51258982  1.49933478439e-22
225.332896521  1.48654576404e-22
233.434369463  1.47385456527e-22
241.827117512  1.46128205611e-22
250.521612986  1.44884927133e-22
259.528704717  1.43657731352e-22
268.859631586  1.42448724106e-22
278.526036554  1.41259994347e-22
288.539981181  1.40093600511e-22
298.913960685  1.38951555838e-22
309.660919525  1.37922605925e-22
320.794267559  1.36833148658e-22
332.327896774  1.35773736621e-22
344.276198619  1.34746032987e-22
356.654081967  1.33751574202e-22
369.476991711  1.32791754079e-22
382.760928042  1.31867808828e-22
396.522466412  1.30980803382e-22
410.778778215  1.30131619386e-22
425.547652214  1.29320945178e-22
440.847516738  1.28549268069e-22
456.697462677  1.27816869181e-22
473.117267301  1.27123821039e-22
490.127418939  1.26469988065e-22
507.749142548  1.25855030048e-22
526.004426187  1.25278408619e-22
544.916048465  1.24739396688e-22
564.507606954  1.24237090772e-22
584.803547643  1.23770426138e-22
605.82919543  1.23338194656e-22
627.610785733  1.22939065369e-22
650.175497219  1.22571607894e-22
673.551485719  1.22234319065e-22
697.767919361  1.21925653868e-22
722.855014966  1.21644063293e-22
748.84407575  1.21388047228e-22
775.767530383  1.21164603559e-22
803.658973457  1.20985273133e-22
832.553207402  1.20849566548e-22
862.486285909  1.20756751708e-22
893.495558925  1.20231896991e-22
925.619719247  1.20260368182e-22
958.898850812  1.20325438653e-22
993.374478709  1.20427488043e-22
1029.08962099  1.20566797197e-22
1066.08884235  1.20743546208e-22
1104.41830974  1.20957813332e-22
1144.12584997  1.21209574801e-22
1185.26100936  1.21498705527e-22
1227.87511562  1.21824980696e-22
1272.02134183  1.22188078212e-22
1317.75477286  1.22587581949e-22
1365.13247404  1.23022985752e-22
1414.21356237  1.24875551131e-22
1465.05928036  1.25991378233e-22
1517.73307233  1.27018717466e-22
1572.30066369  1.27966829502e-22
1628.83014287  1.28843908704e-22
1687.39204632  1.29657255625e-22
1748.05944649  1.30413414843e-22
1810.90804305  1.31118286099e-22
1876.01625732  1.31777214623e-22
1943.46533014  1.32395065073e-22
2013.33942322  1.32976282472e-22
2085.72572415  1.33524942717e-22
2160.71455525  1.34044794691e-22
2238.39948618  1.34539295533e-22
2318.87745078  1.34805401237e-22
2402.24886796  1.35177974558e-22
2488.61776706  1.35514150986e-22
2578.09191758  1.35816510147e-22
2670.78296373  1.36087425325e-22
2766.80656368  1.3632908599e-22
2866.28253393  1.36543517257e-22
2969.33499874  1.36732596772e-22
3076.0925451  1.36898069393e-22
3186.68838309  1.37041560008e-22
3301.26051218  1.37164584742e-22
3419.95189335  1.37268560788e-22
3542.91062753  1.37354815046e-22
3670.29014035  1.37424591731e-22
3802.24937364  1.3747905908e-22
3938.95298368  1.37519315293e-22
4080.57154674  1.37546393779e-22
4227.28177184  1.37561267825e-22
4379.2667213  1.3756485474e-22
4536.71603914  1.37558019551e-22
4699.82618773  1.37541578306e-22
4868.8006929  1.37516301036e-22
5043.85039793  1.37482914414e-22
5225.19372662  1.37442104162e-22
5413.05695583  1.37394517226e-22
5607.67449785  1.37340763761e-22
5809.28919286  1.37281418942e-22
6018.15261197  1.3721702464e-22
6234.52537109  1.37148090957e-22
6458.67745619  1.37075097673e-22
6690.88856009  1.36998495585e-22
6931.44843155  1.36918707775e-22
7180.65723674  1.36836130812e-22
7438.82593382  1.36751135894e-22
7706.27666093  1.36664069939e-22
7983.34313818  1.36575256639e-22
8270.371084  1.36484997472e-22
8567.71864659  1.36393572687e-22
8875.75685075  1.36301242257e-22
9194.87006089  1.36208246809e-22
9525.4564606  1.36114808528e-22
9867.9285495  1.36021132044e-22
10222.7136579  1.35927405291e-22
10590.2544803  1.35833800358e-22
10971.0096272  1.35740474305e-22
11365.4541979  1.35647569974e-22
11774.080373  1.3555521677e-22
12197.3980289  1.35463531426e-22
12635.9353735  1.35372618748e-22
13090.2396056  1.35282572336e-22
13560.8775976  1.35193475282e-22
14048.4366031  1.35105400855e-22
14553.524989  1.35018413147e-22
15076.7729955  1.34932567708e-22
15618.8335217  1.34847912157e-22
16180.3829408  1.34764486755e-22
16762.1219439  1.34682324973e-22
17364.776414  1.34601454016e-22
17989.0983325  1.34521895338e-22
18635.8667167  1.34443665118e-22
19305.8885922  1.34366774725e-22
20000  1.34291231145e-22

