0.5 20 151
151
0.5  0
0.512448710082  2.2838577799e-42
0.52520736093  4.62457772654e-42
0.538283669269  7.02357556117e-42
0.55168554395  9.48230225288e-42
0.565421090737  1.20022448961e-41
0.579498617203  1.45849276101e-41
0.59392663776  1.72319124608e-41
0.608713878807  1.99448004054e-41
0.623869284008  2.27252322611e-41
0.6394020197  2.5574889697e-41
0.655321480438  2.84954962513e-41
0.67163729468  3.14888183742e-41
0.688359330604  3.45566664956e-41
0.705497702082  3.77008961208e-41
0.723062774796  4.0923408952e-41
0.741065172505  4.42261540391e-41
0.759515783475  4.76111289584e-41
0.778425767058  5.10803810205e-41
0.797806560447  5.46360085088e-41
0.817669885593  5.82801619486e-41
0.83802775629  6.20150454078e-41
0.858892485448  6.58429178298e-41
0.880276692535  6.97660943998e-41
0.90219331121  7.37869479452e-41
0.924655597149  7.79079103707e-41
0.947677136058  8.21314741293e-41
0.971271851895  8.64601937293e-41
0.995454015286  1.0578584093e-35
1.02023825216  1.82871438821e-33
1.04563955259  4.123958112e-33
1.07167327987  6.47634748318e-33
1.0983551798  8.88730528091e-33
1.1257013902  1.13582897079e-32
1.15372845069  1.38907952725e-32
1.18245331269  1.64863536921e-32
1.21189334964  1.91465348203e-32
1.24206636756  2.18729475957e-32
1.27299061578  2.46672410155e-32
1.30468479801  2.75311051327e-32
1.33716808361  3.04662720781e-32
1.37046011922  3.34745171082e-32
1.40458104063  3.65576596788e-32
1.43955148495  3.97175645454e-32
1.47539260312  4.29561428911e-32
1.51212607267  4.62753534826e-32
1.54977411084  4.96772038549e-32
1.58835948804  5.31637515251e-32
1.62790554158  5.67371052377e-32
1.66843618984  6.03994262391e-32
1.70997594668  6.41529295851e-32
1.75254993629  6.79998854811e-32
1.79618390842  7.19426206544e-32
1.84090425388  7.59835197619e-32
1.88673802057  8.01250268323e-32
1.93371292981  8.43696467444e-32
1.9818573931  8.87199467419e-32
2.03120052932  1.73909167958e-29
2.08177218234  4.54326779368e-29
2.13360293905  7.41726065871e-29
2.18672414789  1.03628085317e-28
2.24116793778  1.33816929476e-28
2.29696723759  1.64757397973e-28
2.35415579601  1.96468204314e-28
2.41276820199  2.28968527924e-28
2.47283990568  2.62278025747e-28
2.53440723981  2.96416844132e-28
2.59750744173  3.31405631023e-28
2.66217867588  3.67265548442e-28
2.72846005693  4.04018285292e-28
2.79639167337  4.41686070474e-28
2.86601461181  4.8029168633e-28
2.9373709818  5.19858482424e-28
3.01050394131  1.38404183961e-27
3.08545772284  6.75432279855e-27
3.16227766017  1.23274105952e-26
3.24101021575  1.80392539003e-26
3.32170300885  2.38933073681e-26
3.40440484432  2.98931116648e-26
3.48916574214  3.60422956099e-26
3.57603696765  4.23445783714e-26
3.66507106256  4.88037717148e-26
3.75632187674  5.54237823088e-26
3.84984460077  6.2208614088e-26
3.94569579937  6.91623706748e-26
4.04393344553  1.38071130713e-25
4.14461695564  2.86962710933e-25
4.2478072254  4.39561307385e-25
4.35356666667  5.9595921521e-25
4.46195924519  7.56251027458e-25
4.57305051927  9.20533692305e-25
4.68690767949  1.08890657168e-24
4.80359958925  1.26147150139e-24
4.92319682653  1.43833285265e-24
5.04577172647  1.97165000557e-24
5.1713984252  3.12368326466e-24
5.30015290463  4.30439917984e-24
5.43211303844  5.51451187526e-24
5.56735863914  6.7547532549e-24
5.70597150638  8.02587344528e-24
5.84803547643  9.32864124911e-24
5.99363647282  1.07431346676e-23
6.1428625584  1.37731727971e-23
6.29580398853  1.7039389979e-23
6.4525532657  2.03869275424e-23
6.6132051955  2.3817810155e-23
6.77785694388  2.73341128936e-23
6.94660809603  3.09379624988e-23
7.11956071652  3.50586214974e-23
7.29681941106  3.94773439609e-23
7.47849138981  4.40060812142e-23
7.66468653214  4.86475723417e-23
7.85551745316  5.3404624624e-23
8.0510995718  5.81144764848e-23
8.25155118063  6.24615923493e-23
8.45699351738  6.69169401839e-23
8.66755083831  7.14832146856e-23
8.88335049333  7.61631776422e-23
9.10452300303  8.0547712498e-23
9.33120213764  8.45702244132e-23
9.5635249979  8.86928864977e-23
9.80163209803  9.29181922323e-23
10.0456674507  9.70791069283e-23
10.295778654  1.00616979133e-22
10.5521169811  1.04238447553e-22
10.8148374712  1.07950081194e-22
11.0840990237  1.11542810161e-22
11.3600644943  1.14748149101e-22
11.6429007931  1.18033292712e-22
11.9327789861  1.21399816704e-22
12.2298743982  1.24383196735e-22
12.5343667197  1.27300233174e-22
12.8464401144  1.30289896296e-22
13.1662833315  1.33079959386e-22
13.4940898196  1.35680120449e-22
13.8300578436  1.38345018816e-22
14.1743906047  1.40882692705e-22
14.5272963631  1.43290215789e-22
14.8889885645  1.45757679987e-22
15.2596859686  1.48026632023e-22
15.6396127818  1.50238186003e-22
16.0289987924  1.52468873183e-22
16.4280795102  1.5445970245e-22
16.8370963082  1.56488834785e-22
17.2562965694  1.58412915263e-22
17.6859338356  1.6028355592e-22
18.1262679613  1.6213346988e-22
18.5775652707  1.63857876899e-22
19.0400987189  1.6559695233e-22
19.5141480567  1.67164061255e-22
20  1.68763e-22

