0.05 20000 351
351
0.05  0
0.0518771238405  3.26508422521e-39
0.0538247195593  6.65274779923e-39
0.0558454328452  1.01675926544e-38
0.0579420087128  1.38143934911e-38
0.0601172952312  1.75981042636e-38
0.0623742473934  2.152386491e-38
0.0647159311297  2.55970083345e-38
0.0671455274734  2.98230676515e-38
0.0696663368815  3.42077837024e-38
0.0722817837184  3.8757112854e-38
0.0749954209075  4.34772350898e-38
0.0778109347578  4.83745624052e-38
0.0807321499715  5.34557475177e-38
0.0837630348397  5.87276929045e-38
0.0869077066328  6.41975601787e-38
0.0901704371937  6.98727798182e-38
0.093555658741  7.57610612594e-38
0.0970679698898  8.18704033701e-38
0.100712141898  4.90297060418e-34
0.10449312515  3.09297518425e-33
0.108416055878  5.7933642912e-33
0.112486263142  8.59513269357e-33
0.116709276067  1.15020864212e-32
0.121090831358  1.45181743918e-32
0.125636881086  1.7647493775e-32
0.130353600781  2.08942955586e-32
0.135247397815  2.42629903229e-32
0.140324920111  2.77581542323e-32
0.14559306517  3.13845352517e-32
0.151058989443  3.51470595964e-32
0.156730118052  3.90508384241e-32
0.162614154874  4.31011747779e-32
0.168719093012  4.73035707903e-32
0.175053225649  5.16637351576e-32
0.181625157314  5.61875908945e-32
0.188443815571  6.08812833805e-32
0.195518463147  6.57511887078e-32
0.202858710516  7.46314596125e-29
0.210474528951  2.73271860467e-28
0.218376264073  4.79369713965e-28
0.226574649903  6.93204991349e-28
0.235080823443  9.15068174674e-28
0.243906339806  1.14526065142e-27
0.253063187912  1.38409512388e-27
0.262563806776  1.63189603398e-27
0.272421102403  1.88900000401e-27
0.282648465323  2.15575629387e-27
0.293259788778  2.43252727555e-27
0.304269487597  2.7196889254e-27
0.315692517779  3.01763133482e-27
0.327544396807  3.32675924025e-27
0.339841224729  3.64749257289e-27
0.352599706028  3.98026702924e-27
0.365837172315  4.3255346629e-27
0.379571605873  4.68376449869e-27
0.393821664084  5.05544316978e-27
0.408606704776  5.44107557876e-27
0.423946812514  5.84118558351e-27
0.439862825892  6.25631670884e-27
0.456376365833  6.68703288482e-27
0.473509864964  7.13391921284e-27
0.491286598089  7.59758276047e-27
0.509730713805  4.25567879921e-26
0.528867267308  1.10861085477e-25
0.548722254427  1.81729695467e-25
0.569322646939  2.55258888604e-25
0.59069642921  3.31548549769e-25
0.612872636205  4.1070231377e-25
0.635881392938  4.92827706119e-25
0.659753955386  5.78036289107e-25
0.684522752957  6.66443813346e-25
0.710221432536  7.58170375013e-25
0.736884904198  8.53340578994e-25
0.764549388626  9.52083708152e-25
0.793252466319  1.05453389895e-24
0.823033128641  1.16083032365e-24
0.853931830787  1.27111737942e-24
0.885990546742  1.38554488442e-24
0.919252826298  1.50426828137e-24
0.953763854212  1.6274488487e-24
0.989570511591  1.75525391962e-24
1.02672143958  2.66313183939e-24
1.06526710541  3.91904676741e-24
1.10525987101  5.22211185249e-24
1.14675406409  6.57409722832e-24
1.18980605195  7.97683948376e-24
1.23447431806  9.4322441578e-24
1.28081954152  1.09422883281e-23
1.32890467946  1.25090232966e-23
1.37879505257  1.41345773763e-23
1.43055843386  1.58211587824e-23
1.48426514069  1.75710586318e-23
1.53998813031  1.93866540557e-23
1.59780309898  2.12704114287e-23
1.65778858478  2.32248897192e-23
1.72002607428  2.52527439656e-23
1.78460011328  2.73567288831e-23
1.85159842165  2.95397026055e-23
1.92111201246  3.18046305682e-23
1.99323531564  3.41545895365e-23
2.06806630625  3.6775045185e-23
2.1457066376  3.95126743244e-23
2.22626177928  4.23530808423e-23
2.30984116051  4.53001232559e-23
2.39655831871  4.83578049411e-23
2.48653105382  5.153027957e-23
2.57988158824  5.48218567541e-23
2.67673673294  5.82370078983e-23
2.77722805967  6.17803722752e-23
2.8814920797  6.54567633269e-23
2.98967042928  6.92711752045e-23
3.10191006204  7.14891552386e-23
3.21836344861  7.36074551503e-23
3.33918878375  7.58052812872e-23
3.46455020123  7.80856192609e-23
3.59461799682  8.04515667702e-23
3.72956885961  8.29063378089e-23
3.86958611204  8.54532670324e-23
4.01485995891  8.79739757009e-23
4.16558774582  8.94798955126e-23
4.32197422717  9.10423512839e-23
4.48423184437  9.26634655148e-23
4.6525810144  9.4345440389e-23
4.82725042924  9.6090560766e-23
5.00847736654  9.78740909896e-23
5.19650801193  9.9151477179e-23
5.39159779346  1.0047681961e-22
5.5940117286  1.01851918678e-22
5.8040247842  1.03278642371e-22
6.02192225006  1.04696680577e-22
6.24800012649  1.055905925e-22
6.48256552635  1.06518064091e-22
6.7259370923  1.07480355263e-22
6.97844542962  1.08478773229e-22
7.24043355533  1.09035490202e-22
7.51225736418  1.09568536691e-22
7.79428611207  1.10121595066e-22
8.08690291769  1.10624590744e-22
8.39050528295  1.10972519054e-22
8.70550563296  1.11333509455e-22
9.03233187631  1.11700519003e-22
9.37142798632  1.12010113752e-22
9.72325460418  1.12331331454e-22
10.0882896647  1.12648981193e-22
10.4670290455  1.12927733377e-22
10.8599872407  1.13216950609e-22
11.2676980598  1.13432968581e-22
11.690715353  1.13611481879e-22
12.129613763  1.13752239487e-22
12.5849895064  1.13788214171e-22
13.0574611831  1.13813989736e-22
13.5476706168  1.13754184185e-22
14.0562837268  1.1368616731e-22
14.5839914326  1.13565849953e-22
15.1315105928  1.13436544225e-22
15.6995849783  1.13287708736e-22
16.2889862833  1.13132129649e-22
16.9005151731  1.12969462964e-22
17.5350023721  1.12804434386e-22
18.193309792  1.1324970836e-22
18.876331703  1.1521265953e-22
19.5849959482  1.17184965038e-22
20.3202652044  1.19155813567e-22
21.0831382897  1.21113939597e-22
21.87465152  1.23047588386e-22
22.6958801174  1.2494447949e-22
23.5479396704  1.26791768754e-22
24.4319876495  1.27508663466e-22
25.3492249792  1.27052133307e-22
26.3008976702  1.26572342612e-22
27.2882985111  1.2606989418e-22
28.3127688251  1.25545367504e-22
29.3757002922  1.24999319859e-22
30.4785368392  1.24432287377e-22
31.6227766017  1.23844786117e-22
32.8099739589  1.23237313114e-22
34.0417416454  1.22610347437e-22
35.3197529418  1.21964351225e-22
36.6457439475  1.21299770735e-22
38.0215159399  1.20617037385e-22
39.4489378204  1.19916568802e-22
40.9299486537  1.19198769872e-22
42.4665603019  1.18464033804e-22
44.0608601572  1.17712743205e-22
45.715013978  1.16945271171e-22
47.4312688301  1.16161982389e-22
49.2119561403  1.15363234273e-22
51.0594948625  1.14549378115e-22
52.9763947643  1.13720760269e-22
54.9652598363  1.12877723362e-22
57.028791829  1.1202060755e-22
59.1697939238  1.11149751803e-22
61.3911745401  1.10265495234e-22
63.6959512866  1.09368178483e-22
66.0872550608  1.08458145138e-22
68.5683343013  1.07535743215e-22
71.1425594018  1.06601326693e-22
73.8134272884  1.05655257108e-22
76.5845661707  1.04697905204e-22
79.4597404702  1.03729652646e-22
82.4428559342  1.02750893806e-22
85.5379649413  1.01762037597e-22
88.7492720065  1.00763509383e-22
92.0811394928  9.97557529415e-23
95.5380935369  9.87392324912e-23
99.124830198  9.77144347659e-23
102.846221837  9.66818711383e-23
106.707323735  9.564207978e-23
110.713380962  9.4595627846e-23
114.8698355  9.35431136712e-23
119.182333635  9.24851689582e-23
123.656733632  9.14224609381e-23
128.299113687  9.0355694475e-23
133.115780187  8.92856140875e-23
138.113276278  8.82130058499e-23
143.29839075  8.71386991344e-23
148.678167262  8.60635681488e-23
154.259913908  8.49885332187e-23
160.051213149  8.39145617587e-23
166.059932107  8.28426688718e-23
172.294233257  8.177391751e-23
178.762585514  8.07094181283e-23
185.473775735  7.96503277584e-23
192.43692066  7.85978484278e-23
199.661479291  7.75532248525e-23
207.157265748  7.65177413307e-23
214.934462593  7.54927177727e-23
223.003634671  7.44795048098e-23
231.375743454  7.34794779368e-23
240.062161937  7.24940306584e-23
249.074690085  7.15245666294e-23
258.425570861  7.05724908014e-23
268.127506863  6.96391996171e-23
278.193677571  6.87260703209e-23
288.63775726  6.78344494907e-23
299.473933569  6.69656409262e-23
310.716926775  6.61773365157e-23
322.382009794  6.53564127849e-23
334.48502892  6.45618975898e-23
347.042425362  6.37947898416e-23
360.071257569  6.30559826865e-23
373.589224406  6.23462521662e-23
387.6146892  6.16662469513e-23
402.166704681  6.10164794201e-23
417.265038865  6.03973183404e-23
432.930201911  5.98089833766e-23
449.183473977  5.92515416099e-23
466.046934132  5.87249062117e-23
483.543490349  5.82288373626e-23
501.696910623  5.77629454568e-23
520.531855256  5.73266965872e-23
540.073910361  5.69194202617e-23
560.349622617  5.65403192749e-23
581.386535329  5.61884816438e-23
603.21322585  5.58628945311e-23
625.859344393  5.55624601285e-23
649.355654317  5.52860135882e-23
673.734073911  5.50323433266e-23
699.027719757  5.48002145398e-23
725.270951716  5.45883980912e-23
752.499419602  5.4395719397e-23
780.750111613  5.42286488999e-23
810.061404573  5.40931631702e-23
840.473116069  5.39886888401e-23
872.026558539  5.391456998e-23
904.764595392  5.35692694463e-23
938.731699233  5.35786620069e-23
973.974012283  5.3614000627e-23
1010.53940905  5.36755208178e-23
1048.47756138  5.37633940723e-23
1087.84000592  5.38777264989e-23
1128.68021411  5.40185580052e-23
1171.05366488  5.4185862043e-23
1215.01791994  5.43795459209e-23
1260.63270202  5.45994516765e-23
1307.959976  5.48453574924e-23
1357.06403307  5.51169796282e-23
1408.01157806  5.54139748359e-23
1460.87182008  5.69637401084e-23
1515.71656651  5.76392801243e-23
1572.62032056  5.82623682243e-23
1631.66038248  5.88384681967e-23
1692.91695455  5.93724756437e-23
1756.47325006  5.98688021183e-23
1822.41560632  6.03314433407e-23
1890.83360195  6.07640349199e-23
1961.82017861  6.11698981748e-23
2035.47176717  6.15520780445e-23
2111.88841879  6.19133746279e-23
2191.17394078  6.22563695591e-23
2273.43603764  6.24684939677e-23
2358.78645736  6.27324411766e-23
2447.34114324  6.29699307871e-23
2539.22039135  6.31828828752e-23
2634.54901401  6.3373061598e-23
2733.45650928  6.35420923907e-23
2836.07723689  6.36914768104e-23
2942.55060079  6.38226053927e-23
3053.02123849  6.39367688231e-23
3167.63921753  6.40351676709e-23
3286.5602394  6.41189208916e-23
3409.94585098  6.41890732708e-23
3537.96366401  6.42466019542e-23
3670.78758282  6.42924221866e-23
3808.59804053  6.43273923657e-23
3951.58224415  6.43523184995e-23
4099.93442891  6.4367958146e-23
4253.85612214  6.43750239015e-23
4413.55641696  6.43741864969e-23
4579.25225639  6.43660775522e-23
4751.16872804  6.43512920341e-23
4929.53936983  6.43303904571e-23
5114.60648731  6.43039008604e-23
5306.62148276  6.42723205928e-23
5505.84519672  6.42361179308e-23
5712.54826234  6.41957335547e-23
5927.01147301  6.41515819009e-23
6149.52616379  6.41040524104e-23
6380.39460719  6.40535106879e-23
6619.93042377  6.40002995843e-23
6868.45900819  6.39447402155e-23
7126.31797123  6.38871329264e-23
7393.85759841  6.3827758208e-23
7671.44132584  6.37668775761e-23
7959.44623392  6.37047344155e-23
8258.26355958  6.36415547956e-23
8568.29922776  6.35775482614e-23
8889.97440283  6.35129086009e-23
9223.72606069  6.34478145946e-23
9570.00758243  6.33824307442e-23
9929.28937017  6.33169079868e-23
10302.0594861  6.32513843899e-23
10688.8243155  6.31859858325e-23
11090.1092545  6.31208266684e-23
11506.459424  6.30560103744e-23
11938.4404101  6.29916301807e-23
12386.6390323  6.29277696849e-23
12851.6641409  6.28645034484e-23
13334.1474439  6.28018975739e-23
13834.7443651  6.27400102649e-23
14354.1349346  6.26788923651e-23
14893.0247126  6.26185878781e-23
15452.1457475  6.25591344676e-23
16032.2575709  6.25005639355e-23
16634.148229  6.24429026803e-23
17258.6353531  6.23861721336e-23
17906.5672706  6.23303891759e-23
18578.8241571  6.22755665305e-23
19276.3192322  6.22217131372e-23
20000  6.21688345042e-23

