1 20 101
101
1  0
1.03041055791  4.92921692128e-37
1.06174591785  1.00083340792e-36
1.09403420358  1.52419100236e-36
1.12730439408  2.06346419323e-36
1.16158634964  2.6191369827e-36
1.1969108386  3.19170809172e-36
1.23330956497  3.78169140761e-36
1.27081519692  4.38961644529e-36
1.30946139606  5.01602882254e-36
1.34928284767  5.66149074966e-36
1.39031529185  6.32658153409e-36
1.43259555555  7.01189810034e-36
1.47616158565  7.71805552572e-36
1.52105248304  8.44568759237e-36
1.56730853766  9.19544735613e-36
1.61497126471  9.9680077326e-36
1.66408344188  1.07640621011e-35
1.71468914776  1.15843249272e-35
1.76683380139  1.24295324033e-35
1.82056420303  1.33004431104e-35
1.87592857615  1.4197838698e-35
1.93297661076  1.51225245861e-35
1.99175950792  1.03240468264e-33
2.05233002578  6.54231832095e-32
2.11474252688  1.43432180824e-31
2.17905302696  2.23813475578e-31
2.24531924523  3.06639210351e-31
2.31360065617  3.91983721928e-31
2.3839585429  4.79923607716e-31
2.45645605223  5.70537794494e-31
2.53115825126  6.63907609247e-31
2.60813218585  7.60116852158e-31
2.68744694072  8.59251871823e-31
2.76917370155  9.61401642744e-31
2.85338581877  1.06665784519e-30
2.94015887345  1.17511494747e-30
3.02957074514  2.35279206354e-29
3.12170168173  9.29375339364e-29
3.21663437151  1.64457932302e-28
3.31445401734  2.38153305884e-28
3.41524841318  3.14089796893e-28
3.51910802283  3.92335558958e-28
3.62612606115  4.72960818303e-28
3.73639857773  5.56037936765e-28
3.85002454306  6.4164147675e-28
3.96710593738  7.29848268145e-28
4.08774784223  4.89687833232e-27
4.21205853471  1.07651224455e-26
4.34014958471  1.68118231362e-26
4.472135955  2.30424073684e-26
4.60813610445  2.94624671432e-26
4.74827209431  3.60777645176e-26
4.89266969782  4.28942367759e-26
5.041458513  8.16399800798e-26
5.19477207907  2.06185206018e-25
5.35274799621  3.34517921763e-25
5.51552804914  4.66753306991e-25
5.68325833429  6.0301004406e-25
5.85608939099  7.43410424523e-25
6.03417633655  1.05556654391e-24
6.21767900547  2.07959879105e-24
6.40676209294  3.13870665558e-24
6.6015953026  4.23002258115e-24
6.80235349885  5.35452603287e-24
7.00921686386  6.708276956e-24
7.22237105921  1.00569842338e-23
7.44200739256  1.36081523259e-23
7.66832298935  1.7267313421e-23
7.9015209697  2.10377516465e-23
8.14181063074  2.58377139241e-23
8.38940763443  3.14382838684e-23
8.64453420113  3.72091702694e-23
8.90741930907  4.31555525455e-23
9.17829889981  4.91853112284e-23
9.45741609003  5.5346295671e-23
9.74502138973  6.16946390878e-23
10.041372927  6.81048973504e-23
10.34673668  7.39772381996e-23
10.661386715  8.00158726648e-23
10.9856054331  8.61953546344e-23
11.3196838233  9.17065767841e-23
11.6639217237  9.72975510679e-23
12.0186280908  1.0297381793e-22
12.3841212763  1.08018077365e-22
12.7607293136  1.13177230867e-22
13.1487902114  1.18183942256e-22
13.5486522576  1.22830339233e-22
13.9606743317  1.27598052611e-22
14.3852262269  1.31834807975e-22
14.8226889821  1.36104444466e-22
15.2734552238  1.40135578798e-22
15.7379295184  1.44043201038e-22
16.2165287354  1.47814152343e-22
16.7096824217  1.51381132956e-22
17.2178331866  1.54837011587e-22
17.7414370999  1.58096445947e-22
18.2809641002  1.61254393156e-22
18.8368984177  1.6431814718e-22
19.4097390079  1.67220623748e-22
20  1.70107e-22

