2 20 101
101
2  0
2.04658598456  9.88554592395e-38
2.0942570961  2.00013557928e-37
2.14303861048  3.03527931428e-37
2.19295639229  4.09453464432e-37
2.2440369086  5.17846320058e-37
2.29630724299  6.28763969633e-37
2.34979510988  7.42265223163e-37
2.40452886923  8.58410260516e-37
2.46053754162  9.77260663328e-37
2.51785082359  1.09887944765e-36
2.57649910339  1.22333109739e-36
2.63651347711  1.35068159843e-36
2.69792576518  1.48099847372e-36
2.76076852921  1.61435081897e-36
2.82507508925  1.75080933938e-36
2.89087954149  1.89044638705e-36
2.95821677634  2.03333599939e-36
3.02712249687  7.1535356681e-34
3.09763323782  2.56955181718e-33
3.16978638492  4.46693989308e-33
3.24362019472  6.40852381479e-33
3.31917381488  8.3953330358e-33
3.39648730492  1.04284209887e-32
3.4756016575  1.25088656435e-32
3.55655882008  1.46377700796e-32
3.63940171722  1.68162630704e-32
3.72417427333  1.90454996815e-32
3.81092143593  2.13266618839e-32
3.89968919952  2.36609591798e-32
3.99052462994  5.45554344165e-32
4.08347588934  1.16911721558e-30
4.17859226171  2.471298514e-30
4.275924179  3.80381151135e-30
4.3755232479  5.16736272367e-30
4.47744227714  6.56267512384e-30
4.58173530554  7.99048852499e-30
4.68845763064  9.45155997266e-30
4.79766583804  1.09466641463e-29
4.90941783137  1.24765937699e-29
5.02377286302  4.25030625336e-29
5.14079156554  1.82223549826e-28
5.26053598379  3.25540051969e-28
5.38306960785  4.7219482429e-28
5.50845740668  6.2226562509e-28
5.63676586253  7.75832023895e-28
5.76806300625  9.32975443642e-28
5.90241845333  1.09377920385e-27
6.0399034408  2.51154706798e-27
6.18059086503  7.09839744929e-27
6.32455532034  1.17920893011e-26
6.47187313859  1.6595111281e-26
6.62262242965  2.15100100149e-26
6.77688312278  2.65393914469e-26
6.93473700905  3.16859222219e-26
7.09626778467  7.0908411439e-26
7.2615610954  1.34600618394e-25
7.43070458194  1.99776407433e-25
7.60378792641  2.66470335623e-25
7.78090289989  3.34717764968e-25
7.96214341107  4.05430917406e-25
8.14760555608  7.77216632473e-25
8.33738766941  1.23760676482e-24
8.53159037603  1.70872076097e-24
8.7303166448  2.1908084118e-24
8.93367184302  2.68412532655e-24
9.1417637923  4.09550998256e-24
9.35470282574  5.97381751452e-24
9.57260184645  7.89587644932e-24
9.79557638737  9.86270588805e-24
10.0237446725  1.21391951413e-23
10.2572276798  1.6275034181e-23
10.496149205  2.05561495297e-23
10.7406359274  2.49369848652e-23
10.9908174772  2.94687277075e-23
11.2468265038  3.50211486688e-23
11.5087987467  4.0791506475e-23
11.7768731071  4.66962731811e-23
12.0511917215  5.26829618735e-23
12.3319000372  5.85704127406e-23
12.6191468896  6.459351964e-23
12.9130845807  7.07569227218e-23
13.2138689602  7.65249828983e-23
13.5216595078  8.22032875963e-23
13.8366194184  8.80138570019e-23
14.1589156877  9.35908332953e-23
14.4887192015  9.89095745626e-23
14.826204826  1.04352205229e-22
15.1715515006  1.09592060617e-22
15.5249423326  1.14612330777e-22
15.8865646945  1.1974953805e-22
16.2566103233  1.24592237191e-22
16.6352754221  1.29360388114e-22
17.022760764  1.34183311874e-22
17.4192717991  1.38606497698e-22
17.8250187627  1.43109883247e-22
18.2402167871  1.47409007115e-22
18.6650860159  1.51577823988e-22
19.0998517204  1.55722306454e-22
19.5447444191  1.59548802004e-22
20  1.63464e-22

