1 20 101
101
1  0
1.03041055791  2.1332854322e-37
1.06174591785  4.33144526457e-37
1.09403420358  6.59645236382e-37
1.12730439408  8.93033959264e-37
1.16158634964  1.13352016342e-36
1.1969108386  1.38131968721e-36
1.23330956497  1.63665493277e-36
1.27081519692  1.89975506561e-36
1.30946139606  2.17085622026e-36
1.34928284767  2.45020171229e-36
1.39031529185  2.73804225657e-36
1.43259555555  3.0346361924e-36
1.47616158565  3.34024971529e-36
1.52105248304  3.65515711591e-36
1.56730853766  3.97964102628e-36
1.61497126471  4.31399267339e-36
1.66408344188  4.65851214064e-36
1.71468914776  5.01350863709e-36
1.76683380139  5.37930077506e-36
1.82056420303  5.75621685602e-36
1.87592857615  6.14459516529e-36
1.93297661076  6.54478427562e-36
1.99175950792  5.64730200117e-34
2.05233002578  3.5903004671e-32
2.11474252688  7.87151085188e-32
2.17905302696  1.2282915233e-31
2.24531924523  1.68284728825e-31
2.31360065617  2.15122634762e-31
2.3839585429  2.63384907549e-31
2.45645605223  3.13114862978e-31
2.53115825126  3.64357134097e-31
2.60813218585  4.17157711269e-31
2.68744694072  4.71563983451e-31
2.76917370155  5.27624780723e-31
2.85338581877  5.85390418118e-31
2.94015887345  6.44912740774e-31
3.02957074514  1.53916119947e-29
3.12170168173  6.12086988784e-29
3.21663437151  1.08419108936e-28
3.31445401734  1.57065213903e-28
3.41524841318  2.07190674062e-28
3.51910802283  2.5884047743e-28
3.62612606115  3.12060980135e-28
3.73639857773  3.66899948019e-28
3.85002454306  4.23406599511e-28
3.96710593738  4.81631649801e-28
4.08774784223  3.70803509071e-27
4.21205853471  8.25564467264e-27
4.34014958471  1.29415495991e-26
4.472135955  1.77699555087e-26
4.60813610445  2.27451959359e-26
4.74827209431  2.78717362001e-26
4.89266969782  3.3154177414e-26
5.041458513  6.62572109425e-26
5.19477207907  1.74152307642e-25
5.35274799621  2.85328554427e-25
5.51552804914  3.99885732904e-25
5.68325833429  5.17926659092e-25
5.85608939099  6.395572757e-25
6.03417633655  9.15716434132e-25
6.21767900547  1.83280540504e-24
6.40676209294  2.7813265321e-24
6.6015953026  3.75869271582e-24
6.80235349885  4.76578115047e-24
7.00921686386  5.9829786572e-24
7.22237105921  9.03504054473e-24
7.44200739256  1.22725108474e-23
7.66832298935  1.56084344283e-23
7.9015209697  1.90458053063e-23
8.14181063074  2.36191625008e-23
8.38940763443  2.90696639012e-23
8.64453420113  3.46859180901e-23
8.90741930907  4.04729657022e-23
9.17829889981  4.65409830531e-23
9.45741609003  5.28497014333e-23
9.74502138973  5.93502714592e-23
10.041372927  6.59335799249e-23
10.34673668  7.20747317698e-23
10.661386715  7.83918692739e-23
10.9856054331  8.48543952221e-23
11.3196838233  9.05786653599e-23
11.6639217237  9.63811015436e-23
12.0186280908  1.02269186171e-22
12.3841212763  1.07474017756e-22
12.7607293136  1.1279586593e-22
13.1487902114  1.17920226116e-22
13.5486522576  1.2260500985e-22
13.9606743317  1.27411761653e-22
14.3852262269  1.31671298833e-22
14.8226889821  1.35961933537e-22
15.2734552238  1.40033573059e-22
15.7379295184  1.43995538792e-22
16.2165287354  1.47822702734e-22
16.7096824217  1.51447875482e-22
17.2178331866  1.54995519548e-22
17.7414370999  1.58393185341e-22
18.2809641002  1.6170255853e-22
18.8368984177  1.64930869111e-22
19.4097390079  1.67958654682e-22
20  1.70956e-22

