1 20 101
101
1  0
1.03041055791  6.53778338199e-44
1.06174591785  1.32743844041e-43
1.09403420358  2.02158492218e-43
1.12730439408  2.73684078573e-43
1.16158634964  3.47384797913e-43
1.1969108386  4.23326797248e-43
1.23330956497  5.01578235151e-43
1.27081519692  5.82209342938e-43
1.30946139606  6.65292487698e-43
1.34928284767  7.50902237243e-43
1.39031529185  8.39115427034e-43
1.43259555555  9.30011229142e-43
1.47616158565  1.0236712233e-42
1.52105248304  1.12017947014e-42
1.56730853766  1.21962258661e-42
1.61497126471  1.32208982373e-42
1.66408344188  1.4276731467e-42
1.71468914776  1.53646731742e-42
1.76683380139  1.64856997958e-42
1.82056420303  1.76408174623e-42
1.87592857615  1.88310629016e-42
1.93297661076  2.00575043687e-42
1.99175950792  1.47679131592e-38
2.05233002578  9.5025774246e-37
2.11474252688  2.08359997454e-36
2.17905302696  3.25140777621e-36
2.24531924523  4.45472926466e-36
2.31360065617  5.69464443091e-36
2.3839585429  6.97226610914e-36
2.45645605223  8.2887409754e-36
2.53115825126  9.64525057682e-36
2.60813218585  1.1043012392e-35
2.68744694072  1.24832809239e-35
2.76917370155  1.39673488253e-35
2.85338581877  1.54965480596e-35
2.94015887345  1.70722510958e-35
3.02957074514  4.13141527953e-33
3.12170168173  1.69467217888e-32
3.21663437151  3.01517489189e-32
3.31445401734  4.37583482912e-32
3.41524841318  5.77787319417e-32
3.51910802283  7.22254832812e-32
3.62612606115  8.71115683889e-32
3.73639857773  1.0245034765e-31
3.85002454306  1.18255587746e-31
3.96710593738  1.34541474011e-31
4.08774784223  4.54669839838e-30
4.21205853471  1.07908347996e-29
4.34014958471  1.72248588724e-29
4.472135955  2.38545452069e-29
4.60813610445  3.06858440016e-29
4.74827209431  3.77248864039e-29
4.89266969782  4.49779900129e-29
5.041458513  1.87295922399e-28
5.19477207907  6.93650892241e-28
5.35274799621  1.21540439922e-27
5.51552804914  1.75302472143e-27
5.68325833429  2.30699437759e-27
5.85608939099  2.87781056006e-27
6.03417633655  5.95276530663e-27
6.21767900547  1.95499931193e-26
6.40676209294  3.36191343345e-26
6.6015953026  4.81161259833e-26
6.80235349885  6.30539792362e-26
7.00921686386  9.16360020338e-26
7.22237105921  2.53208108183e-25
7.44200739256  4.26498254035e-25
7.66832298935  6.05058249903e-25
7.9015209697  7.89048354866e-25
8.14181063074  1.48936699969e-24
8.38940763443  2.57644238717e-24
8.64453420113  3.69657634368e-24
8.90741930907  4.85077419875e-24
9.17829889981  7.47934461364e-24
9.45741609003  1.0957912376e-23
9.74502138973  1.45422653248e-23
10.041372927  1.855861666e-23
10.34673668  2.45021001126e-23
10.661386715  3.06565918671e-23
10.9856054331  3.70266945598e-23
11.3196838233  4.41597475291e-23
11.6639217237  5.15681258083e-23
12.0186280908  5.91592510151e-23
12.3841212763  6.65772047667e-23
12.7607293136  7.42014085161e-23
13.1487902114  8.17049696653e-23
13.5486522576  8.88526236995e-23
13.9606743317  9.61916111768e-23
14.3852262269  1.02873269749e-22
14.8226889821  1.09633119228e-22
15.2734552238  1.1598917188e-22
15.7379295184  1.22131379952e-22
16.2165287354  1.28088163101e-22
16.7096824217  1.33761896261e-22
17.2178331866  1.39295580189e-22
17.7414370999  1.44568271596e-22
18.2809641002  1.49691124123e-22
18.8368984177  1.54675631213e-22
19.4097390079  1.59425745799e-22
20  1.64162e-22

