0.5 20 151
151
0.5  0
0.512448710082  2.02199418383e-42
0.52520736093  4.09433080643e-42
0.538283669269  6.21826326464e-42
0.55168554395  8.39507616167e-42
0.565421090737  1.0626086084e-41
0.579498617203  1.29126423978e-41
0.59392663776  1.52561280648e-41
0.608713878807  1.76579604792e-41
0.623869284008  2.01195923243e-41
0.6394020197  2.26425124518e-41
0.655321480438  2.52282467817e-41
0.67163729468  2.78783592257e-41
0.688359330604  3.05944526326e-41
0.705497702082  3.33781697584e-41
0.723062774796  3.6231194259e-41
0.741065172505  3.91552517094e-41
0.759515783475  4.21521106467e-41
0.778425767058  4.52235836401e-41
0.797806560447  4.83715283872e-41
0.817669885593  5.15978488373e-41
0.83802775629  5.49044963432e-41
0.858892485448  5.82934708414e-41
0.880276692535  6.17668220616e-41
0.90219331121  6.53266507666e-41
0.924655597149  6.89751100225e-41
0.947677136058  7.27144065014e-41
0.971271851895  7.6546801816e-41
0.995454015286  9.2827684581e-36
1.02023825216  1.60470728388e-33
1.04563955259  3.61879671411e-33
1.07167327987  5.68303177514e-33
1.0983551798  7.7986609638e-33
1.1257013902  9.96696386128e-33
1.15372845069  1.21892519071e-32
1.18245331269  1.4466869192e-32
1.21189334964  1.68011932715e-32
1.24206636756  1.91936359984e-32
1.27299061578  2.16456443771e-32
1.30468479801  2.41587014386e-32
1.33716808361  2.67343271377e-32
1.37046011922  2.9374079272e-32
1.40458104063  3.20795544244e-32
1.43955148495  3.48523889283e-32
1.47539260312  3.7694259858e-32
1.51212607267  4.06068860422e-32
1.54977411084  4.35920291043e-32
1.58835948804  4.66514945275e-32
1.62790554158  4.97871327468e-32
1.66843618984  5.30008402683e-32
1.70997594668  5.62945608163e-32
1.75254993629  5.96702865087e-32
1.79618390842  6.3130059062e-32
1.84090425388  6.66759710262e-32
1.88673802057  7.03101670505e-32
1.93371292981  7.40348451801e-32
1.9818573931  7.78522581862e-32
2.03120052932  1.53900366757e-29
2.08177218234  4.02065941096e-29
2.13360293905  6.56410198011e-29
2.18672414789  9.17086970757e-29
2.24116793778  1.18425392264e-28
2.29696723759  1.45807264238e-28
2.35415579601  1.73870874183e-28
2.41276820199  2.02633195617e-28
2.47283990568  2.32111624652e-28
2.53440723981  2.6232399052e-28
2.59750744173  2.93288566356e-28
2.66217867588  3.25024080247e-28
2.72846005693  3.57549726561e-28
2.79639167337  3.90885177557e-28
2.86601461181  4.25050595284e-28
2.9373709818  4.6006664377e-28
3.01050394131  1.24383141462e-27
3.08545772284  6.11921654185e-27
3.16227766017  1.1178731254e-26
3.24101021575  1.63642148298e-26
3.32170300885  2.16788035689e-26
3.40440484432  2.71257118569e-26
3.48916574214  3.27082341091e-26
3.57603696765  3.84297467633e-26
3.66507106256  4.42937103222e-26
3.75632187674  5.03036714455e-26
3.84984460077  5.64632650962e-26
3.94569579937  6.2776216738e-26
4.04393344553  1.27019053911e-25
4.14461695564  2.66049610604e-25
4.2478072254  4.08541669483e-25
4.35356666667  5.54581413023e-25
4.46195924519  7.04257169417e-25
4.57305051927  8.57659466007e-25
4.68690767949  1.01488108403e-24
4.80359958925  1.17601711474e-24
4.92319682653  1.3411650169e-24
5.04577172647  1.84381736295e-24
5.1713984252  2.93233250689e-24
5.30015290463  4.04794886973e-24
5.43211303844  5.19134120189e-24
5.56735863914  6.36320105337e-24
5.70597150638  7.56423719193e-24
5.84803547643  8.79517603188e-24
5.99363647282  1.01329393394e-23
6.1428625584  1.30222960397e-23
6.29580398853  1.61380188543e-23
6.4525532657  1.93313151289e-23
6.6132051955  2.26041162426e-23
6.77785694388  2.59584016608e-23
6.94660809603  2.93962001323e-23
7.11956071652  3.33855907656e-23
7.29681941106  3.76875883787e-23
7.47849138981  4.2096694634e-23
7.66468653214  4.66155762603e-23
7.85551745316  5.12469663811e-23
8.0510995718  5.58512261113e-23
8.25155118063  6.01573476173e-23
8.45699351738  6.45706804397e-23
8.66755083831  6.90938938637e-23
8.88335049333  7.37297236328e-23
9.10452300303  7.80845387576e-23
9.33120213764  8.20943339733e-23
9.5635249979  8.62039627454e-23
9.80163209803  9.04159106716e-23
10.0456674507  9.45698155382e-23
10.295778654  9.81291273662e-23
10.5521169811  1.01772745981e-22
10.8148374712  1.05507081299e-22
11.0840990237  1.0911328719e-22
11.3600644943  1.12310347166e-22
11.6429007931  1.15587005688e-22
11.9327789861  1.18944849096e-22
12.2298743982  1.21937230706e-22
12.5343667197  1.24868882777e-22
12.8464401144  1.27873525421e-22
13.1662833315  1.30663975486e-22
13.4940898196  1.33250368677e-22
13.8300578436  1.35901156386e-22
14.1743906047  1.38411986567e-22
14.5272963631  1.407796313e-22
14.8889885645  1.43206224279e-22
15.2596859686  1.45454062387e-22
15.6396127818  1.47653078781e-22
16.0289987924  1.49871125111e-22
16.4280795102  1.51850716224e-22
16.8370963082  1.53868396089e-22
17.2562965694  1.55769974503e-22
17.6859338356  1.57610540552e-22
18.1262679613  1.59434934377e-22
18.5775652707  1.61146705072e-22
19.0400987189  1.62875389404e-22
19.5141480567  1.64451344216e-22
20  1.6606e-22

