1 20 101
101
1  0
1.03041055791  3.19417295021e-40
1.06174591785  6.4854824819e-40
1.09403420358  9.8768825727e-40
1.12730439408  1.33714170324e-39
1.16158634964  1.69722222346e-39
1.1969108386  2.0682529932e-39
1.23330956497  2.45056701564e-39
1.27081519692  2.84450742081e-39
1.30946139606  3.25042777348e-39
1.34928284767  3.66869239054e-39
1.39031529185  4.09967666796e-39
1.43259555555  4.54376741771e-39
1.47616158565  5.00136321492e-39
1.52105248304  5.47287475563e-39
1.56730853766  5.95872522534e-39
1.61497126471  6.45935067891e-39
1.66408344188  6.97520043182e-39
1.71468914776  7.50673746351e-39
1.76683380139  8.05443883289e-39
1.82056420303  8.61879610648e-39
1.87592857615  9.20031579963e-39
1.93297661076  9.79951983107e-39
1.99175950792  5.24502493715e-36
2.05233002578  3.36885541405e-34
2.11474252688  7.3866660995e-34
2.17905302696  1.15266606495e-33
2.24531924523  1.57925547434e-33
2.31360065617  2.01881770568e-33
2.3839585429  2.47174726971e-33
2.45645605223  2.93845067448e-33
2.53115825126  3.41934679016e-33
2.60813218585  3.91486722502e-33
2.68744694072  4.42545671276e-33
2.76917370155  4.95157351168e-33
2.85338581877  5.49368981599e-33
2.94015887345  6.05229217956e-33
3.02957074514  3.99422742202e-31
3.12170168173  1.62381179347e-30
3.21663437151  2.88543519888e-30
3.31445401734  4.18542527593e-30
3.41524841318  5.5249487765e-30
3.51910802283  6.90520793405e-30
3.62612606115  8.32744154265e-30
3.73639857773  9.79292606877e-30
3.85002454306  1.13029767969e-29
3.96710593738  1.28589490102e-29
4.08774784223  1.84640776264e-28
4.21205853471  4.2738150718e-28
4.34014958471  6.77504119151e-28
4.472135955  9.35233099298e-28
4.60813610445  1.20079976152e-27
4.74827209431  1.47444245411e-27
4.89266969782  1.75640677364e-27
5.041458513  4.65940075367e-27
5.19477207907  1.46196327453e-26
5.35274799621  2.48827609488e-26
5.51552804914  3.54579966068e-26
5.68325833429  4.63548310812e-26
5.85608939099  5.75830443715e-26
6.03417633655  9.60356453847e-26
6.21767900547  2.48396062262e-25
6.40676209294  4.06021320836e-25
6.6015953026  5.68440051464e-25
6.80235349885  7.35798026306e-25
7.00921686386  9.86516420253e-25
7.22237105921  2.02888565196e-24
7.44200739256  3.1433331463e-24
7.66832298935  4.29167161071e-24
7.9015209697  5.47493168848e-24
8.14181063074  8.01800908528e-24
8.38940763443  1.15857036386e-23
8.64453420113  1.52618937737e-23
8.90741930907  1.90498789019e-23
9.17829889981  2.41500006814e-23
9.45741609003  3.00456256201e-23
9.74502138973  3.61205398024e-23
10.041372927  4.24078846099e-23
10.34673668  4.90411654447e-23
10.661386715  5.58787624253e-23
10.9856054331  6.28936664258e-23
11.3196838233  6.95090728339e-23
11.6639217237  7.62627794741e-23
12.0186280908  8.3136624828e-23
12.3841212763  8.9410008332e-23
12.7607293136  9.5835431038e-23
13.1487902114  1.02083832534e-22
13.5486522576  1.07905144161e-22
13.9606743317  1.13881124437e-22
14.3852262269  1.19282467633e-22
14.8226889821  1.2474069043e-22
15.2734552238  1.29867485776e-22
15.7379295184  1.34817852807e-22
16.2165287354  1.39595269332e-22
16.7096824217  1.44114529712e-22
17.2178331866  1.48531388984e-22
17.7414370999  1.52753207336e-22
18.2809641002  1.56830878363e-22
18.8368984177  1.60774120476e-22
19.4097390079  1.64517682357e-22
20  1.68244e-22

