1 20 101
101
1  0
1.03041055791  1.43973616636e-39
1.06174591785  2.92325551278e-39
1.09403420358  4.4518895102e-39
1.12730439408  6.02701012033e-39
1.16158634964  7.65003102698e-39
1.1969108386  9.32240890491e-39
1.23330956497  1.10456447271e-38
1.27081519692  1.28212851122e-38
1.30946139606  1.46509237119e-38
1.34928284767  1.65362026423e-38
1.39031529185  1.84788139567e-38
1.43259555555  2.0480501165e-38
1.47616158565  2.25430607981e-38
1.52105248304  2.46683440204e-38
1.56730853766  2.68582582911e-38
1.61497126471  2.91147690767e-38
1.66408344188  3.14399016141e-38
1.71468914776  3.38357427292e-38
1.76683380139  3.63044427093e-38
1.82056420303  3.88482172331e-38
1.87592857615  4.14693493594e-38
1.93297661076  4.4170191576e-38
1.99175950792  1.59911490236e-35
2.05233002578  1.02614247731e-33
2.11474252688  2.2499363266e-33
2.17905302696  3.51094642962e-33
2.24531924523  4.8103045534e-33
2.31360065617  6.14917688266e-33
2.3839585429  7.52876506642e-33
2.45645605223  8.95030729653e-33
2.53115825126  1.0415079419e-32
2.60813218585  1.19243960788e-32
2.68744694072  1.34796119004e-32
2.76917370155  1.50821227028e-32
2.85338581877  1.67333667527e-32
2.94015887345  1.84348260555e-32
3.02957074514  9.68503598339e-31
3.12170168173  3.92489246714e-30
3.21663437151  6.97118677085e-30
3.31445401734  1.01101205839e-29
3.41524841318  1.33445111254e-29
3.51910802283  1.66772612879e-29
3.62612606115  2.01113622421e-29
3.73639857773  2.36498961223e-29
3.85002454306  2.72960387919e-29
3.96710593738  3.10530626944e-29
4.08774784223  3.78874155693e-28
4.21205853471  8.70130296709e-28
4.34014958471  1.37632581105e-27
4.472135955  1.8979150134e-27
4.60813610445  2.43536603438e-27
4.74827209431  2.98916124077e-27
4.89266969782  3.55979766835e-27
5.041458513  8.66640090689e-27
5.19477207907  2.59821026649e-26
5.35274799621  4.38243845739e-26
5.51552804914  6.22092602302e-26
5.68325833429  8.11532302124e-26
5.85608939099  1.00673296891e-25
6.03417633655  1.61228369443e-25
6.21767900547  3.93223261106e-25
6.40676209294  6.33223209618e-25
6.6015953026  8.80521690464e-25
6.80235349885  1.13534065608e-24
7.00921686386  1.50052694814e-24
7.22237105921  2.90472637059e-24
7.44200739256  4.40456798198e-24
7.66832298935  5.95002061354e-24
7.9015209697  7.54247132185e-24
8.14181063074  1.06273488551e-23
8.38940763443  1.48393056678e-23
8.64453420113  1.91793504371e-23
8.90741930907  2.36513783892e-23
9.17829889981  2.91980328025e-23
9.45741609003  3.54155635967e-23
9.74502138973  4.18221729712e-23
10.041372927  4.83881484795e-23
10.34673668  5.49556250406e-23
10.661386715  6.1719499518e-23
10.9856054331  6.86508890203e-23
11.3196838233  7.50291754841e-23
11.6639217237  8.15230513571e-23
12.0186280908  8.81285478331e-23
12.3841212763  9.4119567349e-23
12.7607293136  1.0025375906e-22
13.1487902114  1.06224391595e-22
13.5486522576  1.11796469209e-22
13.9606743317  1.1751730461e-22
14.3852262269  1.22712181759e-22
14.8226889821  1.27965671987e-22
15.2734552238  1.32909401164e-22
15.7379295184  1.37689770604e-22
16.2165287354  1.4229786609e-22
16.7096824217  1.46649947371e-22
17.2178331866  1.50897157532e-22
17.7414370999  1.54947757405e-22
18.2809641002  1.58850126958e-22
18.8368984177  1.62613802288e-22
19.4097390079  1.66169878223e-22
20  1.69702e-22

