1 20 101
101
1  0
1.03041055791  2.94270196473e-39
1.06174591785  5.97489313797e-39
1.09403420358  9.09929493649e-39
1.12730439408  1.23187115368e-38
1.16158634964  1.56360323921e-38
1.1969108386  1.90542348254e-38
1.23330956497  2.25763867018e-38
1.27081519692  2.62056491817e-38
1.30946139606  2.99452795585e-38
1.34928284767  3.37986341814e-38
1.39031529185  3.77691714682e-38
1.43259555555  4.18604550092e-38
1.47616158565  4.60761567651e-38
1.52105248304  5.04200603635e-38
1.56730853766  5.48960644938e-38
1.61497126471  5.95081864069e-38
1.66408344188  6.42605655206e-38
1.71468914776  6.91574671345e-38
1.76683380139  7.42032862585e-38
1.82056420303  7.94025515572e-38
1.87592857615  8.47599294143e-38
1.93297661076  9.02802281211e-38
1.99175950792  2.68789563633e-35
2.05233002578  1.72372762515e-33
2.11474252688  3.77945206455e-33
2.17905302696  5.89769223107e-33
2.24531924523  8.08034926284e-33
2.31360065617  1.03293821127e-32
2.3839585429  1.26468093062e-32
2.45645605223  1.50347107537e-32
2.53115825126  1.74952296163e-32
2.60813218585  2.00305742304e-32
2.68744694072  2.26430200887e-32
2.76917370155  2.5334911883e-32
2.85338581877  2.81086656086e-32
2.94015887345  3.09667707325e-32
3.02957074514  1.46581996154e-30
3.12170168173  5.93012327687e-30
3.21663437151  1.05301885467e-29
3.31445401734  1.52701443678e-29
3.41524841318  2.01542448899e-29
3.51910802283  2.51868736338e-29
3.62612606115  3.03725474255e-29
3.73639857773  3.57159204504e-29
3.85002454306  4.12217884301e-29
3.96710593738  4.68950929269e-29
4.08774784223  5.32811557113e-28
4.21205853471  1.21894206113e-27
4.34014958471  1.92593817656e-27
4.472135955  2.65443443832e-27
4.60813610445  3.40508467782e-27
4.74827209431  4.17856260991e-27
4.89266969782  4.97556243744e-27
5.041458513  1.1639985058e-26
5.19477207907  3.40942945436e-26
5.35274799621  5.72314521081e-26
5.51552804914  8.10722235426e-26
5.68325833429  1.05638006138e-25
5.85608939099  1.30950847887e-25
6.03417633655  2.05277891217e-25
6.21767900547  4.84187006601e-25
6.40676209294  7.72711158768e-25
6.6015953026  1.07000949137e-24
6.80235349885  1.37634883214e-24
7.00921686386  1.80488583572e-24
7.22237105921  3.37717088165e-24
7.44200739256  5.0555045717e-24
7.66832298935  6.78487732562e-24
7.9015209697  8.56684126982e-24
8.14181063074  1.18723691347e-23
8.38940763443  1.63298428887e-23
8.64453420113  2.09228709064e-23
8.90741930907  2.56555754687e-23
9.17829889981  3.13695423866e-23
9.45741609003  3.77052793108e-23
9.74502138973  4.42336895297e-23
10.041372927  5.09004618109e-23
10.34673668  5.7433724681e-23
10.661386715  6.41600299442e-23
10.9856054331  7.1048778368e-23
11.3196838233  7.73045060848e-23
11.6639217237  8.36640293475e-23
12.0186280908  9.01288373736e-23
12.3841212763  9.59535227875e-23
12.7607293136  1.01915299573e-22
13.1487902114  1.07717173091e-22
13.5486522576  1.13130105611e-22
13.9606743317  1.18687826459e-22
14.3852262269  1.23744065045e-22
14.8226889821  1.28858879579e-22
15.2734552238  1.33690616298e-22
15.7379295184  1.38376232982e-22
16.2165287354  1.42896004964e-22
16.7096824217  1.47168688501e-22
17.2178331866  1.5133757172e-22
17.7414370999  1.55312249025e-22
18.2809641002  1.5913751102e-22
18.8368984177  1.62822799611e-22
19.4097390079  1.6628704207e-22
20  1.6972e-22

