1 20 101
101
1  0
1.03041055791  1.60544329642e-39
1.06174591785  3.25970901918e-39
1.09403420358  4.9642818855e-39
1.12730439408  6.72069176368e-39
1.16158634964  8.53051504618e-39
1.1969108386  1.03953760644e-38
1.23330956497  1.23169485467e-38
1.27081519692  1.42969571201e-38
1.30946139606  1.6337178859e-38
1.34928284767  1.84394448792e-38
1.39031529185  2.0605641982e-38
1.43259555555  2.28377143472e-38
1.47616158565  2.51376652784e-38
1.52105248304  2.75075590005e-38
1.56730853766  2.99495225129e-38
1.61497126471  3.24657474981e-38
1.66408344188  3.50584922889e-38
1.71468914776  3.77300838954e-38
1.76683380139  4.04829200931e-38
1.82056420303  4.33194715754e-38
1.87592857615  4.62422841709e-38
1.93297661076  4.9253981128e-38
1.99175950792  1.75295629763e-35
2.05233002578  1.12480543876e-33
2.11474252688  2.4662652363e-33
2.17905302696  3.84851957469e-33
2.24531924523  5.27280903869e-33
2.31360065617  6.74041193992e-33
2.3839585429  8.25264546416e-33
2.45645605223  9.81086685357e-33
2.53115825126  1.14164746248e-32
2.60813218585  1.30709098241e-32
2.68744694072  1.47756573209e-32
2.76917370155  1.65322471401e-32
2.85338581877  1.83422558358e-32
2.94015887345  2.02073079057e-32
3.02957074514  1.04751279343e-30
3.12170168173  4.24418971228e-30
3.21663437151  7.5380793597e-30
3.31445401734  1.0932138029e-29
3.41524841318  1.4429411916e-29
3.51910802283  1.80330398531e-29
3.62612606115  2.17462561262e-29
3.73639857773  2.55723933779e-29
3.85002454306  2.95148855981e-29
3.96710593738  3.35772712062e-29
4.08774784223  4.11363173451e-28
4.21205853471  9.44948348365e-28
4.34014958471  1.49476014614e-27
4.472135955  2.06129202743e-27
4.60813610445  2.64505245931e-27
4.74827209431  3.24656537161e-27
4.89266969782  3.86637062716e-27
5.041458513  9.5143562447e-27
5.19477207907  2.8696938899e-26
5.35274799621  4.84628745941e-26
5.51552804914  6.88299034212e-26
5.68325833429  8.9816304958e-26
5.85608939099  1.11440914674e-25
6.03417633655  1.79267290332e-25
6.21767900547  4.40153958291e-25
6.40676209294  7.10044161271e-25
6.6015953026  9.88141875898e-25
6.80235349885  1.27469669718e-24
7.00921686386  1.68159123473e-24
7.22237105921  3.21899163948e-24
7.44200739256  4.86073172002e-24
7.66832298935  6.55239803236e-24
7.9015209697  8.29550886106e-24
8.14181063074  1.15242092974e-23
8.38940763443  1.5876191872e-23
8.64453420113  2.03605206647e-23
8.90741930907  2.49812203979e-23
9.17829889981  3.06176577416e-23
9.45741609003  3.6893775234e-23
9.74502138973  4.33607529609e-23
10.041372927  4.99927601601e-23
10.34673668  5.66496656245e-23
10.661386715  6.35060472122e-23
10.9856054331  7.05337274278e-23
11.3196838233  7.7030649376e-23
11.6639217237  8.36487607072e-23
12.0186280908  9.03797080209e-23
12.3841212763  9.64756577915e-23
12.7607293136  1.02716806185e-22
13.1487902114  1.08773990372e-22
13.5486522576  1.14396050741e-22
13.9606743317  1.20167400489e-22
14.3852262269  1.25380894224e-22
14.8226889821  1.30648820723e-22
15.2734552238  1.35578165477e-22
15.7379295184  1.40324163819e-22
16.2165287354  1.44912433033e-22
16.7096824217  1.49263528006e-22
17.2178331866  1.53514296362e-22
17.7414370999  1.57574844709e-22
18.2809641002  1.61493646487e-22
18.8368984177  1.65280115123e-22
19.4097390079  1.68883032646e-22
20  1.72473e-22

