0.05 20000 351
351
0.05  0
0.0518771238405  3.87539725373e-43
0.0538247195593  7.89628651899e-43
0.0558454328452  1.20681299262e-42
0.0579420087128  1.63965946679e-42
0.0601172952312  2.08875606967e-42
0.0623742473934  2.55471287135e-42
0.0647159311297  3.03816284545e-42
0.0671455274734  3.539762729e-42
0.0696663368815  4.06019391454e-42
0.0722817837184  4.6001633758e-42
0.0749954209075  5.16040462803e-42
0.0778109347578  5.74167872448e-42
0.0807321499715  6.34477529022e-42
0.0837630348397  6.9705135948e-42
0.0869077066328  7.61974366516e-42
0.0901704371937  8.29334744039e-42
0.093555658741  8.99223996972e-42
0.0970679698898  9.71737065563e-42
0.100712141898  1.39817980271e-36
0.10449312515  8.8214972601e-36
0.108416055878  1.6523504441e-35
0.112486263142  2.45146640479e-35
0.116709276067  3.2805831579e-35
0.121090831358  4.14082700749e-35
0.125636881086  5.03336654185e-35
0.130353600781  5.95941422099e-35
0.135247397815  6.92022802364e-35
0.140324920111  7.9171131562e-35
0.14559306517  8.95142382573e-35
0.151058989443  1.00245650796e-34
0.156730118052  1.11379947141e-34
0.162614154874  1.22932252548e-34
0.168719093012  1.34918260113e-34
0.175053225649  1.47354252089e-34
0.181625157314  1.60257122006e-34
0.188443815571  1.73644397617e-34
0.195518463147  1.87534264713e-34
0.202858710516  3.54169845528e-30
0.210474528951  1.29765247537e-29
0.218376264073  2.27655577997e-29
0.226574649903  3.29220953918e-29
0.235080823443  4.3459934561e-29
0.243906339806  5.43933903127e-29
0.253063187912  6.57373150735e-29
0.262563806776  7.75071188666e-29
0.272421102403  8.97187902457e-29
0.282648465323  1.02388918014e-28
0.293259788778  1.15534713761e-28
0.304269487597  1.29174035239e-28
0.315692517779  1.43325410628e-28
0.327544396807  1.58008063699e-28
0.339841224729  1.73241939933e-28
0.352599706028  1.89047733612e-28
0.365837172315  2.05446915933e-28
0.379571605873  2.22461764177e-28
0.393821664084  2.40115391966e-28
0.408606704776  2.58431780667e-28
0.423946812514  2.77435811966e-28
0.439862825892  2.9715330167e-28
0.456376365833  3.17611034773e-28
0.473509864964  3.38836801848e-28
0.491286598089  3.6085943679e-28
0.509730713805  7.15865845999e-27
0.528867267308  2.05060733126e-26
0.548722254427  3.43545831779e-26
0.569322646939  4.87230004036e-26
0.59069642921  6.36308435998e-26
0.612872636205  7.90983641535e-26
0.635881392938  9.5146573739e-26
0.659753955386  1.11797272861e-25
0.684522752957  1.29073080468e-25
0.710221432536  1.46997464682e-25
0.736884904198  1.65594774674e-25
0.764549388626  1.84890273746e-25
0.793252466319  2.04910173644e-25
0.823033128641  2.25681670169e-25
0.853931830787  2.47232980122e-25
0.885990546742  2.69593379628e-25
0.919252826298  2.92793243915e-25
0.953763854212  3.16864088568e-25
0.989570511591  3.41838612349e-25
1.02672143958  8.77227167956e-25
1.06526710541  1.63903164275e-24
1.10525987101  2.42943614437e-24
1.14675406409  3.24951438867e-24
1.18980605195  4.10038040143e-24
1.23447431806  4.98319003175e-24
1.28081954152  5.89914252214e-24
1.32890467946  6.84948213766e-24
1.37879505257  7.83549985617e-24
1.43055843386  8.858535122e-24
1.48426514069  9.91997766557e-24
1.53998813031  1.10212693912e-23
1.59780309898  1.2163906336e-23
1.65778858478  1.33494407017e-23
1.72002607428  1.45794829638e-23
1.78460011328  1.58557040591e-23
1.85159842165  1.71798376552e-23
1.92111201246  1.85536825062e-23
1.99323531564  1.99791048956e-23
2.06806630625  2.26074981905e-23
2.1457066376  2.54530939747e-23
2.22626177928  2.84055204725e-23
2.30984116051  3.14687883737e-23
2.39655831871  3.46470589391e-23
2.48653105382  3.79446496534e-23
2.57988158824  4.13660400907e-23
2.67673673294  4.49158779991e-23
2.77722805967  4.85989856149e-23
2.8814920797  5.2420366213e-23
2.98967042928  5.63852109035e-23
3.10191006204  5.91517973378e-23
3.21836344861  6.18805796733e-23
3.33918878375  6.47118072564e-23
3.46455020123  6.76493261354e-23
3.59461799682  7.06971267487e-23
3.72956885961  7.38593493459e-23
3.86958611204  7.71402896117e-23
4.01485995891  8.04127764712e-23
4.16558774582  8.26095586014e-23
4.32197422717  8.48888133739e-23
4.48423184437  8.72536370157e-23
4.6525810144  8.97072419943e-23
4.82725042924  9.2252961381e-23
5.00847736654  9.48392590064e-23
5.19650801193  9.63599192449e-23
5.39159779346  9.79376688351e-23
5.5940117286  9.95746510527e-23
5.8040247842  1.01273089637e-22
6.02192225006  1.02969935009e-22
6.24800012649  1.04124288646e-22
6.48256552635  1.05321979578e-22
6.7259370923  1.06564634793e-22
6.97844542962  1.07853942364e-22
7.24043355533  1.08893275691e-22
7.51225736418  1.09943874713e-22
7.79428611207  1.11033915823e-22
8.08690291769  1.12057380868e-22
8.39050528295  1.12855247884e-22
8.70550563296  1.13683068803e-22
9.03233187631  1.14508440015e-22
9.37142798632  1.15047941926e-22
9.72325460418  1.15607698075e-22
10.0882896647  1.16130639126e-22
10.4670290455  1.16485139187e-22
10.8599872407  1.16852948057e-22
11.2676980598  1.17159877625e-22
11.690715353  1.17437799987e-22
12.129613763  1.1771228757e-22
12.5849895064  1.17962744229e-22
13.0574611831  1.18214501624e-22
13.5476706168  1.18414997282e-22
14.0562837268  1.18612044718e-22
14.5839914326  1.18724974167e-22
15.1315105928  1.18819260424e-22
15.6995849783  1.18841983399e-22
16.2889862833  1.18832037042e-22
16.9005151731  1.18785560847e-22
17.5350023721  1.18703099668e-22
18.193309792  1.19202073636e-22
18.876331703  1.21175073519e-22
19.5849959482  1.23181346536e-22
20.3202652044  1.25209561801e-22
21.0831382897  1.27247950811e-22
21.87465152  1.29284270977e-22
22.6958801174  1.3130576769e-22
23.5479396704  1.33299134821e-22
24.4319876495  1.34134740211e-22
25.3492249792  1.33747552285e-22
26.3008976702  1.33332976472e-22
27.2882985111  1.32891761165e-22
28.3127688251  1.32424625834e-22
29.3757002922  1.31932262315e-22
30.4785368392  1.31415336085e-22
31.6227766017  1.30874487509e-22
32.8099739589  1.3031033308e-22
34.0417416454  1.29723466645e-22
35.3197529418  1.29114460619e-22
36.6457439475  1.28483867193e-22
38.0215159399  1.2783221954e-22
39.4489378204  1.27160033014e-22
40.9299486537  1.26467806359e-22
42.4665603019  1.25756022914e-22
44.0608601572  1.25025151832e-22
45.715013978  1.24275649309e-22
47.4312688301  1.23507959825e-22
49.2119561403  1.22722517409e-22
51.0594948625  1.21919746919e-22
52.9763947643  1.21100065354e-22
54.9652598363  1.20263883191e-22
57.028791829  1.19411605759e-22
59.1697939238  1.18543634646e-22
61.3911745401  1.1766036915e-22
63.6959512866  1.16762207775e-22
66.0872550608  1.15849549774e-22
68.5683343013  1.14922796745e-22
71.1425594018  1.13982354282e-22
73.8134272884  1.13028633689e-22
76.5845661707  1.12062053745e-22
79.4597404702  1.11083042547e-22
82.4428559342  1.10092039406e-22
85.5379649413  1.09089496816e-22
88.7492720065  1.08075882488e-22
92.0811394928  1.07051681446e-22
95.5380935369  1.06017398188e-22
99.124830198  1.04973558905e-22
102.846221837  1.03920713747e-22
106.707323735  1.0285943914e-22
110.713380962  1.01790340124e-22
114.8698355  1.00714052718e-22
119.182333635  9.96312462815e-23
123.656733632  9.8542625851e-23
128.299113687  9.74489344368e-23
133.115780187  9.63509552366e-23
138.113276278  9.52495137403e-23
143.29839075  9.41454796802e-23
148.678167262  9.30397687829e-23
154.259913908  9.19333442708e-23
160.051213149  9.08272180536e-23
166.059932107  8.97224515493e-23
172.294233257  8.86201560636e-23
178.762585514  8.75214926556e-23
185.473775735  8.64276714133e-23
192.43692066  8.53399500596e-23
199.661479291  8.42596318092e-23
207.157265748  8.31880624001e-23
214.934462593  8.21266262257e-23
223.003634671  8.10767415044e-23
231.375743454  8.00398544317e-23
240.062161937  7.90174322775e-23
249.074690085  7.80109554114e-23
258.425570861  7.702190826e-23
268.127506863  7.60517692304e-23
278.193677571  7.51019996652e-23
288.63775726  7.41740319282e-23
299.473933569  7.32692567568e-23
310.716926775  7.24477584333e-23
322.382009794  7.15918606832e-23
334.48502892  7.07630142065e-23
347.042425362  6.99623021774e-23
360.071257569  6.91906992982e-23
373.589224406  6.84490595407e-23
387.6146892  6.77381049541e-23
402.166704681  6.70584158363e-23
417.265038865  6.64104225518e-23
432.930201911  6.57943992432e-23
449.183473977  6.52104596499e-23
466.046934132  6.46585551966e-23
483.543490349  6.41384754638e-23
501.696910623  6.36498510969e-23
520.531855256  6.31921591607e-23
540.073910361  6.27647308978e-23
560.349622617  6.23667618179e-23
581.386535329  6.19973240273e-23
603.21322585  6.16553807184e-23
625.859344393  6.13398027888e-23
649.355654317  6.10493876799e-23
673.734073911  6.07828807674e-23
699.027719757  6.05390001794e-23
725.270951716  6.03164673047e-23
752.499419602  6.01140583385e-23
780.750111613  5.99385752063e-23
810.061404573  5.97963038668e-23
840.473116069  5.96866515314e-23
872.026558539  5.96089356795e-23
904.764595392  5.92444113475e-23
938.731699233  5.92546834831e-23
973.974012283  5.9292257203e-23
1010.53940905  5.93573820908e-23
1048.47756138  5.94502385262e-23
1087.84000592  5.95709362334e-23
1128.68021411  5.97195134353e-23
1171.05366488  5.98959366314e-23
1215.01791994  6.01001010001e-23
1260.63270202  6.03318314178e-23
1307.959976  6.05908840759e-23
1357.06403307  6.08769486643e-23
1408.01157806  6.11896510809e-23
1460.87182008  6.28166831377e-23
1515.71656651  6.35260134264e-23
1572.62032056  6.41801418982e-23
1631.66038248  6.47848547768e-23
1692.91695455  6.53453297566e-23
1756.47325006  6.58662270239e-23
1822.41560632  6.63517629176e-23
1890.83360195  6.68057699929e-23
1961.82017861  6.72317463325e-23
2035.47176717  6.76328962835e-23
2111.88841879  6.80121643004e-23
2191.17394078  6.83722632078e-23
2273.43603764  6.85947839625e-23
2358.78645736  6.88719145202e-23
2447.34114324  6.91213014486e-23
2539.22039135  6.9344963139e-23
2634.54901401  6.9544752955e-23
2733.45650928  6.97223775759e-23
2836.07723689  6.98794128107e-23
2942.55060079  7.00173172839e-23
3053.02123849  7.01374443141e-23
3167.63921753  7.02410522567e-23
3286.5602394  7.03293135298e-23
3409.94585098  7.04033225102e-23
3537.96366401  7.04641024549e-23
3670.78758282  7.05126115804e-23
3808.59804053  7.05497484111e-23
3951.58224415  7.0576356495e-23
4099.93442891  7.05932285674e-23
4253.85612214  7.0601110236e-23
4413.55641696  7.06007032489e-23
4579.25225639  7.05926684007e-23
4751.16872804  7.0577628123e-23
4929.53936983  7.05561688021e-23
5114.60648731  7.05288428608e-23
5306.62148276  7.04961706346e-23
5505.84519672  7.04586420728e-23
5712.54826234  7.04167182871e-23
5927.01147301  7.03708329714e-23
6149.52616379  7.03213937097e-23
6380.39460719  7.02687831897e-23
6619.93042377  7.02133603363e-23
6868.45900819  7.01554613761e-23
7126.31797123  7.00954008449e-23
7393.85759841  7.00334725452e-23
7671.44132584  6.99699504633e-23
7959.44623392  6.99050896494e-23
8258.26355958  6.9839127069e-23
8568.29922776  6.97722824257e-23
8889.97440283  6.97047589628e-23
9223.72606069  6.96367442422e-23
9570.00758243  6.95684109055e-23
9929.28937017  6.94999174159e-23
10302.0594861  6.94314087844e-23
10688.8243155  6.93630172775e-23
11090.1092545  6.92948631094e-23
11506.459424  6.92270551167e-23
11938.4404101  6.91596914161e-23
12386.6390323  6.9092860044e-23
12851.6641409  6.90266395781e-23
13334.1474439  6.89610997402e-23
13834.7443651  6.88963019789e-23
14354.1349346  6.88323000334e-23
14893.0247126  6.8769140475e-23
15452.1457475  6.87068632293e-23
16032.2575709  6.86455020756e-23
16634.148229  6.85850851256e-23
17258.6353531  6.8525635279e-23
17906.5672706  6.84671706582e-23
18578.8241571  6.84097050202e-23
19276.3192322  6.83532481465e-23
20000  6.82978062121e-23

