0.2 20 151
151
0.2  0
0.206235454919  1.77394951162e-36
0.212665314327  3.60320593427e-36
0.219295639229  5.48949358671e-36
0.22613267959  7.43459054726e-36
0.233182880236  9.44033032985e-36
0.240452886923  1.15086036124e-35
0.247949552606  1.3641360019e-35
0.255679943893  1.58406099578e-35
0.263651347711  1.81084265158e-35
0.271871278176  2.04469474133e-35
0.280347483669  2.2858377019e-35
0.289087954149  2.53449884277e-35
0.298100928677  2.79091256031e-35
0.307394903187  3.05532055873e-35
0.316978638492  3.32797207792e-35
0.326861168545  3.60912412839e-35
0.33705180895  3.89904173355e-35
0.34756016575  4.19799817948e-35
0.358396144475  4.50627527263e-35
0.369569959484  4.82416360536e-35
0.381092143593  5.15196282992e-35
0.392973557999  5.48998194093e-35
0.405225402524  5.83853956657e-35
0.417859226171  6.19796426902e-35
0.430886938006  6.56859485412e-35
0.444320818391  6.95078069074e-35
0.458173530554  7.34488204013e-35
0.472458132527  7.75127039551e-35
0.487188089458  8.17032883224e-35
0.502377286302  2.5130251497e-31
0.518040040906  1.78812813927e-30
0.534191117512  3.38894580053e-30
0.550845740668  5.03967259358e-30
0.568019609583  6.74186454914e-30
0.585728912925  8.49712621071e-30
0.60399034408  1.03071121471e-29
0.622821116889  1.2173528512e-29
0.642238981873  1.40981346524e-29
0.662262242965  1.6082744767e-29
0.682909774767  1.81292296161e-29
0.704201040337  2.02395182852e-29
0.72615610954  2.24156000037e-29
0.748795677965  2.46595260194e-29
0.772141086431  2.69734115327e-29
0.796214341107  2.935943769e-29
0.821038134255  3.181985364e-29
0.846635865618  3.43569786537e-29
0.87303166448  3.69732043107e-29
0.900250412412  3.96709967533e-29
0.928317766723  4.24528990117e-29
0.957260184645  4.53215334007e-29
0.987104948279  4.82796039918e-29
1.0178801903  6.20499992233e-27
1.0496149205  1.71300121759e-26
1.08233905309  2.83956365363e-26
1.11608343495  4.0012492361e-26
1.15087987467  5.19915300895e-26
1.18676117255  6.43440415668e-26
1.2237611515  7.70816706862e-26
1.26191468896  9.02164243664e-26
1.30125774973  1.03760683869e-25
1.34182741991  1.17727216469e-25
1.38366194184  1.32129187491e-25
1.42680075014  1.46980172718e-25
1.47128450892  1.6229417119e-25
1.51715515006  1.78085618397e-25
1.56445591277  1.9436939989e-25
1.61323138435  2.1116086531e-25
1.66352754221  2.28475842858e-25
1.71539179718  2.46330654216e-25
1.76887303828  2.6474212993e-25
1.82402167871  2.83727625278e-25
1.88088970345  3.03305036628e-25
1.93953071822  3.23492818308e-25
2  3.82228658538e-25
2.06235454919  9.66526716418e-25
2.12665314327  1.60814245426e-24
2.19295639229  2.26976202214e-24
2.2613267959  2.95200908497e-24
2.33182880236  3.65552675182e-24
2.40452886923  4.38097818214e-24
2.47949552606  5.12904721092e-24
2.55679943893  5.90043899322e-24
2.63651347711  6.69588066893e-24
2.71871278176  7.51612204819e-24
2.80347483669  8.36193631817e-24
2.89087954149  9.23412077189e-24
2.98100928677  1.01374694594e-23
3.07394903187  1.24387335661e-23
3.16978638492  1.51807073231e-23
3.26861168545  1.80081683488e-23
3.3705180895  2.09237819033e-23
3.4756016575  2.39302963422e-23
3.58396144475  2.70305457073e-23
3.69569959484  3.02274523982e-23
3.81092143593  3.35240299269e-23
3.92973557999  3.69233857583e-23
4.05225402524  4.0365037034e-23
4.17859226171  4.38256813735e-23
4.30886938006  4.73942191718e-23
4.44320818391  5.10740142529e-23
4.58173530554  5.48685353157e-23
4.72458132527  5.87813592036e-23
4.87188089458  6.28161742764e-23
5.02377286302  6.67554755066e-23
5.18040040906  6.96919437933e-23
5.34191117512  7.27057992922e-23
5.50845740668  7.58136185915e-23
5.68019609583  7.90183312266e-23
5.85728912925  8.23229580675e-23
6.0399034408  8.55489144494e-23
6.22821116889  8.82132938871e-23
6.42238981873  9.09593100995e-23
6.62262242965  9.37909396134e-23
6.82909774767  9.67108516182e-23
7.04201040337  9.95079659926e-23
7.2615610954  1.01520539369e-22
7.48795677965  1.03591675007e-22
7.72141086431  1.0572738301e-22
7.96214341107  1.07923415964e-22
8.21038134255  1.09664727242e-22
8.46635865618  1.11354433489e-22
8.7303166448  1.13096820172e-22
9.00250412412  1.14875203275e-22
9.28317766723  1.16472989332e-22
9.57260184645  1.18104184007e-22
9.87104948279  1.19786234885e-22
10.178801903  1.21267544031e-22
10.496149205  1.22606749645e-22
10.8233905309  1.23987708041e-22
11.1608343495  1.25195881258e-22
11.5087987467  1.26197322793e-22
11.8676117255  1.27229986546e-22
12.237611515  1.28159169765e-22
12.6191468896  1.29039371874e-22
13.0125774973  1.29940656433e-22
13.4182741991  1.3080055856e-22
13.8366194184  1.31683266973e-22
14.2680075014  1.32497281135e-22
14.7128450892  1.33276191751e-22
15.1715515006  1.33996527303e-22
15.6445591277  1.34596300974e-22
16.1323138435  1.35166611715e-22
16.6352754221  1.35621288982e-22
17.1539179718  1.36063206201e-22
17.6887303828  1.36453084449e-22
18.2402167871  1.36841185464e-22
18.8088970345  1.3722276991e-22
19.3953071822  1.3759371861e-22
20  1.37965e-22

