2 20000 251
251
2  0
2.07505683164  2.79733451588e-37
2.15293042726  5.69964856466e-37
2.23372649556  8.7108818619e-37
2.31755471231  1.18351219744e-36
2.40452886923  1.5076609869e-36
2.49476702849  1.84397456692e-36
2.5883916829  2.19290946281e-36
2.68552992228  2.55493933257e-36
2.78631360589  2.93055560983e-36
2.89087954149  3.32026817092e-36
2.999369671  3.72460602705e-36
3.11193126321  4.51974289824e-33
3.22871711365  9.23162363104e-33
3.34988575205  1.41203337833e-32
3.4756016575  1.91925094829e-32
3.60603548172  2.44550359013e-32
3.74136428073  2.99150565993e-32
3.88177175519  3.55799832245e-32
4.02744849972  5.60895777472e-31
4.17859226171  3.42725419126e-30
4.33540820964  6.40118249548e-30
4.49810921167  9.48671761771e-30
4.66691612456  1.2688047985e-29
4.84205809347  1.60095192096e-29
5.02377286302  5.56470563605e-29
5.2123071  3.46243931737e-28
5.40791672822  6.47746447489e-28
5.6108672759  9.60563875021e-28
5.82143423613  1.28512084505e-27
6.0399034408  3.16829585028e-27
6.26657144863  1.2302075616e-26
6.50174594771  2.17786316668e-26
6.74574617318  3.16108278536e-26
6.99890334057  4.18120107873e-26
7.2615610954  1.6360143331e-25
7.53407597968  2.90445173878e-25
7.81681791585  4.22049159087e-25
8.11017070897  8.18060216294e-25
8.41453256769  1.67654415899e-24
8.7303166448  2.56724564406e-24
9.05795159807  3.88137287372e-24
9.3978821721  7.12782607493e-24
9.75056980207  1.04961135218e-23
10.1164932401  1.50012404114e-23
10.496149205  2.19201246576e-23
10.8900530568  2.90986636687e-23
11.2987394962  3.76653509396e-23
11.7227632903  4.69807244994e-23
12.1627000256  5.64775974602e-23
12.6191468896  6.60336997972e-23
13.0927234813  7.57113406981e-23
13.5840726523  8.474181036e-23
14.0938613793  9.38813782795e-23
14.6227816697  1.02307408354e-22
15.1715515006  1.10699630801e-22
15.7409157939  1.1860826299e-22
16.3316474272  1.26277776944e-22
16.9445482828  1.33800743855e-22
17.5804503366  1.40778277106e-22
18.2402167871  1.463728032e-22
18.9247432273  1.50331866235e-22
19.6349588604  1.55829717186e-22
20.3718277611  1.62841278928e-22
21.1363501843  1.71342660977e-22
21.9295639229  1.81311088152e-22
22.7525457165  1.92724828732e-22
23.606412713  2.05563122019e-22
24.4923239853  2.14158430814e-22
25.4114821042  2.18274651653e-22
26.3651347711  2.2214928156e-22
27.3545765119  2.25790912165e-22
28.3811504338  2.29207813597e-22
29.4462500487  2.3240794632e-22
30.5513211648  2.3539897263e-22
31.6978638492  2.38188267815e-22
32.8874344643  2.40782930993e-22
34.1216477801  2.43189795651e-22
35.4021791663  2.45415439875e-22
36.730766867  2.4746619631e-22
38.1092143593  2.49348161844e-22
39.5393928022  2.51067207037e-22
41.0232435765  2.52628985307e-22
42.5627809197  2.54038941891e-22
44.1600946604  2.55302322579e-22
45.8173530554  2.56424182261e-22
47.5368057325  2.57409393271e-22
49.3207867447  2.58262653569e-22
51.1717177381  2.58988494753e-22
53.0921112395  2.5959128993e-22
55.0845740668  2.60075261459e-22
57.1518108675  2.60444488566e-22
59.2966277905  2.60702914864e-22
61.5219362948  2.60854355786e-22
63.830757102  2.60902505936e-22
66.2262242965  2.60850946387e-22
68.71158958  2.60703151929e-22
71.2902266852  2.60462498288e-22
73.9656359561  2.60132269322e-22
76.7414490985  2.59715664214e-22
79.6214341107  2.59215804671e-22
82.609500398  2.5863574213e-22
85.7097040795  2.57978465007e-22
88.9262534938  2.5724690596e-22
92.2635149121  2.56443949204e-22
95.7260184645  2.55572437864e-22
99.3184642901  2.5463518137e-22
103.045728916  2.5363496289e-22
106.912871879  2.52574546798e-22
110.925142592  2.51456686157e-22
115.087987467  2.50284130204e-22
119.407057317  2.49059631811e-22
123.888215015  2.47785954884e-22
128.537543463  2.46465881673e-22
133.361353843  2.45102219922e-22
138.366194184  2.43697809814e-22
143.558858254  2.42255530628e-22
148.946394781  2.40778307031e-22
154.536117019  2.39269114898e-22
160.335612678  2.37730986548e-22
166.352754221  2.36167015278e-22
172.595709553  2.34580359042e-22
179.07295311  2.32974243131e-22
185.793277356  2.31351961686e-22
192.765804725  2.29716877869e-22
200  2.28072422512e-22
207.505683164  2.26422091064e-22
215.293042726  2.24769438655e-22
223.372649556  2.23118073109e-22
231.755471231  2.21471645757e-22
240.452886923  2.19833839931e-22
249.476702849  2.18208357031e-22
258.83916829  2.16598900162e-22
268.552992228  2.15009155311e-22
278.631360589  2.13442770188e-22
289.087954149  2.11903330868e-22
299.9369671  2.10394336471e-22
311.193126321  2.09043101573e-22
322.871711365  2.07602273688e-22
334.988575205  2.06201716894e-22
347.56016575  2.04844290446e-22
360.603548172  2.03532625451e-22
374.136428073  2.02269097677e-22
388.177175519  2.01055802282e-22
402.744849972  1.99894531149e-22
417.859226171  1.98786753512e-22
433.540820964  1.9773360049e-22
449.810921167  1.96735854087e-22
466.691612456  1.95793941079e-22
484.205809347  1.94907932121e-22
502.377286302  1.94077546283e-22
521.23071  1.93302161073e-22
540.791672822  1.92580827912e-22
561.08672759  1.91912292947e-22
582.143423613  1.91295023018e-22
603.99034408  1.90727236604e-22
626.657144863  1.9020693971e-22
650.174594771  1.89731966865e-22
674.574617318  1.89300027987e-22
699.890334057  1.88908763079e-22
726.15610954  1.88555809873e-22
753.407597968  1.88238970887e-22
781.681791585  1.87974610366e-22
811.017070897  1.877760153e-22
841.453256769  1.876423306e-22
873.03166448  1.87572476511e-22
905.795159807  1.86937294919e-22
939.78821721  1.87043312415e-22
975.056980207  1.87204675466e-22
1011.64932401  1.87421953741e-22
1049.6149205  1.87695542226e-22
1089.00530568  1.8802565892e-22
1129.87394962  1.88412344235e-22
1172.27632903  1.88855462123e-22
1216.27000256  1.89354702883e-22
1261.91468896  1.89909587626e-22
1309.27234813  1.90519474265e-22
1358.40726523  1.91183564945e-22
1409.38613793  1.91900914742e-22
1462.27816697  1.95491994944e-22
1517.15515006  1.97047973854e-22
1574.09157939  1.98477353844e-22
1633.16474272  1.99793813908e-22
1694.45482828  2.01009439408e-22
1758.04503366  2.02134983519e-22
1824.02167871  2.03180075156e-22
1892.47432273  2.04153385865e-22
1963.49588604  2.0506276487e-22
2037.18277611  2.05915349184e-22
2113.63501843  2.06717653971e-22
2192.95639229  2.07475647175e-22
2275.25457165  2.07962640072e-22
2360.6412713  2.08548647329e-22
2449.23239853  2.09076060072e-22
2541.14821042  2.09549250893e-22
2636.51347711  2.09972220099e-22
2735.45765119  2.10348638905e-22
2838.11504338  2.10681886402e-22
2944.62500487  2.1097508132e-22
3055.13211648  2.11231109427e-22
3169.78638492  2.1145264725e-22
3288.74344643  2.11642182666e-22
3412.16477801  2.11802032835e-22
3540.21791663  2.11934359849e-22
3673.0766867  2.12041184429e-22
3810.92143593  2.12124397939e-22
3953.93928022  2.12185772933e-22
4102.32435765  2.12226972462e-22
4256.27809197  2.12249558276e-22
4416.00946604  2.12254998091e-22
4581.73530554  2.12244672032e-22
4753.68057325  2.12219878369e-22
4932.07867447  2.12181838642e-22
5117.17177381  2.12131702247e-22
5309.21112395  2.12070550567e-22
5508.45740668  2.11999400713e-22
5715.18108675  2.1191920891e-22
5929.66277905  2.1183087361e-22
6152.19362948  2.11735238337e-22
6383.0757102  2.11633094327e-22
6622.62242965  2.11525182989e-22
6871.158958  2.11412198202e-22
7129.02266852  2.11294788488e-22
7396.56359561  2.11173559067e-22
7674.14490985  2.11049073822e-22
7962.14341107  2.10921857177e-22
8260.9500398  2.1079239591e-22
8570.97040795  2.106611409e-22
8892.62534938  2.10528508823e-22
9226.35149121  2.10394883799e-22
9572.60184645  2.10260618997e-22
9931.84642901  2.10126038197e-22
10304.5728916  2.09991437313e-22
10691.2871879  2.09857085881e-22
11092.5142592  2.09723228508e-22
11508.7987467  2.09590086286e-22
11940.7057317  2.09457858165e-22
12388.8215015  2.09326722289e-22
12853.7543463  2.09196837298e-22
13336.1353843  2.09068343581e-22
13836.6194184  2.08941364493e-22
14355.8858254  2.08816007529e-22
14894.6394781  2.08692365454e-22
15453.6117019  2.08570517389e-22
16033.5612678  2.0845052985e-22
16635.2754221  2.08332457741e-22
17259.5709553  2.08216345307e-22
17907.295311  2.08102227033e-22
18579.3277356  2.07990128502e-22
19276.5804725  2.07880067201e-22
20000  2.0777205329e-22

