1 20 101
101
1  0
1.03041055791  1.08324231913e-37
1.06174591785  2.19942664154e-37
1.09403420358  3.34955475193e-37
1.12730439408  4.53465889983e-37
1.16158634964  5.75580272604e-37
1.1969108386  7.0140822173e-37
1.23330956497  8.3106266899e-37
1.27081519692  9.64659980326e-37
1.30946139606  1.10232006044e-36
1.34928284767  1.24416646038e-36
1.39031529185  1.39032648849e-36
1.43259555555  1.5409313246e-36
1.47616158565  1.6961161378e-36
1.52105248304  1.85602020774e-36
1.56730853766  2.02078704967e-36
1.61497126471  2.19056454318e-36
1.66408344188  2.36550506499e-36
1.71468914776  2.54576562568e-36
1.76683380139  2.73150801058e-36
1.82056420303  2.92289892503e-36
1.87592857615  3.12011014397e-36
1.93297661076  3.32331866611e-36
1.99175950792  3.4157327532e-34
2.05233002578  2.17584326144e-32
2.11474252688  4.77048345555e-32
2.17905302696  7.44402810553e-32
2.24531924523  1.01988767399e-31
2.31360065617  1.30375018583e-31
2.3839585429  1.59624511501e-31
2.45645605223  1.89763497818e-31
2.53115825126  2.20819027524e-31
2.60813218585  2.52818973214e-31
2.68744694072  2.85792055106e-31
2.76917370155  3.19767866815e-31
2.85338581877  3.54776901913e-31
2.94015887345  3.908505813e-31
3.02957074514  1.00654981635e-29
3.12170168173  4.01304274991e-29
3.21663437151  7.11096481094e-29
3.31445401734  1.03030964102e-28
3.41524841318  1.35923025123e-28
3.51910802283  1.69815352071e-28
3.62612606115  2.0473836359e-28
3.73639857773  2.40723403374e-28
3.85002454306  2.77802768293e-28
3.96710593738  3.16009737387e-28
4.08774784223  2.51345146665e-27
4.21205853471  5.61131817793e-27
4.34014958471  8.80339274423e-27
4.472135955  1.2092540079e-26
4.60813610445  1.54817122192e-26
4.74827209431  1.89739509752e-26
4.89266969782  2.257239066e-26
5.041458513  4.59608054127e-26
5.19477207907  1.22560080527e-25
5.35274799621  2.01488782334e-25
5.51552804914  2.82817749998e-25
5.68325833429  3.66619976943e-25
5.85608939099  4.52970676363e-25
6.03417633655  6.61684179215e-25
6.21767900547  1.37888289966e-24
6.40676209294  2.12070463524e-24
6.6015953026  2.88508558367e-24
6.80235349885  3.6727117832e-24
7.00921686386  4.65490567779e-24
7.22237105921  7.37599411709e-24
7.44200739256  1.02678512747e-23
7.66832298935  1.32476514219e-23
7.9015209697  1.6318068954e-23
8.14181063074  2.06272683151e-23
8.38940763443  2.58871200227e-23
8.64453420113  3.13069267552e-23
8.90741930907  3.68915528342e-23
9.17829889981  4.28565476319e-23
9.45741609003  4.91155859435e-23
9.74502138973  5.5564965102e-23
10.041372927  6.21035573428e-23
10.34673668  6.824351473e-23
10.661386715  7.45601739661e-23
10.9856054331  8.10255990409e-23
11.3196838233  8.68207243057e-23
11.6639217237  9.27031338385e-23
12.0186280908  9.86743093441e-23
12.3841212763  1.03971268186e-22
12.7607293136  1.09388356766e-22
13.1487902114  1.14634081313e-22
13.5486522576  1.19482408623e-22
13.9606743317  1.24457151018e-22
14.3852262269  1.28871980275e-22
14.8226889821  1.3332010157e-22
15.2734552238  1.37522843044e-22
15.7379295184  1.41599069454e-22
16.2165287354  1.45538988642e-22
16.7096824217  1.49274134662e-22
17.2178331866  1.52908956366e-22
17.7414370999  1.56360553362e-22
18.2809641002  1.5971229252e-22
18.8368984177  1.62971735423e-22
19.4097390079  1.66050038322e-22
20  1.69107e-22

