2 20000 251
251
2  0
2.07505683164  2.89007831351e-38
2.15293042726  5.88861668772e-38
2.23372649556  8.99968545688e-38
2.31755471231  1.22275077084e-37
2.40452886923  1.55764650157e-37
2.49476702849  1.90511033853e-37
2.5883916829  2.26561394284e-37
2.68552992228  2.63964667632e-37
2.78631360589  3.02771626575e-37
2.89087954149  3.43034949211e-37
2.999369671  3.8480929056e-37
3.11193126321  7.56208176538e-34
3.22871711365  1.54481221666e-33
3.34988575205  2.36301131712e-33
3.4756016575  3.21191613364e-33
3.60603548172  4.0926790031e-33
3.74136428073  5.00649550777e-33
3.88177175519  5.9546060982e-33
4.02744849972  1.28421637877e-31
4.17859226171  7.98384054245e-31
4.33540820964  1.49348909876e-30
4.49810921167  2.21468033442e-30
4.66691612456  2.96293673465e-30
4.84205809347  3.73927401222e-30
5.02377286302  1.53114521943e-29
5.2123071  1.01534122103e-28
5.40791672822  1.9099259222e-28
5.6108672759  2.83808297003e-28
5.82143423613  3.80107228149e-28
6.0399034408  1.0271680003e-27
6.26657144863  4.23885624337e-27
6.50174594771  7.57107405831e-27
6.74574617318  1.1028344729e-26
6.99890334057  1.4615361291e-26
7.2615610954  6.41648432812e-26
7.53407597968  1.15773194287e-25
7.81681791585  1.69318324949e-25
8.11017070897  3.55750532753e-25
8.41453256769  7.74957555987e-25
8.7303166448  1.2098967547e-24
9.05795159807  1.92984584339e-24
9.3978821721  3.97409993367e-24
9.75056980207  6.09507164149e-24
10.1164932401  9.32131410908e-24
10.496149205  1.49471776874e-23
10.8900530568  2.07841710134e-23
11.2987394962  2.85995481185e-23
11.7227632903  3.73800208335e-23
12.1627000256  4.65216559346e-23
12.6191468896  5.60623082865e-23
13.0927234813  6.57796576223e-23
13.5840726523  7.50888572858e-23
14.0938613793  8.45516037943e-23
14.6227816697  9.34692051784e-23
15.1715515006  1.02395501578e-22
15.7409157939  1.10913128776e-22
16.3316474272  1.19184986647e-22
16.9445482828  1.27308987489e-22
17.5804503366  1.3478651111e-22
18.2402167871  1.40780232848e-22
18.9247432273  1.4509984593e-22
19.6349588604  1.51172186792e-22
20.3718277611  1.58970877406e-22
21.1363501843  1.68470974133e-22
21.9295639229  1.79648893149e-22
22.7525457165  1.92482335583e-22
23.606412713  2.06950212254e-22
24.4923239853  2.16710284077e-22
25.4114821042  2.21465908723e-22
26.3651347711  2.25951094196e-22
27.3545765119  2.30175495584e-22
28.3811504338  2.34148407034e-22
29.4462500487  2.37878775006e-22
30.5513211648  2.41375211138e-22
31.6978638492  2.44646004735e-22
32.8874344643  2.47699134897e-22
34.1216477801  2.50542282305e-22
35.4021791663  2.53182840659e-22
36.730766867  2.55627927812e-22
38.1092143593  2.5788439659e-22
39.5393928022  2.59958845322e-22
41.0232435765  2.61857628095e-22
42.5627809197  2.63586864746e-22
44.1600946604  2.65152450612e-22
45.8173530554  2.66560066041e-22
47.5368057325  2.67815185691e-22
49.3207867447  2.68923087631e-22
51.1717177381  2.69888862248e-22
53.0921112395  2.70717420991e-22
55.0845740668  2.71413504954e-22
57.1518108675  2.71981693328e-22
59.2966277905  2.72426411723e-22
61.5219362948  2.72751940384e-22
63.830757102  2.72962422313e-22
66.2262242965  2.73061871321e-22
68.71158958  2.73054180011e-22
71.2902266852  2.72943127718e-22
73.9656359561  2.72732388415e-22
76.7414490985  2.72425538604e-22
79.6214341107  2.72026065195e-22
82.609500398  2.715373734e-22
85.7097040795  2.70962794633e-22
88.9262534938  2.70305594447e-22
92.2635149121  2.69568980486e-22
95.7260184645  2.6875611049e-22
99.3184642901  2.67870100324e-22
103.045728916  2.66914032041e-22
106.912871879  2.65890961972e-22
110.925142592  2.64803928828e-22
115.087987467  2.63655961792e-22
119.407057317  2.6245008858e-22
123.888215015  2.61189343428e-22
128.537543463  2.5987677498e-22
133.361353843  2.58515453999e-22
138.366194184  2.57108480858e-22
143.558858254  2.55658992717e-22
148.946394781  2.54170170313e-22
154.536117019  2.52645244241e-22
160.335612678  2.5108750062e-22
166.352754221  2.49500286009e-22
172.595709553  2.47887011415e-22
179.07295311  2.46251155247e-22
185.793277356  2.4459626503e-22
192.765804725  2.42925957695e-22
200  2.41243918271e-22
207.505683164  2.39553896765e-22
215.293042726  2.37859703059e-22
223.372649556  2.36165199638e-22
231.755471231  2.34474291997e-22
240.452886923  2.32790916588e-22
249.476702849  2.3111902623e-22
258.83916829  2.29462572925e-22
268.552992228  2.27825488109e-22
278.631360589  2.26211660417e-22
289.087954149  2.24624911146e-22
299.9369671  2.23068967651e-22
311.193126321  2.21678210664e-22
322.871711365  2.20191662672e-22
334.988575205  2.18746381353e-22
347.56016575  2.17345411508e-22
360.603548172  2.15991555691e-22
374.136428073  2.14687345701e-22
388.177175519  2.13435016094e-22
402.744849972  2.12236480458e-22
417.859226171  2.11093311166e-22
433.540820964  2.10006723263e-22
449.810921167  2.08977563052e-22
466.691612456  2.08006301846e-22
484.205809347  2.07093035217e-22
502.377286302  2.06237487952e-22
521.23071  2.05439024793e-22
540.791672822  2.04696666907e-22
561.08672759  2.04009113962e-22
582.143423613  2.03374771611e-22
603.99034408  2.02791784218e-22
626.657144863  2.02258072751e-22
650.174594771  2.01771378052e-22
674.574617318  2.01329310282e-22
699.890334057  2.00929406587e-22
726.15610954  2.00569202442e-22
753.407597968  2.00246407938e-22
781.681791585  1.9997833335e-22
811.017070897  1.9977904062e-22
841.453256769  1.99647659035e-22
873.03166448  1.99583080389e-22
905.795159807  1.98927972725e-22
939.78821721  1.99047426274e-22
975.056980207  1.99224862556e-22
1011.64932401  1.99460885656e-22
1049.6149205  1.99755914703e-22
1089.00530568  2.00110181533e-22
1129.87394962  2.00523730146e-22
1172.27632903  2.00996417988e-22
1216.27000256  2.01527919029e-22
1261.91468896  2.02117728562e-22
1309.27234813  2.02765169645e-22
1358.40726523  2.03469401034e-22
1409.38613793  2.04229426462e-22
1462.27816697  2.08021482314e-22
1517.15515006  2.09665278862e-22
1574.09157939  2.11175012622e-22
1633.16474272  2.12565176858e-22
1694.45482828  2.13848568483e-22
1758.04503366  2.15036567534e-22
1824.02167871  2.16139359253e-22
1892.47432273  2.17166112209e-22
1963.49588604  2.18125122334e-22
2037.18277611  2.19023930288e-22
2113.63501843  2.19869417728e-22
2192.95639229  2.20667886769e-22
2275.25457165  2.21182907617e-22
2360.6412713  2.21800567418e-22
2449.23239853  2.22356491991e-22
2541.14821042  2.22855292859e-22
2636.51347711  2.23301188518e-22
2735.45765119  2.23698050087e-22
2838.11504338  2.24049440367e-22
2944.62500487  2.24358647396e-22
3055.13211648  2.24628713386e-22
3169.78638492  2.24862459771e-22
3288.74344643  2.25062508941e-22
3412.16477801  2.25231303177e-22
3540.21791663  2.25371121166e-22
3673.0766867  2.25484092454e-22
3810.92143593  2.25572210123e-22
3953.93928022  2.2563734193e-22
4102.32435765  2.25681240116e-22
4256.27809197  2.25705550068e-22
4416.00946604  2.25711817982e-22
4581.73530554  2.25701497671e-22
4753.68057325  2.25675956608e-22
4932.07867447  2.25636481343e-22
5117.17177381  2.25584282335e-22
5309.21112395  2.25520498326e-22
5508.45740668  2.25446200271e-22
5715.18108675  2.25362394933e-22
5929.66277905  2.25270028152e-22
6152.19362948  2.25169987859e-22
6383.0757102  2.25063106864e-22
6622.62242965  2.24950165448e-22
6871.158958  2.24831893793e-22
7129.02266852  2.24708974274e-22
7396.56359561  2.24582043634e-22
7674.14490985  2.24451695052e-22
7962.14341107  2.2431848013e-22
8260.9500398  2.24182910805e-22
8570.97040795  2.24045461193e-22
8892.62534938  2.23906569382e-22
9226.35149121  2.23766639168e-22
9572.60184645  2.23626041746e-22
9931.84642901  2.23485117364e-22
10304.5728916  2.23344176927e-22
10691.2871879  2.23203503566e-22
11092.5142592  2.23063354166e-22
11508.7987467  2.2292396086e-22
11940.7057317  2.22785532475e-22
12388.8215015  2.22648255942e-22
12853.7543463  2.22512297668e-22
13336.1353843  2.22377804855e-22
13836.6194184  2.22244906789e-22
14355.8858254  2.22113716072e-22
14894.6394781  2.21984329813e-22
15453.6117019  2.21856830775e-22
16033.5612678  2.21731288468e-22
16635.2754221  2.21607760198e-22
17259.5709553  2.21486292069e-22
17907.295311  2.21366919929e-22
18579.3277356  2.21249670272e-22
19276.5804725  2.21134561096e-22
20000  2.21021602701e-22

