1 20 101
101
1  0
1.03041055791  3.27269301073e-40
1.06174591785  6.6449104418e-40
1.09403420358  1.01196788863e-39
1.12730439408  1.37001169779e-39
1.16158634964  1.73894381894e-39
1.1969108386  2.11909537172e-39
1.23330956497  2.51080754532e-39
1.27081519692  2.91443190465e-39
1.30946139606  3.33033070594e-39
1.34928284767  3.75887722181e-39
1.39031529185  4.20045607632e-39
1.43259555555  4.65546359015e-39
1.47616158565  5.12430813634e-39
1.52105248304  5.60741050675e-39
1.56730853766  6.10520428977e-39
1.61497126471  6.61813625946e-39
1.66408344188  7.14666677651e-39
1.71468914776  7.69127020147e-39
1.76683380139  8.25243532041e-39
1.82056420303  8.83066578371e-39
1.87592857615  9.42648055799e-39
1.93297661076  1.0040414392e-38
1.99175950792  5.35564037326e-36
2.05233002578  3.43988017193e-34
2.11474252688  7.54239694271e-34
2.17905302696  1.17696735373e-33
2.24531924523  1.61255039717e-33
2.31360065617  2.06137976396e-33
2.3839585429  2.52385828222e-33
2.45645605223  3.00040103023e-33
2.53115825126  3.49143570908e-33
2.60813218585  3.99740302646e-33
2.68744694072  4.51875709225e-33
2.76917370155  5.05596582606e-33
2.85338581877  5.60951137717e-33
2.94015887345  6.17989055732e-33
3.02957074514  4.07514893452e-31
3.12170168173  1.65669308884e-30
3.21663437151  2.94385949007e-30
3.31445401734  4.2701693397e-30
3.41524841318  5.63681301181e-30
3.51910802283  7.04501708046e-30
3.62612606115  8.49604542049e-30
3.73639857773  9.99120034188e-30
3.85002454306  1.15318237586e-29
3.96710593738  1.3119298393e-29
4.08774784223  1.88971016601e-28
4.21205853471  4.37464945814e-28
4.34014958471  6.93515714051e-28
4.472135955  9.57353129004e-28
4.60813610445  1.22921398694e-27
4.74827209431  1.50934228525e-27
4.89266969782  1.79798944139e-27
5.041458513  4.7840855402e-27
5.19477207907  1.50332599441e-26
5.35274799621  2.55941174598e-26
5.51552804914  3.64761365446e-26
5.68325833429  4.7689083901e-26
5.85608939099  5.92430232422e-26
6.03417633655  9.88732194002e-26
6.21767900547  2.55977969797e-25
6.40676209294  4.18511617331e-25
6.6015953026  5.85988003765e-25
6.80235349885  7.58557440547e-25
7.00921686386  1.01630058221e-24
7.22237105921  2.08248404788e-24
7.44200739256  3.22232367676e-24
7.66832298935  4.39682646467e-24
7.9015209697  5.60704653764e-24
8.14181063074  8.17980265665e-24
8.38940763443  1.17794372234e-23
8.64453420113  1.54885386857e-23
8.90741930907  1.93104359927e-23
9.17829889981  2.44388150307e-23
9.45741609003  3.03599791923e-23
9.74502138973  3.64612092596e-23
10.041372927  4.27766942378e-23
10.34673668  4.94446934263e-23
10.661386715  5.63181605108e-23
10.9856054331  6.33698238203e-23
11.3196838233  7.00190731847e-23
11.6639217237  7.68072380387e-23
12.0186280908  8.37153598085e-23
12.3841212763  9.00123847966e-23
12.7607293136  9.64616091306e-23
13.1487902114  1.0272687338e-22
13.5486522576  1.08552863393e-22
13.9606743317  1.14533495652e-22
14.3852262269  1.19933926728e-22
14.8226889821  1.25390399674e-22
15.2734552238  1.30511290126e-22
15.7379295184  1.35452832146e-22
16.2165287354  1.40226351975e-22
16.7096824217  1.44748078124e-22
17.2178331866  1.49169220815e-22
17.7414370999  1.53397846018e-22
18.2809641002  1.57483654753e-22
18.8368984177  1.6143634775e-22
19.4097390079  1.65192925832e-22
20  1.68934e-22

