0.5 20000 301
301
0.5  0
0.51797667599  4.16357208935e-36
0.536599673739  8.47683855152e-36
0.555892230681  1.2945181401e-35
0.575878419714  1.75741761537e-35
0.596583179235  2.2369598784e-35
0.618032344264  2.73374329321e-35
0.640252678672  3.24838773699e-35
0.663271908584  3.7815353736e-35
0.687118756972  4.33385145485e-35
0.711822979493  4.90602515057e-35
0.737415401622  5.49877040856e-35
0.763927957112  6.11282684545e-35
0.791393727841  6.74896066955e-35
0.819846985093  7.40796563694e-35
0.849323232317  8.09066404187e-35
0.879859249433  8.79790774285e-35
0.911493138721  9.53057922555e-35
0.944264372364  1.0289592704e-34
0.978213841706  1.10758952611e-34
1.01338390827  3.96646654897e-30
1.04981845661  1.47639253363e-29
1.0875629491  2.59495889598e-29
1.12666448261  3.75374146848e-29
1.16717184731  4.95418615867e-29
1.20913558756  6.19779085934e-29
1.25260806493  7.48610731753e-29
1.29764352358  8.82074307081e-29
1.34429815793  1.02033634531e-28
1.39263018277  1.16356936726e-28
1.44269990591  1.31195209647e-28
1.49456980343  1.46566968217e-28
1.54830459763  1.62491393033e-28
1.6039713378  1.789883543e-28
1.66163948387  1.96078436622e-28
1.7213809931  2.13782964689e-28
1.78327040983  2.32124029885e-28
1.84738495855  2.51124517853e-28
1.91380464021  2.70808137054e-28
1.98261233206  2.91199448344e-28
2.05389389107  7.22644688472e-27
2.12773826107  1.67219287804e-26
2.20423758369  2.65588050789e-26
2.28348731338  3.67493500534e-26
2.3655863365  4.73062792782e-26
2.4506370947  5.82427654952e-26
2.53874571274  6.95724550506e-26
2.63002213093  8.13094849225e-26
2.72458024232  9.34685003605e-26
2.82253803477  1.0606467316e-25
2.92401773821  1.19113720594e-25
3.02914597715  2.24383063742e-25
3.13805392866  5.81228039551e-25
3.25087748609  9.50902788377e-25
3.36775742859  1.33386858357e-24
3.48883959681  1.73060328279e-24
3.61427507483  2.14160192429e-24
3.74422037875  2.56737734461e-24
3.87883765192  3.00846081849e-24
4.01829486729  3.71394343736e-24
4.16276603701  6.1499938124e-24
4.31243142955  8.67362836401e-24
4.46747779462  1.12879960369e-23
4.62809859623  1.3996358991e-23
4.79449425406  1.68020966716e-23
4.96687239354  1.97087100267e-23
5.14544810495  2.41837463496e-23
5.33044421176  2.91650890217e-23
5.52209154871  3.43255276604e-23
5.72062924983  3.96715013657e-23
5.92630504679  4.52096807454e-23
6.13937557808  5.0595060481e-23
6.36010670917  5.59812968728e-23
6.58877386432  6.15611865175e-23
6.82566237018  6.73416918986e-23
7.07106781187  7.29337893804e-23
7.32529640178  7.77199801404e-23
7.58866536167  8.26782505013e-23
7.86150331847  8.78147873017e-23
8.14415071437  9.25376752952e-23
8.43696023158  9.68348425276e-23
8.74029723243  1.01286507326e-22
9.05454021523  1.05708806448e-22
9.38008128661  1.09355727373e-22
9.7173266507  1.1313376733e-22
10.0666971161  1.16892553625e-22
10.4286286208  1.20105565704e-22
10.8035727762  1.23434096337e-22
11.1919974309  1.26572911225e-22
11.5943872539  1.29496671051e-22
12.0112443398  1.32509454302e-22
12.4430888353  1.35029074115e-22
12.8904595879  1.37639282705e-22
13.3539148186  1.39979448268e-22
13.8340328184  1.42287073835e-22
14.3314126696  1.44439409731e-22
14.8466749937  1.46545523716e-22
15.3804627255  1.48475310383e-22
15.9334419155  1.50369252552e-22
16.5063025609  1.52041942097e-22
17.0997594668  1.53694417213e-22
17.7145531376  1.55196369463e-22
18.3514507018  1.56179726208e-22
19.0112468682  1.56931466803e-22
19.6947649184  1.57966820905e-22
20.4028577337  1.59270673149e-22
21.1364088592  1.60827761225e-22
21.8963336065  1.62622636263e-22
22.6835801957  1.6463962209e-22
23.4991309386  1.66862773301e-22
24.3440034645  1.68550187392e-22
25.2192519896  1.69165286662e-22
26.1259686331  1.69709494127e-22
27.0652847792  1.70185069893e-22
28.0383724893  1.70594191897e-22
29.0464459643  1.70938958932e-22
30.0907630598  1.71221393598e-22
31.1726268555  1.71443445181e-22
32.2933872809  1.71606992466e-22
33.4544428005  1.71713846485e-22
34.6572421578  1.71765753201e-22
35.9032861837  1.71764396142e-22
37.1941296691  1.71711398975e-22
38.5313833047  1.71608328034e-22
39.9167156909  1.71456694803e-22
41.35185542  1.7125795836e-22
42.8385932329  1.71013527777e-22
44.3787842538  1.70724764497e-22
45.9743503045  1.70392984676e-22
47.627282303  1.70019461504e-22
49.3396427475  1.69605427506e-22
51.1135682897  1.69152076826e-22
52.9512724014  1.6866056751e-22
54.8550481358  1.68132023774e-22
56.8272709893  1.67567538273e-22
58.8704018652  1.66968174383e-22
60.9869901447  1.66334968482e-22
63.1796768676  1.65668932255e-22
65.4511980279  1.64971055008e-22
67.8043879881  1.64242306018e-22
70.2421830153  1.63483636903e-22
72.767624945  1.62695984028e-22
75.3838649774  1.61880270953e-22
78.0941676085  1.61037410917e-22
80.9019147041  1.60168309369e-22
83.8106097193  1.59273866552e-22
86.8238820702  1.58354980132e-22
89.9454916625  1.57412547884e-22
93.1793335833  1.56447470429e-22
96.5294429608  1.5546065402e-22
100  1.54453013388e-22
103.595335198  1.53425474626e-22
107.319934748  1.52378978114e-22
111.178446136  1.51314481487e-22
115.175683943  1.50232962609e-22
119.316635847  1.4913542257e-22
123.606468853  1.48022888667e-22
128.050535734  1.46896417357e-22
132.654381717  1.45757097153e-22
137.423751394  1.44606051441e-22
142.364595899  1.43444441167e-22
147.483080324  1.42273467376e-22
152.785591422  1.41094373536e-22
158.278745568  1.39908447605e-22
163.969397019  1.38717023782e-22
169.864646463  1.37521483879e-22
175.971849887  1.36323258239e-22
182.298627744  1.3512382613e-22
188.852874473  1.3392471554e-22
195.642768341  1.32727502275e-22
202.676781654  1.31533808298e-22
209.963691323  1.30345299209e-22
217.51258982  1.29163680802e-22
225.332896521  1.27990694604e-22
233.434369463  1.26828112363e-22
241.827117512  1.25677729404e-22
250.521612986  1.24541356842e-22
259.528704717  1.23420812635e-22
268.859631586  1.22317911489e-22
278.526036554  1.21234453663e-22
288.539981181  1.20172212759e-22
298.913960685  1.19132922604e-22
309.660919525  1.18195568646e-22
320.794267559  1.17205446734e-22
332.327896774  1.16243175159e-22
344.276198619  1.15310177994e-22
356.654081967  1.14407767179e-22
369.476991711  1.13537128483e-22
382.760928042  1.12699308334e-22
396.522466412  1.11895201817e-22
410.778778215  1.11125542164e-22
425.547652214  1.10390892035e-22
440.847516738  1.0969163684e-22
456.697462677  1.09027980328e-22
473.117267301  1.0839994263e-22
490.127418939  1.07807360851e-22
507.749142548  1.07249892302e-22
526.004426187  1.06727020364e-22
544.916048465  1.06238062967e-22
564.507606954  1.05782183602e-22
584.803547643  1.05358404802e-22
605.82919543  1.04965623999e-22
627.610785733  1.04602631762e-22
650.175497219  1.04268132517e-22
673.551485719  1.03960768117e-22
697.767919361  1.03679145193e-22
722.855014966  1.03421868612e-22
748.84407575  1.03187588244e-22
775.767530383  1.02982486444e-22
803.658973457  1.0281676978e-22
832.553207402  1.02689983258e-22
862.486285909  1.02601458744e-22
893.495558925  1.02129957133e-22
925.619719247  1.02149413231e-22
958.898850812  1.0220149948e-22
993.374478709  1.02286542408e-22
1029.08962099  1.02404782281e-22
1066.08884235  1.02556371357e-22
1104.41830974  1.02741372913e-22
1144.12584997  1.02959761035e-22
1185.26100936  1.03211421199e-22
1227.87511562  1.03496151616e-22
1272.02134183  1.03813665327e-22
1317.75477286  1.04163592995e-22
1365.13247404  1.04545486354e-22
1414.21356237  1.06183303375e-22
1465.05928036  1.0716866194e-22
1517.73307233  1.08075859999e-22
1572.30066369  1.08913064385e-22
1628.83014287  1.09687506114e-22
1687.39204632  1.10405631061e-22
1748.05944649  1.110732205e-22
1810.90804305  1.11695488371e-22
1876.01625732  1.122771604e-22
1943.46533014  1.12822538924e-22
2013.33942322  1.13335556344e-22
2085.72572415  1.13819819467e-22
2160.71455525  1.14278646497e-22
2238.39948618  1.14715098034e-22
2318.87745078  1.14948776193e-22
2402.24886796  1.15277161863e-22
2488.61776706  1.15573328113e-22
2578.09191758  1.15839559151e-22
2670.78296373  1.16077956765e-22
2766.80656368  1.16290460184e-22
2866.28253393  1.16478863259e-22
2969.33499874  1.16644829355e-22
3076.0925451  1.16789904323e-22
3186.68838309  1.16915527815e-22
3301.26051218  1.17023043187e-22
3419.95189335  1.17113706187e-22
3542.91062753  1.17188692594e-22
3670.29014035  1.17249104937e-22
3802.24937364  1.17295978439e-22
3938.95298368  1.17330286257e-22
4080.57154674  1.17352944136e-22
4227.28177184  1.17364814533e-22
4379.2667213  1.17366710287e-22
4536.71603914  1.1735939789e-22
4699.82618773  1.17343600413e-22
4868.8006929  1.17320000126e-22
5043.85039793  1.17289240855e-22
5225.19372662  1.17251930113e-22
5413.05695583  1.17208641027e-22
5607.67449785  1.17159914098e-22
5809.28919286  1.17106258807e-22
6018.15261197  1.17048155093e-22
6234.52537109  1.16986054726e-22
6458.67745619  1.16920382582e-22
6690.88856009  1.1685153783e-22
6931.44843155  1.16779895063e-22
7180.65723674  1.16705805359e-22
7438.82593382  1.16629597294e-22
7706.27666093  1.16551577915e-22
7983.34313818  1.16472033669e-22
8270.371084  1.1639123131e-22
8567.71864659  1.16309418762e-22
8875.75685075  1.16226825974e-22
9194.87006089  1.16143665742e-22
9525.4564606  1.16060134511e-22
9867.9285495  1.15976413164e-22
10222.7136579  1.15892667784e-22
10590.2544803  1.15809050408e-22
10971.0096272  1.15725699754e-22
11365.4541979  1.15642741938e-22
11774.080373  1.1556029117e-22
12197.3980289  1.15478450429e-22
12635.9353735  1.15397312129e-22
13090.2396056  1.15316958755e-22
13560.8775976  1.15237463487e-22
14048.4366031  1.15158890797e-22
14553.524989  1.15081297038e-22
15076.7729955  1.15004730997e-22
15618.8335217  1.14929234435e-22
16180.3829408  1.14854842604e-22
16762.1219439  1.14781584743e-22
17364.776414  1.14709484549e-22
17989.0983325  1.14638560628e-22
18635.8667167  1.14568826921e-22
19305.8885922  1.14500293114e-22
20000  1.14432965017e-22

