0.2 20 151
151
0.2  0
0.206235454919  1.91700747533e-36
0.212665314327  3.89378201911e-36
0.219295639229  5.93218700565e-36
0.22613267959  8.0341439042e-36
0.233182880236  1.02016340901e-35
0.240452886923  1.24367007128e-35
0.247949552606  1.47414506213e-35
0.255679943893  1.71180563505e-35
0.263651347711  1.95687581692e-35
0.271871278176  2.20958661914e-35
0.280347483669  2.47017625544e-35
0.289087954149  2.73889036638e-35
0.298100928677  3.01598225094e-35
0.307394903187  3.30171310528e-35
0.316978638492  3.59635226893e-35
0.326861168545  3.90017747868e-35
0.33705180895  4.21347513043e-35
0.34756016575  4.53654054909e-35
0.358396144475  4.86967826703e-35
0.369569959484  5.21320231107e-35
0.381092143593  5.56743649856e-35
0.392973557999  5.93271474259e-35
0.405225402524  6.30938136674e-35
0.417859226171  6.69779142965e-35
0.430886938006  7.09831105976e-35
0.444320818391  7.51131780035e-35
0.458173530554  7.93720096549e-35
0.472458132527  8.37636200703e-35
0.487188089458  8.82921489295e-35
0.502377286302  2.66155510615e-31
0.518040040906  1.89380250934e-30
0.534191117512  3.58922326438e-30
0.550845740668  5.33750261785e-30
0.568019609583  7.14028855678e-30
0.585728912925  8.99928044797e-30
0.60399034408  1.09162306398e-29
0.622821116889  1.28929461142e-29
0.642238981873  1.49312901897e-29
0.662262242965  1.70331842781e-29
0.682909774767  1.92006096957e-29
0.704201040337  2.14356095307e-29
0.72615610954  2.37402905693e-29
0.748795677965  2.61168252815e-29
0.772141086431  2.8567453869e-29
0.796214341107  3.10944863769e-29
0.821038134255  3.37003048711e-29
0.846635865618  3.63873656842e-29
0.87303166448  3.915820173e-29
0.900250412412  4.20154248921e-29
0.928317766723  4.49617284853e-29
0.957260184645  4.79998897946e-29
0.987104948279  5.11327726933e-29
1.0178801903  6.20528362902e-27
1.0496149205  1.71256014052e-26
1.08233905309  2.83863849273e-26
1.11608343495  3.99982489893e-26
1.15087987467  5.19721393258e-26
1.18676117255  6.43193429293e-26
1.2237611515  7.70514986899e-26
1.26191468896  9.01806083669e-26
1.30125774973  1.03719047901e-25
1.34182741991  1.17679579083e-25
1.38366194184  1.32075361578e-25
1.42680075014  1.46919965338e-25
1.47128450892  1.62227383385e-25
1.51715515006  1.78012045008e-25
1.56445591277  1.9428882936e-25
1.61323138435  2.11073079488e-25
1.66352754221  2.28380616791e-25
1.71539179718  2.46227755937e-25
1.76887303828  2.64631320241e-25
1.82402167871  2.83608657522e-25
1.88088970345  3.03177656459e-25
1.93953071822  3.2335676345e-25
2  3.80132843246e-25
2.06235454919  9.35465457968e-25
2.12665314327  1.54520105268e-24
2.19295639229  2.17394654146e-24
2.2613267959  2.82229460099e-24
2.33182880236  3.49085638601e-24
2.40452886923  4.18026210537e-24
2.47949552606  4.89116161616e-24
2.55679943893  5.62422503621e-24
2.63651347711  6.38014337579e-24
2.71871278176  7.15962918902e-24
2.80347483669  7.96341724549e-24
2.89087954149  8.7922652229e-24
2.98100928677  9.65089203638e-24
3.07394903187  1.18942165999e-23
3.16978638492  1.45732596215e-23
3.26861168545  1.73358279031e-23
3.3705180895  2.01845255345e-23
3.4756016575  2.31220377942e-23
3.58396144475  2.61511336803e-23
3.69569959484  2.92746685206e-23
3.81092143593  3.24955866643e-23
3.92973557999  3.58169242574e-23
4.05225402524  3.92138165403e-23
4.17859226171  4.26777962092e-23
4.30886938006  4.62497733234e-23
4.44320818391  4.99331149489e-23
4.58173530554  5.37312931278e-23
4.72458132527  5.76478881506e-23
4.87188089458  6.1686591932e-23
5.02377286302  6.56446113794e-23
5.18040040906  6.86751927215e-23
5.34191117512  7.17870368021e-23
5.50845740668  7.49958997002e-23
5.68019609583  7.83048061979e-23
5.85728912925  8.17168753822e-23
6.0399034408  8.50244997188e-23
6.22821116889  8.76669585358e-23
6.42238981873  9.03901412807e-23
6.62262242965  9.31982254419e-23
6.82909774767  9.6093858014e-23
7.04201040337  9.88932862034e-23
7.2615610954  1.0101974624e-22
7.48795677965  1.03208854406e-22
7.72141086431  1.05466212997e-22
7.96214341107  1.07787406412e-22
8.21038134255  1.09634142067e-22
8.46635865618  1.11427775104e-22
8.7303166448  1.1327732873e-22
9.00250412412  1.1515721815e-22
9.28317766723  1.16743733251e-22
9.57260184645  1.18355247081e-22
9.87104948279  1.2001700352e-22
10.178801903  1.21495980899e-22
10.496149205  1.22846611016e-22
10.8233905309  1.242393501e-22
11.1608343495  1.25498593207e-22
11.5087987467  1.26596768845e-22
11.8676117255  1.27729182606e-22
12.237611515  1.28743167291e-22
12.6191468896  1.29700439546e-22
13.0125774973  1.306749018e-22
13.4182741991  1.3154148648e-22
13.8366194184  1.32427123309e-22
14.2680075014  1.3323531294e-22
14.7128450892  1.34002657779e-22
15.1715515006  1.34728222114e-22
15.6445591277  1.35362998349e-22
16.1323138435  1.3597840028e-22
16.6352754221  1.36504498091e-22
17.1539179718  1.37017599866e-22
17.6887303828  1.37474864477e-22
18.2402167871  1.37916838688e-22
18.8088970345  1.38333112629e-22
19.3953071822  1.38719671682e-22
20  1.39097e-22

