0.05 20 201
201
0.05  0
0.0515205278956  3.30799966847e-41
0.0530872958927  6.71659745243e-41
0.0547017101788  1.02288525967e-40
0.0563652197041  1.38479173794e-40
0.0580793174821  1.75770399413e-40
0.0598455419298  2.14195672008e-40
0.0616654782484  2.53789478581e-40
0.0635407598458  2.94587354901e-40
0.0654730698028  3.36625917402e-40
0.0674641423837  3.79942896042e-40
0.0695157645926  4.2457716817e-40
0.0716297777775  4.70568793415e-40
0.0738080792827  5.17959049643e-40
0.0760526241521  5.66790470003e-40
0.0783654268832  6.17106881099e-40
0.0807485632356  6.68953442329e-40
0.0832041720942  7.22376686412e-40
0.0857344573881  7.77424561152e-40
0.0883416900695  8.34146472475e-40
0.0910282101513  8.92593328768e-40
0.0937964288077  9.52817586568e-40
0.0966488305378  1.01487329765e-39
0.0995879753959  1.71670782149e-36
0.102616501289  1.10410872459e-34
0.105737126344  2.42093414276e-34
0.108952651348  3.77780495657e-34
0.112265962262  5.17593896884e-34
0.115680032808  6.61659101645e-34
0.119197927145  8.1010540966e-34
0.122822802612  9.6306605272e-34
0.126557912563  1.12067831427e-33
0.130406609292  1.28308365264e-33
0.134372347036  1.45042782795e-33
0.138458685077  1.62286103299e-33
0.142669290938  1.800538028e-33
0.147007943673  1.98361827956e-33
0.151478537257  2.17226610371e-33
0.156085084087  2.36665081344e-33
0.160831718575  2.56694687065e-33
0.165722700867  2.7733340427e-33
0.170762420659  2.9859975638e-33
0.175955401141  3.20512830122e-33
0.181306303058  3.43092292662e-33
0.186819928886  3.66358409256e-33
0.192501227153  3.90332061435e-33
0.198355296869  4.15034765753e-33
0.204387392112  2.86003023426e-29
0.210602926736  6.91118264892e-29
0.217007479236  1.10855328687e-28
0.22360679775  1.53868274076e-28
0.230406805222  1.98189267131e-28
0.237413604716  2.43858086312e-28
0.244633484891  2.90915719764e-28
0.25207292565  3.39404402103e-28
0.259738603953  3.89367652324e-28
0.267637399811  4.4085031286e-28
0.275776402457  4.93898589825e-28
0.284162916714  5.48560094489e-28
0.292804469549  6.04883886007e-28
0.301708816827  6.62920515447e-28
0.310883950274  7.22722071169e-28
0.320338104647  7.84342225564e-28
0.33007976513  8.47836283232e-28
0.340117674943  9.13261230619e-28
0.350460843193  9.80675787156e-28
0.361118552961  1.05014045797e-27
0.372100369628  1.12171758818e-27
0.383416149468  1.19547141885e-27
0.395076048485  1.27146814466e-27
0.407090531537  1.3497759733e-27
0.419470381721  1.4304651867e-27
0.432226710057  1.5136082041e-27
0.445370965454  1.59927964704e-27
0.458914944991  1.68755640636e-27
0.472870804502  1.77851771118e-27
0.487251069486  1.87224520002e-27
0.502068646352  6.04841741513e-27
0.517336833998  3.31494970904e-26
0.533069335748  6.14569799374e-26
0.549280271653  9.06253091308e-26
0.565984191164  1.20680663488e-25
0.583196086186  1.5165001794e-25
0.600931404538  1.83561167739e-25
0.619206063817  2.16442753407e-25
0.63803646568  2.5032428644e-25
0.657439510569  2.85236175795e-25
0.677432612878  3.21209755184e-25
0.698033716583  3.58277311191e-25
0.719261311345  3.96472112258e-25
0.741134449107  4.35828438534e-25
0.763672761192  4.76381612649e-25
0.786896475921  5.18168031414e-25
0.810826436772  5.61225198487e-25
0.835484121084  6.05591758033e-25
0.860891659332  6.51307529408e-25
0.887071854993  6.98413542895e-25
0.914048205011  7.46952076533e-25
0.941844920883  7.96966694059e-25
0.970486950393  8.48502284008e-25
1  9.51504424446e-25
1.03041055791  1.74688464838e-24
1.06174591785  2.61786961943e-24
1.09403420358  3.51534172937e-24
1.12730439408  4.44010646689e-24
1.16158634964  5.39299381601e-24
1.1969108386  6.37485900104e-24
1.23330956497  7.38658325415e-24
1.27081519692  8.42907460624e-24
1.30946139606  9.50326870197e-24
1.34928284767  1.06101296395e-23
1.39031529185  1.17506508356e-23
1.43259555555  1.29258559176e-23
1.47616158565  1.41367996418e-23
1.52105248304  1.53845688403e-23
1.56730853766  1.66702833962e-23
1.61497126471  1.79950972491e-23
1.66408344188  1.93601994304e-23
1.71468914776  2.07668151306e-23
1.76683380139  2.2216206799e-23
1.82056420303  2.37096752768e-23
1.87592857615  2.52485609641e-23
1.93297661076  2.68342450237e-23
1.99175950792  2.84755348666e-23
2.05233002578  3.0626959185e-23
2.11474252688  3.29285268885e-23
2.17905302696  3.53000865499e-23
2.24531924523  3.77437666638e-23
2.31360065617  4.02617604533e-23
2.3839585429  4.28563278387e-23
2.45645605223  4.55297974659e-23
2.53115825126  4.8284568796e-23
2.60813218585  5.11231142591e-23
2.68744694072  5.40479814735e-23
2.76917370155  5.70617955317e-23
2.85338581877  6.01672613568e-23
2.94015887345  6.33671661302e-23
3.02957074514  6.61830522688e-23
3.12170168173  6.80809025758e-23
3.21663437151  7.00364675695e-23
3.31445401734  7.20515023857e-23
3.41524841318  7.41278155348e-23
3.51910802283  7.62672705252e-23
3.62612606115  7.84717875355e-23
3.73639857773  8.07433451379e-23
3.85002454306  8.30839820745e-23
3.96710593738  8.54957990861e-23
4.08774784223  8.73161585764e-23
4.21205853471  8.89350828299e-23
4.34014958471  9.06032394731e-23
4.472135955  9.23221256905e-23
4.60813610445  9.40932841968e-23
4.74827209431  9.59183046214e-23
4.89266969782  9.77988249353e-23
5.041458513  9.94907743186e-23
5.19477207907  1.00578593862e-22
5.35274799621  1.01699494605e-22
5.51552804914  1.02854482565e-22
5.68325833429  1.04044594353e-22
5.85608939099  1.05270898104e-22
6.03417633655  1.06424488773e-22
6.21767900547  1.07151832072e-22
6.40676209294  1.07898710267e-22
6.6015953026  1.08668301445e-22
6.80235349885  1.0946129632e-22
7.00921686386  1.1025987451e-22
7.22237105921  1.1089710514e-22
7.44200739256  1.11544153778e-22
7.66832298935  1.12210879527e-22
7.9015209697  1.12897880777e-22
8.14181063074  1.13504804949e-22
8.38940763443  1.14057936655e-22
8.64453420113  1.14627889405e-22
8.90741930907  1.15215174736e-22
9.17829889981  1.15671975058e-22
9.45741609003  1.16063297358e-22
9.74502138973  1.16466519988e-22
10.041372927  1.16850283444e-22
10.34673668  1.17068449359e-22
10.661386715  1.17290277634e-22
10.9856054331  1.17513673408e-22
11.3196838233  1.1764024997e-22
11.6639217237  1.1776004476e-22
12.0186280908  1.17878850405e-22
12.3841212763  1.17957281347e-22
12.7607293136  1.18035992427e-22
13.1487902114  1.18110699175e-22
13.5486522576  1.18177076275e-22
13.9606743317  1.18244462039e-22
14.3852262269  1.18279736288e-22
14.8226889821  1.18311233607e-22
15.2734552238  1.18311694515e-22
15.7379295184  1.18290793172e-22
16.2165287354  1.18246953747e-22
16.7096824217  1.18173967002e-22
17.2178331866  1.18081551867e-22
17.7414370999  1.17962693778e-22
18.2809641002  1.17826453908e-22
18.8368984177  1.17673016037e-22
19.4097390079  1.17508765949e-22
20  1.17337e-22

