1 20000 251
251
1  0
1.04040904696  2.11922014058e-40
1.082450985  4.32407594735e-40
1.12619179768  6.61802787595e-40
1.17170013492  9.00467621575e-40
1.21904742069  1.14877667404e-39
1.26830796516  1.40711965867e-39
1.31955908129  1.67590203709e-39
1.37288120617  1.95554565527e-39
1.4283580273  2.24648940554e-39
1.4860766139  2.54918991548e-39
1.54612755358  2.86412226455e-39
1.6086050945  3.19178072969e-39
1.6736072933  3.53267956114e-39
1.74123616901  3.88735378948e-39
1.81159786313  4.25636006537e-39
1.88480280626  4.64027753319e-39
1.96096589137  5.03970873999e-39
2.04020665416  1.5680977857e-34
2.12264946065  4.78333818256e-34
2.20842370239  8.1285033796e-34
2.29766399949  1.16088435142e-33
2.39051041194  1.52298208767e-33
2.48710865943  1.89971184835e-33
2.58761035005  2.29166489962e-33
2.6921732182  2.69945640014e-33
2.8009613722  3.12372636656e-33
2.91414555182  3.56514067798e-33
3.03190339627  2.95651744338e-31
3.15441972299  1.4160451784e-30
3.28188681771  2.58171264336e-30
3.41450473624  3.79448361965e-30
3.55248161847  5.05626151527e-30
3.69603401502  6.36902665312e-30
3.8453872271  7.73483937908e-30
4.00077566014  1.0308409414e-29
4.16244319166  2.52011271184e-28
4.33064355406  5.03481115245e-28
4.50564073281  7.65112616043e-28
4.68770938077  1.03731639644e-27
4.87713524927  1.32051967219e-27
5.07421563659  5.53258206082e-27
5.27925985453  1.66622366294e-26
5.49258971391  2.82416299322e-26
5.71454002959  4.02889354827e-26
5.945459146  5.28230611689e-26
6.18570948383  1.92486962406e-25
6.43566810884  3.76485155674e-25
6.69572732367  5.67918540575e-25
6.96629528353  7.67087566115e-25
7.24779663678  1.92577137731e-24
7.54067319143  3.26592233009e-24
7.84538460853  4.66022750565e-24
8.1624091236  7.5490661727e-24
8.49224429718  1.19791417594e-23
8.83540779578  1.65882324786e-23
9.19243820431  2.28167402926e-23
9.56389587139  3.05722563404e-23
9.95036378878  3.86411654004e-23
10.3524485064  4.752811778e-23
10.7707810842  5.68462709686e-23
11.2060180829  6.6125790086e-23
11.6588425938  7.52996931724e-23
12.1299653117  8.44866559974e-23
12.6201256496  9.30680939989e-23
13.1300928996  1.01643211991e-22
13.6606674402  1.09492155036e-22
14.2126819923  1.17200513064e-22
14.7870029263  1.24460503992e-22
15.384531622  1.3130901777e-22
16.0062058827  1.38019409768e-22
16.6530014079  1.44107049251e-22
17.3259333238  1.50082483721e-22
18.0260577771  1.55772075594e-22
18.7544735924  1.58842141847e-22
19.5123239965  1.6326779759e-22
20.3007984131  1.69020251577e-22
21.1211343295  1.76071736734e-22
21.9746192385  1.8439541556e-22
22.8625926593  1.93965284236e-22
23.7864482397  2.04756075271e-22
24.7476359436  2.09978044506e-22
25.7476643266  2.13161210921e-22
26.7881029035  2.16125160564e-22
27.8705846117  2.18878176577e-22
28.996808374  2.21428208561e-22
30.1685417653  2.23782885905e-22
31.3876237862  2.25949530701e-22
32.6559677498  2.27935170269e-22
33.9755642841  2.2974654931e-22
35.3484844568  2.31390141695e-22
36.7768830251  2.32872161923e-22
38.2630018183  2.34198576251e-22
39.8091732557  2.3537511352e-22
41.4178240072  2.36407275704e-22
43.0914788025  2.37300348179e-22
44.832764393  2.38059409755e-22
46.6444136747  2.38689342477e-22
48.5292699773  2.39194841209e-22
50.4902915267  2.39580423041e-22
52.5305560881  2.39850436514e-22
54.6532657959  2.40009070701e-22
56.8617521799  2.40060364157e-22
59.159481394  2.40008213761e-22
61.5500596558  2.39856383463e-22
64.0372389068  2.39608512968e-22
66.624922701  2.39268126368e-22
69.3171723311  2.38838640744e-22
72.118213203  2.38323374763e-22
75.032441467  2.37725557277e-22
78.0644309178  2.3704833595e-22
81.2189401726  2.36294785932e-22
84.5009201401  2.35467918588e-22
87.9155217902  2.34570690285e-22
91.4681042388  2.33606011277e-22
95.1642431583  2.32576754653e-22
99.009739529  2.31485765378e-22
103.010628743  2.30335869417e-22
107.173190077  2.29129882916e-22
111.503956548  2.27870621436e-22
116.009725165  2.26560909211e-22
120.697567597  2.25203588379e-22
125.574841273  2.23801528142e-22
130.649200932  2.22357633797e-22
135.928610627  2.20874855534e-22
141.421356237  2.19356196927e-22
147.136058463  2.17804722977e-22
153.081686359  2.16223567584e-22
159.267571411  2.14615940275e-22
165.703422184  2.12985132011e-22
172.399339552  2.11334519857e-22
179.36583256  2.096675703e-22
186.613834911  2.07987840959e-22
194.154722129  2.06298980425e-22
202.000329413  2.04604725966e-22
210.162970211  2.02908898815e-22
218.655455543  2.01215396776e-22
227.491114114  1.99528183911e-22
236.683813228  1.9785127707e-22
246.247980551  1.96188729127e-22
256.198626761  1.94544608796e-22
266.551369101  1.92922977029e-22
277.322455892  1.91327860072e-22
288.528792035  1.89763219384e-22
300.187965542  1.8834822947e-22
312.318275138  1.86853172414e-22
324.938758985  1.8539989416e-22
338.069224556  1.83991732991e-22
351.730279727  1.8263178172e-22
365.943365117  1.81322850744e-22
380.730787743  1.80067433041e-22
396.115756024  1.7886767216e-22
412.122416211  1.77725334287e-22
428.775890281  1.76641785336e-22
446.102315367  1.75617973986e-22
464.128884777  1.74654421364e-22
482.883890678  1.7375121794e-22
502.396768493  1.72908027982e-22
522.698143103  1.72124101715e-22
543.819876914  1.71398295154e-22
565.795119858  1.70729097422e-22
588.658361426  1.70114665301e-22
612.445484796  1.69552864767e-22
637.193823152  1.69041319501e-22
662.942218274  1.68577466829e-22
689.731081504  1.68158622746e-22
717.602457167  1.6778206057e-22
746.600088557  1.67445117603e-22
776.769486596  1.67157233897e-22
808.158001257  1.66938941782e-22
840.814895881  1.66789736121e-22
874.791424493  1.66708360472e-22
910.140912246  1.66124004559e-22
946.918839109  1.66224264258e-22
985.182926946  1.66383373188e-22
1024.99323011  1.66601912191e-22
1066.41222967  1.66880250914e-22
1109.50493154  1.67218545388e-22
1154.33896842  1.6761673799e-22
1200.98470601  1.68074559778e-22
1249.51535339  1.68591535168e-22
1300.00707798  1.69166988815e-22
1352.53912504  1.69800054556e-22
1407.19394206  1.70489686192e-22
1464.05730815  1.73820784975e-22
1523.21846867  1.75325507435e-22
1584.7702753  1.76699586692e-22
1648.80933177  1.7795811015e-22
1715.43614549  1.79114312245e-22
1784.75528525  1.80179894161e-22
1856.87554538  1.81165274653e-22
1931.9101165  1.82079788827e-22
2009.97676312  1.82931847116e-22
2091.19800853  1.83729063453e-22
2175.70132706  1.84478359383e-22
2263.61934415  1.84983329738e-22
2355.09004453  1.85559996122e-22
2450.25698873  1.86074823238e-22
2549.26953846  1.86532759197e-22
2652.28309095  1.86938301155e-22
2759.45932292  1.87295551162e-22
2870.96644429  1.87608263426e-22
2986.97946215  1.87879884515e-22
3107.68045551  1.88113587688e-22
3233.25886097  1.88312302333e-22
3363.91177012  1.88478739292e-22
3499.84423881  1.88615412707e-22
3641.26960901  1.88724658939e-22
3788.40984363  1.88808652968e-22
3941.49587491  1.88869422671e-22
4100.76796681  1.88908861258e-22
4266.47609215  1.88928738162e-22
4438.88032492  1.88930708567e-22
4618.25124841  1.889163218e-22
4804.87037999  1.88887028729e-22
4999.03061281  1.88844188317e-22
5201.0366756  1.88789073452e-22
5411.20561086  1.88722876164e-22
5629.8672725  1.88646712307e-22
5857.36484349  1.88561625802e-22
6094.05537452  1.88468592498e-22
6340.31034432  1.88368523712e-22
6596.51624277  1.88262269503e-22
6863.0751774  1.88150621713e-22
7140.40550453  1.88034316821e-22
7428.94248588  1.8791403864e-22
7729.13897165  1.87790420873e-22
8041.46611132  1.87664049559e-22
8366.41409304  1.87535465422e-22
8704.49291301  1.87405166135e-22
9056.2331759  1.87273608514e-22
9422.18692758  1.87141210641e-22
9802.92852161  1.87008353937e-22
10199.0555206  1.86875385171e-22
10611.1896341  1.86742618418e-22
11039.9776943  1.86610336972e-22
11486.0926714  1.86478795194e-22
11950.2347295  1.8634822032e-22
12433.1323259  1.86218814208e-22
12935.5433539  1.86090755038e-22
13458.2563327  1.85964198943e-22
14002.0916449  1.85839281595e-22
14567.9028237  1.85716119723e-22
15156.577893  1.85594812573e-22
15769.0407609  1.85475443304e-22
16406.2526695  1.85358080324e-22
17069.213704  1.85242778551e-22
17758.9643622  1.85129580627e-22
18476.5871871  1.85018518049e-22
19223.2084664  1.84909612244e-22
20000  1.84802875584e-22

