0.2 20 151
151
0.2  0
0.206235454919  4.03643860216e-34
0.212665314327  8.19872235901e-34
0.219295639229  1.24907747795e-33
0.22613267959  1.69166416968e-33
0.233182880236  2.14804950823e-33
0.240452886923  2.61866369781e-33
0.247949552606  3.1039503552e-33
0.255679943893  3.60436692796e-33
0.263651347711  4.12038512563e-33
0.271871278176  4.65249136433e-33
0.280347483669  5.20118722536e-33
0.289087954149  5.76698992791e-33
0.298100928677  6.35043281668e-33
0.307394903187  6.95206586461e-33
0.316978638492  7.57245619128e-33
0.326861168545  8.21218859751e-33
0.33705180895  8.87186611664e-33
0.34756016575  9.55211058293e-33
0.358396144475  1.02535632177e-32
0.369569959484  1.09768852339e-32
0.381092143593  1.17227584593e-32
0.392973557999  1.2491885979e-32
0.405225402524  1.32849927985e-32
0.417859226171  1.41028265272e-32
0.430886938006  1.49461580826e-32
0.444320818391  1.58157824175e-32
0.458173530554  1.6712519269e-32
0.472458132527  1.76372139316e-32
0.487188089458  1.85907380536e-32
0.502377286302  6.67339026582e-30
0.518040040906  4.73792388124e-29
0.534191117512  8.97800329139e-29
0.550845740668  1.33502768216e-28
0.568019609583  1.78588659243e-28
0.585728912925  2.25080205474e-28
0.60399034408  2.73021231409e-28
0.622821116889  3.22456927873e-28
0.642238981873  3.73433894621e-28
0.662262242965  4.26000184259e-28
0.682909774767  4.80205347543e-28
0.704201040337  5.36100480087e-28
0.72615610954  5.93738270527e-28
0.748795677965  6.53173050187e-28
0.772141086431  7.14460844292e-28
0.796214341107  7.77659424784e-28
0.821038134255  8.42828364773e-28
0.846635865618  9.100290947e-28
0.87303166448  9.79324960236e-28
0.900250412412  1.050781282e-27
0.928317766723  1.12446541713e-27
0.957260184645  1.20044682277e-27
0.987104948279  1.27879712156e-27
1.0178801903  3.39514596015e-26
1.0496149205  9.18805866987e-26
1.08233905309  1.51615786098e-25
1.11608343495  2.13213366213e-25
1.15087987467  2.76731390996e-25
1.18676117255  3.4222973468e-25
1.2237611515  4.09770138211e-25
1.26191468896  4.79416267448e-25
1.30125774973  5.51233773181e-25
1.34182741991  6.25290353011e-25
1.38366194184  7.01655815166e-25
1.42680075014  7.80402144303e-25
1.47128450892  8.61603569367e-25
1.51715515006  9.45336633558e-25
1.56445591277  1.03168026648e-24
1.61323138435  1.12071585856e-24
1.66352754221  1.21252733774e-24
1.71539179718  1.30720124862e-24
1.76887303828  1.40482683402e-24
1.82402167871  1.5054961191e-24
1.88088970345  1.60930399812e-24
1.93953071822  1.71634832389e-24
2  1.90050259977e-24
2.06235454919  3.10934249976e-24
2.12665314327  4.43194336162e-24
2.19295639229  5.79577931372e-24
2.2613267959  7.20213595381e-24
2.33182880236  8.65233896103e-24
2.40452886923  1.01477553456e-23
2.47949552606  1.16897947375e-23
2.55679943893  1.32799107149e-23
2.63651347711  1.49196021748e-23
2.71871278176  1.66104147455e-23
2.80347483669  1.83539422441e-23
2.89087954149  2.01518281782e-23
2.98100928677  2.20081799656e-23
3.07394903187  2.47544423589e-23
3.16978638492  2.78104463706e-23
3.26861168545  3.09617282585e-23
3.3705180895  3.42112585272e-23
3.4756016575  3.75621002933e-23
3.58396144475  4.10174121733e-23
3.69569959484  4.45804512606e-23
3.81092143593  4.8254576196e-23
3.92973557999  5.20432503333e-23
4.05225402524  5.5559487969e-23
4.17859226171  5.86438086035e-23
4.30886938006  6.18242899494e-23
4.44320818391  6.51039300355e-23
4.58173530554  6.84858203611e-23
4.72458132527  7.19731488101e-23
4.87188089458  7.55692026557e-23
5.02377286302  7.90585803883e-23
5.18040040906  8.15439006594e-23
5.34191117512  8.40927036736e-23
5.50845740668  8.67209714193e-23
5.68019609583  8.94311813902e-23
5.85728912925  9.22258883216e-23
6.0399034408  9.49144333558e-23
6.22821116889  9.69823970853e-23
6.42238981873  9.91133116468e-23
6.62262242965  1.01310662317e-22
6.82909774767  1.03576520392e-22
7.04201040337  1.05784167671e-22
7.2615610954  1.07535334125e-22
7.48795677965  1.0933857575e-22
7.72141086431  1.11198037534e-22
7.96214341107  1.13109163248e-22
8.21038134255  1.14552638487e-22
8.46635865618  1.15934404026e-22
8.7303166448  1.17359249249e-22
9.00250412412  1.18801056077e-22
9.28317766723  1.19934118141e-22
9.57260184645  1.21077922497e-22
9.87104948279  1.22257387556e-22
10.178801903  1.23344887751e-22
10.496149205  1.24370554231e-22
10.8233905309  1.25428198196e-22
11.1608343495  1.26405428401e-22
11.5087987467  1.27284734433e-22
11.8676117255  1.2819145483e-22
12.237611515  1.28955601619e-22
12.6191468896  1.29645417576e-22
13.0125774973  1.30341082607e-22
13.4182741991  1.30887376765e-22
13.8366194184  1.31440847491e-22
14.2680075014  1.31941891974e-22
14.7128450892  1.3241475433e-22
15.1715515006  1.32874911005e-22
15.6445591277  1.33302036892e-22
16.1323138435  1.33721838441e-22
16.6352754221  1.3409755074e-22
17.1539179718  1.34456809736e-22
17.6887303828  1.34758443936e-22
18.2402167871  1.35028645414e-22
18.8088970345  1.35252705432e-22
19.3953071822  1.35438290704e-22
20  1.35607e-22

