1 20 101
101
1  0
1.03041055791  9.1336286053e-36
1.06174591785  1.85450159522e-35
1.09403420358  2.82426088391e-35
1.12730439408  3.82351109361e-35
1.16158634964  4.85314905967e-35
1.1969108386  5.91409889073e-35
1.23330956497  7.00731279807e-35
1.27081519692  8.13377195025e-35
1.30946139606  9.29448735371e-35
1.34928284767  1.04905007602e-34
1.39031529185  1.17228856016e-34
1.43259555555  1.29927479536e-34
1.47616158565  1.43012275282e-34
1.52105248304  1.56494986967e-34
1.56730853766  1.70387715436e-34
1.61497126471  1.84702929529e-34
1.66408344188  1.99453477269e-34
1.71468914776  2.14652597395e-34
1.76683380139  2.30313931244e-34
1.82056420303  2.46451534994e-34
1.87592857615  2.63079892276e-34
1.93297661076  2.80213927181e-34
1.99175950792  8.70308490655e-33
2.05233002578  5.41235802478e-31
2.11474252688  1.1863938049e-30
2.17905302696  1.85117142211e-30
2.24531924523  2.53616529756e-30
2.31360065617  3.24199021892e-30
2.3839585429  3.96927966992e-30
2.45645605223  4.7186863989e-30
2.53115825126  5.4908830046e-30
2.60813218585  6.2865625399e-30
2.68744694072  7.10643913379e-30
2.76917370155  7.95124863232e-30
2.85338581877  8.82174925903e-30
2.94015887345  9.71872229545e-30
3.02957074514  1.24908640474e-28
3.12170168173  4.81868360432e-28
3.21663437151  8.49683424625e-28
3.31445401734  1.22868395013e-27
3.41524841318  1.61921009306e-27
3.51910802283  2.02161235388e-27
3.62612606115  2.43625189196e-27
3.73639857773  2.86350084972e-27
3.85002454306  3.30374268665e-27
3.96710593738  3.75737252346e-27
4.08774784223  1.87231714117e-26
4.21205853471  3.97443805079e-26
4.34014958471  6.14048563006e-26
4.472135955  8.37240392468e-26
4.60813610445  1.06721960999e-25
4.74827209431  1.30419262382e-25
4.89266969782  1.54837211921e-25
5.041458513  2.5904629108e-25
5.19477207907  5.77293518326e-25
5.35274799621  9.05218821307e-25
5.51552804914  1.2431165157e-24
5.68325833429  1.59128986751e-24
5.85608939099  1.95005136519e-24
6.03417633655  2.59800900957e-24
6.21767900547  4.4327142797e-24
6.40676209294  6.32975086133e-24
6.6015953026  8.28447738378e-24
6.80235349885  1.02986482303e-23
7.00921686386  1.25759636258e-23
7.22237105921  1.69448545343e-23
7.44200739256  2.15507602265e-23
7.66832298935  2.62967340805e-23
7.9015209697  3.11870356472e-23
8.14181063074  3.66562521605e-23
8.38940763443  4.25996226324e-23
8.64453420113  4.87237343162e-23
8.90741930907  5.50340836531e-23
9.17829889981  6.10605596666e-23
9.45741609003  6.70157482137e-23
9.74502138973  7.3152037367e-23
10.041372927  7.9309964558e-23
10.34673668  8.47332598713e-23
10.661386715  9.03060234946e-23
10.9856054331  9.60035496184e-23
11.3196838233  1.00979790714e-22
11.6639217237  1.06015578112e-22
12.0186280908  1.11120001155e-22
12.3841212763  1.15577178595e-22
12.7607293136  1.20131499589e-22
13.1487902114  1.24558134338e-22
13.5486522576  1.28678312862e-22
13.9606743317  1.32906856377e-22
14.3852262269  1.36691254508e-22
14.8226889821  1.40509429436e-22
15.2734552238  1.44118852388e-22
15.7379295184  1.47620988569e-22
16.2165287354  1.51021109493e-22
16.7096824217  1.54264581287e-22
17.2178331866  1.57403014839e-22
17.7414370999  1.60357188117e-22
18.2809641002  1.63197500481e-22
18.8368984177  1.6593102952e-22
19.4097390079  1.68522739986e-22
20  1.71101e-22

