2 20 101
101
2  0
2.04658598456  1.96073886982e-40
2.0942570961  3.96714921499e-40
2.14303861048  6.02029486085e-40
2.19295639229  8.12126441238e-40
2.2440369086  1.02711718315e-39
2.29630724299  1.24711570275e-39
2.34979510988  1.47223864617e-39
2.40452886923  1.70260537657e-39
2.46053754162  1.93833803744e-39
2.51785082359  2.17956161737e-39
2.57649910339  2.42640401628e-39
2.63651347711  2.67899611328e-39
2.69792576518  2.93747183605e-39
2.76076852921  3.20196823183e-39
2.82507508925  3.47262554012e-39
2.89087954149  3.749587267e-39
2.95821677634  4.03300026125e-39
3.02712249687  5.39545038851e-36
3.09763323782  1.94111376837e-35
3.16978638492  3.37532922749e-35
3.24362019472  4.84295185623e-35
3.31917381488  6.34475980753e-35
3.39648730492  7.88154935985e-35
3.4756016575  9.45413533935e-35
3.55655882008  1.10633515519e-34
3.63940171722  1.27100512253e-34
3.72417427333  1.43951074615e-34
3.81092143593  1.61194136996e-34
3.89968919952  1.78838841896e-34
3.99052462994  7.34172390777e-34
4.08347588934  2.17138555547e-32
4.17859226171  4.62291514617e-32
4.275924179  7.13154819669e-32
4.3755232479  9.6986148175e-32
4.47744227714  1.23254761013e-31
4.58173530554  1.50135248447e-31
4.68845763064  1.77641862867e-31
4.79766583804  2.05789188645e-31
4.90941783137  2.34592149865e-31
5.02377286302  1.2832371719e-30
5.14079156554  6.25935262362e-30
5.26053598379  1.1363605881e-29
5.38306960785  1.65867524701e-29
5.50845740668  2.19315617723e-29
5.63676586253  2.74008676764e-29
5.76806300625  3.29975700807e-29
5.90241845333  3.87246364309e-29
6.0399034408  1.21095745165e-28
6.18059086503  3.96846027161e-28
6.32455532034  6.79019358347e-28
6.47187313859  9.67765350759e-28
6.62262242965  1.26323710134e-27
6.77688312278  1.56559127313e-27
6.93473700905  1.87498817831e-27
7.09626778467  5.55599634779e-27
7.2615610954  1.1656710457e-26
7.43070458194  1.78995284528e-26
7.60378792641  2.428776036e-26
7.78090289989  3.08247933037e-26
7.96214341107  3.76604328424e-26
8.14760555608  9.46735226163e-26
8.33738766941  1.66369120919e-25
8.53159037603  2.3973472424e-25
8.7303166448  3.14809231992e-25
8.93367184302  3.91632449675e-25
9.1417637923  7.47369751431e-25
9.35470282574  1.2440739387e-24
9.57260184645  1.75234785278e-24
9.79557638737  2.27246098721e-24
10.0237446725  2.92128440872e-24
10.2572276798  4.383445785e-24
10.496149205  5.90129225361e-24
10.7406359274  7.4544939083e-24
10.9908174772  9.07657386715e-24
11.2468265038  1.13488223694e-23
11.5087987467  1.37332911049e-23
11.7768731071  1.61733012522e-23
12.0511917215  1.88018278254e-23
12.3319000372  2.20566964921e-23
12.6191468896  2.53908856064e-23
12.9130845807  2.88027379619e-23
13.2138689602  3.24567334378e-23
13.5216595078  3.62634900096e-23
13.8366194184  4.01589173327e-23
14.1589156877  4.4093636628e-23
14.4887192015  4.80658857914e-23
14.826204826  5.2130660524e-23
15.1715515006  5.63415317232e-23
15.5249423326  6.07037881533e-23
15.8865646945  6.51676545887e-23
16.2566103233  6.96791975257e-23
16.6352754221  7.42703603822e-23
17.022760764  7.8819927928e-23
17.4192717991  8.21242438685e-23
17.8250187627  8.54452868227e-23
18.2402167871  8.80151983233e-23
18.6650860159  9.00274172292e-23
19.0998517204  9.19925741575e-23
19.5447444191  9.36828715979e-23
20  9.541221e-23

