1 20 101
101
1  0
1.03041055791  1.21942079746e-34
1.06174591785  2.4759248617e-34
1.09403420358  3.77063991555e-34
1.12730439408  5.10472797652e-34
1.16158634964  6.47938639974e-34
1.1969108386  7.89584895254e-34
1.23330956497  9.35538692182e-34
1.27081519692  1.08593102551e-33
1.30946139606  1.24089687359e-33
1.34928284767  1.40057531957e-33
1.39031529185  1.56510967618e-33
1.43259555555  1.73464761437e-33
1.47616158565  1.90934129585e-33
1.52105248304  2.08934750965e-33
1.56730853766  2.27482781283e-33
1.61497126471  2.46594867552e-33
1.66408344188  2.66288163027e-33
1.71468914776  2.86580342604e-33
1.76683380139  3.07489618684e-33
1.82056420303  3.29034757515e-33
1.87592857615  3.51235096037e-33
1.93297661076  3.74110559241e-33
1.99175950792  5.12274901366e-32
2.05233002578  3.04504843312e-30
2.11474252688  6.67200677052e-30
2.17905302696  1.04092629345e-29
2.24531924523  1.42601711435e-29
2.31360065617  1.82281876195e-29
2.3839585429  2.23168736904e-29
2.45645605223  2.65298989859e-29
2.53115825126  3.0871044731e-29
2.60813218585  3.53442071403e-29
2.68744694072  3.9953400914e-29
2.76917370155  4.4702762842e-29
2.85338581877  4.95965555159e-29
2.94015887345  5.46391711552e-29
3.02957074514  4.39422093534e-28
3.12170168173  1.62742134301e-27
3.21663437151  2.85154831246e-27
3.31445401734  4.11290166601e-27
3.41524841318  5.41261347876e-27
3.51910802283  6.75185025287e-27
3.62612606115  8.13181396444e-27
3.73639857773  9.55374314239e-27
3.85002454306  1.10189139799e-26
3.96710593738  1.25286414801e-26
4.08774784223  4.75315219901e-26
4.21205853471  9.65185371282e-26
4.34014958471  1.46995274727e-25
4.472135955  1.99007038078e-25
4.60813610445  2.5260050817e-25
4.74827209431  3.07823785588e-25
4.89266969782  3.64726433683e-25
5.041458513  5.60318085588e-25
5.19477207907  1.12720695458e-24
5.35274799621  1.71133523035e-24
5.51552804914  2.31322717288e-24
5.68325833429  2.93342298518e-24
5.85608939099  3.57247929815e-24
6.03417633655  4.58100387857e-24
6.21767900547  7.08813021693e-24
6.40676209294  9.6797219221e-24
6.6015953026  1.23501253769e-23
6.80235349885  1.51017372906e-23
7.00921686386  1.80971121365e-23
7.22237105921  2.2787119697e-23
7.44200739256  2.77023392375e-23
7.66832298935  3.27670333464e-23
7.9015209697  3.79857476289e-23
8.14181063074  4.33738868079e-23
8.38940763443  4.89335537272e-23
8.64453420113  5.46622932194e-23
8.90741930907  6.05652468756e-23
9.17829889981  6.60551023755e-23
9.45741609003  7.13948403093e-23
9.74502138973  7.68969626528e-23
10.041372927  8.2409506372e-23
10.34673668  8.72128819054e-23
10.661386715  9.21476296527e-23
10.9856054331  9.7191577057e-23
11.3196838233  1.01571188133e-22
11.6639217237  1.06000084113e-22
12.0186280908  1.10494122743e-22
12.3841212763  1.14464443238e-22
12.7607293136  1.18523901271e-22
13.1487902114  1.22439136098e-22
13.5486522576  1.26029897273e-22
13.9606743317  1.2971603921e-22
14.3852262269  1.3304693059e-22
14.8226889821  1.36412769029e-22
15.2734552238  1.3958563285e-22
15.7379295184  1.42657665835e-22
16.2165287354  1.45610706367e-22
16.7096824217  1.48388641081e-22
17.2178331866  1.51093560946e-22
17.7414370999  1.5366445616e-22
18.2809641002  1.56150574554e-22
18.8368984177  1.58557770148e-22
19.4097390079  1.60806667365e-22
20  1.63029e-22

