1 20 101
101
1  0
1.03041055791  2.44367079152e-38
1.06174591785  4.96165497515e-38
1.09403420358  7.55621246263e-38
1.12730439408  1.02296718908e-37
1.16158634964  1.29844327118e-37
1.1969108386  1.58229673462e-37
1.23330956497  1.87478234026e-37
1.27081519692  2.17616259634e-37
1.30946139606  2.48670799415e-37
1.34928284767  2.80669725077e-37
1.39031529185  3.1364175592e-37
1.43259555555  3.47616484617e-37
1.47616158565  3.82624403769e-37
1.52105248304  4.18696933273e-37
1.56730853766  4.55866448525e-37
1.61497126471  4.94166309472e-37
1.66408344188  5.3363089056e-37
1.71468914776  5.74295611575e-37
1.76683380139  6.16196969444e-37
1.82056420303  6.59372570984e-37
1.87592857615  7.03861166654e-37
1.93297661076  7.49702685339e-37
1.99175950792  1.17918326467e-34
2.05233002578  7.53822143284e-33
2.11474252688  1.65278807019e-32
2.17905302696  2.57909205247e-32
2.24531924523  3.53356545565e-32
2.31360065617  4.51706492753e-32
2.3839585429  5.53047316706e-32
2.45645605223  6.57469971655e-32
2.53115825126  7.65068177798e-32
2.60813218585  8.75938505422e-32
2.68744694072  9.90180461563e-32
2.76917370155  1.10789657933e-31
2.85338581877  1.22919250991e-31
2.94015887345  1.35417711741e-31
3.02957074514  4.52686389691e-30
3.12170168173  1.81820472549e-29
3.21663437151  3.22524923573e-29
3.31445401734  4.67508275452e-29
3.41524841318  6.16900651951e-29
3.51910802283  7.70836133966e-29
3.62612606115  9.29452879871e-29
3.73639857773  1.09289324951e-28
3.85002454306  1.26130393198e-28
3.96710593738  1.43483607726e-28
4.08774784223  1.34521684135e-27
4.21205853471  3.04078249035e-27
4.34014958471  4.78791123671e-27
4.472135955  6.58817114298e-27
4.60813610445  8.44317795739e-27
4.74827209431  1.0354596564e-26
4.89266969782  1.23241424768e-26
5.041458513  2.66200445889e-26
5.19477207907  7.40725710316e-26
5.35274799621  1.22968155278e-25
5.51552804914  1.7335068152e-25
5.68325833429  2.25265368495e-25
5.85608939099  2.78758810064e-25
6.03417633655  4.17005221135e-25
6.21767900547  9.08060601887e-25
6.40676209294  1.416001874e-24
6.6015953026  1.93938992358e-24
6.80235349885  2.47869449575e-24
7.00921686386  3.1777930742e-24
7.22237105921  5.33449829211e-24
7.44200739256  7.63076540823e-24
7.66832298935  9.99686328846e-24
7.9015209697  1.24349155253e-23
8.14181063074  1.62778811032e-23
8.38940763443  2.11899580594e-23
8.64453420113  2.62514140163e-23
8.90741930907  3.14667916727e-23
9.17829889981  3.73705353475e-23
9.45741609003  4.3737257071e-23
9.74502138973  5.02975943542e-23
10.041372927  5.69703715171e-23
10.34673668  6.33595357483e-23
10.661386715  6.99348404597e-23
10.9856054331  7.66647337696e-23
11.3196838233  8.26914965324e-23
11.6639217237  8.88083940382e-23
12.0186280908  9.50158774265e-23
12.3841212763  1.00505896509e-22
12.7607293136  1.0611950293e-22
13.1487902114  1.11552870782e-22
13.5486522576  1.16569939876e-22
13.9606743317  1.21718845663e-22
14.3852262269  1.26322946851e-22
14.8226889821  1.30967488923e-22
15.2734552238  1.35373444806e-22
15.7379295184  1.39659613596e-22
16.2165287354  1.43810013355e-22
16.7096824217  1.47754749691e-22
17.2178331866  1.51607713802e-22
17.7414370999  1.55287078501e-22
18.2809641002  1.5885412538e-22
18.8368984177  1.62317040244e-22
19.4097390079  1.65565258115e-22
20  1.68781e-22

