1 20 101
101
1  0
1.03041055791  6.69573581978e-41
1.06174591785  1.35950927015e-40
1.09403420358  2.07042628752e-40
1.12730439408  2.80296268801e-40
1.16158634964  3.55777592914e-40
1.1969108386  4.33554346204e-40
1.23330956497  5.13696333955e-40
1.27081519692  5.96275484266e-40
1.30946139606  6.81365912609e-40
1.34928284767  7.69043988351e-40
1.39031529185  8.59388403293e-40
1.43259555555  9.52480242297e-40
1.47616158565  1.04840305606e-39
1.52105248304  1.14724293611e-39
1.56730853766  1.24908859206e-39
1.61497126471  1.35403143122e-39
1.66408344188  1.46216564067e-39
1.71468914776  1.57358827176e-39
1.76683380139  1.68839932722e-39
1.82056420303  1.80670185094e-39
1.87592857615  1.9286020204e-39
1.93297661076  2.05420924203e-39
1.99175950792  1.63848421095e-36
2.05233002578  1.05306844037e-34
2.11474252688  2.30900630836e-34
2.17905302696  3.60313794761e-34
2.24531924523  4.93662485203e-34
2.31360065617  6.31066383718e-34
2.3839585429  7.72648811445e-34
2.45645605223  9.18536839791e-34
2.53115825126  1.06886140447e-33
2.60813218585  1.22375742303e-33
2.68744694072  1.38336391593e-33
2.76917370155  1.54782413133e-33
2.85338581877  1.71728567363e-33
2.94015887345  1.89190063598e-33
3.02957074514  1.58255197496e-31
3.12170168173  6.4504721342e-31
3.21663437151  1.14664284613e-30
3.31445401734  1.66349228189e-30
3.41524841318  2.19605939733e-30
3.51910802283  2.74482217589e-30
3.62612606115  3.3102731367e-30
3.73639857773  3.8929197767e-30
3.85002454306  4.49328502609e-30
3.96710593738  5.11190771767e-30
4.08774784223  8.64411788146e-29
4.21205853471  2.01412581763e-28
4.34014958471  3.19880329219e-28
4.472135955  4.41950746969e-28
4.60813610445  5.67733394228e-28
4.74827209431  6.97341161966e-28
4.89266969782  8.3089037423e-28
5.041458513  2.39629773237e-27
5.19477207907  7.81808525991e-27
5.35274799621  1.3404752371e-26
5.51552804914  1.91613131459e-26
5.68325833429  2.50929341455e-26
5.85608939099  3.12049390491e-26
6.03417633655  5.40877484563e-26
6.21767900547  1.47218371037e-25
6.40676209294  2.43570725684e-25
6.6015953026  3.42853209191e-25
6.80235349885  4.45154928413e-25
7.00921686386  6.05615652808e-25
7.22237105921  1.32236160816e-24
7.44200739256  2.08930291187e-24
7.66832298935  2.87956732851e-24
7.9015209697  3.69386412695e-24
8.14181063074  5.67462607606e-24
8.38940763443  8.53257886635e-24
8.64453420113  1.14774435955e-23
8.90741930907  1.4511863304e-23
9.17829889981  1.90505888479e-23
9.45741609003  2.44828234274e-23
9.74502138973  3.00802552912e-23
10.041372927  3.59462035601e-23
10.34673668  4.2539840494e-23
10.661386715  4.93432035507e-23
10.9856054331  5.63316358724e-23
11.3196838233  6.30959073463e-23
11.6639217237  7.00210788847e-23
12.0186280908  7.70740428678e-23
12.3841212763  8.35551568172e-23
12.7607293136  9.01957356948e-23
13.1487902114  9.66583522344e-23
13.5486522576  1.02687991987e-22
13.9606743317  1.08877529172e-22
14.3852262269  1.14461492196e-22
14.8226889821  1.20102574425e-22
15.2734552238  1.25412320955e-22
15.7379295184  1.30547548756e-22
16.2165287354  1.35507436205e-22
16.7096824217  1.40204725066e-22
17.2178331866  1.44798927435e-22
17.7414370999  1.4919510589e-22
18.2809641002  1.53447943983e-22
18.8368984177  1.57567417275e-22
19.4097390079  1.61478228757e-22
20  1.65371e-22

