2 20 101
101
2  0
2.04658598456  5.58812860611e-37
2.0942570961  1.13064214487e-36
2.14303861048  1.71579104423e-36
2.19295639229  2.31456981239e-36
2.2440369086  2.92729592978e-36
2.29630724299  3.55429427188e-36
2.34979510988  4.19589728153e-36
2.40452886923  4.85244514513e-36
2.46053754162  5.52428597305e-36
2.51785082359  6.21177598419e-36
2.57649910339  6.91527969485e-36
2.63651347711  7.63517011201e-36
2.69792576518  8.3718289311e-36
2.76076852921  9.12564673838e-36
2.82507508925  9.89702321803e-36
2.89087954149  1.06863673641e-35
2.95821677634  1.14940976972e-35
3.02712249687  2.74233582013e-33
3.09763323782  9.840440911e-33
3.16978638492  1.7103882109e-32
3.24362019472  2.45365105867e-32
3.31917381488  3.21422672221e-32
3.39648730492  3.99251846882e-32
3.4756016575  4.78893895908e-32
3.55655882008  5.60391046566e-32
3.63940171722  6.43786509726e-32
3.72417427333  7.29124502765e-32
3.81092143593  8.16450273017e-32
3.89968919952  9.05810121762e-32
3.99052462994  1.81434526611e-31
4.08347588934  3.3785785852e-30
4.17859226171  7.11357224629e-30
4.275924179  1.09355650859e-29
4.3755232479  1.48465835752e-29
4.47744227714  1.8848701388e-29
4.58173530554  2.29440405001e-29
4.68845763064  2.71347723145e-29
4.79766583804  3.14231188128e-29
4.90941783137  3.58113537329e-29
5.02377286302  1.05795301733e-28
5.14079156554  4.28224987951e-28
5.26053598379  7.58950892622e-28
5.38306960785  1.09738039324e-27
5.50845740668  1.4436929296e-27
5.63676586253  1.7980721212e-27
5.76806300625  2.16070586457e-27
5.90241845333  2.53178643292e-27
6.0399034408  5.39157200463e-27
6.18059086503  1.45240851169e-26
6.32455532034  2.38693217867e-26
6.47187313859  3.3432236982e-26
6.62262242965  4.32179010872e-26
6.77688312278  5.32315025908e-26
6.93473700905  6.3478350837e-26
7.09626778467  1.3451445743e-25
7.2615610954  2.49210527045e-25
7.43070458194  3.66578211324e-25
7.60378792641  4.86679740167e-25
7.78090289989  6.09578792994e-25
7.96214341107  7.36703368528e-25
8.14760555608  1.33260057653e-24
8.33738766941  2.06674630221e-24
8.53159037603  2.81799247862e-24
8.7303166448  3.58673742641e-24
8.93367184302  4.37338874433e-24
9.1417637923  6.26931657066e-24
9.35470282574  8.73172864771e-24
9.57260184645  1.12514976703e-23
9.79557638737  1.38299596532e-23
10.0237446725  1.66979362812e-23
10.2572276798  2.1203589124e-23
10.496149205  2.58567530717e-23
10.7406359274  3.06183031314e-23
10.9908174772  3.55211847135e-23
11.2468265038  4.11079777237e-23
11.5087987467  4.68800645467e-23
11.7768731071  5.27866005436e-23
12.0511917215  5.87573243601e-23
12.3319000372  6.45521546883e-23
12.6191468896  7.04800105314e-23
12.9130845807  7.65459438748e-23
13.2138689602  8.22008115935e-23
13.5216595078  8.77576929205e-23
13.8366194184  9.34440106414e-23
14.1589156877  9.88667936064e-23
14.4887192015  1.03999294829e-22
14.826204826  1.09251347364e-22
15.1715515006  1.14263196131e-22
15.5249423326  1.19015949431e-22
15.8865646945  1.23879408576e-22
16.2566103233  1.28434798087e-22
16.6352754221  1.32905696908e-22
17.022760764  1.3742813964e-22
17.4192717991  1.41577457972e-22
17.8250187627  1.45802095357e-22
18.2402167871  1.49851049833e-22
18.6650860159  1.53790012454e-22
19.0998517204  1.57715017585e-22
19.5447444191  1.61370620147e-22
20  1.65111e-22

