2 20 101
101
2  0
2.04658598456  1.95878691706e-37
2.0942570961  3.96319984266e-37
2.14303861048  6.01430154307e-37
2.19295639229  8.11317953955e-37
2.2440369086  1.0260946685e-36
2.29630724299  1.2458741754e-36
2.34979510988  1.47077300466e-36
2.40452886923  1.70091040061e-36
2.46053754162  1.93640838514e-36
2.51785082359  2.17739182242e-36
2.57649910339  2.42398848504e-36
2.63651347711  2.67632912181e-36
2.69792576518  2.93454752709e-36
2.76076852921  3.1987806117e-36
2.82507508925  3.4691684755e-36
2.89087954149  3.74585448172e-36
2.95821677634  4.02898533296e-36
3.02712249687  1.23080590314e-33
3.09763323782  4.41961857807e-33
3.16978638492  7.68270824201e-33
3.24362019472  1.10218050283e-32
3.31917381488  1.44386793703e-32
3.39648730492  1.79351429399e-32
3.4756016575  2.15130496085e-32
3.55655882008  2.51742964295e-32
3.63940171722  2.89208246444e-32
3.72417427333  3.27546207121e-32
3.81092143593  3.66777173621e-32
3.89968919952  4.0692194672e-32
3.99052462994  8.88064047851e-32
4.08347588934  1.80985651934e-30
4.17859226171  3.82055683155e-30
4.275924179  5.87809237062e-30
4.3755232479  7.98355406912e-30
4.47744227714  1.01380582707e-29
4.58173530554  1.2342747322e-29
4.68845763064  1.45987901784e-29
4.79766583804  1.69073830236e-29
4.90941783137  1.92697499042e-29
5.02377286302  6.18939036782e-29
5.14079156554  2.59487756188e-28
5.26053598379  4.62166607699e-28
5.38306960785  6.69566456133e-28
5.50845740668  8.81797267636e-28
5.63676586253  1.09897156979e-27
5.76806300625  1.32120451129e-27
5.90241845333  1.54861392299e-27
6.0399034408  3.43081388483e-27
6.18059086503  9.48455435668e-27
6.32455532034  1.56793045586e-26
6.47187313859  2.20183490292e-26
6.62262242965  2.85050488136e-26
6.77688312278  3.51428432461e-26
6.93473700905  4.19352517731e-26
7.09626778467  9.12184577364e-26
7.2615610954  1.71016696124e-25
7.43070458194  2.52673674263e-25
7.60378792641  3.36232687764e-25
7.78090289989  4.21738040721e-25
7.96214341107  5.10270930503e-25
8.14760555608  9.54918976642e-25
8.33738766941  1.50445377202e-24
8.53159037603  2.06678887715e-24
8.7303166448  2.64222244954e-24
8.93367184302  3.23105959169e-24
9.1417637923  4.8223966766e-24
9.35470282574  6.92420714745e-24
9.57260184645  9.07497507337e-24
9.79557638737  1.127584082e-23
10.0237446725  1.37841233537e-23
10.2572276798  1.81044778503e-23
10.496149205  2.25729793512e-23
10.7406359274  2.71455656231e-23
10.9908174772  3.1865344659e-23
11.2468265038  3.74569674264e-23
11.5087987467  4.32526055541e-23
11.7768731071  4.91832414359e-23
12.0511917215  5.5184623978e-23
12.3319000372  6.10365656149e-23
12.6191468896  6.70230226883e-23
12.9130845807  7.31489222602e-23
13.2138689602  7.88787721754e-23
13.5216595078  8.45180459541e-23
13.8366194184  9.02886752935e-23
14.1589156877  9.58236227015e-23
14.4887192015  1.01098137318e-22
14.826204826  1.06495511162e-22
15.1715515006  1.11687700304e-22
15.5249423326  1.16657788965e-22
15.8865646945  1.21743645863e-22
16.2566103233  1.26527639877e-22
16.6352754221  1.31232932394e-22
17.022760764  1.35992099143e-22
17.4192717991  1.40355187657e-22
17.8250187627  1.44797305414e-22
18.2402167871  1.49036857199e-22
18.6650860159  1.53147042118e-22
19.0998517204  1.57234733217e-22
19.5447444191  1.61014059096e-22
20  1.64881e-22

