3.050897 20 101
101
3.050897  0
3.10880563433  8.9001022533e-24
3.16781342406  1.19871341726e-23
3.22794123211  1.37919027572e-23
3.28921031738  1.51108269504e-23
3.35164234229  1.61666692107e-23
3.41525938042  1.70714596254e-23
3.48008392435  1.78927465724e-23
3.54613889356  1.86753459549e-23
3.61344764258  1.94511532568e-23
3.68203396923  2.02432330324e-23
3.75192212301  2.10675727738e-23
3.82313681372  2.19334603292e-23
3.89570322017  2.28470866596e-23
3.96964699907  2.38074110589e-23
4.04499429414  2.48053320093e-23
4.12177174531  2.58309773853e-23
4.20000649816  2.68674744204e-23
4.27972621354  2.78981134113e-23
4.36095907729  2.89072503637e-23
4.44373381027  2.98754841873e-23
4.52807967847  3.07730740576e-23
4.61402650339  3.16349194153e-23
4.70160467256  3.24213296112e-23
4.79084515027  3.31751678898e-23
4.88177948857  3.38473969341e-23
4.97443983839  3.44981841128e-23
5.06885896089  3.51144008243e-23
5.16507023909  3.57140882862e-23
5.26310768964  3.63163343339e-23
5.36300597484  3.69269926779e-23
5.46480041493  3.7566020532e-23
5.56852700056  3.82342273329e-23
5.67422240549  3.89438888312e-23
5.7819239996  3.97069507938e-23
5.89166986208  4.05152248796e-23
6.00349879489  4.1373079873e-23
6.11745033649  4.22969072102e-23
6.2335647758  4.32390192751e-23
6.35188316647  4.42172732632e-23
6.4724473414  4.52293177149e-23
6.59529992747  4.62564520157e-23
6.7204843607  4.72692323256e-23
6.84804490153  4.82999565717e-23
6.97802665053  4.92699269253e-23
7.11047556429  5.02251171395e-23
7.2454384717  5.11216214147e-23
7.38296309053  5.19388531427e-23
7.52309804424  5.2714563173e-23
7.66589287922  5.33532410856e-23
7.81139808229  5.39616940097e-23
7.95966509856  5.44044064653e-23
8.1107463496  5.48150424731e-23
8.264695252  5.50614441137e-23
8.42156623623  5.52639016373e-23
8.58141476591  5.53247812064e-23
8.74429735739  5.53237401412e-23
8.91027159976  5.52195110824e-23
9.07939617519  5.50335583471e-23
9.25173087972  5.47845866184e-23
9.42733664432  5.44394582489e-23
9.60627555652  5.40546745512e-23
9.78861088232  5.35903552166e-23
9.97440708853  5.30831514871e-23
10.1637298656  5.25327807389e-23
10.356646151  5.19308844432e-23
10.5532241524  5.13000197246e-23
10.7535333724  5.06365912413e-23
10.9576446328  4.99444125972e-23
11.1656300994  4.92326192713e-23
11.377563308  4.85020575562e-23
11.5935191902  4.77576074613e-23
11.8135740998  4.70031764904e-23
12.0378058397  4.62520748783e-23
12.2662936898  4.55262489979e-23
12.4991184347  4.47866463215e-23
12.7363623925  4.40330053538e-23
12.9781094434  4.3265059636e-23
13.2244450601  4.24825376516e-23
13.4754563375  4.16954312168e-23
13.7312320236  4.10201859358e-23
13.991862551  4.03404285911e-23
14.2574400687  3.96477688707e-23
14.5280584748  3.89419618764e-23
14.8038134498  3.82227580616e-23
15.0848024899  3.75162200983e-23
15.3711249424  3.68342942545e-23
15.6628820399  3.6139424875e-23
15.9601769367  3.54313662804e-23
16.2631147448  3.47708324635e-23
16.5718025716  3.43268415265e-23
16.8863495574  3.40942104952e-23
17.206866914  3.39114341428e-23
17.5334679641  3.37378711731e-23
17.8662681815  3.35525495624e-23
18.2053852316  3.33861928711e-23
18.5509390134  3.32257540849e-23
18.9030517015  3.30259024166e-23
19.2618477896  3.28183455507e-23
19.6274541342  3.26719189848e-23
20  3.25816193375e-23

