0.001 20 251
251
0.001  4.367117e-42
0.00104040904696  9.25209067803e-42
0.001082450985  1.43344614868e-41
0.00112619179768  1.96222060563e-41
0.00117170013492  2.51236233444e-41
0.00121904742069  3.0847347662e-41
0.00126830796516  3.68023622244e-41
0.00131955908129  4.29980132498e-41
0.00137288120617  4.94440246285e-41
0.0014283580273  5.61505131837e-41
0.0014860766139  6.31280045499e-41
0.00154612755358  7.03874496924e-41
0.0016086050945  7.79402420945e-41
0.0016736072933  8.57982356394e-41
0.00174123616901  9.39737632146e-41
0.00181159786313  1.02479656067e-40
0.00188480280626  1.11329263944e-40
0.00196096589137  1.20536476041e-40
0.00204020665416  1.30115742804e-40
0.00212264946065  1.40082098607e-40
0.00220842370239  1.5045118535e-40
0.00229766399949  1.61239277006e-40
0.00239051041194  1.72463305165e-40
0.00248710865943  1.84140885604e-40
0.00258761035005  1.9629034594e-40
0.0026921732182  2.08930754389e-40
0.0028009613722  2.22081949696e-40
0.00291414555182  2.35764572273e-40
0.00303190339627  2.50000096587e-40
0.00315441972299  2.64810864872e-40
0.00328188681771  2.80220122189e-40
0.00341450473624  2.96252052907e-40
0.00355248161847  3.12931818667e-40
0.00369603401502  3.30285597865e-40
0.0038453872271  3.48340626742e-40
0.00400077566014  3.67125242128e-40
0.00416244319166  3.86668925919e-40
0.00433064355406  4.07002351347e-40
0.00450564073281  4.28157431118e-40
0.00468770938077  4.501673675e-40
0.00487713524927  4.73066704435e-40
0.00507421563659  4.96891381752e-40
0.00527925985453  5.21678791573e-40
0.00549258971391  5.47467837002e-40
0.00571454002959  5.74298993179e-40
0.005945459146  6.02214370806e-40
0.00618570948383  6.31257782238e-40
0.00643566810884  6.61474810246e-40
0.00669572732367  6.92912879558e-40
0.00696629528353  7.2562133129e-40
0.00724779663678  7.59651500383e-40
0.00754067319143  7.95056796178e-40
0.00784538460853  8.31892786232e-40
0.0081624091236  8.70217283539e-40
0.00849224429718  9.10090437257e-40
0.00883540779578  9.51574827116e-40
0.00919243820431  9.94735561633e-40
0.00956389587139  1.0396403803e-39
0.00995036378878  1.08635975989e-39
0.0103524485064  4.51829722637e-35
0.0107707810842  1.20053873681e-34
0.0112060180829  1.9795023687e-34
0.0116588425938  2.78994317857e-34
0.0121299653117  3.63313312919e-34
0.0126201256496  4.51039558211e-34
0.0131300928996  5.4231073747e-34
0.0136606674402  6.37270098096e-34
0.0142126819923  7.36066675986e-34
0.0147870029263  8.38855529432e-34
0.015384531622  9.45797982483e-34
0.0160062058827  1.05706187814e-33
0.0166530014079  1.17282184178e-33
0.0173259333238  1.29325955523e-33
0.0180260577771  1.4185640419e-33
0.0187544735924  1.54893196346e-33
0.0195123239965  1.68456792848e-33
0.0203007984131  2.08046520233e-32
0.0211211343295  9.84663190105e-32
0.0219746192385  1.79270570591e-31
0.0228625926593  2.63340044968e-31
0.0237864482397  3.50806686683e-31
0.0247476359436  4.41807772031e-31
0.0257476643266  5.3648612451e-31
0.0267881029035  6.3499033898e-31
0.0278705846117  7.37475014879e-31
0.028996808374  8.44100998859e-31
0.0301685417653  1.37256578679e-30
0.0313876237862  5.74383939842e-30
0.0326559677498  1.04673316118e-29
0.0339755642841  1.53816956438e-29
0.0353484844568  2.04946444427e-29
0.0367768830251  2.58142026298e-29
0.0382630018183  3.13487190934e-29
0.0398091732557  3.74208193057e-29
0.0414178240072  9.36384119197e-29
0.0430914788025  1.64058716104e-28
0.044832764393  2.37324637667e-28
0.0466444136747  3.13551165294e-28
0.0485292699773  3.92857934257e-28
0.0504902915267  5.51282391206e-28
0.0525305560881  1.02497778651e-27
0.0546532657959  1.51931641861e-27
0.0568617521799  2.03363080371e-27
0.059159481394  2.56872814295e-27
0.0615500596558  3.97995588235e-27
0.0640372389068  6.02484576768e-27
0.066624922701  8.15236770441e-27
0.0693171723311  1.0365860775e-26
0.072118213203  1.53360104265e-26
0.075032441467  2.15833668678e-26
0.0780644309178  2.8083173029e-26
0.0812189401726  3.74925995107e-26
0.0845009201401  5.22921860311e-26
0.0879155217902  6.76898097383e-26
0.0914681042388  8.86211378026e-26
0.0951642431583  1.18557467953e-25
0.099009739529  1.49703496674e-25
0.103010628743  1.96107904996e-25
0.107173190077  2.49843408275e-25
0.111503956548  3.13967796062e-25
0.116009725165  3.98506513746e-25
0.120697567597  4.9094578953e-25
0.125574841273  6.14120700851e-25
0.130649200932  7.47492150452e-25
0.135928610627  9.17615842851e-25
0.141421356237  1.10483206358e-24
0.147136058463  1.33031727415e-24
0.153081686359  1.58543233193e-24
0.159267571411  1.87267942675e-24
0.165703422184  2.20634804541e-24
0.172399339552  2.57317946019e-24
0.17936583256  2.98244988663e-24
0.186613834911  3.44021980487e-24
0.194154722129  3.93937081269e-24
0.202000329413  4.48194400995e-24
0.210162970211  5.0712407204e-24
0.218655455543  5.70704074306e-24
0.227491114114  6.3875445312e-24
0.236683813228  7.11133529134e-24
0.246247980551  7.87738882349e-24
0.256198626761  8.6843786478e-24
0.266551369101  9.53070047514e-24
0.277322455892  1.04147500172e-23
0.288528792035  1.13348719648e-23
0.300187965542  1.22897417586e-23
0.312318275138  1.32785004918e-23
0.324938758985  1.43010839834e-23
0.338069224556  1.53588043646e-23
0.351730279727  1.64537477127e-23
0.365943365117  1.75903714385e-23
0.380730787743  1.87760013997e-23
0.396115756024  2.00212250774e-23
0.412122416211  2.13412019217e-23
0.428775890281  2.27576786696e-23
0.446102315367  2.43014090382e-23
0.464128884777  2.60135550835e-23
0.482883890678  2.79513387958e-23
0.502396768493  3.01924500511e-23
0.522698143103  3.28403573122e-23
0.543819876914  3.60291135948e-23
0.565795119858  3.99219048891e-23
0.588658361426  4.46938766453e-23
0.612445484796  5.04584912001e-23
0.637193823152  5.71411791313e-23
0.662942218274  6.42472145737e-23
0.689731081504  7.0693237629e-23
0.717602457167  7.5055348558e-23
0.746600088557  7.63252946105e-23
0.776769486596  7.46335264798e-23
0.808158001257  7.1068180289e-23
0.840814895881  6.687655224e-23
0.874791424493  6.29247373821e-23
0.910140912246  5.96415346895e-23
0.946918839109  5.71610858954e-23
0.985182926946  5.54833344576e-23
1.02499323011  5.45600144134e-23
1.06641222967  5.43421516704e-23
1.10950493154  5.47975475251e-23
1.15433896842  5.59171191894e-23
1.20098470601  5.77118168581e-23
1.24951535339  6.02129443824e-23
1.30000707798  6.34639339135e-23
1.35253912504  6.75117403034e-23
1.40719394206  7.23908968361e-23
1.46405730815  7.80986200301e-23
1.52321846867  8.45565672443e-23
1.5847702753  9.15598825668e-23
1.64880933177  9.87207653494e-23
1.71543614549  1.05432552378e-22
1.78475528525  1.10894432426e-22
1.85687554538  1.14243121768e-22
1.9319101165  1.14783676781e-22
2.00997676312  1.12237748385e-22
2.09119800853  1.06858695911e-22
2.17570132706  1.01580418703e-22
2.26361934415  1.00510379998e-22
2.35509004453  9.9317726241e-23
2.45025698873  9.80097714397e-23
2.54926953846  9.65940319699e-23
2.65228309095  9.50780378547e-23
2.75945932292  9.34696054524e-23
2.87096644429  9.17763249083e-23
2.98697946215  9.00061155042e-23
3.10768045551  8.81666714838e-23
3.23325886097  8.62656528733e-23
3.36391177012  8.43106244198e-23
3.49984423881  8.37866363404e-23
3.64126960901  8.5213634827e-23
3.78840984363  8.66982969624e-23
3.94149587491  8.82429528797e-23
4.10076796681  8.98500268706e-23
4.26647609215  9.15220411898e-23
4.43888032492  9.32442118677e-23
4.61825124841  9.4217277149e-23
4.80487037999  9.50929439868e-23
4.99903061281  9.6003995687e-23
5.2010366756  9.69540849137e-23
5.41120561086  9.78972926294e-23
5.6298672725  9.8594471095e-23
5.85736484349  9.93250121315e-23
6.09405537452  1.00085858271e-22
6.34031034432  1.00779185119e-22
6.59651624277  1.01351783589e-22
6.8630751774  1.0194671094e-22
7.14040550453  1.02566581713e-22
7.42894248588  1.01605743245e-22
7.72913897165  9.82260377252e-23
8.04146611132  9.47132897347e-23
8.36641409304  9.1173634473e-23
8.70449291301  8.75106697303e-23
9.0562331759  8.38895223444e-23
9.42218692758  8.04748952508e-23
9.80292852161  7.69272512625e-23
10.1990555206  7.43420922011e-23
10.6111896341  7.2136348767e-23
11.0399776943  6.9865989349e-23
11.4860926714  6.77489172493e-23
11.9502347295  6.65042797771e-23
12.4331323259  6.52144736829e-23
12.9355433539  6.38723094025e-23
13.4582563327  6.24759095426e-23
14.0020916449  6.10230824953e-23
14.5679028237  5.95164657092e-23
15.156577893  5.79754814563e-23
15.7690407609  5.63726350489e-23
16.4062526695  5.47050191457e-23
17.069213704  5.29700164731e-23
17.7589643622  5.11649039961e-23
18.4765871871  4.92868486443e-23
19.2232084664  4.73329028655e-23
20  4.53e-23

