1 20 101
101
1  0
1.03041055791  5.01892806711e-39
1.06174591785  1.01904845369e-38
1.09403420358  1.55193109241e-38
1.12730439408  2.10101898949e-38
1.16158634964  2.66680495585e-38
1.1969108386  3.24979678911e-38
1.23330956497  3.85051772928e-38
1.27081519692  4.46950692838e-38
1.30946139606  5.10731993437e-38
1.34928284767  5.76452918972e-38
1.39031529185  6.44172454519e-38
1.43259555555  7.13951378923e-38
1.47616158565  7.85852319348e-38
1.52105248304  8.59939807487e-38
1.56730853766  9.36280337474e-38
1.61497126471  1.01494242557e-37
1.66408344188  1.09599667165e-37
1.71468914776  1.17951582257e-37
1.76683380139  1.26557483748e-37
1.82056420303  1.35425095503e-37
1.87592857615  1.4456237628e-37
1.93297661076  1.53977526863e-37
1.99175950792  3.64722022748e-35
2.05233002578  2.33681764561e-33
2.11474252688  5.12367530931e-33
2.17905302696  7.9952828694e-33
2.24531924523  1.09542176175e-32
2.31360065617  1.40031352221e-32
2.3839585429  1.71447721121e-32
2.45645605223  2.03819479326e-32
2.53115825126  2.37175680759e-32
2.60813218585  2.71546262888e-32
2.68744694072  3.06962073595e-32
2.76917370155  3.43454898864e-32
2.85338581877  3.81057491309e-32
2.94015887345  4.1980359957e-32
3.02957074514  1.78300879834e-30
3.12170168173  7.19905098282e-30
3.21663437151  1.27797980318e-29
3.31445401734  1.85302587121e-29
3.41524841318  2.44555941099e-29
3.51910802283  3.0561122263e-29
3.62612606115  3.68523229336e-29
3.73639857773  4.33348425265e-29
3.85002454306  5.00144991569e-29
3.96710593738  5.68972878721e-29
4.08774784223  6.232864661e-28
4.21205853471  1.42293973208e-27
4.34014958471  2.24691090001e-27
4.472135955  3.09593949087e-27
4.60813610445  3.97078751485e-27
4.74827209431  4.87224015533e-27
4.89266969782  5.80110647354e-27
5.041458513  1.34319533131e-26
5.19477207907  3.90976362114e-26
5.35274799621  6.55438268459e-26
5.51552804914  9.27942608922e-26
5.68325833429  1.20873395841e-25
5.85608939099  1.4980643295e-25
6.03417633655  2.31828497453e-25
6.21767900547  5.35293473827e-25
6.40676209294  8.49213375472e-25
6.6015953026  1.17267975646e-24
6.80235349885  1.50598293057e-24
7.00921686386  1.95949588077e-24
7.22237105921  3.52939045309e-24
7.44200739256  5.20381242004e-24
7.66832298935  6.92915449318e-24
7.9015209697  8.70696518135e-24
8.14181063074  1.1898542818e-23
8.38940763443  1.61601252506e-23
8.64453420113  2.05513047825e-23
8.90741930907  2.50760225339e-23
9.17829889981  3.06150585241e-23
9.45741609003  3.67916149147e-23
9.74502138973  4.31560038312e-23
10.041372927  4.96707976269e-23
10.34673668  5.61426330855e-23
10.661386715  6.28072386233e-23
10.9856054331  6.96330866594e-23
11.3196838233  7.58375201563e-23
11.6639217237  8.21455764106e-23
12.0186280908  8.85485948189e-23
12.3841212763  9.42264495852e-23
12.7607293136  1.00032950877e-22
13.1487902114  1.05665944112e-22
13.5486522576  1.10890141745e-22
13.9606743317  1.1625183035e-22
14.3852262269  1.21053380463e-22
14.8226889821  1.25898280477e-22
15.2734552238  1.3049510035e-22
15.7379295184  1.34967523333e-22
16.2165287354  1.39304211631e-22
16.7096824217  1.43433880599e-22
17.2178331866  1.47463459924e-22
17.7414370999  1.51305665439e-22
18.2809641002  1.55032076292e-22
18.8368984177  1.58651208699e-22
19.4097390079  1.62051380518e-22
20  1.6542e-22

