1 20 101
101
1  0
1.03041055791  7.59923349533e-36
1.06174591785  1.54295639209e-35
1.09403420358  2.34980190634e-35
1.12730439408  3.18118404283e-35
1.16158634964  4.03784897392e-35
1.1969108386  4.92056556351e-35
1.23330956497  5.83012605707e-35
1.27081519692  6.76734679269e-35
1.30946139606  7.73306893377e-35
1.34928284767  8.72815922395e-35
1.39031529185  9.75351076502e-35
1.43259555555  1.08100438185e-34
1.47616158565  1.18987066316e-34
1.52105248304  1.30204762882e-34
1.56730853766  1.4176359586e-34
1.61497126471  1.53673939396e-34
1.66408344188  1.65946483125e-34
1.71468914776  1.78592241756e-34
1.76683380139  1.91622564962e-34
1.82056420303  2.05049147566e-34
1.87592857615  2.18884040038e-34
1.93297661076  2.33139659309e-34
1.99175950792  7.14664170093e-33
2.05233002578  4.44237770311e-31
2.11474252688  9.73769215813e-31
2.17905302696  1.519404008e-30
2.24531924523  2.08163185864e-30
2.31360065617  2.66095737189e-30
2.3839585429  3.25790049721e-30
2.45645605223  3.87299699601e-30
2.53115825126  4.50679892251e-30
2.60813218585  5.1598751192e-30
2.68744694072  5.83281172739e-30
2.76917370155  6.52621271327e-30
2.85338581877  7.24070040999e-30
2.94015887345  7.97691607619e-30
3.02957074514  1.0387409944e-28
3.12170168173  4.01070569347e-28
3.21663437151  7.07304949714e-28
3.31445401734  1.02285208844e-27
3.41524841318  1.3479951917e-27
3.51910802283  1.68302607813e-27
3.62612606115  2.02824544074e-27
3.73639857773  2.38396311676e-27
3.85002454306  2.75049836577e-27
3.96710593738  3.1281801562e-27
4.08774784223  1.60959045283e-26
4.21205853471  3.43167082288e-26
4.34014958471  5.30916167355e-26
4.472135955  7.24374806846e-26
4.60813610445  9.23716631497e-26
4.74827209431  1.12912055225e-25
4.89266969782  1.34077092083e-25
5.041458513  2.27532974124e-25
5.19477207907  5.14956202285e-25
5.35274799621  8.11120131172e-25
5.51552804914  1.11629057037e-24
5.68325833429  1.43074141288e-24
5.85608939099  1.75475488095e-24
6.03417633655  2.34468842078e-24
6.21767900547  4.02642408989e-24
6.40676209294  5.76531724965e-24
6.6015953026  7.55709112055e-24
6.80235349885  9.40335383451e-24
7.00921686386  1.14967750597e-23
7.22237105921  1.55671978781e-23
7.44200739256  1.98599460862e-23
7.66832298935  2.42832391623e-23
7.9015209697  2.88410470486e-23
8.14181063074  3.40453835518e-23
8.38940763443  3.97714356576e-23
8.64453420113  4.56716202025e-23
8.90741930907  5.17512326513e-23
9.17829889981  5.76567442846e-23
9.45741609003  6.35497762246e-23
9.74502138973  6.96220185537e-23
10.041372927  7.57235172482e-23
10.34673668  8.11421256628e-23
10.661386715  8.67109561607e-23
10.9856054331  9.24062108117e-23
11.3196838233  9.74157518396e-23
11.6639217237  1.02489508678e-22
12.0186280908  1.0762944674e-22
12.3841212763  1.12088946837e-22
12.7607293136  1.16644021048e-22
13.1487902114  1.21054618625e-22
13.5486522576  1.25130412461e-22
13.9606743317  1.29313726476e-22
14.3852262269  1.3306860003e-22
14.8226889821  1.36858777341e-22
15.2734552238  1.40408450813e-22
15.7379295184  1.43828375044e-22
16.2165287354  1.47152445056e-22
16.7096824217  1.50328354796e-22
17.2178331866  1.53423747341e-22
17.7414370999  1.56370066561e-22
18.2809641002  1.5919891445e-22
18.8368984177  1.61917433262e-22
19.4097390079  1.64489989382e-22
20  1.67047e-22

