2 20 101
101
2  0
2.04658598456  1.53227825261e-37
2.0942570961  3.10024785072e-37
2.14303861048  4.70474015258e-37
2.19295639229  6.34660588125e-37
2.2440369086  8.02671557566e-37
2.29630724299  9.74596005221e-37
2.34979510988  1.15052508771e-36
2.40452886923  1.33055208496e-36
2.46053754162  1.51477244966e-36
2.51785082359  1.7032838579e-36
2.57649910339  1.89618626091e-36
2.63651347711  2.09358193811e-36
2.69792576518  2.2955755513e-36
2.76076852921  2.50227420015e-36
2.82507508925  2.71378747904e-36
2.89087954149  2.9302275351e-36
2.95821677634  3.15170912772e-36
3.02712249687  9.6276945941e-34
3.09763323782  3.45714409495e-33
3.16978638492  6.00962017961e-33
3.24362019472  8.62155107002e-33
3.31917381488  1.12943216465e-32
3.39648730492  1.40293490474e-32
3.4756016575  1.68280834204e-32
3.55655882008  1.96920086915e-32
3.63940171722  2.26226433519e-32
3.72417427333  2.56215412628e-32
3.81092143593  2.86902924797e-32
3.89968919952  3.18305240949e-32
3.99052462994  6.90564761903e-32
4.08347588934  1.39930174815e-30
4.17859226171  2.95341965585e-30
4.275924179  4.54373761999e-30
4.3755232479  6.17109884818e-30
4.47744227714  7.83636618891e-30
4.58173530554  9.54042258894e-30
4.68845763064  1.12841715616e-29
4.79766583804  1.30685376655e-29
4.90941783137  1.48944669954e-29
5.02377286302  4.79798874062e-29
5.14079156554  2.0138524688e-28
5.26053598379  3.58738453168e-28
5.38306960785  5.19756886475e-28
5.50845740668  6.84525920907e-28
5.63676586253  8.53132919186e-28
5.76806300625  1.02566727897e-27
5.90241845333  1.20222048027e-27
6.0399034408  2.72273890964e-27
6.18059086503  7.63152713755e-27
6.32455532034  1.26546557318e-26
6.47187313859  1.77947880215e-26
6.62262242965  2.30546493731e-26
6.77688312278  2.84370286345e-26
6.93473700905  3.39447796144e-26
7.09626778467  7.66777722605e-26
7.2615610954  1.46141145571e-25
7.43070458194  2.172225287e-25
7.60378792641  2.89959609938e-25
7.78090289989  3.64390955447e-25
7.96214341107  4.41511669982e-25
8.14760555608  8.47062512644e-25
8.33738766941  1.34926868548e-24
8.53159037603  1.86317274281e-24
8.7303166448  2.38904716339e-24
8.93367184302  2.92717077279e-24
9.1417637923  4.37812608056e-24
9.35470282574  6.29391939996e-24
9.57260184645  8.25433727837e-24
9.79557638737  1.02604191553e-23
10.0237446725  1.25511145977e-23
10.2572276798  1.65237617564e-23
10.496149205  2.06330686364e-23
10.7406359274  2.48380935698e-23
10.9908174772  2.91897500597e-23
11.2468265038  3.4554503967e-23
11.5087987467  4.01324955553e-23
11.7768731071  4.58404152586e-23
12.0511917215  5.16575119002e-23
12.3319000372  5.75080635859e-23
12.6191468896  6.34942592647e-23
12.9130845807  6.96198913532e-23
13.2138689602  7.53893819187e-23
13.5216595078  8.10858185579e-23
13.8366194184  8.69149422518e-23
14.1589156877  9.24818838355e-23
14.4887192015  9.77598251102e-23
14.826204826  1.0316070543e-22
15.1715515006  1.08304092612e-22
15.5249423326  1.13169930977e-22
15.8865646945  1.18149109278e-22
16.2566103233  1.22810082874e-22
16.6352754221  1.27383221272e-22
17.022760764  1.32009757194e-22
17.4192717991  1.36260791553e-22
17.8250187627  1.4058930016e-22
18.2402167871  1.44744305114e-22
18.6650860159  1.48791609388e-22
19.0998517204  1.52829884499e-22
19.5447444191  1.5660960384e-22
20  1.60477e-22

