0.1 20 151
151
0.1  0
0.103595335198  6.40451440156e-40
0.107319934748  1.30392925637e-39
0.111178446136  1.99126132403e-39
0.115175683943  2.70330528346e-39
0.119316635847  3.44094960998e-39
0.123606468853  4.20511472261e-39
0.128050535734  4.9967541325e-39
0.132654381717  5.81685563274e-39
0.137423751394  6.66644253087e-39
0.142364595899  7.5465749258e-39
0.147483080324  8.4583510305e-39
0.152785591422  9.40290854243e-39
0.158278745568  1.0381426063e-38
0.163969397019  1.13951245685e-38
0.169864646463  1.24452689331e-38
0.175971849887  1.35331695077e-38
0.182298627744  1.46601837546e-38
0.188852874473  1.58277179413e-38
0.195642768341  1.70372288957e-38
0.202676781654  2.11128652694e-32
0.209963691323  7.85876361593e-32
0.21751258982  1.38128817717e-31
0.225332896521  1.99810704333e-31
0.233434369463  2.63710261528e-31
0.241827117512  3.29907221995e-31
0.250521612986  3.98484185082e-31
0.259528704717  4.6952671986e-31
0.268859631586  5.43123471897e-31
0.278526036554  6.19366273864e-31
0.288539981181  6.98350260127e-31
0.298913960685  7.80173985448e-31
0.309660919525  8.64939547966e-31
0.320794267559  9.52752716588e-31
0.332327896774  1.04372306297e-30
0.344276198619  1.13796409824e-30
0.356654081967  1.23559341462e-30
0.369476991711  1.33673283217e-30
0.382760928042  1.4415085508e-30
0.396522466412  1.55005130772e-30
0.410778778215  1.66249654059e-30
0.425547652214  1.77898455649e-30
0.440847516738  1.89966070703e-30
0.456697462677  2.02467556969e-30
0.473117267301  2.1541851357e-30
0.490127418939  2.28835100473e-30
0.507749142548  3.03591412641e-28
0.526004426187  1.0132120316e-27
0.544916048465  1.74834589044e-27
0.564507606954  2.50991027567e-27
0.584803547643  3.29885545329e-27
0.60582919543  4.11616585457e-27
0.627610785733  4.96286130439e-27
0.650175497219  5.83999829374e-27
0.673551485719  6.748671298e-27
0.697767919361  7.69001414261e-27
0.722855014966  8.66520141785e-27
0.74884407575  9.67544994445e-27
0.775767530383  1.07220202919e-26
0.803658973457  1.18062183514e-26
0.832553207402  1.29293969654e-26
0.862486285909  1.40929576154e-26
0.893495558925  1.52983521711e-26
0.925619719247  1.65470847014e-26
0.958898850812  1.7840713352e-26
0.993374478709  2.01354488704e-26
1.02908962099  1.95711950164e-25
1.06608884235  4.19915081074e-25
1.10441830974  6.52179066065e-25
1.14412584997  8.92793719861e-25
1.18526100936  1.142059277e-24
1.22787511562  1.40028676644e-24
1.27202134183  1.66779839971e-24
1.31775477286  1.94492797288e-24
1.36513247404  2.23202128315e-24
1.41421356237  2.52943656025e-24
1.46505928036  2.83754491349e-24
1.51773307233  3.1567307948e-24
1.57230066369  3.48739247845e-24
1.62883014287  3.829942558e-24
1.68739204632  4.18480846113e-24
1.74805944649  4.55243298298e-24
1.81090804305  4.93327483866e-24
1.87601625732  5.32780923563e-24
1.94346533014  5.73652846664e-24
2.01333942322  6.47287883597e-24
2.08572572415  8.56063739751e-24
2.16071455525  1.07313608379e-23
2.23839948618  1.29801290623e-23
2.31887745078  1.53097480421e-23
2.40224886796  1.77231246331e-23
2.48861776706  2.02232702021e-23
2.57809191758  2.28133043848e-23
2.67078296373  2.54964589781e-23
2.76680656368  2.82760819728e-23
2.86628253393  3.11556417315e-23
2.96933499874  3.41387313158e-23
3.0760925451  3.72517493092e-23
3.18668838309  4.04861577701e-23
3.30126051218  4.38368540569e-23
3.41995189335  4.73080191067e-23
3.54291062753  5.09039841753e-23
3.67029014035  5.46292362417e-23
3.80224937364  5.84884236068e-23
3.93895298368  6.24863616937e-23
4.08057154674  6.57539272081e-23
4.22728177184  6.84528686602e-23
4.3792667213  7.12488461043e-23
4.53671603914  7.41453483096e-23
4.69982618773  7.71459894782e-23
4.8688006929  8.02545137548e-23
5.04385039793  8.31967763784e-23
5.22519372662  8.53837414167e-23
5.41305695583  8.76492010055e-23
5.60767449785  8.99961114603e-23
5.80928919286  9.24274012128e-23
6.01815261197  9.48602066379e-23
6.23452537109  9.67243711552e-23
6.45867745619  9.86332054814e-23
6.69088856009  1.006106688e-22
6.93144843155  1.02659228553e-22
7.18065723674  1.04213490676e-22
7.43882593382  1.05600372916e-22
7.70627666093  1.07037118223e-22
7.98334313818  1.08506271119e-22
8.270371084  1.09583198852e-22
8.56771864659  1.10648000473e-22
8.87575685075  1.11751085283e-22
9.19487006089  1.12757030905e-22
9.5254564606  1.1370878915e-22
9.8679285495  1.14694766294e-22
10.2227136579  1.15577219299e-22
10.5902544803  1.16406023853e-22
10.9710096272  1.17256155178e-22
11.3654541979  1.17906686724e-22
11.774080373  1.18551498829e-22
12.1973980289  1.19109938184e-22
12.6359353735  1.19558561887e-22
13.0902396056  1.19993336259e-22
13.5608775976  1.20321931686e-22
14.0484366031  1.20653930055e-22
14.553524989  1.20942402194e-22
15.0767729955  1.21233354349e-22
15.6188335217  1.21501084926e-22
16.1803829408  1.21755020156e-22
16.7621219439  1.21967936631e-22
17.364776414  1.22131603047e-22
17.9890983325  1.22257910308e-22
18.6358667167  1.22312690004e-22
19.3058885922  1.22334799894e-22
20  1.22323e-22

