0.5 20 151
151
0.5  0
0.512448710082  2.61079327331e-37
0.52520736093  5.2865885637e-37
0.538283669269  8.02900425371e-37
0.55168554395  1.08396990194e-36
0.565421090737  1.37203728337e-36
0.579498617203  1.66727679942e-36
0.59392663776  1.96986701776e-36
0.608713878807  2.2799909519e-36
0.623869284008  2.59783617193e-36
0.6394020197  2.92359491795e-36
0.655321480438  3.25746421635e-36
0.67163729468  3.59964599894e-36
0.688359330604  3.95034722515e-36
0.705497702082  4.30978000715e-36
0.723062774796  4.67816173813e-36
0.741065172505  5.05571522385e-36
0.759515783475  5.44266881735e-36
0.778425767058  5.83925655704e-36
0.797806560447  6.24571830832e-36
0.817669885593  6.6622999086e-36
0.83802775629  7.08925331602e-36
0.858892485448  7.52683676181e-36
0.880276692535  7.97531490651e-36
0.90219331121  8.43495900002e-36
0.924655597149  8.90604704564e-36
0.947677136058  9.38886396827e-36
0.971271851895  9.88370178669e-36
0.995454015286  8.43772784528e-33
1.02023825216  1.45685276036e-30
1.04563955259  3.28535494508e-30
1.07167327987  5.15938211696e-30
1.0983551798  7.08006773074e-30
1.1257013902  9.04857346125e-30
1.15372845069  1.1066089906e-29
1.18245331269  1.31338373054e-29
1.21189334964  1.52530662806e-29
1.24206636756  1.742505859e-29
1.27299061578  1.96511279046e-29
1.30468479801  2.19326206021e-29
1.33716808361  2.4270916582e-29
1.37046011922  2.66674300994e-29
1.40458104063  2.91236106207e-29
1.43955148495  3.16409437004e-29
1.47539260312  3.42209518796e-29
1.51212607267  3.68651956064e-29
1.54977411084  3.95752741803e-29
1.58835948804  4.23528267191e-29
1.62790554158  4.51995331505e-29
1.66843618984  4.8117115228e-29
1.70997594668  5.11073375724e-29
1.75254993629  5.41720087389e-29
1.79618390842  5.7312982311e-29
1.84090425388  6.05321580219e-29
1.88673802057  6.38314829031e-29
1.93371292981  6.72129524621e-29
1.9818573931  7.06786118895e-29
2.03120052932  1.59196566714e-27
2.08177218234  4.05564038015e-27
2.13360293905  6.58065423764e-27
2.18672414789  9.16853442607e-27
2.24116793778  1.18208461549e-26
2.29696723759  1.45391936032e-26
2.35415579601  1.73252208901e-26
2.41276820199  2.0180613069e-26
2.47283990568  2.31070971466e-26
2.53440723981  2.6106443128e-26
2.59750744173  2.91804650865e-26
2.66217867588  3.23310222612e-26
2.72846005693  3.55600201817e-26
2.79639167337  3.88694118202e-26
2.86601461181  4.22611987727e-26
2.9373709818  4.57374324701e-26
3.01050394131  6.80155917198e-26
3.08545772284  1.92751562664e-25
3.16227766017  3.22163312513e-25
3.24101021575  4.54797081071e-25
3.32170300885  5.90733088294e-25
3.40440484432  7.30053551404e-25
3.48916574214  8.72842734621e-25
3.57603696765  1.01918700013e-24
3.66507106256  1.1691748603e-24
3.75632187674  1.32289703125e-24
3.84984460077  1.48044648768e-24
3.94569579937  1.64191851912e-24
4.04393344553  2.25391028257e-24
4.14461695564  3.44677830531e-24
4.2478072254  4.66934566442e-24
4.35356666667  5.92235179675e-24
4.46195924519  7.20655454922e-24
4.57305051927  8.52273063719e-24
4.68690767949  9.87167611424e-24
4.80359958925  1.12542068536e-23
4.92319682653  1.26711590417e-23
5.04577172647  1.470556485e-23
5.1713984252  1.77918108323e-23
5.30015290463  2.09548963776e-23
5.43211303844  2.41967345927e-23
5.56735863914  2.7519286216e-23
5.70597150638  3.0924560803e-23
5.84803547643  3.44146179423e-23
5.99363647282  3.79942473527e-23
6.1428625584  4.17163924149e-23
6.29580398853  4.55366399274e-23
6.4525532657  4.94520017474e-23
6.6132051955  5.34648459757e-23
6.77785694388  5.75775996728e-23
6.94660809603  6.17927503267e-23
7.11956071652  6.55172436921e-23
7.29681941106  6.90618680811e-23
7.47849138981  7.26947444728e-23
7.66468653214  7.64180701145e-23
7.85551745316  8.0234096959e-23
8.0510995718  8.39296972326e-23
8.25155118063  8.70930040263e-23
8.45699351738  9.03350689984e-23
8.66755083831  9.36578530243e-23
8.88335049333  9.70633658002e-23
9.10452300303  1.00178105456e-22
9.33120213764  1.02940825413e-22
9.5635249979  1.05772329969e-22
9.80163209803  1.08674331684e-22
10.0456674507  1.11533088256e-22
10.295778654  1.13968151632e-22
10.5521169811  1.16460785524e-22
10.8148374712  1.1901547957e-22
11.0840990237  1.21487446605e-22
11.3600644943  1.23690754922e-22
11.6429007931  1.25948919932e-22
11.9327789861  1.2826299118e-22
12.2298743982  1.30275563762e-22
12.5343667197  1.32230099974e-22
12.8464401144  1.34233299094e-22
13.1662833315  1.3610745184e-22
13.4940898196  1.37858921906e-22
13.8300578436  1.39653999058e-22
14.1743906047  1.41359837016e-22
14.5272963631  1.42974380861e-22
14.8889885645  1.44629122683e-22
15.2596859686  1.46128221342e-22
15.6396127818  1.47578401988e-22
16.0289987924  1.49037825355e-22
16.4280795102  1.50312724365e-22
16.8370963082  1.51610943682e-22
17.2562965694  1.52829740007e-22
17.6859338356  1.54006086842e-22
18.1262679613  1.55170558323e-22
18.5775652707  1.56259087433e-22
19.0400987189  1.57357545865e-22
19.5141480567  1.58352569438e-22
20  1.59368e-22

