1 20 101
101
1  0
1.03041055791  1.10644557482e-35
1.06174591785  2.24653877687e-35
1.09403420358  3.42130284926e-35
1.12730439408  4.63179215251e-35
1.16158634964  5.87909311082e-35
1.1969108386  7.16432518715e-35
1.23330956497  8.48864188797e-35
1.27081519692  9.85323179851e-35
1.30946139606  1.12593196496e-34
1.34928284767  1.27081674166e-34
1.39031529185  1.42010754526e-34
1.43259555555  1.57393836549e-34
1.47616158565  1.73244726678e-34
1.52105248304  1.8957765122e-34
1.56730853766  2.06407269109e-34
1.61497126471  2.23748685068e-34
1.66408344188  2.41617463161e-34
1.71468914776  2.60029640765e-34
1.76683380139  2.79001742962e-34
1.82056420303  2.98550797372e-34
1.87592857615  3.18694349433e-34
1.93297661076  3.39450478151e-34
1.99175950792  1.03018151628e-32
2.05233002578  6.40136924631e-31
2.11474252688  1.40317569644e-30
2.17905302696  2.18941890301e-30
2.24531924523  2.99957220414e-30
2.31360065617  3.83436271915e-30
2.3839585429  4.69453967946e-30
2.45645605223  5.58087510104e-30
2.53115825126  6.49416447729e-30
2.60813218585  7.435227493e-30
2.68744694072  8.40490876005e-30
2.76917370155  9.40407857543e-30
2.85338581877  1.04336337023e-29
2.94015887345  1.14944981751e-29
3.02957074514  1.42540644964e-28
3.12170168173  5.48550064811e-28
3.21663437151  9.66906457633e-28
3.31445401734  1.39798530177e-27
3.41524841318  1.84217349405e-27
3.51910802283  2.29986969708e-27
3.62612606115  2.771484697e-27
3.73639857773  3.25744177219e-27
3.85002454306  3.75817707316e-27
3.96710593738  4.27414001399e-27
4.08774784223  2.08990134748e-26
4.21205853471  4.42457921989e-26
4.34014958471  6.83025594895e-26
4.472135955  9.30909064949e-26
4.60813610445  1.18633080962e-25
4.74827209431  1.44952007206e-25
4.89266969782  1.7207130668e-25
5.041458513  2.88580284015e-25
5.19477207907  6.44887297411e-25
5.35274799621  1.01202980587e-24
5.51552804914  1.39033732285e-24
5.68325833429  1.78014938248e-24
5.85608939099  2.18181584432e-24
6.03417633655  2.90780137476e-24
6.21767900547  4.96472998395e-24
6.40676209294  7.0915422243e-24
6.6015953026  9.28303201145e-24
6.80235349885  1.15411662257e-23
7.00921686386  1.40721766875e-23
7.22237105921  1.87256429392e-23
7.44200739256  2.36259711362e-23
7.66832298935  2.86753210477e-23
7.9015209697  3.38782245071e-23
8.14181063074  3.95285455827e-23
8.38940763443  4.55576316613e-23
8.64453420113  5.17700656113e-23
8.90741930907  5.81714231437e-23
9.17829889981  6.42137422966e-23
9.45741609003  7.01435590911e-23
9.74502138973  7.62537049226e-23
10.041372927  8.23906698522e-23
10.34673668  8.78257615005e-23
10.661386715  9.34112401318e-23
10.9856054331  9.91222260719e-23
11.3196838233  1.04119502131e-22
11.6639217237  1.09177699416e-22
12.0186280908  1.14312675305e-22
12.3841212763  1.18872189644e-22
12.7607293136  1.23535350361e-22
13.1487902114  1.28058214156e-22
13.5486522576  1.32251167573e-22
13.9606743317  1.36554204899e-22
14.3852262269  1.40398645275e-22
14.8226889821  1.44276315138e-22
15.2734552238  1.47948956485e-22
15.7379295184  1.5151751249e-22
16.2165287354  1.5495056239e-22
16.7096824217  1.58183677956e-22
17.2178331866  1.61308390677e-22
17.7414370999  1.64244237819e-22
18.2809641002  1.67084210368e-22
18.8368984177  1.69834973371e-22
19.4097390079  1.72435017898e-22
20  1.75018e-22

