1 20 101
101
1  0
1.03041055791  1.58195114043e-34
1.06174591785  3.21201029763e-34
1.09403420358  4.89164046323e-34
1.12730439408  6.62234911925e-34
1.16158634964  8.40568959108e-34
1.1969108386  1.02432624416e-33
1.23330956497  1.21367169077e-33
1.27081519692  1.40877523805e-33
1.30946139606  1.60981199306e-33
1.34928284767  1.81696238794e-33
1.39031529185  2.03041234191e-33
1.43259555555  2.25035342806e-33
1.47616158565  2.47698304534e-33
1.52105248304  2.71050459573e-33
1.56730853766  2.95112766675e-33
1.61497126471  3.19906821961e-33
1.66408344188  3.45454878301e-33
1.71468914776  3.71779865287e-33
1.76683380139  3.98905409815e-33
1.82056420303  4.26855857286e-33
1.87592857615  4.55656293458e-33
1.93297661076  4.85332566962e-33
1.99175950792  6.57878006027e-32
2.05233002578  3.90724833494e-30
2.11474252688  8.56110563391e-30
2.17905302696  1.33564893298e-29
2.24531924523  1.82977033192e-29
2.31360065617  2.33891823829e-29
2.3839585429  2.86354961654e-29
2.45645605223  3.40413532771e-29
2.53115825126  3.96116055195e-29
2.60813218585  4.53512522403e-29
2.68744694072  5.12654448201e-29
2.76917370155  5.73594912959e-29
2.85338581877  6.36388611249e-29
2.94015887345  7.01091900937e-29
3.02957074514  5.71691869094e-28
3.12170168173  2.12052611355e-27
3.21663437151  3.7164612715e-27
3.31445401734  5.36092970799e-27
3.41524841318  7.0554073471e-27
3.51910802283  8.80141499659e-27
3.62612606115  1.06005197128e-26
3.73639857773  1.24543362072e-26
3.85002454306  1.43645282954e-26
3.96710593738  1.63328103908e-26
4.08774784223  6.37971302244e-26
4.21205853471  1.30255515948e-25
4.34014958471  1.9873493826e-25
4.472135955  2.69296858009e-25
4.60813610445  3.42004605106e-25
4.74827209431  4.16923435356e-25
4.89266969782  4.94120589032e-25
5.041458513  7.60666246042e-25
5.19477207907  1.53415925015e-24
5.35274799621  2.33117460806e-24
5.51552804914  3.15242764767e-24
5.68325833429  3.9986554504e-24
5.85608939099  4.87061751273e-24
6.03417633655  6.17689435504e-24
6.21767900547  9.23307040284e-24
6.40676209294  1.23917655874e-23
6.6015953026  1.56465184547e-23
6.80235349885  1.90002501726e-23
7.00921686386  2.25913357722e-23
7.22237105921  2.76475556553e-23
7.44200739256  3.29273715091e-23
7.66832298935  3.83677495087e-23
7.9015209697  4.39735724386e-23
8.14181063074  4.96060614106e-23
8.38940763443  5.53069329011e-23
8.64453420113  6.11811710743e-23
8.90741930907  6.72340481076e-23
9.17829889981  7.28552412579e-23
9.45741609003  7.83179275228e-23
9.74502138973  8.39467371248e-23
10.041372927  8.95887839845e-23
10.34673668  9.45198072839e-23
10.661386715  9.95859874974e-23
10.9856054331  1.04766662389e-22
11.3196838233  1.09313131769e-22
11.6639217237  1.13916625211e-22
12.0186280908  1.18578567256e-22
12.3841212763  1.22607909065e-22
12.7607293136  1.2672272848e-22
13.1487902114  1.30712714294e-22
13.5486522576  1.34409838773e-22
13.9606743317  1.38203440603e-22
14.3852262269  1.41572740747e-22
14.8226889821  1.4496788919e-22
15.2734552238  1.4811544294e-22
15.7379295184  1.5112430742e-22
16.2165287354  1.54043871654e-22
16.7096824217  1.56826737905e-22
17.2178331866  1.59539353276e-22
17.7414370999  1.62121767777e-22
18.2809641002  1.64595030923e-22
18.8368984177  1.66965534853e-22
19.4097390079  1.69205306321e-22
20  1.7143e-22

