1 20000 251
251
1  0
1.04040904696  5.16651136328e-42
1.082450985  1.05417965269e-41
1.12619179768  1.6134291841e-41
1.17170013492  2.1952774561e-41
1.21904742069  2.80063766224e-41
1.26830796516  3.43045989738e-41
1.31955908129  4.08573264879e-41
1.37288120617  4.76748434759e-41
1.4283580273  5.4767849828e-41
1.4860766139  6.21474778069e-41
1.54612755358  6.98253095193e-41
1.6086050945  7.7813395094e-41
1.6736072933  8.61242715937e-41
1.74123616901  9.47709826922e-41
1.81159786313  1.03767099146e-40
1.88480280626  1.13126740091e-40
1.96096589137  1.22864595207e-40
2.04020665416  1.09046765311e-35
2.12264946065  3.32641992338e-35
2.20842370239  5.65272489393e-35
2.29766399949  8.07303363128e-35
2.39051041194  1.05911447381e-34
2.48710865943  1.32110103148e-34
2.58761035005  1.59367421627e-34
2.6921732182  1.87726182368e-34
2.8009613722  2.17230893603e-34
2.91414555182  2.47927862101e-34
3.03190339627  3.86099736516e-32
3.15441972299  1.85839570378e-31
3.28188681771  3.39018574792e-31
3.41450473624  4.98387396789e-31
3.55248161847  6.64196160997e-31
3.69603401502  8.36705099345e-31
3.8453872271  1.01618495948e-30
4.00077566014  1.43526189127e-30
4.16244319166  5.00561044231e-29
4.33064355406  1.00641668864e-28
4.50564073281  1.53271347754e-28
4.68770938077  2.08027741809e-28
4.87713524927  2.64996789564e-28
5.07421563659  1.37708898682e-27
5.27925985453  4.34750711551e-27
5.49258971391  7.43795700985e-27
5.71454002959  1.06532890391e-26
5.945459146  1.39985495713e-26
6.18570948383  5.96708453183e-26
6.43566810884  1.20080724172e-25
6.69572732367  1.82931708657e-25
6.96629528353  2.48322441525e-25
7.24779663678  7.33702067182e-25
7.54067319143  1.29775579352e-24
7.84538460853  1.88460239338e-24
8.1624091236  3.51356587325e-24
8.49224429718  6.21706363813e-24
8.83540779578  9.02980717114e-24
9.19243820431  1.38093366132e-23
9.56389587139  2.04310261723e-23
9.95036378878  2.73202918958e-23
10.3524485064  3.60178850937e-23
10.7707810842  4.52911116224e-23
11.2060180829  5.47118729161e-23
11.6588425938  6.425033159e-23
12.1299653117  7.38473252036e-23
12.6201256496  8.29393263102e-23
13.1300928996  9.20775954083e-23
13.6606674402  1.00609530819e-22
14.2126819923  1.09052148473e-22
14.7870029263  1.17115358125e-22
15.384531622  1.24798037184e-22
16.0062058827  1.32374675072e-22
16.6530014079  1.3928549924e-22
17.3259333238  1.46016786508e-22
18.0260577771  1.52361050964e-22
18.7544735924  1.55645484531e-22
19.5123239965  1.6044342652e-22
20.3007984131  1.66724994504e-22
21.1211343295  1.74461541799e-22
21.9746192385  1.83625559789e-22
22.8625926593  1.94190579161e-22
23.7864482397  2.06131069861e-22
24.7476359436  2.1198189831e-22
25.7476643266  2.15595259013e-22
26.7881029035  2.18968412899e-22
27.8705846117  2.2211047499e-22
28.996808374  2.25030193547e-22
30.1685417653  2.27735964677e-22
31.3876237862  2.30235846494e-22
32.6559677498  2.32537572846e-22
33.9755642841  2.34648566628e-22
35.3484844568  2.36575952698e-22
36.7768830251  2.38326570413e-22
38.2630018183  2.39906985812e-22
39.8091732557  2.41323503458e-22
41.4178240072  2.42582177959e-22
43.0914788025  2.43688825197e-22
44.832764393  2.44649033269e-22
46.6444136747  2.45468173177e-22
48.5292699773  2.46151409282e-22
50.4902915267  2.46703709533e-22
52.5305560881  2.47129855513e-22
54.6532657959  2.47434452297e-22
56.8617521799  2.47621938174e-22
59.159481394  2.47696594223e-22
61.5500596558  2.47662553789e-22
64.0372389068  2.47523811872e-22
66.624922701  2.47284234444e-22
69.3171723311  2.46947567726e-22
72.118213203  2.46517447441e-22
75.032441467  2.45997408059e-22
78.0644309178  2.45390892059e-22
81.2189401726  2.44701259222e-22
84.5009201401  2.4393179597e-22
87.9155217902  2.43085724767e-22
91.4681042388  2.42166213586e-22
95.1642431583  2.41176385455e-22
99.009739529  2.4011932808e-22
103.010628743  2.38998103537e-22
107.173190077  2.37815758029e-22
111.503956548  2.36575331683e-22
116.009725165  2.35279868358e-22
120.697567597  2.33932425431e-22
125.574841273  2.32536083496e-22
130.649200932  2.3109395592e-22
135.928610627  2.2960919816e-22
141.421356237  2.28085016747e-22
147.136058463  2.26524677816e-22
153.081686359  2.24931515027e-22
159.267571411  2.23308936715e-22
165.703422184  2.21660432083e-22
172.399339552  2.19989576221e-22
179.36583256  2.18300033709e-22
186.613834911  2.16595560557e-22
194.154722129  2.1488000421e-22
202.000329413  2.13157301323e-22
210.162970211  2.11431473044e-22
218.655455543  2.09706617507e-22
227.491114114  2.07986899291e-22
236.683813228  2.06276535612e-22
246.247980551  2.04579779085e-22
256.198626761  2.02900896945e-22
266.551369101  2.01244146703e-22
277.322455892  1.99613748348e-22
288.528792035  1.98013853269e-22
300.187965542  1.96567891065e-22
312.318275138  1.95038093086e-22
324.938758985  1.93550640638e-22
338.069224556  1.92109034313e-22
351.730279727  1.90716519164e-22
365.943365117  1.89376046442e-22
380.730787743  1.88090237327e-22
396.115756024  1.86861349764e-22
412.122416211  1.85691249492e-22
428.775890281  1.84581386306e-22
446.102315367  1.83532776443e-22
464.128884777  1.82545991881e-22
482.883890678  1.81621157098e-22
502.396768493  1.80757953674e-22
522.698143103  1.79955632888e-22
543.819876914  1.79213036262e-22
565.795119858  1.7852862388e-22
588.658361426  1.77900510209e-22
612.445484796  1.77326507166e-22
637.193823152  1.76804174426e-22
662.942218274  1.76330877432e-22
689.731081504  1.75903854839e-22
717.602457167  1.75520300081e-22
746.600088557  1.75177471998e-22
776.769486596  1.74885175238e-22
808.158001257  1.7466471445e-22
840.814895881  1.74515585462e-22
874.791424493  1.74436504136e-22
910.140912246  1.73836924313e-22
946.918839109  1.73945538059e-22
985.182926946  1.74114948365e-22
1024.99323011  1.74345765222e-22
1066.41222967  1.74638378902e-22
1109.50493154  1.74992957473e-22
1154.33896842  1.75409446797e-22
1200.98470601  1.75887573005e-22
1249.51535339  1.76426847395e-22
1300.00707798  1.77026573624e-22
1352.53912504  1.7768585705e-22
1407.19394206  1.7840361597e-22
1464.05730815  1.81859587651e-22
1523.21846867  1.83421909268e-22
1584.7702753  1.84848613687e-22
1648.80933177  1.86155361491e-22
1715.43614549  1.87355887397e-22
1784.75528525  1.88462333003e-22
1856.87554538  1.8948550775e-22
1931.9101165  1.90435095694e-22
2009.97676312  1.91319820813e-22
2091.19800853  1.92147580275e-22
2175.70132706  1.92925552646e-22
2263.61934415  1.93450629116e-22
2355.09004453  1.94049663486e-22
2450.25698873  1.94584564442e-22
2549.26953846  1.95060462486e-22
2652.28309095  1.95482020468e-22
2759.45932292  1.95853491523e-22
2870.96644429  1.96178768111e-22
2986.97946215  1.96461423708e-22
3107.68045551  1.96704748417e-22
3233.25886097  1.96911779497e-22
3363.91177012  1.97085327618e-22
3499.84423881  1.97227999527e-22
3641.26960901  1.97342217652e-22
3788.40984363  1.97430237113e-22
3941.49587491  1.97494160521e-22
4100.76796681  1.97535950877e-22
4266.47609215  1.97557442855e-22
4438.88032492  1.97560352685e-22
4618.25124841  1.9754628685e-22
4804.87037999  1.97516749759e-22
4999.03061281  1.97473150538e-22
5201.0366756  1.97416809078e-22
5411.20561086  1.97348961437e-22
5629.8672725  1.97270764702e-22
5857.36484349  1.97183301382e-22
6094.05537452  1.97087583415e-22
6340.31034432  1.96984555832e-22
6596.51624277  1.96875100159e-22
6863.0751774  1.96760037562e-22
7140.40550453  1.96640131816e-22
7428.94248588  1.96516092088e-22
7729.13897165  1.96388575597e-22
8041.46611132  1.96258190148e-22
8366.41409304  1.96125496564e-22
8704.49291301  1.95991011034e-22
9056.2331759  1.95855207392e-22
9422.18692758  1.95718519313e-22
9802.92852161  1.95581342462e-22
10199.0555206  1.95444036579e-22
10611.1896341  1.95306927512e-22
11039.9776943  1.9517030919e-22
11486.0926714  1.9503444555e-22
11950.2347295  1.94899572403e-22
12433.1323259  1.94765899254e-22
12935.5433539  1.9463361105e-22
13458.2563327  1.94502869888e-22
14002.0916449  1.94373816646e-22
14567.9028237  1.94246572563e-22
15156.577893  1.94121240751e-22
15769.0407609  1.93997907643e-22
16406.2526695  1.93876644372e-22
17069.213704  1.93757508092e-22
17758.9643622  1.93640543219e-22
18476.5871871  1.93525782617e-22
19223.2084664  1.93413248708e-22
20000  1.93302954522e-22

