0.5 20 151
151
0.5  0
0.512448710082  1.90492900396e-41
0.52520736093  3.85728582571e-41
0.538283669269  5.85825129557e-41
0.55168554395  7.90903564347e-41
0.565421090737  1.00108792309e-40
0.579498617203  1.21650533013e-40
0.59392663776  1.43728607487e-40
0.608713878807  1.66356369056e-40
0.623869284008  1.89547503513e-40
0.6394020197  2.13316037389e-40
0.655321480438  2.3767634644e-40
0.67163729468  2.6264316434e-40
0.688359330604  2.88231591595e-40
0.705497702082  3.14457104675e-40
0.723062774796  3.41335565374e-40
0.741065172505  3.68883230402e-40
0.759515783475  3.9711676122e-40
0.778425767058  4.26053234118e-40
0.797806560447  4.5571015054e-40
0.817669885593  4.86105447671e-40
0.83802775629  5.17257509286e-40
0.858892485448  5.49185176867e-40
0.880276692535  5.81907761004e-40
0.90219331121  6.15445053066e-40
0.924655597149  6.4981733718e-40
0.947677136058  6.85045402494e-40
0.971271851895  7.21150555751e-40
0.995454015286  3.26515137844e-35
1.02023825216  5.64436832383e-33
1.04563955259  1.27286893897e-32
1.07167327987  1.99893917737e-32
1.0983551798  2.74308669157e-32
1.1257013902  3.50576155909e-32
1.15372845069  4.28742506324e-32
1.18245331269  5.08854997207e-32
1.21189334964  5.90962082437e-32
1.24206636756  6.75113422266e-32
1.27299061578  7.61359913361e-32
1.30468479801  8.49753719582e-32
1.33716808361  9.40348303536e-32
1.37046011922  1.03319845891e-31
1.40458104063  1.12836034362e-31
1.43955148495  1.22589151375e-31
1.47539260312  1.32585095841e-31
1.51212607267  1.42829913536e-31
1.54977411084  1.53329800761e-31
1.58835948804  1.64091108091e-31
1.62790554158  1.7512034421e-31
1.66843618984  1.86424179855e-31
1.70997594668  1.98009451846e-31
1.75254993629  2.09883167222e-31
1.79618390842  2.22052507478e-31
1.84090425388  2.34524832911e-31
1.88673802057  2.47307687071e-31
1.93371292981  2.60408801322e-31
1.9818573931  2.73836099519e-31
2.03120052932  3.44949909249e-29
2.08177218234  8.99544500373e-29
2.13360293905  1.46794706605e-28
2.18672414789  2.05050138923e-28
2.24116793778  2.64755981217e-28
2.29696723759  3.25948344952e-28
2.35415579601  3.88664240678e-28
2.41276820199  4.52941600411e-28
2.47283990568  5.18819300576e-28
2.53440723981  5.86337185521e-28
2.59750744173  6.55536091617e-28
2.66217867588  7.26457871953e-28
2.72846005693  7.99145421653e-28
2.79639167337  8.73642703818e-28
2.86601461181  9.49994776118e-28
2.9373709818  1.02824781804e-27
3.01050394131  2.37472882215e-27
3.08545772284  1.06494856991e-26
3.16227766017  1.92365004907e-26
3.24101021575  2.80373097976e-26
3.32170300885  3.70572365515e-26
3.40440484432  4.63017362117e-26
3.48916574214  5.57764000641e-26
3.57603696765  6.54869586034e-26
3.66507106256  7.54392849987e-26
3.75632187674  8.56393986459e-26
3.84984460077  9.60934688083e-26
3.94569579937  1.06807818348e-25
4.04393344553  1.99655868806e-25
4.14461695564  3.9852714618e-25
4.2478072254  6.02349805305e-25
4.35356666667  8.11247122813e-25
4.46195924519  1.02534544461e-24
4.57305051927  1.24477426227e-24
4.68690767949  1.46966629141e-24
4.80359958925  1.70015755189e-24
4.92319682653  1.93638745013e-24
5.04577172647  2.58591748637e-24
5.1713984252  3.95227240602e-24
5.30015290463  5.35264603821e-24
5.43211303844  6.78788536109e-24
5.56735863914  8.25885844044e-24
5.70597150638  9.7664549546e-24
5.84803547643  1.13115867326e-23
5.99363647282  1.2967772318e-23
6.1428625584  1.61118621691e-23
6.29580398853  1.94813759929e-23
6.4525532657  2.2934782018e-23
6.6132051955  2.6474168944e-23
6.77785694388  3.01016774735e-23
6.94660809603  3.38195016069e-23
7.11956071652  3.78101875304e-23
7.29681941106  4.19827508448e-23
7.47849138981  4.62592002212e-23
7.66468653214  5.06421221546e-23
7.85551745316  5.51341675368e-23
8.0510995718  5.95623070141e-23
8.25155118063  6.35914064012e-23
8.45699351738  6.77208199686e-23
8.66755083831  7.19530452806e-23
8.88335049333  7.62906420845e-23
9.10452300303  8.0323397263e-23
9.33120213764  8.39843536917e-23
9.5635249979  8.77364584908e-23
9.80163209803  9.15819810197e-23
10.0456674507  9.53846252937e-23
10.295778654  9.86879965162e-23
10.5521169811  1.02069944967e-22
10.8148374712  1.05536095209e-22
11.0840990237  1.08875075098e-22
11.3600644943  1.11815487187e-22
11.6429007931  1.1482910795e-22
11.9327789861  1.17917402224e-22
12.2298743982  1.20676204154e-22
12.5343667197  1.23381313938e-22
12.8464401144  1.26153773976e-22
13.1662833315  1.28759138787e-22
13.4940898196  1.31205886414e-22
13.8300578436  1.33713551745e-22
14.1743906047  1.36062175405e-22
14.5272963631  1.38248073673e-22
14.8889885645  1.40488395169e-22
15.2596859686  1.42554153436e-22
15.6396127818  1.44570425033e-22
16.0289987924  1.4660781934e-22
16.4280795102  1.48456874621e-22
16.8370963082  1.50342851077e-22
17.2562965694  1.52098426255e-22
17.6859338356  1.53782174702e-22
18.1262679613  1.55436250206e-22
18.5775652707  1.56948998787e-22
19.0400987189  1.58478238915e-22
19.5141480567  1.59884307507e-22
20  1.6132e-22

