1 20000 251
251
1  0
1.04040904696  2.4292109129e-42
1.082450985  4.95658392365e-42
1.12619179768  7.58608566908e-42
1.17170013492  1.0321843074e-41
1.21904742069  1.31681498284e-41
1.26830796516  1.61294731261e-41
1.31955908129  1.9210460676e-41
1.37288120617  2.24159479965e-41
1.4283580273  2.57509660046e-41
1.4860766139  2.9220748912e-41
1.54612755358  3.28307424399e-41
1.6086050945  3.65866123658e-41
1.6736072933  4.04942534159e-41
1.74123616901  4.45597985167e-41
1.81159786313  4.87896284204e-41
1.88480280626  5.31903817193e-41
1.96096589137  5.77689652649e-41
2.04020665416  6.39289401706e-36
2.12264946065  1.95012508143e-35
2.20842370239  3.31393038169e-35
2.29766399949  4.73284575438e-35
2.39051041194  6.20909814499e-35
2.48710865943  7.74500448778e-35
2.58761035005  9.3429753421e-35
2.6921732182  1.10055186757e-34
2.8009613722  1.2735243801e-34
2.91414555182  1.453486547e-34
3.03190339627  2.5398779251e-32
3.15441972299  1.22325297072e-31
3.28188681771  2.23168523103e-31
3.41450473624  3.2808672779e-31
3.55248161847  4.37244577138e-31
3.69603401502  5.50813391146e-31
3.8453872271  6.68971412692e-31
4.00077566014  9.5614934356e-31
4.16244319166  3.5316987311e-29
4.33064355406  7.10663139934e-29
4.50564073281  1.08260236896e-28
4.68770938077  1.46957130777e-28
4.87713524927  1.87217729259e-28
5.07421563659  1.01407698308e-27
5.27925985453  3.22639039129e-27
5.49258971391  5.52810127589e-27
5.71454002959  7.92282210372e-27
5.945459146  1.04143113179e-26
6.18570948383  4.62364729459e-26
6.43566810884  9.36598249425e-26
6.69572732367  1.42999509397e-25
6.96629528353  1.94332963478e-25
7.24779663678  5.98879255634e-25
7.54067319143  1.06946389003e-24
7.84538460853  1.55906440103e-24
8.1624091236  2.9967804023e-24
8.49224429718  5.41208812946e-24
8.83540779578  7.92499613998e-24
9.19243820431  1.23816428925e-23
9.56389587139  1.86576752231e-23
9.95036378878  2.51873160388e-23
10.3524485064  3.36996375669e-23
10.7707810842  4.28077819012e-23
11.2060180829  5.2146770354e-23
11.6588425938  6.17043106395e-23
12.1299653117  7.13512206326e-23
12.6201256496  8.05772609989e-23
13.1300928996  8.98670157312e-23
13.6606674402  9.85931054616e-23
14.2126819923  1.07232513913e-22
14.7870029263  1.15491819544e-22
15.384531622  1.23349268235e-22
16.0062058827  1.31090439997e-22
16.6530014079  1.3812692836e-22
17.3259333238  1.44972544351e-22
18.0260577771  1.51416707345e-22
18.7544735924  1.54798308222e-22
19.5123239965  1.59728558694e-22
20.3007984131  1.66177416789e-22
21.1211343295  1.74116123163e-22
21.9746192385  1.83517102873e-22
22.8625926593  1.9435386609e-22
23.7864482397  2.06600907591e-22
24.7476359436  2.12598323446e-22
25.7476643266  2.16301364982e-22
26.7881029035  2.19759772635e-22
27.8705846117  2.22982836299e-22
28.996808374  2.25979472128e-22
30.1685417653  2.2875823742e-22
31.3876237862  2.31327345034e-22
32.6559677498  2.33694677374e-22
33.9755642841  2.35867799942e-22
35.3484844568  2.3785397449e-22
36.7768830251  2.39660171789e-22
38.2630018183  2.41293084027e-22
39.8091732557  2.42759136866e-22
41.4178240072  2.44064501173e-22
43.0914788025  2.45215104444e-22
44.832764393  2.46216641942e-22
46.6444136747  2.47074587576e-22
48.5292699773  2.47794204532e-22
50.4902915267  2.48380555686e-22
52.5305560881  2.4883851381e-22
54.6532657959  2.49172771613e-22
56.8617521799  2.4938785161e-22
59.159481394  2.49488115863e-22
61.5500596558  2.49477775615e-22
64.0372389068  2.49360900819e-22
66.624922701  2.49141429611e-22
69.3171723311  2.48823177728e-22
72.118213203  2.48409847901e-22
75.032441467  2.4790503924e-22
78.0644309178  2.47312256631e-22
81.2189401726  2.46634920168e-22
84.5009201401  2.45876374616e-22
87.9155217902  2.45039898949e-22
91.4681042388  2.44128715947e-22
95.1642431583  2.43146001866e-22
99.009739529  2.42094896189e-22
103.010628743  2.40978511443e-22
107.173190077  2.39799943083e-22
111.503956548  2.38562279409e-22
116.009725165  2.37268611498e-22
120.697567597  2.35922043107e-22
125.574841273  2.34525700493e-22
130.649200932  2.33082742078e-22
135.928610627  2.31596367884e-22
141.421356237  2.30069828625e-22
147.136058463  2.28506434333e-22
153.081686359  2.26909562379e-22
159.267571411  2.25282664713e-22
165.703422184  2.23629274139e-22
172.399339552  2.21953009392e-22
179.36583256  2.20257578808e-22
186.613834911  2.18546782301e-22
194.154722129  2.16824511386e-22
202.000329413  2.15094746966e-22
210.162970211  2.13361554592e-22
218.655455543  2.11629076913e-22
227.491114114  2.09901523068e-22
236.683813228  2.08183154778e-22
246.247980551  2.06478268986e-22
256.198626761  2.04791176914e-22
266.551369101  2.03126179539e-22
277.322455892  2.01487539571e-22
288.528792035  1.99879450135e-22
300.187965542  1.98426400384e-22
312.318275138  1.96888599045e-22
324.938758985  1.95393308131e-22
338.069224556  1.93944063063e-22
351.730279727  1.92544141266e-22
365.943365117  1.91196523606e-22
380.730787743  1.89903857847e-22
396.115756024  1.88668425233e-22
412.122416211  1.87492111309e-22
428.775890281  1.86376382013e-22
446.102315367  1.85322265948e-22
464.128884777  1.84330343627e-22
482.883890678  1.83400744235e-22
502.396768493  1.8253315031e-22
522.698143103  1.81726810465e-22
543.819876914  1.80980560143e-22
565.795119858  1.80292850194e-22
588.658361426  1.79661783016e-22
612.445484796  1.79085156008e-22
637.193823152  1.78560512301e-22
662.942218274  1.78085199275e-22
689.731081504  1.77656436568e-22
717.602457167  1.77271398338e-22
746.600088557  1.76927324827e-22
776.769486596  1.76634110824e-22
808.158001257  1.76413250886e-22
840.814895881  1.76264241951e-22
874.791424493  1.76185794178e-22
910.140912246  1.75583191452e-22
946.918839109  1.75693811257e-22
985.182926946  1.75865683118e-22
1024.99323011  1.76099422675e-22
1066.41222967  1.76395423848e-22
1109.50493154  1.76753856354e-22
1154.33896842  1.77174665716e-22
1200.98470601  1.77657575785e-22
1249.51535339  1.78202093699e-22
1300.00707798  1.78807517157e-22
1352.53912504  1.79472943862e-22
1407.19394206  1.8019728288e-22
1464.05730815  1.83683203101e-22
1523.21846867  1.8525914892e-22
1584.7702753  1.86698243e-22
1648.80933177  1.88016289773e-22
1715.43614549  1.89227148711e-22
1784.75528525  1.90343070599e-22
1856.87554538  1.91374961222e-22
1931.9101165  1.92332590265e-22
2009.97676312  1.93224758315e-22
2091.19800853  1.9405943147e-22
2175.70132706  1.94843850635e-22
2263.61934415  1.9537353144e-22
2355.09004453  1.95977571067e-22
2450.25698873  1.96516944219e-22
2549.26953846  1.96996824881e-22
2652.28309095  1.97421915339e-22
2759.45932292  1.97796504635e-22
2870.96644429  1.9812451803e-22
2986.97946215  1.98409559067e-22
3107.68045551  1.98654945489e-22
3233.25886097  1.9886374003e-22
3363.91177012  1.99038776903e-22
3499.84423881  1.99182684656e-22
3641.26960901  1.99297905948e-22
3788.40984363  1.99386714705e-22
3941.49587491  1.99451231046e-22
4100.76796681  1.99493434292e-22
4266.47609215  1.99515174347e-22
4438.88032492  1.99518181666e-22
4618.25124841  1.99504076024e-22
4804.87037999  1.99474374257e-22
4999.03061281  1.99430497112e-22
5201.0366756  1.99373775346e-22
5411.20561086  1.99305455172e-22
5629.8672725  1.9922670317e-22
5857.36484349  1.99138610709e-22
6094.05537452  1.99042197995e-22
6340.31034432  1.98938417768e-22
6596.51624277  1.98828158722e-22
6863.0751774  1.98712248695e-22
7140.40550453  1.98591457646e-22
7428.94248588  1.98466500476e-22
7729.13897165  1.98338039703e-22
8041.46611132  1.98206688018e-22
8366.41409304  1.98073010743e-22
8704.49291301  1.97937528195e-22
9056.2331759  1.97800717984e-22
9422.18692758  1.97663017232e-22
9802.92852161  1.97524824736e-22
10199.0555206  1.97386503075e-22
10611.1896341  1.97248380654e-22
11039.9776943  1.971107537e-22
11486.0926714  1.96973888203e-22
11950.2347295  1.96838021797e-22
12433.1323259  1.96703365596e-22
12935.5433539  1.96570105959e-22
13458.2563327  1.96438406205e-22
14002.0916449  1.96308408268e-22
14567.9028237  1.96180234282e-22
15156.577893  1.9605398811e-22
15769.0407609  1.95929756801e-22
16406.2526695  1.95807611984e-22
17069.213704  1.95687611197e-22
17758.9643622  1.95569799141e-22
18476.5871871  1.95454208871e-22
19223.2084664  1.95340862921e-22
20000  1.95229774358e-22

