1 20 101
101
1  0
1.03041055791  1.66011539743e-41
1.06174591785  3.37071583029e-41
1.09403420358  5.13333657669e-41
1.12730439408  6.94955960336e-41
1.16158634964  8.82101498557e-41
1.1969108386  1.07493823701e-40
1.23330956497  1.27363924826e-40
1.27081519692  1.47838286812e-40
1.30946139606  1.68935285569e-40
1.34928284767  1.90673855828e-40
1.39031529185  2.13073508137e-40
1.43259555555  2.3615434637e-40
1.47616158565  2.5993708577e-40
1.52105248304  2.84443071545e-40
1.56730853766  3.09694298019e-40
1.61497126471  3.35713428378e-40
1.66408344188  3.62523815007e-40
1.71468914776  3.90149520452e-40
1.76683380139  4.18615339012e-40
1.82056420303  4.47946818996e-40
1.87592857615  4.78170285651e-40
1.93297661076  5.09312864788e-40
1.99175950792  6.13617898542e-37
2.05233002578  3.94552635704e-35
2.11474252688  8.65117588302e-35
2.17905302696  1.34999268364e-34
2.24531924523  1.84961310115e-34
2.31360065617  2.3644272543e-34
2.3839585429  2.89489719306e-34
2.45645605223  3.44149901862e-34
2.53115825126  4.00472331065e-34
2.60813218585  4.58507556762e-34
2.68744694072  5.18307666052e-34
2.76917370155  5.79926330028e-34
2.85338581877  6.43418851954e-34
2.94015887345  7.08842216895e-34
3.02957074514  7.75848486318e-32
3.12170168173  3.16960004554e-31
3.21663437151  5.63614692518e-31
3.31445401734  8.17770287155e-31
3.41524841318  1.07965489522e-30
3.51910802283  1.34950356033e-30
3.62612606115  1.62755847389e-30
3.73639857773  1.9140691925e-30
3.85002454306  2.20929286192e-30
3.96710593738  2.51349444783e-30
4.08774784223  5.15895490543e-29
4.21205853471  1.20993581057e-28
4.34014958471  1.92508228395e-28
4.472135955  2.66197676057e-28
4.60813610445  3.42128060935e-28
4.74827209431  4.20367531179e-28
4.89266969782  5.00986307364e-28
5.041458513  1.57827247352e-27
5.19477207907  5.34047853217e-27
5.35274799621  9.21709537604e-27
5.51552804914  1.32116023009e-26
5.68325833429  1.732758441e-26
5.85608939099  2.15687358314e-26
6.03417633655  3.83242624884e-26
6.21767900547  1.07529753862e-25
6.40676209294  1.79130754193e-25
6.6015953026  2.52909180891e-25
6.80235349885  3.28931250707e-25
7.00921686386  4.50066601989e-25
7.22237105921  1.00361982037e-24
7.44200739256  1.59608773141e-24
7.66832298935  2.20657292216e-24
7.9015209697  2.83562330817e-24
8.14181063074  4.49995250529e-24
8.38940763443  6.94200918058e-24
8.64453420113  9.45833016181e-24
8.90741930907  1.2051173868e-23
9.17829889981  1.63560264815e-23
9.45741609003  2.16655890558e-23
9.74502138973  2.71366183904e-23
10.041372927  3.29316760406e-23
10.34673668  3.97839637011e-23
10.661386715  4.68594046431e-23
10.9856054331  5.41278102998e-23
11.3196838233  6.11729942005e-23
11.6639217237  6.83868436422e-23
12.0186280908  7.57265270794e-23
12.3841212763  8.24011170443e-23
12.7607293136  8.92361763124e-23
13.1487902114  9.58739824377e-23
13.5486522576  1.02042374321e-22
13.9606743317  1.08375753398e-22
14.3852262269  1.14137369021e-22
14.8226889821  1.19965685309e-22
15.2734552238  1.25488595477e-22
15.7379295184  1.30856989374e-22
16.2165287354  1.36088313768e-22
16.7096824217  1.41104179911e-22
17.2178331866  1.46004646522e-22
17.7414370999  1.5068618911e-22
18.2809641002  1.55198510833e-22
18.8368984177  1.59552588407e-22
19.4097390079  1.63679325061e-22
20  1.67784e-22

