0.2 20 151
151
0.2  0
0.206235454919  1.60489593635e-39
0.212665314327  3.25982815399e-39
0.219295639229  4.96635664782e-39
0.22613267959  6.72609004911e-39
0.233182880236  8.54068714185e-39
0.240452886923  1.04118584264e-38
0.247949552606  1.2341367732e-38
0.255679943893  1.43310338789e-38
0.263651347711  1.63827323937e-38
0.271871278176  1.84983972765e-38
0.280347483669  2.06800228243e-38
0.289087954149  2.29296655108e-38
0.298100928677  2.52494459251e-38
0.307394903187  2.76415507704e-38
0.316978638492  3.01082349253e-38
0.326861168545  3.26518235694e-38
0.33705180895  3.52747143751e-38
0.34756016575  3.79793797678e-38
0.358396144475  4.0768369256e-38
0.369569959484  4.36443118353e-38
0.381092143593  4.66099184662e-38
0.392973557999  4.96679846293e-38
0.405225402524  5.2821392961e-38
0.417859226171  5.607311597e-38
0.430886938006  5.94262188403e-38
0.444320818391  6.28838623194e-38
0.458173530554  6.64493056988e-38
0.472458132527  7.01259098854e-38
0.487188089458  7.39171405703e-38
0.502377286302  3.76822231928e-33
0.518040040906  2.68199146035e-32
0.534191117512  5.08314592815e-32
0.550845740668  7.55916184813e-32
0.568019609583  1.01123731964e-31
0.585728912925  1.27451867159e-31
0.60399034408  1.54600841854e-31
0.622821116889  1.82596247589e-31
0.642238981873  2.11464473776e-31
0.662262242965  2.41232732577e-31
0.682909774767  2.71929084557e-31
0.704201040337  3.03582465132e-31
0.72615610954  3.36222711845e-31
0.748795677965  3.69880592493e-31
0.772141086431  4.04587834127e-31
0.796214341107  4.40377152965e-31
0.821038134255  4.77282285223e-31
0.846635865618  5.15338018924e-31
0.87303166448  5.54580226684e-31
0.900250412412  5.95045899531e-31
0.928317766723  6.36773181772e-31
0.957260184645  6.79801406949e-31
0.987104948279  7.24171134919e-31
1.0178801903  6.35932751535e-28
1.0496149205  1.76330131935e-27
1.08233905309  2.92581816658e-27
1.11608343495  4.12457912077e-27
1.15087987467  5.36071417439e-27
1.18676117255  6.63538855002e-27
1.2237611515  7.94980379868e-27
1.26191468896  9.30519893247e-27
1.30125774973  1.07028515925e-26
1.34182741991  1.21440792534e-26
1.38366194184  1.36302404647e-26
1.42680075014  1.51627361323e-26
1.47128450892  1.6743010838e-26
1.51715515006  1.83725542023e-26
1.56445591277  2.00529022874e-26
1.61323138435  2.17856390462e-26
1.66352754221  2.35723978147e-26
1.71539179718  2.5414862852e-26
1.76887303828  2.73147709277e-26
1.82402167871  2.92739129592e-26
1.88088970345  3.12941356997e-26
1.93953071822  3.33773434794e-26
2  4.56751557804e-26
2.06235454919  1.98543019806e-25
2.12665314327  3.6664298159e-25
2.19295639229  5.39983842042e-25
2.2613267959  7.18728998098e-25
2.33182880236  9.03046940967e-25
2.40452886923  1.09311141495e-24
2.47949552606  1.28910158123e-24
2.55679943893  1.49120218675e-24
2.63651347711  1.69960373834e-24
2.71871278176  1.91450268232e-24
2.80347483669  2.13610158969e-24
2.89087954149  2.36460934705e-24
2.98100928677  2.60349845978e-24
3.07394903187  3.97308295146e-24
3.16978638492  5.68793041919e-24
3.26861168545  7.45624215731e-24
3.3705180895  9.27968503606e-24
3.4756016575  1.11599778941e-23
3.58396144475  1.3098893159e-23
3.69569959484  1.50982585174e-23
3.81092143593  1.71599586387e-23
3.92973557999  1.92859369507e-23
4.05225402524  2.20221247748e-23
4.17859226171  2.55978253462e-23
4.30886938006  2.92850065162e-23
4.44320818391  3.3087143946e-23
4.58173530554  3.70078216585e-23
4.72458132527  4.10507354166e-23
4.87188089458  4.52196962071e-23
5.02377286302  4.94093850772e-23
5.18040040906  5.31740207344e-23
5.34191117512  5.70490354868e-23
5.50845740668  6.10448626382e-23
5.68019609583  6.51652687899e-23
5.85728912925  6.94141379757e-23
6.0399034408  7.35242832572e-23
6.22821116889  7.67742885232e-23
6.42238981873  8.01234838173e-23
6.62262242965  8.35770978929e-23
6.82909774767  8.71383862427e-23
7.04201040337  9.06178257818e-23
7.2615610954  9.34194158281e-23
7.48795677965  9.63045775246e-23
7.72141086431  9.92796906995e-23
7.96214341107  1.02340100821e-22
8.21038134255  1.04872592455e-22
8.46635865618  1.07357876193e-22
8.7303166448  1.09920644304e-22
9.00250412412  1.12513821636e-22
9.28317766723  1.1455041097e-22
9.57260184645  1.16606190915e-22
9.87104948279  1.18726064476e-22
10.178801903  1.20645972686e-22
10.496149205  1.22427877786e-22
10.8233905309  1.24265337831e-22
11.1608343495  1.25998928854e-22
11.5087987467  1.27604088619e-22
11.8676117255  1.2925929289e-22
12.237611515  1.30733005023e-22
12.6191468896  1.32118741503e-22
13.0125774973  1.33522726308e-22
13.4182741991  1.34697845935e-22
13.8366194184  1.35893894917e-22
14.2680075014  1.37003949996e-22
14.7128450892  1.38071115369e-22
15.1715515006  1.39114596952e-22
15.6445591277  1.40092303717e-22
16.1323138435  1.41052727417e-22
16.6352754221  1.4191077987e-22
17.1539179718  1.42743405867e-22
17.6887303828  1.43474494433e-22
18.2402167871  1.44169042802e-22
18.8088970345  1.44805964679e-22
19.3953071822  1.45399099588e-22
20  1.45979e-22

