0.7 20 101
101
0.7  0
0.723864635395  2.02086997547e-24
0.748542871965  4.11063612971e-24
0.774062447274  6.27164729443e-24
0.800452044527  8.51677443299e-24
0.827741324804  1.0965295766e-23
0.855960960401  1.35055955217e-23
0.885142669304  1.61325000308e-23
0.91531925084  1.85485655992e-23
0.946524622541  2.07457296513e-23
0.978793858269  2.3017800159e-23
1.01216322763  2.51960718161e-23
1.04667023676  2.71398425556e-23
1.08235367044  2.91498809808e-23
1.11925363575  3.10276228897e-23
1.15741160708  3.27790478703e-23
1.1968704728  3.45802845452e-23
1.23767458344  3.61643967383e-23
1.27986980154  3.7766623773e-23
1.32350355321  3.92787862739e-23
1.36862488141  4.07143553661e-23
1.4152845011  4.21244569529e-23
1.46353485624  4.3424681595e-23
1.51343017872  4.47167119357e-23
1.5650265493  4.59053229832e-23
1.61838196071  4.70759173181e-23
1.67355638274  4.81712463194e-23
1.73061182972  4.92235789775e-23
1.78961243019  5.02391301766e-23
1.85062449896  5.11804675999e-23
1.91371661171  5.21040797998e-23
1.97895968197  5.29657874658e-23
2.04642704093  5.37843273778e-23
2.11619451978  5.45752521481e-23
2.18834053498  5.53187852295e-23
2.26294617639  5.60171322581e-23
2.34009529841  5.66849565546e-23
2.41987461425  5.73567707149e-23
2.50237379335  5.80978678063e-23
2.58768556221  5.87149932442e-23
2.67590580858  5.93442873117e-23
2.76713368925  5.99950354841e-23
2.86147174151  6.06679691821e-23
2.95902599838  6.13638447621e-23
3.05990610777  6.19284570097e-23
3.16422545578  6.24026974333e-23
3.27210129407  6.28931058208e-23
3.38365487173  6.34002333759e-23
3.49901157146  6.39136430497e-23
3.6183010506  6.42820858854e-23
3.74165738677  6.46501103032e-23
3.86921922864  6.50306815333e-23
4.00112995172  6.54150208438e-23
4.13753781953  6.56933291251e-23
4.27859615023  6.59727764527e-23
4.42446348899  6.62617507925e-23
4.5753037861  6.65099156576e-23
4.73128658136  6.67139906907e-23
4.89258719452  6.69250231185e-23
5.05938692242  6.71055548304e-23
5.23187324274  6.72217376057e-23
5.4102400247  6.73418813232e-23
5.59468774697  6.74661210207e-23
5.78542372301  6.75945963398e-23
5.98266233409  6.77246082328e-23
6.18662527022  6.77711505826e-23
6.39754177936  6.78073390579e-23
6.61564892506  6.78447612829e-23
6.84119185291  6.7883459319e-23
7.0744240661  6.79026436516e-23
7.31560771034  6.78765124229e-23
7.56501386848  6.78494903195e-23
7.82292286523  6.78215469695e-23
8.08962458223  6.77779788564e-23
8.36541878386  6.77029484709e-23
8.65061545414  6.76253601242e-23
8.94553514522  6.75449644106e-23
9.25050933758  6.74375200988e-23
9.56588081266  6.73207057802e-23
9.89200403813  6.71999089887e-23
10.2292455663  6.70613360337e-23
10.577984446  6.69113852992e-23
10.9386126489  6.67562208456e-23
11.3115355097  6.65848744349e-23
11.6971721821  6.64053199032e-23
12.0959561097  6.62176864131e-23
12.508335513  6.60172849817e-23
12.9347738935  6.58099982669e-23
13.3757505548  6.55918311724e-23
13.8317611407  6.53654720844e-23
14.3033181928  6.51302355178e-23
14.7909517266  6.48863136335e-23
15.2952098267  6.46342497776e-23
15.8166592635  6.43737198154e-23
16.35588613  6.41055737952e-23
16.9134965  6.3828993738e-23
17.4901171103  6.35456356107e-23
18.0863960644  6.3253793773e-23
18.7030035611  6.29555145157e-23
19.3406326479  6.26497492666e-23
20  6.23359295233e-23

