2 20 101
101
2  0
2.04658598456  1.61107378689e-37
2.0942570961  3.25967430307e-37
2.14303861048  4.94667565834e-37
2.19295639229  6.67297232316e-37
2.2440369086  8.43947960287e-37
2.29630724299  1.0247134123e-36
2.34979510988  1.20968943259e-36
2.40452886923  1.3989740979e-36
2.46053754162  1.59266776945e-36
2.51785082359  1.7908731462e-36
2.57649910339  1.99369531926e-36
2.63651347711  2.20124182763e-36
2.69792576518  2.41362271522e-36
2.76076852921  2.63095058918e-36
2.82507508925  2.85334067964e-36
2.89087954149  3.08091090075e-36
2.95821677634  3.31378191327e-36
3.02712249687  1.01792216207e-33
3.09763323782  3.65523834763e-33
3.16978638492  6.35398551873e-33
3.24362019472  9.11559458687e-33
3.31917381488  1.19415297937e-32
3.39648730492  1.48332894875e-32
3.4756016575  1.77924069175e-32
3.55655882008  2.0820451047e-32
3.63940171722  2.3919027385e-32
3.72417427333  2.70897788378e-32
3.81092143593  3.03343865796e-32
3.89968919952  3.36545709445e-32
3.99052462994  7.35262478958e-32
4.08347588934  1.4999953621e-30
4.17859226171  3.16653821576e-30
4.275924179  4.87189983925e-30
4.3755232479  6.61698443786e-30
4.47744227714  8.40271727856e-30
4.58173530554  1.02300451805e-29
4.68845763064  1.20999370172e-29
4.79766583804  1.401338423e-29
4.90941783137  1.5971401354e-29
5.02377286302  5.19559947888e-29
5.14079156554  2.18913176557e-28
5.26053598379  3.90167033382e-28
5.38306960785  5.65409904973e-28
5.50845740668  7.44734707418e-28
5.63676586253  9.28236521103e-28
5.76806300625  1.11601264112e-27
5.90241845333  1.30816262885e-27
6.0399034408  2.96577378113e-27
6.18059086503  8.31797078459e-27
6.32455532034  1.37948364715e-26
6.47187313859  1.93992747486e-26
6.62262242965  2.51342571633e-26
6.77688312278  3.1002824479e-26
6.93473700905  3.7008088288e-26
7.09626778467  8.2771172795e-26
7.2615610954  1.57084086549e-25
7.43070458194  2.3312797043e-25
7.60378792641  3.10943143911e-25
7.78090289989  3.90570865627e-25
7.96214341107  4.73042736421e-25
8.14760555608  8.95601875523e-25
8.33738766941  1.41829161141e-24
8.53159037603  1.95315635528e-24
8.7303166448  2.5004796995e-24
8.93367184302  3.06055184215e-24
9.1417637923  4.55917650185e-24
9.35470282574  6.53581927945e-24
9.57260184645  8.55850398201e-24
9.79557638737  1.06283030637e-23
10.0237446725  1.29929015367e-23
10.2572276798  1.71007457313e-23
10.496149205  2.13500128407e-23
10.7406359274  2.56982580961e-23
10.9908174772  3.01952255596e-23
11.2468265038  3.5685352198e-23
11.5087987467  4.13893786323e-23
11.7768731071  4.72262689104e-23
12.0511917215  5.31574334617e-23
12.3319000372  5.90478623511e-23
12.6191468896  6.5074387488e-23
12.9130845807  7.12412884283e-23
13.2138689602  7.70086313115e-23
13.5216595078  8.2684415205e-23
13.8366194184  8.84924050889e-23
14.1589156877  9.40344787129e-23
14.4887192015  9.928356218e-23
14.826204826  1.04654912508e-22
15.1715515006  1.09785322781e-22
15.5249423326  1.14655755228e-22
15.8865646945  1.19639634619e-22
16.2566103233  1.24324921193e-22
16.6352754221  1.28931760785e-22
17.022760764  1.33593310754e-22
17.4192717991  1.37884976548e-22
17.8250187627  1.42255277093e-22
18.2402167871  1.46448963758e-22
18.6650860159  1.50532806785e-22
19.0998517204  1.54601057177e-22
19.5447444191  1.58386140773e-22
20  1.62259e-22

