0.02 20 201
201
0.02  0
0.0207028433336  2.44788619033e-36
0.0214303861048  4.98179640517e-36
0.0221834963052  7.60475371513e-36
0.0229630724299  1.03198874281e-35
0.0237700445487  1.31304368225e-35
0.0246053754162  1.60397550122e-35
0.0254700616203  1.90513129467e-35
0.0263651347711  2.2168703552e-35
0.0272916627318  2.53956460177e-35
0.0282507508925  2.87359902333e-35
0.0292435434891  3.21937213821e-35
0.0302712249687  3.57729646952e-35
0.0313350214022  3.94779903735e-35
0.0324362019472  4.33132186817e-35
0.0335760803625  4.72832252224e-35
0.034756016575  5.13927463946e-35
0.0359774183026  5.56466850448e-35
0.0372417427333  6.00501163161e-35
0.0385504982638  6.46082937032e-35
0.0399052462994  6.93266553197e-35
0.0413076031162  7.42108303866e-35
0.04275924179  7.92666459478e-35
0.0442618941921  8.45001338221e-35
0.0458173530554  8.99175377996e-35
0.0474274741132  9.55253210907e-35
0.0490941783137  1.01330174037e-34
0.050819454111  6.49510931137e-32
0.0526053598379  2.06276796712e-31
0.0544540261616  3.52568991743e-31
0.0563676586253  5.04002211475e-31
0.05834854028  6.60757122655e-31
0.060399034408  8.23020741052e-31
0.0625215873425  9.90986654573e-31
0.0647187313859  1.16485525422e-30
0.0669930878316  1.34483397318e-30
0.0693473700905  1.53113753428e-30
0.071784386929  1.72398820618e-30
0.0743070458194  1.92361606853e-30
0.0769183564091  2.1302592865e-30
0.0796214341107  2.34416439487e-30
0.0824195038195  2.56558659222e-30
0.0853159037603  2.79479004533e-30
0.0883140894707  3.0320482044e-30
0.091417637923  3.27764412923e-30
0.0946302517923  3.531870827e-30
0.0979557638737  3.79503160175e-30
0.101398141655  7.98629338864e-29
0.10496149205  2.73319835204e-28
0.108650066298  4.73575231193e-28
0.112468265038  6.80868035687e-28
0.116420643554  8.95445558467e-28
0.120511917215  1.11756380032e-27
0.124746967096  1.34748775845e-27
0.129130845807  1.58549174264e-27
0.133668783514  1.83185970251e-27
0.138366194184  2.08688556629e-27
0.143228682043  2.35087359149e-27
0.14826204826  2.62413872786e-27
0.153472297872  2.90700699321e-27
0.158865646945  3.19981586229e-27
0.164448529989  3.50291466945e-27
0.17022760764  3.81666502541e-27
0.176209774602  4.14144124868e-27
0.182402167871  4.47763081211e-27
0.188812175257  4.82563480522e-27
0.195447444191  5.18586841267e-27
0.202315890852  2.24354280848e-26
0.20942570961  7.46330386648e-26
0.216785382804  1.28664986376e-25
0.22440369086  1.845957338e-25
0.232289722768  2.42492008872e-25
0.240452886923  3.02422884493e-25
0.248902922354  3.64459860934e-25
0.257649910339  4.28676951142e-25
0.266704286433  4.95150769037e-25
0.276076852921  5.63960620921e-25
0.285778791702  6.35188600088e-25
0.295821677634  7.08919684772e-25
0.306217492336  7.85241839523e-25
0.316978638492  8.64246120158e-25
0.32811795464  9.46026782391e-25
0.339648730492  1.03068139429e-24
0.351584722792  1.11831095267e-24
0.363940171722  1.20902000359e-24
0.376729817898  1.3029167671e-24
0.389968919952  1.40011326633e-24
0.403673272736  1.50072546113e-24
0.417859226171  1.60487338645e-24
0.432543704745  1.71268129552e-24
0.447744227714  1.82427780811e-24
0.463478929994  1.93979606394e-24
0.479766583804  2.05937388156e-24
0.496626621059  2.1855937636e-24
0.514079156554  2.87839703024e-24
0.53214501196  3.73872847375e-24
0.550845740668  4.62929382824e-24
0.570203653501  5.55115557887e-24
0.590241845333  6.50541354879e-24
0.610984222643  7.49320621134e-24
0.632455532034  8.51571204829e-24
0.654681389758  9.57415095578e-24
0.677688312278  1.06697856998e-23
0.701503747905  1.18039234226e-23
0.72615610954  1.29779172023e-23
0.751674808577  1.41931676671e-23
0.778090289989  1.54511246662e-23
0.805434068651  1.67532889999e-23
0.833738766941  1.81012142097e-23
0.863038153656  1.94965084319e-23
0.893367184302  2.09408363161e-23
0.924762042799  2.24359210117e-23
0.957260184645  2.39835462228e-23
0.99090038161  2.5585558337e-23
1.02572276798  2.7137001845e-23
1.06176888846  2.87038329823e-23
1.09908174772  3.03257259606e-23
1.13770586169  3.20046157723e-23
1.17768731071  3.37425054096e-23
1.21907379448  3.55414682542e-23
1.26191468896  3.74036505509e-23
1.30626110529  3.93312739683e-23
1.35216595078  4.13266382491e-23
1.399683992  4.33921239541e-23
1.44887192015  4.55301953019e-23
1.49978841866  4.77434031095e-23
1.55249423326  5.00343878347e-23
1.60705224437  5.2405882727e-23
1.66352754221  5.48607170881e-23
1.72198750437  5.74018196474e-23
1.78250187627  6.00322220565e-23
1.84514285431  6.27550625054e-23
1.90998517204  6.55735894673e-23
1.97710618931  6.84911655734e-23
2.04658598456  7.04409726058e-23
2.11850745035  7.19148376279e-23
2.19295639229  7.34404974602e-23
2.27002163134  7.50197722847e-23
2.34979510988  7.66545462482e-23
2.43237200129  7.83467697109e-23
2.51785082359  8.00984615725e-23
2.6063335569  8.19117116816e-23
2.69792576518  8.37886833282e-23
2.79273672211  8.57316158252e-23
2.89087954149  8.77428271799e-23
2.99247131219  8.97803918788e-23
3.09763323782  9.07097750218e-23
3.20649078138  9.15245628496e-23
3.31917381488  9.2367984087e-23
3.43581677432  9.32410449741e-23
3.55655882008  9.41447871124e-23
3.68154400294  9.50802887076e-23
3.81092143593  9.60486658558e-23
3.94484547223  9.70510738751e-23
4.08347588934  9.76448849104e-23
4.22697807967  9.79560134443e-23
4.3755232479  9.8278075709e-23
4.52928861519  9.86114559395e-23
4.68845763064  9.89565518736e-23
4.85322019016  9.93137752265e-23
5.02377286302  9.96545199407e-23
5.20031912633  9.98443462707e-23
5.38306960785  1.00038059954e-22
5.57224233726  1.00238581155e-22
5.76806300625  1.00446149106e-22
5.97076523784  1.0066066832e-22
6.18059086503  1.00860130095e-22
6.39779021938  1.01062342694e-22
6.62262242965  1.01271661482e-22
6.85535573093  1.01488336185e-22
7.09626778467  1.01666127968e-22
7.34564600996  1.01777849412e-22
7.60378792641  1.01893496991e-22
7.87100150912  1.02013208676e-22
8.14760555608  1.02054763389e-22
8.43393006857  1.02023267692e-22
8.7303166448  1.01990665169e-22
9.0371188875  1.0194044245e-22
9.35470282574  1.01785776804e-22
9.68344735168  1.01623377008e-22
10.0237446725  1.01447024998e-22
10.3760007786  1.01194399436e-22
10.7406359274  1.00930038953e-22
11.1180851454  1.00686618067e-22
11.5087987467  1.00503373388e-22
11.9132428706  1.00313418422e-22
12.3319000372  1.00011595531e-22
12.7652697238  9.96702735655e-23
13.2138689602  9.93387286671e-23
13.6782329456  9.90202678459e-23
14.1589156877  9.87050133827e-23
14.6564906628  9.84088567575e-23
15.1715515006  9.81507575613e-23
15.7047126922  9.79840433883e-23
16.2566103233  9.77458501261e-23
16.8279028329  9.74211217507e-23
17.4192717991  9.70812963175e-23
18.0314227521  9.67274767229e-23
18.6650860159  9.63565657713e-23
19.3210175798  9.5973895576e-23
20  9.55794e-23

