1 20 101
101
1  0
1.03041055791  7.28852882515e-41
1.06174591785  1.47987058782e-40
1.09403420358  2.25372716055e-40
1.12730439408  3.0511171434e-40
1.16158634964  3.87275620049e-40
1.1969108386  4.71938175972e-40
1.23330956497  5.59175367454e-40
1.27081519692  6.490654906e-40
1.30946139606  7.41689222542e-40
1.34928284767  8.37129693848e-40
1.39031529185  9.35472563133e-40
1.43259555555  1.03680609394e-39
1.47616158565  1.14122123395e-39
1.52105248304  1.24881169663e-39
1.56730853766  1.3596740453e-39
1.61497126471  1.47390777985e-39
1.66408344188  1.591615426e-39
1.71468914776  1.71290262733e-39
1.76683380139  1.83787824013e-39
1.82056420303  1.96665443103e-39
1.87592857615  2.09934677775e-39
1.93297661076  2.23607437276e-39
1.99175950792  1.77725306746e-36
2.05233002578  1.14225111759e-34
2.11474252688  2.5045522483e-34
2.17905302696  3.90828171643e-34
2.24531924523  5.35469938085e-34
2.31360065617  6.84510341341e-34
2.3839585429  8.38083146412e-34
2.45645605223  9.96326186165e-34
2.53115825126  1.15938148504e-33
2.60813218585  1.32739538653e-33
2.68744694072  1.5005186845e-33
2.76917370155  1.67890675854e-33
2.85338581877  1.86271971345e-33
2.94015887345  2.05212252286e-33
3.02957074514  1.73269527722e-31
3.12170168173  7.06309392501e-31
3.21663437151  1.25555929696e-30
3.31445401734  1.82151219744e-30
3.41524841318  2.40467604138e-30
3.51910802283  3.00557422316e-30
3.62612606115  3.62474605391e-30
3.73639857773  4.26274724546e-30
3.85002454306  4.92015040921e-30
3.96710593738  5.59754556993e-30
4.08774784223  9.6385939928e-29
4.21205853471  2.24734509728e-28
4.34014958471  3.56986231142e-28
4.472135955  4.93259801189e-28
4.60813610445  6.3367752653e-28
4.74827209431  7.78365433239e-28
4.89266969782  9.27453379914e-28
5.041458513  2.70014817499e-27
5.19477207907  8.84577306425e-27
5.35274799621  1.51782898351e-26
5.51552804914  2.1703381974e-26
5.68325833429  2.84269058052e-26
5.85608939099  3.53548957472e-26
6.03417633655  6.11650766202e-26
6.21767900547  1.66062511375e-25
6.40676209294  2.74588526809e-25
6.6015953026  3.8641487892e-25
6.80235349885  5.01641932789e-25
7.00921686386  6.79600664079e-25
7.22237105921  1.45624311486e-24
7.44200739256  2.28705861776e-24
7.66832298935  3.14313968362e-24
7.9015209697  4.02525465232e-24
8.14181063074  6.10063630822e-24
8.38940763443  9.07378855642e-24
8.64453420113  1.21373560232e-23
8.90741930907  1.52940882859e-23
9.17829889981  1.99822263118e-23
9.45741609003  2.55809263835e-23
9.74502138973  3.1349886048e-23
10.041372927  3.73929292662e-23
10.34673668  4.41710075897e-23
10.661386715  5.11644538791e-23
10.9856054331  5.83453090033e-23
11.3196838233  6.52390061442e-23
11.6639217237  7.22904751259e-23
12.0186280908  7.94656629809e-23
12.3841212763  8.59975621103e-23
12.7607293136  9.2686874068e-23
13.1487902114  9.9173146635e-23
13.5486522576  1.05183153162e-22
13.9606743317  1.11352504111e-22
14.3852262269  1.16917157016e-22
14.8226889821  1.2253855342e-22
15.2734552238  1.27830750022e-22
15.7379295184  1.32949721223e-22
16.2165287354  1.37918191561e-22
16.7096824217  1.42655919025e-22
17.2178331866  1.47295275087e-22
17.7414370999  1.51742766726e-22
18.2809641002  1.56041735326e-22
18.8368984177  1.60202347758e-22
19.4097390079  1.64157188399e-22
20  1.68096e-22

