1 20 101
101
1  0
1.03041055791  5.18807159022e-37
1.06174591785  1.0533915332e-36
1.09403420358  1.60423291644e-36
1.12730439408  2.17182569347e-36
1.16158634964  2.75667928352e-36
1.1969108386  3.35931859754e-36
1.23330956497  3.98028450931e-36
1.27081519692  4.62013434091e-36
1.30946139606  5.27944236286e-36
1.34928284767  5.9588003096e-36
1.39031529185  6.65881791051e-36
1.43259555555  7.38012343722e-36
1.47616158565  8.12336426743e-36
1.52105248304  8.88920746594e-36
1.56730853766  9.67834038339e-36
1.61497126471  1.04914712731e-35
1.66408344188  1.13293299269e-35
1.71468914776  1.21926683297e-35
1.76683380139  1.30822613351e-35
1.82056420303  1.399890736e-35
1.87592857615  1.4943429102e-35
1.93297661076  1.59166742772e-35
1.99175950792  1.08100337925e-33
2.05233002578  6.84973322802e-32
2.11474252688  1.50171762959e-31
2.17905302696  2.34329958641e-31
2.24531924523  3.21047452007e-31
2.31360065617  4.10402072727e-31
2.3839585429  5.02474017315e-31
2.45645605223  5.97345921106e-31
2.53115825126  6.95102932422e-31
2.60813218585  7.95832788991e-31
2.68744694072  8.99625896697e-31
2.76917370155  1.00657541072e-30
2.85338581877  1.11677731912e-30
2.94015887345  1.23033052905e-30
3.02957074514  2.4717532626e-29
3.12170168173  9.76505342103e-29
3.21663437151  1.72801469063e-28
3.31445401734  2.50237785772e-28
3.41524841318  3.30028984075e-28
3.51910802283  4.12246677235e-28
3.62612606115  4.96964656313e-28
3.73639857773  5.84258956401e-28
3.85002454306  6.74207924857e-28
3.96710593738  7.66892291627e-28
4.08774784223  5.18828003296e-27
4.21205853471  1.1415085659e-26
4.34014958471  1.78312519181e-26
4.472135955  2.44425373727e-26
4.60813610445  3.12548757066e-26
4.74827209431  3.82743810499e-26
4.89266969782  4.5507353467e-26
5.041458513  8.68284375656e-26
5.19477207907  2.19752433866e-25
5.35274799621  3.56718723054e-25
5.51552804914  4.9785023351e-25
5.68325833429  6.43273631939e-25
5.85608939099  7.93119437047e-25
6.03417633655  1.12305232484e-24
6.21767900547  2.1991363478e-24
6.40676209294  3.31206786658e-24
6.6015953026  4.45884425376e-24
6.80235349885  5.64049475067e-24
7.00921686386  7.05386733404e-24
7.22237105921  1.04713892084e-23
7.44200739256  1.40938446653e-23
7.66832298935  1.78264610137e-23
7.9015209697  2.16725883077e-23
8.14181063074  2.65298838459e-23
8.38940763443  3.21747488942e-23
8.64453420113  3.7991277438e-23
8.90741930907  4.39846898599e-23
9.17829889981  5.00636024843e-23
9.45741609003  5.62756067581e-23
9.74502138973  6.26765215477e-23
10.041372927  6.91422569932e-23
10.34673668  7.50790664748e-23
10.661386715  8.11842525689e-23
10.9856054331  8.74311132003e-23
11.3196838233  9.29878159973e-23
11.6639217237  9.86231969703e-23
12.0186280908  1.04344421155e-22
12.3841212763  1.09427410099e-22
12.7607293136  1.14626107445e-22
13.1487902114  1.19656900725e-22
13.5486522576  1.24300498667e-22
13.9606743317  1.29065231198e-22
14.3852262269  1.33295644355e-22
14.8226889821  1.37558281442e-22
15.2734552238  1.41585211522e-22
15.7379295184  1.45490511391e-22
16.2165287354  1.4925560524e-22
16.7096824217  1.52812229625e-22
17.2178331866  1.56267893083e-22
17.7414370999  1.59541464748e-22
18.2809641002  1.62719317505e-22
18.8368984177  1.65808644507e-22
19.4097390079  1.68727228268e-22
20  1.71626e-22

