1 20000 251
251
1  0
1.04040904696  8.08868036048e-39
1.082450985  1.65042165855e-38
1.12619179768  2.5259816609e-38
1.17170013492  3.4369222085e-38
1.21904742069  4.38467299547e-38
1.26830796516  5.3707214885e-38
1.31955908129  6.39661526139e-38
1.37288120617  7.46396442392e-38
1.4283580273  8.57444414888e-38
1.4860766139  9.7297973012e-38
1.54612755358  1.09318371733e-37
1.6086050945  1.2182450331e-37
1.6736072933  1.34835995746e-37
1.74123616901  1.48373270191e-37
1.81159786313  1.62457572994e-37
1.88480280626  1.7711100905e-37
1.96096589137  1.92356576493e-37
2.04020665416  2.22833034485e-33
2.12264946065  6.79705929543e-33
2.20842370239  1.15504062287e-32
2.29766399949  1.64958313815e-32
2.39051041194  2.16410964514e-32
2.48710865943  2.69942767792e-32
2.58761035005  3.25637740223e-32
2.6921732182  3.8358329341e-32
2.8009613722  4.43870371177e-32
2.91414555182  5.065935923e-32
3.03190339627  2.37471850898e-30
3.15441972299  1.1281365329e-29
3.28188681771  2.05479212587e-29
3.41450473624  3.0188929882e-29
3.55248161847  4.02195224756e-29
3.69603401502  5.06554417563e-29
3.8453872271  6.15130665893e-29
4.00077566014  7.87238545144e-29
4.16244319166  1.32319335391e-27
4.33064355406  2.61795067976e-27
4.50564073281  3.96502791518e-27
4.68770938077  5.36653925787e-27
4.87713524927  6.82468433822e-27
5.07421563659  2.20487011028e-26
5.27925985453  6.14968637599e-26
5.49258971391  1.02539089074e-25
5.71454002959  1.45239791599e-25
5.945459146  1.89665988817e-25
6.18570948383  5.48378232932e-25
6.43566810884  1.01706939788e-24
6.69572732367  1.50469992612e-24
6.96629528353  2.01203513928e-24
7.24779663678  4.21667009111e-24
7.54067319143  6.74768273761e-24
7.84538460853  9.380971193e-24
8.1624091236  1.37854197294e-23
8.49224429718  2.00167535036e-23
8.83540779578  2.6499889537e-23
9.19243820431  3.40246966155e-23
9.56389587139  4.25473928493e-23
9.95036378878  5.14144831153e-23
10.3524485064  6.00570163858e-23
10.7707810842  6.89633824213e-23
11.2060180829  7.75984460393e-23
11.6588425938  8.58517826416e-23
12.1299653117  9.40830948345e-23
12.6201256496  1.01676041648e-22
13.1300928996  1.09276063186e-22
13.6606674402  1.16272551112e-22
14.2126819923  1.23161450836e-22
14.7870029263  1.29680824135e-22
15.384531622  1.35875622568e-22
16.0062058827  1.41973493379e-22
16.6530014079  1.4745290957e-22
17.3259333238  1.52814549793e-22
18.0260577771  1.57899701346e-22
18.7544735924  1.60614524169e-22
19.5123239965  1.64522380795e-22
20.3007984131  1.69595550785e-22
21.1211343295  1.75807127396e-22
21.9746192385  1.83130926379e-22
22.8625926593  1.91541393307e-22
23.7864482397  2.01013509266e-22
24.7476359436  2.05572841488e-22
25.7476643266  2.08332564743e-22
26.7881029035  2.10894383893e-22
27.8705846117  2.13265742733e-22
28.996808374  2.15453785017e-22
30.1685417653  2.17465366488e-22
31.3876237862  2.19307066535e-22
32.6559677498  2.20985199504e-22
33.9755642841  2.22505825679e-22
35.3484844568  2.23874761929e-22
36.7768830251  2.25097592071e-22
38.2630018183  2.26179676933e-22
39.8091732557  2.27126164154e-22
41.4178240072  2.27941997732e-22
43.0914788025  2.28631927329e-22
44.832764393  2.29200517368e-22
46.6444136747  2.29652155925e-22
48.5292699773  2.29991063433e-22
50.4902915267  2.30221301232e-22
52.5305560881  2.30346779967e-22
54.6532657959  2.30371267855e-22
56.8617521799  2.30298398852e-22
59.159481394  2.3013168072e-22
61.5500596558  2.29874503034e-22
64.0372389068  2.29530145122e-22
66.624922701  2.29101783986e-22
69.3171723311  2.28592502199e-22
72.118213203  2.28005295807e-22
75.032441467  2.2734308225e-22
78.0644309178  2.2660870832e-22
81.2189401726  2.25804958174e-22
84.5009201401  2.24934561401e-22
87.9155217902  2.24000201177e-22
91.4681042388  2.23004522495e-22
95.1642431583  2.21950140485e-22
99.009739529  2.20839648824e-22
103.010628743  2.19675628232e-22
107.173190077  2.18460655029e-22
111.503956548  2.17197309765e-22
116.009725165  2.15888185855e-22
120.697567597  2.14535898218e-22
125.574841273  2.13143091843e-22
130.649200932  2.11712450242e-22
135.928610627  2.10246703688e-22
141.421356237  2.08748637161e-22
147.136058463  2.07221097884e-22
153.081686359  2.05667002303e-22
159.267571411  2.0408934238e-22
165.703422184  2.02491191001e-22
172.399339552  2.0087570631e-22
179.36583256  1.99246134763e-22
186.613834911  1.97605812644e-22
194.154722129  1.95958165809e-22
202.000329413  1.94306707399e-22
210.162970211  1.92655033252e-22
218.655455543  1.91006814764e-22
227.491114114  1.8936578896e-22
236.683813228  1.87735745581e-22
246.247980551  1.86120511008e-22
256.198626761  1.84523928944e-22
266.551369101  1.8294983783e-22
277.322455892  1.81402045076e-22
288.528792035  1.798842983e-22
300.187965542  1.78510076025e-22
312.318275138  1.77060565859e-22
324.938758985  1.7565180146e-22
338.069224556  1.74286943209e-22
351.730279727  1.7296891892e-22
365.943365117  1.71700388482e-22
380.730787743  1.7048371033e-22
396.115756024  1.69320910776e-22
412.122416211  1.6821365719e-22
428.775890281  1.6716323599e-22
446.102315367  1.66170536265e-22
464.128884777  1.65236039756e-22
482.883890678  1.64359817702e-22
502.396768493  1.63541534901e-22
522.698143103  1.62780461136e-22
543.819876914  1.62075489924e-22
565.795119858  1.61425164427e-22
588.658361426  1.6082771028e-22
612.445484796  1.60281075106e-22
637.193823152  1.59782974703e-22
662.942218274  1.5933094634e-22
689.731081504  1.58922410726e-22
717.602457167  1.58554746983e-22
746.600088557  1.58225394299e-22
776.769486596  1.5794331153e-22
808.158001257  1.57728015202e-22
840.814895881  1.57578996299e-22
874.791424493  1.57495030812e-22
910.140912246  1.56927428463e-22
946.918839109  1.57017716054e-22
985.182926946  1.57164390568e-22
1024.99323011  1.57368004792e-22
1066.41222967  1.57628910918e-22
1109.50493154  1.57947258144e-22
1154.33896842  1.58322992526e-22
1200.98470601  1.58755859102e-22
1249.51535339  1.59245406222e-22
1300.00707798  1.59790991993e-22
1352.53912504  1.6039179267e-22
1407.19394206  1.61046812827e-22
1464.05730815  1.6421826193e-22
1523.21846867  1.6565068696e-22
1584.7702753  1.66959072413e-22
1648.80933177  1.68157734071e-22
1715.43614549  1.6925923747e-22
1784.75528525  1.70274698655e-22
1856.87554538  1.71214020319e-22
1931.9101165  1.72086079094e-22
2009.97676312  1.72898875435e-22
2091.19800853  1.73659654537e-22
2175.70132706  1.74375004598e-22
2263.61934415  1.7485578579e-22
2355.09004453  1.75406161656e-22
2450.25698873  1.75897529797e-22
2549.26953846  1.76334606145e-22
2652.28309095  1.7672167735e-22
2759.45932292  1.77062653874e-22
2870.96644429  1.77361114951e-22
2986.97946215  1.77620346826e-22
3107.68045551  1.7784337543e-22
3233.25886097  1.78032994393e-22
3363.91177012  1.78191789152e-22
3499.84423881  1.78322157753e-22
3641.26960901  1.78426328859e-22
3788.40984363  1.78506377377e-22
3941.49587491  1.78564238041e-22
4100.76796681  1.78601717272e-22
4266.47609215  1.78620503534e-22
4438.88032492  1.78622176417e-22
4618.25124841  1.78608214627e-22
4804.87037999  1.7858000303e-22
4999.03061281  1.78538838894e-22
5201.0366756  1.78485937442e-22
5411.20561086  1.78422436814e-22
5629.8672725  1.78349402529e-22
5857.36484349  1.78267831527e-22
6094.05537452  1.78178655837e-22
6340.31034432  1.78082745955e-22
6596.51624277  1.77980913953e-22
6863.0751774  1.77873916381e-22
7140.40550453  1.77762456981e-22
7428.94248588  1.77647189254e-22
7729.13897165  1.77528718896e-22
8041.46611132  1.77407606123e-22
8366.41409304  1.77284367913e-22
8704.49291301  1.77159480159e-22
9056.2331759  1.77033379759e-22
9422.18692758  1.7690646664e-22
9802.92852161  1.76779105731e-22
10199.0555206  1.76651628879e-22
10611.1896341  1.76524336716e-22
11039.9776943  1.76397500475e-22
11486.0926714  1.76271363763e-22
11950.2347295  1.76146144275e-22
12433.1323259  1.76022035465e-22
12935.5433539  1.75899208163e-22
13458.2563327  1.75777812133e-22
14002.0916449  1.75657977587e-22
14567.9028237  1.75539816629e-22
15156.577893  1.75423424649e-22
15769.0407609  1.75308881657e-22
16406.2526695  1.75196253554e-22
17069.213704  1.75085593341e-22
17758.9643622  1.74976942269e-22
18476.5871871  1.74870330927e-22
19223.2084664  1.74765780264e-22
20000  1.74663302557e-22

