0.5 20 151
151
0.5  0
0.512448710082  2.87049826304e-40
0.52520736093  5.81246452742e-40
0.538283669269  8.82767816199e-40
0.55168554395  1.19179628373e-39
0.565421090737  1.50851876286e-39
0.579498617203  1.83312681463e-39
0.59392663776  2.16581676946e-39
0.608713878807  2.50678984587e-39
0.623869284008  2.85625227223e-39
0.6394020197  3.21441541145e-39
0.655321480438  3.58149588884e-39
0.67163729468  3.9577157231e-39
0.688359330604  4.34330246066e-39
0.705497702082  4.73848931323e-39
0.723062774796  5.14351529891e-39
0.741065172505  5.55862538673e-39
0.759515783475  5.98407064483e-39
0.778425767058  6.42010839227e-39
0.797806560447  6.86700235472e-39
0.817669885593  7.32502282392e-39
0.83802775629  7.79444682119e-39
0.858892485448  8.27555826495e-39
0.880276692535  8.76864814248e-39
0.90219331121  9.27401468586e-39
0.924655597149  9.79196355241e-39
0.947677136058  1.03228080095e-38
0.971271851895  1.08668691241e-38
0.995454015286  1.79424570569e-34
1.02023825216  3.10153351125e-32
1.04563955259  6.99430817448e-32
1.07167327987  1.09840028841e-31
1.0983551798  1.50730306992e-31
1.1257013902  1.9263864758e-31
1.15372845069  2.35590397731e-31
1.18245331269  2.79611535652e-31
1.21189334964  3.24728686341e-31
1.24206636756  3.70969137686e-31
1.27299061578  4.18360856978e-31
1.30468479801  4.66932507817e-31
1.33716808361  5.16713467455e-31
1.37046011922  5.67733844561e-31
1.40458104063  6.20024497433e-31
1.43955148495  6.73617052661e-31
1.47539260312  7.28543924253e-31
1.51212607267  7.84838333246e-31
1.54977411084  8.42534327793e-31
1.58835948804  9.01666803758e-31
1.62790554158  9.62271525822e-31
1.66843618984  1.02438514911e-30
1.70997594668  1.08804524139e-30
1.75254993629  1.15329030572e-30
1.79618390842  1.22015980384e-30
1.84090425388  1.28869417994e-30
1.88673802057  1.35893488521e-30
1.93371292981  1.43092440282e-30
1.9818573931  1.50470627371e-30
2.03120052932  1.22280352189e-28
2.08177218234  3.1799555673e-28
2.13360293905  5.18583564951e-28
2.18672414789  7.24165697092e-28
2.24116793778  9.34866293956e-28
2.29696723759  1.15081279211e-27
2.35415579601  1.37213580096e-27
2.41276820199  1.59896918175e-27
2.47283990568  1.83145012854e-27
2.53440723981  2.06971925113e-27
2.59750744173  2.31392066018e-27
2.66217867588  2.56420205432e-27
2.72846005693  2.82071480949e-27
2.79639167337  3.0836140705e-27
2.86601461181  3.35305884487e-27
2.9373709818  3.62921209901e-27
3.01050394131  7.33835105157e-27
3.08545772284  2.97946270579e-26
3.16227766017  5.30974488023e-26
3.24101021575  7.69804506907e-26
3.32170300885  1.01458077712e-25
3.40440484432  1.26545134498e-25
3.48916574214  1.52256794277e-25
3.57603696765  1.78608608053e-25
3.66507106256  2.05616514009e-25
3.75632187674  2.33296847147e-25
3.84984460077  2.61666349169e-25
3.94569579937  2.90742178603e-25
4.04393344553  4.93629661717e-25
4.14461695564  9.20841373722e-25
4.2478072254  1.35868955522e-24
4.35356666667  1.80743902686e-24
4.46195924519  2.26736120265e-24
4.57305051927  2.73873425409e-24
4.68690767949  3.22184327844e-24
4.80359958925  3.71698047116e-24
4.92319682653  4.22444530261e-24
5.04577172647  5.32044707913e-24
5.1713984252  7.43413764178e-24
5.30015290463  9.60045364647e-24
5.43211303844  1.18207053309e-23
5.56735863914  1.40962355545e-23
5.70597150638  1.64284206101e-23
5.84803547643  1.88186710569e-23
5.99363647282  2.13235350089e-23
6.1428625584  2.49890084071e-23
6.29580398853  2.88574477642e-23
6.4525532657  3.28222012814e-23
6.6132051955  3.68856669328e-23
6.77785694388  4.10503023958e-23
6.94660809603  4.53186265378e-23
7.11956071652  4.95176699392e-23
7.29681941106  5.37409115144e-23
7.47849138981  5.80693009096e-23
7.66468653214  6.25054560341e-23
7.85551745316  6.70520599767e-23
8.0510995718  7.1487152261e-23
8.25155118063  7.53814860269e-23
8.45699351738  7.93727786569e-23
8.66755083831  8.34634441765e-23
8.88335049333  8.76559567143e-23
9.10452300303  9.15653852261e-23
9.33120213764  9.51289625654e-23
9.5635249979  9.8781263787e-23
9.80163209803  1.02524497887e-22
10.0456674507  1.06212382517e-22
10.295778654  1.09355613665e-22
10.5521169811  1.12573172347e-22
10.8148374712  1.15870839939e-22
11.0840990237  1.19058528776e-22
11.3600644943  1.21892142227e-22
11.6429007931  1.24796305343e-22
11.9327789861  1.27772424233e-22
12.2298743982  1.30424748114e-22
12.5343667197  1.33023285586e-22
12.8464401144  1.35686519936e-22
13.1662833315  1.38149343488e-22
13.4940898196  1.4042104245e-22
13.8300578436  1.42749300856e-22
14.1743906047  1.44947010647e-22
14.5272963631  1.47011156428e-22
14.8889885645  1.49126694114e-22
15.2596859686  1.51087154456e-22
15.6396127818  1.53005404935e-22
16.0289987924  1.54938494107e-22
16.4280795102  1.56649046793e-22
16.8370963082  1.58391867369e-22
17.2562965694  1.60017381733e-22
17.6859338356  1.61578683558e-22
18.1262679613  1.63124688816e-22
18.5775652707  1.64571096693e-22
19.0400987189  1.66033411002e-22
19.5141480567  1.67379010704e-22
20  1.68753e-22

