1 20 101
101
1  0
1.03041055791  5.99084949796e-39
1.06174591785  1.21638840715e-38
1.09403420358  1.85246440705e-38
1.12730439408  2.50788383297e-38
1.16158634964  3.1832349293e-38
1.1969108386  3.87912382926e-38
1.23330956497  4.59617509891e-38
1.27081519692  5.33503229772e-38
1.30946139606  6.09635855617e-38
1.34928284767  6.88083717088e-38
1.39031529185  7.68917221794e-38
1.43259555555  8.52208918476e-38
1.47616158565  9.38033562124e-38
1.52105248304  1.02646818107e-37
1.56730853766  1.11759214611e-37
1.61497126471  1.21148724177e-37
1.66408344188  1.30823773968e-37
1.71468914776  1.4079304742e-37
1.76683380139  1.5106549204e-37
1.82056420303  1.61650327432e-37
1.87592857615  1.72557053574e-37
1.93297661076  1.83795459342e-37
1.99175950792  4.46198283745e-35
2.05233002578  2.85915392044e-33
2.11474252688  6.26894876294e-33
2.17905302696  9.78243736897e-33
2.24531924523  1.34027731237e-32
2.31360065617  1.71332053086e-32
2.3839585429  2.09770820175e-32
2.45645605223  2.49378531616e-32
2.53115825126  2.9019073566e-32
2.60813218585  3.32244061598e-32
2.68744694072  3.7557625264e-32
2.76917370155  4.20226199788e-32
2.85338581877  4.66233976738e-32
2.94015887345  5.13640875855e-32
3.02957074514  2.18644686673e-30
3.12170168173  8.8283481916e-30
3.21663437151  1.56722334414e-29
3.31445401734  2.27242450598e-29
3.41524841318  2.99907122861e-29
3.51910802283  3.74781568346e-29
3.62612606115  4.51932987493e-29
3.73639857773  5.31430624339e-29
3.85002454306  6.13345828675e-29
3.96710593738  6.97752120075e-29
4.08774784223  7.44048895273e-28
4.21205853471  1.69592003237e-27
4.34014958471  2.6767381018e-27
4.472135955  3.68738339594e-27
4.60813610445  4.72876297732e-27
4.74827209431  5.80181149277e-27
4.89266969782  6.90749201224e-27
5.041458513  1.56355067506e-26
5.19477207907  4.48725048332e-26
5.35274799621  7.49986163391e-26
5.51552804914  1.06040879704e-25
5.68325833429  1.38027155616e-25
5.85608939099  1.70986152024e-25
6.03417633655  2.62852543935e-25
6.21767900547  6.00348162128e-25
6.40676209294  9.4946739317e-25
6.6015953026  1.30920353481e-24
6.80235349885  1.67987945321e-24
7.00921686386  2.18496313275e-24
7.22237105921  3.93883103602e-24
7.44200739256  5.80955934536e-24
7.66832298935  7.73717754628e-24
7.9015209697  9.72341569213e-24
8.14181063074  1.32311327947e-23
8.38940763443  1.7891007443e-23
8.64453420113  2.2692591479e-23
8.90741930907  2.76401943645e-23
9.17829889981  3.34813529388e-23
9.45741609003  3.98977268193e-23
9.74502138973  4.65092262092e-23
10.041372927  5.32449982614e-23
10.34673668  5.9756503346e-23
10.661386715  6.64588322765e-23
10.9856054331  7.33197578819e-23
11.3196838233  7.9484442927e-23
11.6639217237  8.57437550945e-23
12.0186280908  9.21018460847e-23
12.3841212763  9.77837271367e-23
12.7607293136  1.03596785174e-22
13.1487902114  1.09245549748e-22
13.5486522576  1.14500936621e-22
13.9606743317  1.19896664568e-22
14.3852262269  1.24797613151e-22
14.8226889821  1.29754066168e-22
15.2734552238  1.34452705582e-22
15.7379295184  1.39021274743e-22
16.2165287354  1.43435380205e-22
16.7096824217  1.47617816618e-22
17.2178331866  1.51700896742e-22
17.7414370999  1.5559703346e-22
18.2809641002  1.59349514364e-22
18.8368984177  1.62967534902e-22
19.4097390079  1.66353859131e-22
20  1.69703e-22

