0.2 20 151
151
0.2  0
0.206235454919  1.26387890685e-42
0.212665314327  2.56716211343e-42
0.219295639229  3.91107813841e-42
0.22613267959  5.29689380233e-42
0.233182880236  6.72591542175e-42
0.240452886923  8.19949004059e-42
0.247949552606  9.71900669996e-42
0.255679943893  1.12858977475e-41
0.263651347711  1.29016401874e-41
0.271871278176  1.45677570731e-41
0.280347483669  1.62858189424e-41
0.289087954149  1.80574452984e-41
0.298100928677  1.98843061358e-41
0.307394903187  2.17681235151e-41
0.316978638492  2.37106731861e-41
0.326861168545  2.57137862617e-41
0.33705180895  2.77793509437e-41
0.34756016575  2.99093143029e-41
0.358396144475  3.21056841147e-41
0.369569959484  3.43705307511e-41
0.381092143593  3.67059891331e-41
0.392973557999  3.91142607424e-41
0.405225402524  4.15976156969e-41
0.417859226171  4.41583948908e-41
0.430886938006  4.67990122007e-41
0.444320818391  4.95219567616e-41
0.458173530554  5.23297953128e-41
0.472458132527  5.52251746175e-41
0.487188089458  5.82108239579e-41
0.502377286302  5.02650826885e-35
0.518040040906  3.57762212249e-34
0.534191117512  6.78063255052e-34
0.550845740668  1.00835041142e-33
0.568019609583  1.34893502115e-33
0.585728912925  1.70013813079e-33
0.60399034408  2.06229079621e-33
0.622821116889  2.43573439473e-33
0.642238981873  2.82082094686e-33
0.662262242965  3.21791344817e-33
0.682909774767  3.62738621144e-33
0.704201040337  4.04962521948e-33
0.72615610954  4.48502848902e-33
0.748795677965  4.93400644585e-33
0.772141086431  5.39698231173e-33
0.796214341107  5.87439250331e-33
0.821038134255  6.36668704352e-33
0.846635865618  6.8743299858e-33
0.87303166448  7.39779985148e-33
0.900250412412  7.93759008091e-33
0.928317766723  8.49420949854e-33
0.957260184645  9.0681827926e-33
0.987104948279  9.66005100966e-33
1.0178801903  6.12842566449e-29
1.0496149205  1.70037275615e-28
1.08233905309  2.82180917321e-28
1.11608343495  3.97820892138e-28
1.15087987467  5.17066206203e-28
1.18676117255  6.4002926417e-28
1.2237611515  7.66825975159e-28
1.26191468896  8.97575862024e-28
1.30125774973  1.03240217402e-27
1.34182741991  1.17143200296e-27
1.38366194184  1.31479640305e-27
1.42680075014  1.46263051442e-27
1.47128450892  1.61507369047e-27
1.51715515006  1.77226962928e-27
1.56445591277  1.93436650903e-27
1.61323138435  2.10151712772e-27
1.66352754221  2.27387904715e-27
1.71539179718  2.45161474146e-27
1.76887303828  2.63489175033e-27
1.82402167871  2.82388283682e-27
1.88088970345  3.01876615032e-27
1.93953071822  3.21972539439e-27
2  5.80955603405e-27
2.06235454919  4.13885897259e-26
2.12665314327  8.05337699175e-26
2.19295639229  1.20899390141e-25
2.2613267959  1.6252350039e-25
2.33182880236  2.05445336954e-25
2.40452886923  2.49705359403e-25
2.47949552606  2.95345288725e-25
2.55679943893  3.42408146656e-25
2.63651347711  3.90938296232e-25
2.71871278176  4.40981483608e-25
2.80347483669  4.92584881177e-25
2.89087954149  5.45797132043e-25
2.98100928677  6.02318378361e-25
3.07394903187  1.22961567728e-24
3.16978638492  2.02974257044e-24
3.26861168545  2.85481523945e-24
3.3705180895  3.70561142563e-24
3.4756016575  4.58293311813e-24
3.58396144475  5.48760730993e-24
3.69569959484  6.42048677744e-24
3.81092143593  7.38245088426e-24
3.92973557999  8.37440641019e-24
4.05225402524  1.02147279076e-23
4.17859226171  1.3245881622e-23
4.30886938006  1.63715384482e-23
4.44320818391  1.95946447354e-23
4.58173530554  2.29182386925e-23
4.72458132527  2.63454532509e-23
4.87188089458  2.98795190188e-23
5.02377286302  3.35896828282e-23
5.18040040906  3.77507880782e-23
5.34191117512  4.20458438799e-23
5.50845740668  4.64748078157e-23
5.68019609583  5.10418547764e-23
5.85728912925  5.57512898142e-23
6.0399034408  6.03869688168e-23
6.22821116889  6.43633216052e-23
6.42238981873  6.84619086209e-23
6.62262242965  7.26882784094e-23
6.82909774767  7.70464148893e-23
7.04201040337  8.13226710685e-23
7.2615610954  8.48445103389e-23
7.48795677965  8.84718899105e-23
7.72141086431  9.22123612912e-23
7.96214341107  9.60591836536e-23
8.21038134255  9.91679670025e-23
8.46635865618  1.02200018282e-22
8.7303166448  1.05326600658e-22
9.00250412412  1.08503620302e-22
9.28317766723  1.11173808387e-22
9.57260184645  1.13885134098e-22
9.87104948279  1.16680991555e-22
10.178801903  1.19204803204e-22
10.496149205  1.21540162e-22
10.8233905309  1.23948330917e-22
11.1608343495  1.26169419989e-22
11.5087987467  1.2816290802e-22
11.8676117255  1.30218547575e-22
12.237611515  1.32102565747e-22
12.6191468896  1.33909898816e-22
13.0125774973  1.35748592159e-22
13.4182741991  1.37371620651e-22
13.8366194184  1.39029522755e-22
14.2680075014  1.40542932237e-22
14.7128450892  1.41980202483e-22
15.1715515006  1.43364498543e-22
15.6445591277  1.44623171839e-22
16.1323138435  1.45871734074e-22
16.6352754221  1.47022510166e-22
17.1539179718  1.4816283501e-22
17.6887303828  1.49225507271e-22
18.2402167871  1.50246843552e-22
18.8088970345  1.51200520327e-22
19.3953071822  1.52072058212e-22
20  1.52915e-22

