0.5 20 151
151
0.5  0
0.512448710082  2.72987763395e-41
0.52520736093  5.52772217836e-41
0.538283669269  8.39522583394e-41
0.55168554395  1.13341229329e-40
0.565421090737  1.43461909877e-40
0.579498617203  1.74332517664e-40
0.59392663776  2.05971723944e-40
0.608713878807  2.38398664837e-40
0.623869284008  2.71632952901e-40
0.6394020197  3.05694689e-40
0.655321480438  3.40604474454e-40
0.67163729468  3.76383423503e-40
0.688359330604  4.13053176081e-40
0.705497702082  4.50635910896e-40
0.723062774796  4.8915435885e-40
0.741065172505  5.28631816787e-40
0.759515783475  5.69092161582e-40
0.778425767058  6.10559864581e-40
0.797806560447  6.53060006404e-40
0.817669885593  6.96618292116e-40
0.83802775629  7.41261066769e-40
0.858892485448  7.87015331339e-40
0.880276692535  8.33908759059e-40
0.90219331121  8.81969712152e-40
0.924655597149  9.31227258987e-40
0.947677136058  9.81711191663e-40
0.971271851895  1.03345204402e-39
0.995454015286  4.60490291252e-35
1.02023825216  7.96035327255e-33
1.04563955259  1.79514975462e-32
1.07167327987  2.81913955368e-32
1.0983551798  3.86862405701e-32
1.1257013902  4.94423801698e-32
1.15372845069  6.04663198964e-32
1.18245331269  7.17647272823e-32
1.21189334964  8.33444358641e-32
1.24206636756  9.52124493158e-32
1.27299061578  1.07375945685e-31
1.30468479801  1.19842281734e-31
1.33716808361  1.32618997389e-31
1.37046011922  1.45713820303e-31
1.40458104063  1.59134670524e-31
1.43955148495  1.72889665292e-31
1.47539260312  1.86987123945e-31
1.51212607267  2.01435572949e-31
1.54977411084  2.16243751058e-31
1.58835948804  2.314206146e-31
1.62790554158  2.4697534289e-31
1.66843618984  2.62917343786e-31
1.70997594668  2.79256259376e-31
1.75254993629  2.96001971813e-31
1.79618390842  3.13164609289e-31
1.84090425388  3.3075455216e-31
1.88673802057  3.4878243923e-31
1.93371292981  3.6725917418e-31
1.9818573931  3.86195932162e-31
2.03120052932  4.84629475483e-29
2.08177218234  1.26377007697e-28
2.13360293905  2.06230926939e-28
2.18672414789  2.8807300276e-28
2.24116793778  3.71952735129e-28
2.29696723759  4.57920856439e-28
2.35415579601  5.46029362185e-28
2.41276820199  6.36331542419e-28
2.47283990568  7.28882013977e-28
2.53440723981  8.23736753511e-28
2.59750744173  9.20953131349e-28
2.66217867588  1.02058994619e-27
2.72846005693  1.12270746068e-27
2.79639167337  1.22736743783e-27
2.86601461181  1.33463317841e-27
2.9373709818  1.4445695592e-27
3.01050394131  3.30794408407e-27
3.08545772284  1.47500841769e-26
3.16227766017  2.66239836402e-26
3.24101021575  3.87935125676e-26
3.32170300885  5.12660313698e-26
3.40440484432  6.40490837132e-26
3.48916574214  7.71504010817e-26
3.57603696765  9.05779074535e-26
3.66507106256  1.04339724093e-25
3.75632187674  1.18444174464e-25
3.84984460077  1.32899789262e-25
3.94569579937  1.47715311575e-25
4.04393344553  2.69052267025e-25
4.14461695564  5.27887521832e-25
4.2478072254  7.93167106731e-25
4.35356666667  1.06505146892e-24
4.46195924519  1.3437050503e-24
4.57305051927  1.62929638699e-24
4.68690767949  1.92199821118e-24
4.80359958925  2.22198755566e-24
4.92319682653  2.52944586091e-24
5.04577172647  3.30609503887e-24
5.1713984252  4.89580166619e-24
5.30015290463  6.52508788736e-24
5.43211303844  8.19493913213e-24
5.56735863914  9.90636536497e-24
5.70597150638  1.16604016958e-23
5.84803547643  1.34581090061e-23
5.99363647282  1.53716334076e-23
6.1428625584  1.8749070528e-23
6.29580398853  2.23546494492e-23
6.4525532657  2.60499979837e-23
6.6132051955  2.98373511633e-23
6.77785694388  3.37189996663e-23
6.94660809603  3.76972912031e-23
7.11956071652  4.1899203442e-23
7.29681941106  4.62627470465e-23
7.47849138981  5.07349316295e-23
7.66468653214  5.53184620711e-23
7.85551745316  6.0016110596e-23
8.0510995718  6.46352002464e-23
8.25155118063  6.88027074604e-23
8.45699351738  7.30739748525e-23
8.66755083831  7.74515857835e-23
8.88335049333  8.19381879331e-23
9.10452300303  8.61296924191e-23
9.33120213764  8.99602524431e-23
9.5635249979  9.38861835295e-23
9.80163209803  9.79098601717e-23
10.0456674507  1.01874537757e-22
10.295778654  1.05255899165e-22
10.5521169811  1.08717235596e-22
10.8148374712  1.12264750374e-22
11.0840990237  1.15696396688e-22
11.3600644943  1.18752714274e-22
11.6429007931  1.21885126283e-22
11.9327789861  1.25095135854e-22
12.2298743982  1.27940592251e-22
12.5343667197  1.30723043084e-22
12.8464401144  1.33574769765e-22
13.1662833315  1.36233605436e-22
13.4940898196  1.38708872228e-22
13.8300578436  1.41245766777e-22
14.1743906047  1.43652424275e-22
14.5272963631  1.45925843171e-22
14.8889885645  1.48255864333e-22
15.2596859686  1.50403168117e-22
15.6396127818  1.52498464492e-22
16.0289987924  1.54612464434e-22
16.4280795102  1.56503966811e-22
16.8370963082  1.58432071997e-22
17.2562965694  1.60253122604e-22
17.6859338356  1.6201850213e-22
18.1262679613  1.63765206144e-22
18.5775652707  1.65395743323e-22
19.0400987189  1.67042078244e-22
19.5141480567  1.68540538082e-22
20  1.7007e-22

