1 20 101
101
1  0
1.03041055791  3.01500610722e-38
1.06174591785  6.12170023226e-38
1.09403420358  9.32287065891e-38
1.12730439408  1.26213904642e-37
1.16158634964  1.60202200971e-37
1.1969108386  1.95224100353e-37
1.23330956497  2.31311035234e-37
1.27081519692  2.68495393939e-37
1.30946139606  3.06810549738e-37
1.34928284767  3.462908908e-37
1.39031529185  3.86971851061e-37
1.43259555555  4.2888994202e-37
1.47616158565  4.72082785512e-37
1.52105248304  5.16589147472e-37
1.56730853766  5.62448972729e-37
1.61497126471  6.09703420859e-37
1.66408344188  6.5839490312e-37
1.71468914776  7.08567120522e-37
1.76683380139  7.60265103047e-37
1.82056420303  8.13535250063e-37
1.87592857615  8.6842537197e-37
1.93297661076  9.24984733108e-37
1.99175950792  1.49832378004e-34
2.05233002578  9.58026475126e-33
2.11474252688  2.10051856751e-32
2.17905302696  3.27775448183e-32
2.24531924523  4.4907907971e-32
2.31360065617  5.74071622349e-32
2.3839585429  7.02865257944e-32
2.45645605223  8.35575579853e-32
2.53115825126  9.72321696691e-32
2.60813218585  1.11322633923e-31
2.68744694072  1.25841597057e-31
2.76917370155  1.4080208996e-31
2.85338581877  1.56217539798e-31
2.94015887345  1.72101782067e-31
3.02957074514  5.75217191787e-30
3.12170168173  2.31033703087e-29
3.21663437151  4.09822283229e-29
3.31445401734  5.94047923842e-29
3.41524841318  7.83875968968e-29
3.51910802283  9.79476790853e-29
3.62612606115  1.18102594286e-28
3.73639857773  1.38870431703e-28
3.85002454306  1.60269830642e-28
3.96710593738  1.82319997241e-28
4.08774784223  1.65012071706e-27
4.21205853471  3.72074962601e-27
4.34014958471  5.85434751532e-27
4.472135955  8.05282930679e-27
4.60813610445  1.03181681561e-26
4.74827209431  1.26523972237e-26
4.89266969782  1.50576114995e-26
5.041458513  3.16723572555e-26
5.19477207907  8.65024398168e-26
5.35274799621  1.42999935779e-25
5.51552804914  2.01215552114e-25
5.68325833429  2.61201537821e-25
5.85608939099  3.23011730821e-25
6.03417633655  4.79806528049e-25
6.21767900547  1.03182192483e-24
6.40676209294  1.60281143979e-24
6.6015953026  2.19116506447e-24
6.80235349885  2.79741085111e-24
7.00921686386  3.58409669233e-24
7.22237105921  6.01746909483e-24
7.44200739256  8.60841788668e-24
7.66832298935  1.12781588768e-23
7.9015209697  1.40290881799e-23
8.14181063074  1.82659068033e-23
8.38940763443  2.36349487895e-23
8.64453420113  2.91672663379e-23
8.90741930907  3.48678247495e-23
9.17829889981  4.10823090514e-23
9.45741609003  4.76679954195e-23
9.74502138973  5.44539561842e-23
10.041372927  6.13259002272e-23
10.34673668  6.77340982177e-23
10.661386715  7.43258937374e-23
10.9856054331  8.10694821315e-23
11.3196838233  8.70443838317e-23
11.6639217237  9.31010741287e-23
12.0186280908  9.92523845682e-23
12.3841212763  1.04740219042e-22
12.7607293136  1.10354239732e-22
13.1487902114  1.1580066674e-22
13.5486522576  1.2085212397e-22
13.9606743317  1.26038880969e-22
14.3852262269  1.30763752208e-22
14.8226889821  1.35544345197e-22
15.2734552238  1.40060682761e-22
15.7379295184  1.44440675359e-22
16.2165287354  1.48674760435e-22
16.7096824217  1.52689524595e-22
17.2178331866  1.56610289451e-22
17.7414370999  1.60353533827e-22
18.2809641002  1.63946506098e-22
18.8368984177  1.67398302275e-22
19.4097390079  1.70632195162e-22
20  1.73832e-22

