1 20 101
101
1  0
1.03041055791  1.19227025136e-37
1.06174591785  2.42079810624e-37
1.09403420358  3.6866861786e-37
1.12730439408  4.99107061349e-37
1.16158634964  6.33512210678e-37
1.1969108386  7.72004695584e-37
1.23330956497  9.14708814222e-37
1.27081519692  1.06175264472e-36
1.30946139606  1.21326816015e-36
1.34928284767  1.36939134693e-36
1.39031529185  1.53026232693e-36
1.43259555555  1.69602548317e-36
1.47616158565  1.86682958949e-36
1.52105248304  2.04282794396e-36
1.56730853766  2.22417850659e-36
1.61497126471  2.41104404101e-36
1.66408344188  2.60359226058e-36
1.71468914776  2.80199597893e-36
1.76683380139  3.00643326505e-36
1.82056420303  3.2170876031e-36
1.87592857615  3.4341480571e-36
1.93297661076  3.6578094406e-36
1.99175950792  3.80724942239e-34
2.05233002578  2.4255542563e-32
2.11474252688  5.31797473805e-32
2.17905302696  8.29835534037e-32
2.24531924523  1.13693709796e-31
2.31360065617  1.45337779177e-31
2.3839585429  1.77944162364e-31
2.45645605223  2.11542123854e-31
2.53115825126  2.46161818098e-31
2.60813218585  2.81834316558e-31
2.68744694072  3.18591635599e-31
2.76917370155  3.56466765219e-31
2.85338581877  3.95493698662e-31
2.94015887345  4.35707462924e-31
3.02957074514  1.14378697792e-29
3.12170168173  4.56299230841e-29
3.21663437151  8.0861775806e-29
3.31445401734  1.17165048826e-28
3.41524841318  1.54572324632e-28
3.51910802283  1.93117176565e-28
3.62612606115  2.3283419895e-28
3.73639857773  2.73759038144e-28
3.85002454306  3.15928424531e-28
3.96710593738  3.59380205485e-28
4.08774784223  2.8833534873e-27
4.21205853471  6.4417236892e-27
4.34014958471  1.01083059142e-26
4.472135955  1.38863909503e-26
4.60813610445  1.77793696602e-26
4.74827209431  2.17907360246e-26
4.89266969782  2.59240902781e-26
5.041458513  5.23803570264e-26
5.19477207907  1.38854221642e-25
5.35274799621  2.27957804725e-25
5.51552804914  3.19771077481e-25
5.68325833429  4.14376443086e-25
5.85608939099  5.1185881064e-25
6.03417633655  7.40547564248e-25
6.21767900547  1.51399651622e-24
6.40676209294  2.31397886702e-24
6.6015953026  3.13828912742e-24
6.80235349885  3.98766712273e-24
7.00921686386  5.03811187847e-24
7.22237105921  7.87581604957e-24
7.44200739256  1.08902192994e-23
7.66832298935  1.39962922338e-23
7.9015209697  1.71968225791e-23
8.14181063074  2.16693258181e-23
8.38940763443  2.71183663962e-23
8.64453420113  3.27331153383e-23
8.90741930907  3.85186119283e-23
9.17829889981  4.46678705414e-23
9.45741609003  5.1104622768e-23
9.74502138973  5.77371202209e-23
10.041372927  6.44528168509e-23
10.34673668  7.07105374891e-23
10.661386715  7.71474559686e-23
10.9856054331  8.3732329634e-23
11.3196838233  8.95611416485e-23
11.6639217237  9.54690901911e-23
12.0186280908  1.01464145973e-22
12.3841212763  1.0676258456e-22
12.7607293136  1.12180091176e-22
13.1487902114  1.1740986318e-22
13.5486522576  1.22214605527e-22
13.9606743317  1.271456408e-22
14.3852262269  1.31556135954e-22
14.8226889821  1.36005569637e-22
15.2734552238  1.40221968895e-22
15.7379295184  1.44320490071e-22
16.2165287354  1.48284248136e-22
16.7096824217  1.52045038148e-22
17.2178331866  1.55722185515e-22
17.7414370999  1.59239233e-22
18.2809641002  1.62646050612e-22
18.8368984177  1.65950524195e-22
19.4097390079  1.69046545451e-22
20  1.7211e-22

