0.2 20 151
151
0.2  0
0.206235454919  3.66769458313e-41
0.212665314327  7.4497378874e-41
0.219295639229  1.13496949943e-40
0.22613267959  1.53712421348e-40
0.233182880236  1.95181701548e-40
0.240452886923  2.37943880884e-40
0.247949552606  2.82039268427e-40
0.255679943893  3.27509429976e-40
0.263651347711  3.74397227238e-40
0.271871278176  4.22746858229e-40
0.280347483669  4.72603898943e-40
0.289087954149  5.24015346306e-40
0.298100928677  5.7702966248e-40
0.307394903187  6.31696820546e-40
0.316978638492  6.88068351611e-40
0.326861168545  7.4619739338e-40
0.33705180895  8.06138740245e-40
0.34756016575  8.67948894941e-40
0.358396144475  9.31686121802e-40
0.369569959484  9.97410501688e-40
0.381092143593  1.06518398861e-39
0.392973557999  1.13507046815e-39
0.405225402524  1.20713581765e-39
0.417859226171  1.28144796834e-39
0.430886938006  1.35807696935e-39
0.444320818391  1.43709505378e-39
0.458173530554  1.51857670672e-39
0.472458132527  1.60259873552e-39
0.487188089458  1.68924034219e-39
0.502377286302  3.56709346481e-34
0.518040040906  2.53887407389e-33
0.534191117512  4.8119022434e-33
0.550845740668  7.15579723631e-33
0.568019609583  9.57276848703e-33
0.585728912925  1.20650943141e-32
0.60399034408  1.46351240679e-32
0.622821116889  1.7285280345e-32
0.642238981873  2.00180612721e-32
0.662262242965  2.28360428605e-32
0.682909774767  2.57418814348e-32
0.704201040337  2.87383161362e-32
0.72615610954  3.1828171505e-32
0.748795677965  3.50143601432e-32
0.772141086431  3.82998854594e-32
0.796214341107  4.16878445006e-32
0.821038134255  4.51814308712e-32
0.846635865618  4.87839377433e-32
0.87303166448  5.24987609614e-32
0.900250412412  5.6329402243e-32
0.928317766723  6.02794724798e-32
0.957260184645  6.4352695141e-32
0.987104948279  6.85529097835e-32
1.0178801903  1.65320331525e-28
1.0496149205  4.58614917758e-28
1.08233905309  7.61053629843e-28
1.11608343495  1.0729215567e-27
1.15087987467  1.39451267555e-27
1.18676117255  1.72613012902e-27
1.2237611515  2.0680865109e-27
1.26191468896  2.42070416079e-27
1.30125774973  2.78431546798e-27
1.34182741991  3.15926318475e-27
1.38366194184  3.54590074943e-27
1.42680075014  3.94459261964e-27
1.47128450892  4.35571461576e-27
1.51715515006  4.77965427524e-27
1.56445591277  5.2168112179e-27
1.61323138435  5.6675975226e-27
1.66352754221  6.13243811571e-27
1.71539179718  6.61177117163e-27
1.76887303828  7.10604852586e-27
1.82402167871  7.61573610088e-27
1.88088970345  8.14131434539e-27
1.93953071822  8.68327868714e-27
2  1.34815505808e-26
2.06235454919  7.6983988797e-26
2.12665314327  1.46837843815e-25
2.19295639229  2.18869551653e-25
2.2613267959  2.93147011826e-25
2.33182880236  3.6974024077e-25
2.40452886923  4.48721437845e-25
2.47949552606  5.30165053389e-25
2.55679943893  6.14147858898e-25
2.63651347711  7.00749019397e-25
2.71871278176  7.90050168056e-25
2.80347483669  8.82135483148e-25
2.89087954149  9.77091767395e-25
2.98100928677  1.07712514739e-24
3.07394903187  1.91021520771e-24
3.16978638492  2.96589815302e-24
3.26861168545  4.0544944154e-24
3.3705180895  5.17703014237e-24
3.4756016575  6.33456347395e-24
3.58396144475  7.52818554005e-24
3.69569959484  8.75902148907e-24
3.81092143593  1.00282315484e-23
3.92973557999  1.13370121184e-23
4.05225402524  1.34018050585e-23
4.17859226171  1.65226753448e-23
4.30886938006  1.9740845861e-23
4.44320818391  2.30593501631e-23
4.58173530554  2.6481316385e-23
4.72458132527  3.00099701875e-23
4.87188089458  3.36486377985e-23
5.02377286302  3.7397715489e-23
5.18040040906  4.12482489799e-23
5.34191117512  4.52186374548e-23
5.50845740668  4.93128118214e-23
5.68019609583  5.35346313865e-23
5.85728912925  5.78880757794e-23
6.0399034408  6.2150999241e-23
6.22821116889  6.57223265598e-23
6.42238981873  6.94032158818e-23
6.62262242965  7.3198865301e-23
6.82909774767  7.71128527243e-23
7.04201040337  8.09455652632e-23
7.2615610954  8.40689531362e-23
7.48795677965  8.7285741495e-23
7.72141086431  9.06028205477e-23
7.96214341107  9.40150740427e-23
8.21038134255  9.68448552933e-23
8.46635865618  9.96234352775e-23
8.7303166448  1.02488643813e-22
9.00250412412  1.05392441409e-22
9.28317766723  1.07733242851e-22
9.57260184645  1.1010160091e-22
9.87104948279  1.12543797918e-22
10.178801903  1.14762821587e-22
10.496149205  1.16828435175e-22
10.8233905309  1.18958448966e-22
11.1608343495  1.20957044531e-22
11.5087987467  1.22793948584e-22
11.8676117255  1.24688122299e-22
12.237611515  1.26379978521e-22
12.6191468896  1.27974414852e-22
13.0125774973  1.29592379425e-22
13.4182741991  1.30974747503e-22
13.8366194184  1.32383734201e-22
14.2680075014  1.33695945327e-22
14.7128450892  1.34960618589e-22
15.1715515006  1.36192669286e-22
15.6445591277  1.37338766766e-22
16.1323138435  1.3846542157e-22
16.6352754221  1.39474362497e-22
17.1539179718  1.404595029e-22
17.6887303828  1.4134033894e-22
18.2402167871  1.42186180684e-22
18.8088970345  1.42974940187e-22
19.3953071822  1.43714763926e-22
20  1.44441e-22

