0.02 20000 351
351
0.02  0
0.0208052458838  2.71676305847e-36
0.0216429128143  5.54290923046e-36
0.0225143061372  8.48284253105e-36
0.0234207837545  1.15411442911e-35
0.0243637582402  1.47225802963e-35
0.0253446990421  1.80321082139e-35
0.0263651347711  2.14748853182e-35
0.0274266555837  2.50562765271e-35
0.0285309156595  2.87818627625e-35
0.0296796357794  3.26574496469e-35
0.0308746060066  3.66890765506e-35
0.0321176884767  4.08830260028e-35
0.0334108202989  4.52458334816e-35
0.034756016575  4.97842975987e-35
0.0361553735393  5.45054906932e-35
0.0376110718253  5.94167698531e-35
0.039125379864  6.45257883793e-35
0.0407006574185  6.98405077125e-35
0.0423393592613  7.5369209839e-35
0.0440440389997  8.1120510197e-35
0.0458173530554  8.7103371102e-35
0.0476620648032  9.33271157129e-35
0.0495810488781  9.98014425603e-35
0.0515772956543  1.21076161142e-31
0.0536539159056  2.8034815466e-31
0.0558141456523  4.46032804038e-31
0.0580613512047  6.18388297512e-31
0.060399034408  7.9768321857e-31
0.0628308381003  9.84196964487e-31
0.0653605517882  1.17822018171e-30
0.0679921175528  1.38005521879e-30
0.0707296361925  1.59001659751e-30
0.073577373613  1.80843150303e-30
0.0765397674752  2.03564029373e-30
0.0796214341107  2.2719970316e-30
0.0828271757148  2.51787003399e-30
0.0861619878306  2.77364244753e-30
0.0896310671328  3.03971284524e-30
0.0932398195264  3.31649584757e-30
0.0969938685706  3.60442276857e-30
0.100899064242  5.11940498401e-29
0.10496149205  2.65186296944e-28
0.109187482522  4.87794362855e-28
0.113583621065  7.19365140206e-28
0.118156758232  9.60259488321e-28
0.122914020392  1.21085279555e-27
0.127862820842  1.47153556423e-27
0.133010871351  1.74271401924e-27
0.138366194184  2.02481074099e-27
0.1439371346  2.31826532393e-27
0.149732373859  2.62353506163e-27
0.155760942745  2.94109565931e-27
0.162032235645  3.2714419752e-27
0.168556025186  3.61508879164e-27
0.175342477459  3.97257161731e-27
0.182402167871  4.34444752167e-27
0.189746097615  4.7312960031e-27
0.197385710819  5.1337198919e-27
0.205332912377  4.34023241796e-26
0.213600086503  1.02513503762e-25
0.222200116025  1.64004635048e-25
0.231146402466  2.27971540351e-25
0.240452886923  2.94513900014e-25
0.250134071796  3.63735407738e-25
0.260205043382  4.3574393217e-25
0.270681495389  5.10651684997e-25
0.281579753389  5.88575395806e-25
0.292916800258  6.69636493985e-25
0.304710302644  7.53961297945e-25
0.316978638492  8.4168121197e-25
0.329740925688  9.32932930981e-25
0.343017051845  1.02785865355e-24
0.356827705299  1.12660630348e-24
0.371194407346  1.22932976035e-24
0.386139545777  1.33618909926e-24
0.401686409768  1.44735084031e-24
0.417859226171  1.56298820807e-24
0.434683197266  1.68328140156e-24
0.452184540034  1.808417875e-24
0.470390527014  1.93859262994e-24
0.489329528798  2.07400851917e-24
0.509031058243  2.57518540203e-24
0.529525816463  3.53939701542e-24
0.550845740668  4.54243000045e-24
0.573024053933  5.5858473946e-24
0.596095316971  6.67127516685e-24
0.62009548199  7.80040475138e-24
0.645061948712  8.97499568343e-24
0.671033622664  1.01968783411e-23
0.698050975792  1.14679567979e-23
0.72615610954  1.27902117894e-23
0.755392820452  1.41657038004e-23
0.785806668419  1.55965762753e-23
0.817445047681  1.70850589589e-23
0.850357260677  1.86334713701e-23
0.884594594874  2.02442264173e-23
0.920210402694  2.19198341582e-23
0.957260184645  2.36629057108e-23
0.995801675818  2.54761573231e-23
1.03589493585  2.72255962028e-23
1.07760244251  2.90288247285e-23
1.12098918907  3.09046553715e-23
1.16612278558  3.28560112597e-23
1.21307356424  3.48859332127e-23
1.26191468896  3.69975844806e-23
1.31272226941  3.91942556731e-23
1.36557547962  4.14793698874e-23
1.42055668132  4.38564880425e-23
1.47775155234  4.6329314428e-23
1.53724922008  4.8901702477e-23
1.59914240042  5.15776607703e-23
1.66352754221  5.43613592838e-23
1.73050497751  5.72571358857e-23
1.80017907801  6.0269503097e-23
1.87265841765  6.34031551233e-23
1.94805594178  6.66629751693e-23
2.02648914321  6.94402616998e-23
2.10808024527  7.10773099775e-23
2.19295639229  7.27802695745e-23
2.2812498477  7.45517942318e-23
2.3730982002  7.6394644536e-23
2.46864457808  7.83116922214e-23
2.56803787234  8.03059246446e-23
2.67143296865  8.23804494403e-23
2.77899098875  8.45384993637e-23
2.89087954149  8.6783437328e-23
3.00727298406  8.90299645229e-23
3.12835269366  8.99810312091e-23
3.25430735015  9.0970390022e-23
3.38533323008  9.19995826905e-23
3.52163451252  9.3070213017e-23
3.6634235973  9.41839493767e-23
3.81092143593  9.53425273174e-23
3.96435787592  9.65477522639e-23
4.123972019  9.7125787897e-23
4.29001259367  9.75250060434e-23
4.46273834281  9.79402976282e-23
4.64241842687  9.83723098051e-23
4.82933284333  9.88217157832e-23
5.02377286302  9.92546861378e-23
5.22604148398  9.94472166149e-23
5.43645390367  9.96474988107e-23
5.6553380101  9.98558448272e-23
5.88303489282  1.00072579332e-22
6.11989937441  1.00272905945e-22
6.36630056345  1.00455791954e-22
6.62262242965  1.00646041374e-22
6.88926440224  1.00843950672e-22
7.16664199237  1.00985463416e-22
7.45518744063  1.01088180518e-22
7.75535039062  1.01195033245e-22
8.06759858961  1.01275167251e-22
8.39241861745  1.01241738203e-22
8.7303166448  1.01206963224e-22
9.08181922194  1.01143812909e-22
9.44747409926  1.00985627501e-22
9.82785108081  1.00821073186e-22
10.2235429123  1.00601373525e-22
10.6351662047  1.00333958913e-22
11.0633623952  1.00071622597e-22
11.5087987467  9.98936312193e-23
11.9721693877  9.9708473501e-23
12.4541963937  9.93477179891e-23
12.9556309128  9.89617199592e-23
13.4772543361  9.85941089265e-23
14.019879515  9.82165420405e-23
14.5843520286  9.78665503359e-23
15.1715515006  9.75495212224e-23
15.7823929704  9.73383240791e-23
16.4178283193  9.70212828886e-23
17.0788477531  9.66440330017e-23
17.7664813458  9.62922467383e-23
18.4818006444  9.62821485278e-23
19.2259203392  9.6376435492e-23
20  9.63769915095e-23
20.8052458838  9.62710410778e-23
21.6429128143  9.60451748172e-23
22.5143061372  9.56853069587e-23
23.4207837545  9.51766308867e-23
24.3637582402  9.45989861245e-23
25.3446990421  9.4111671099e-23
26.3651347711  9.36086398816e-23
27.4266555837  9.30902697896e-23
28.5309156595  9.25569226394e-23
29.6796357794  9.2008945643e-23
30.8746060066  9.14466723009e-23
32.1176884767  9.08704232922e-23
33.4108202989  9.02805073662e-23
34.756016575  8.96772222372e-23
36.1553735393  8.90608554851e-23
37.6110718253  8.84316854655e-23
39.125379864  8.77899822315e-23
40.7006574185  8.71360084709e-23
42.3393592613  8.64700204619e-23
44.0440389997  8.57922690504e-23
45.8173530554  8.51030006525e-23
47.6620648032  8.44024582868e-23
49.5810488781  8.36908826383e-23
51.5772956543  8.29685131592e-23
53.6539159056  8.22355892101e-23
55.8141456523  8.14923512454e-23
58.0613512047  8.07390420465e-23
60.399034408  7.99759080074e-23
62.8308381003  7.92032004759e-23
65.3605517882  7.84211771541e-23
67.9921175528  7.76301035619e-23
70.7296361925  7.68302545661e-23
73.577373613  7.60219159779e-23
76.5397674752  7.52053862209e-23
79.6214341107  7.43809780704e-23
82.8271757148  7.35490204649e-23
86.1619878306  7.27098603877e-23
89.6310671328  7.18638648177e-23
93.2398195264  7.10114227437e-23
96.9938685706  7.01529472375e-23
100.899064242  6.92888775759e-23
104.96149205  6.84196814004e-23
109.187482522  6.75458569007e-23
113.583621065  6.66679350017e-23
118.156758232  6.57864815335e-23
122.914020392  6.49020993548e-23
127.862820842  6.4015430398e-23
133.010871351  6.31271575979e-23
138.366194184  6.2238006659e-23
143.9371346  6.13487476106e-23
149.732373859  6.04601960929e-23
155.760942745  5.95732143099e-23
162.032235645  5.86887115794e-23
168.556025186  5.78076444042e-23
175.342477459  5.6931015984e-23
182.402167871  5.60598750864e-23
189.746097615  5.51953141884e-23
197.385710819  5.43384668091e-23
205.332912377  5.34905039509e-23
213.600086503  5.2652629578e-23
222.200116025  5.18260750745e-23
231.146402466  5.10120926351e-23
240.452886923  5.02119475705e-23
250.134071796  4.94269095292e-23
260.205043382  4.86582426735e-23
270.681495389  4.79071948799e-23
281.579753389  4.71749860752e-23
292.916800258  4.64627958593e-23
304.710302644  4.58153905186e-23
316.978638492  4.51453143729e-23
329.740925688  4.44984887199e-23
343.017051845  4.38757952288e-23
356.827705299  4.32780108568e-23
371.194407346  4.27057964819e-23
386.139545777  4.21596867842e-23
401.686409768  4.16400816853e-23
417.859226171  4.11472396229e-23
434.683197266  4.06812728992e-23
452.184540034  4.02421452895e-23
470.390527014  3.98296720366e-23
489.329528798  3.94435223004e-23
509.031058243  3.90832240651e-23
529.525816463  3.87481714564e-23
550.845740668  3.84376343786e-23
573.024053933  3.81507703558e-23
596.095316971  3.7886638468e-23
620.09548199  3.76442153164e-23
645.061948712  3.74224130689e-23
671.033622664  3.72200998742e-23
698.050975792  3.70361234716e-23
726.15610954  3.68693402267e-23
755.392820452  3.67187554788e-23
785.806668419  3.65908414382e-23
817.445047681  3.64896375877e-23
850.357260677  3.64145948674e-23
884.594594874  3.61340399075e-23
920.210402694  3.61302639054e-23
957.260184645  3.61483709282e-23
995.801675818  3.61885974775e-23
1035.89493585  3.62511218805e-23
1077.60244251  3.63360627047e-23
1120.98918907  3.64434777148e-23
1166.12278558  3.65733633926e-23
1213.07356424  3.67256550275e-23
1261.91468896  3.69002273749e-23
1312.72226941  3.70968958688e-23
1365.57547962  3.7315418363e-23
1420.55668132  3.8245436381e-23
1477.75155234  3.88184881606e-23
1537.24922008  3.93431828497e-23
1599.14240042  3.98248380007e-23
1663.52754221  4.02681736482e-23
1730.50497751  4.06774076059e-23
1800.17907801  4.10563315092e-23
1872.65841765  4.14083720238e-23
1948.05594178  4.17366404994e-23
2026.48914321  4.20439735351e-23
2108.08024527  4.23329663334e-23
2192.95639229  4.26060002839e-23
2281.2498477  4.27779517966e-23
2373.0982002  4.29850597672e-23
2468.64457808  4.31697890424e-23
2568.03787234  4.33338659688e-23
2671.43296865  4.34788702577e-23
2778.99098875  4.36062518297e-23
2890.87954149  4.37173452504e-23
3007.27298406  4.38133821484e-23
3128.35269366  4.38955019328e-23
3254.30735015  4.39647610718e-23
3385.33323008  4.40221411448e-23
3521.63451252  4.40685558479e-23
3663.4235973  4.4104857102e-23
3810.92143593  4.41318403888e-23
3964.35787592  4.41502494228e-23
4123.972019  4.41607802499e-23
4290.01259367  4.41640848524e-23
4462.73834281  4.41607743269e-23
4642.41842687  4.41514216951e-23
4829.33284333  4.41365643981e-23
5023.77286302  4.41167065183e-23
5226.04148398  4.40923207692e-23
5436.45390367  4.40638502846e-23
5655.3380101  4.40317102389e-23
5883.03489282  4.39962893222e-23
6119.89937441  4.39579510934e-23
6366.30056345  4.39170352305e-23
6622.62242965  4.3873858693e-23
6889.26440224  4.38287168117e-23
7166.64199237  4.37818843178e-23
7455.18744063  4.37336163194e-23
7755.35039062  4.36841492354e-23
8067.59858961  4.36337016922e-23
8392.41861745  4.35824753892e-23
8730.3166448  4.3530655937e-23
9081.81922194  4.34784136706e-23
9447.47409926  4.34259044416e-23
9827.85108081  4.33732703898e-23
10223.5429123  4.33206406948e-23
10635.1662047  4.32681323095e-23
11063.3623952  4.32158506741e-23
11508.7987467  4.31638904118e-23
11972.1693877  4.31123360045e-23
12454.1963937  4.30612624485e-23
12955.6309128  4.30107358905e-23
13477.2543361  4.29608142406e-23
14019.879515  4.29115477651e-23
14584.3520286  4.28629796553e-23
15171.5515006  4.2815146574e-23
15782.3929704  4.27680791773e-23
16417.8283193  4.27218026135e-23
17078.8477531  4.26763369969e-23
17766.4813458  4.2631697857e-23
18481.8006444  4.25878965641e-23
19225.9203392  4.25449407297e-23
20000  4.2502834583e-23

