2 20000 251
251
2  0
2.07505683164  2.11715056701e-39
2.15293042726  4.31375444084e-39
2.23372649556  6.59279337824e-39
2.31755471231  8.95736103655e-39
2.40452886923  1.14106671732e-38
2.49476702849  1.39560420026e-38
2.5883916829  1.65969407171e-38
2.68552992228  1.93369481766e-38
2.78631360589  2.21797837754e-38
2.89087954149  2.51293064907e-38
2.999369671  2.81895201209e-38
3.11193126321  9.70791932444e-35
3.22871711365  1.98339391734e-34
3.34988575205  3.03399725058e-34
3.4756016575  4.12402806257e-34
3.60603548172  5.25496600413e-34
3.74136428073  6.42834625502e-34
3.88177175519  7.64576160788e-34
4.02744849972  2.25750929395e-32
4.17859226171  1.42109119052e-31
4.33540820964  2.66129067801e-31
4.49810921167  3.94803288757e-31
4.66691612456  5.28306449381e-31
4.84205809347  6.6681977213e-31
5.02377286302  2.92129803447e-30
5.2123071  1.98101534678e-29
5.40791672822  3.73328208905e-29
5.6108672759  5.55130862625e-29
5.82143423613  7.4375628193e-29
6.0399034408  2.52385843864e-28
6.26657144863  1.17269410692e-27
6.50174594771  2.12754008116e-27
6.74574617318  3.11821991216e-27
6.99890334057  4.1460783878e-27
7.2615610954  2.28775126391e-26
7.53407597968  4.23887523607e-26
7.81681791585  6.26322179996e-26
8.11017070897  1.50160928238e-25
8.41453256769  3.55738341188e-25
8.7303166448  5.69030748774e-25
9.05795159807  9.55764746338e-25
9.3978821721  2.15578187997e-24
9.75056980207  3.40083375557e-24
10.1164932401  5.24560957443e-24
10.496149205  8.38811007636e-24
10.8900530568  1.16485436438e-23
11.2987394962  1.61817155979e-23
11.7227632903  2.13242804122e-23
12.1627000256  2.72207588913e-23
12.6191468896  3.43301881022e-23
13.0927234813  4.18863630439e-23
13.5840726523  5.0492933393e-23
14.0938613793  5.94616442742e-23
14.6227816697  6.89469305167e-23
15.1715515006  7.88719548387e-23
15.7409157939  8.93605617981e-23
16.3316474272  9.90303794284e-23
16.9445482828  1.08080406044e-22
17.5804503366  1.15685883381e-22
18.2402167871  1.22366854088e-22
18.9247432273  1.2859178344e-22
19.6349588604  1.36694970402e-22
20.3718277611  1.46652352308e-22
21.1363501843  1.58441468064e-22
21.9295639229  1.72041386628e-22
22.7525457165  1.87432635406e-22
23.606412713  2.04597128458e-22
24.4923239853  2.15712980284e-22
25.4114821042  2.20643113271e-22
26.3651347711  2.25295313071e-22
27.3545765119  2.29679514351e-22
28.3811504338  2.33805280437e-22
29.4462500487  2.3768181694e-22
30.5513211648  2.41317984985e-22
31.6978638492  2.44722314048e-22
32.8874344643  2.47903014426e-22
34.1216477801  2.50867989343e-22
35.4021791663  2.53624846715e-22
36.730766867  2.56180910581e-22
38.1092143593  2.58543232226e-22
39.5393928022  2.60718600995e-22
41.0232435765  2.62713554825e-22
42.5627809197  2.64534390511e-22
44.1600946604  2.66187173706e-22
45.8173530554  2.67677748694e-22
47.5368057325  2.69011747929e-22
49.3207867447  2.70194601367e-22
51.1717177381  2.71231545609e-22
53.0921112395  2.72127632863e-22
55.0845740668  2.72887739744e-22
57.1518108675  2.73516575931e-22
59.2966277905  2.74018692693e-22
61.5219362948  2.74398491301e-22
63.830757102  2.74660231345e-22
66.2262242965  2.74808038963e-22
68.71158958  2.74845915014e-22
71.2902266852  2.74777743185e-22
73.9656359561  2.74607298078e-22
76.7414490985  2.7433825326e-22
79.6214341107  2.73974189312e-22
82.609500398  2.73518601876e-22
85.7097040795  2.72974909718e-22
88.9262534938  2.72346462814e-22
92.2635149121  2.71636550455e-22
95.7260184645  2.70848409398e-22
99.3184642901  2.6998523204e-22
103.045728916  2.69050174624e-22
106.912871879  2.68046365471e-22
110.925142592  2.66976913217e-22
115.087987467  2.65844915044e-22
119.407057317  2.6465346487e-22
123.888215015  2.63405661477e-22
128.537543463  2.62104616518e-22
133.361353843  2.60753462363e-22
138.366194184  2.59355359708e-22
143.558858254  2.57913504881e-22
148.946394781  2.56431136739e-22
154.536117019  2.54911543074e-22
160.335612678  2.53358066382e-22
166.352754221  2.5177410888e-22
172.595709553  2.50163136618e-22
179.07295311  2.48528682516e-22
185.793277356  2.46874348161e-22
192.765804725  2.45203804168e-22
200  2.43520788929e-22
207.505683164  2.41829105538e-22
215.293042726  2.4013261672e-22
223.372649556  2.38435237572e-22
231.755471231  2.36740925961e-22
240.452886923  2.35053670456e-22
249.476702849  2.3337747568e-22
258.83916829  2.31716345063e-22
268.552992228  2.30074260998e-22
278.631360589  2.2845516249e-22
289.087954149  2.26862920474e-22
299.9369671  2.25301311052e-22
311.193126321  2.23905535376e-22
322.871711365  2.22413105101e-22
334.988575205  2.20961907698e-22
347.56016575  2.19555031001e-22
360.603548172  2.18195318596e-22
374.136428073  2.16885341063e-22
388.177175519  2.15627369243e-22
402.744849972  2.14423350281e-22
417.859226171  2.1327488716e-22
433.540820964  2.12183222391e-22
449.810921167  2.11149226442e-22
466.691612456  2.10173391356e-22
484.205809347  2.09255829917e-22
502.377286302  2.08396280568e-22
521.23071  2.07594118157e-22
540.791672822  2.06848370467e-22
561.08672759  2.06157740407e-22
582.143423613  2.05520633657e-22
603.99034408  2.04935191607e-22
626.657144863  2.04399329522e-22
650.174594771  2.03910780129e-22
674.574617318  2.0346714343e-22
699.890334057  2.03065944822e-22
726.15610954  2.02704706983e-22
753.407597968  2.02381127428e-22
781.681791585  2.02112634956e-22
811.017070897  2.01913388813e-22
841.453256769  2.01782514887e-22
873.03166448  2.01718899274e-22
905.795159807  2.01059014231e-22
939.78821721  2.01180820823e-22
975.056980207  2.01360998182e-22
1011.64932401  2.01600160547e-22
1049.6149205  2.01898735605e-22
1089.00530568  2.02256962108e-22
1129.87394962  2.0267488932e-22
1172.27632903  2.03152378292e-22
1216.27000256  2.03689104951e-22
1261.91468896  2.04284564926e-22
1309.27234813  2.04938080026e-22
1358.40726523  2.0564880623e-22
1409.38613793  2.06415743029e-22
1462.27816697  2.10236118445e-22
1517.15515006  2.11893186796e-22
1574.09157939  2.1341529035e-22
1633.16474272  2.14817014036e-22
1694.45482828  2.16111237354e-22
1758.04503366  2.17309415138e-22
1824.02167871  2.18421800707e-22
1892.47432273  2.19457624846e-22
1963.49588604  2.2042524056e-22
2037.18277611  2.21332241032e-22
2113.63501843  2.22185556386e-22
2192.95639229  2.22991533557e-22
2275.25457165  2.23511403918e-22
2360.6412713  2.24135035242e-22
2449.23239853  2.24696425808e-22
2541.14821042  2.25200221506e-22
2636.51347711  2.2565067243e-22
2735.45765119  2.26051678849e-22
2838.11504338  2.26406830529e-22
2944.62500487  2.26719440521e-22
3055.13211648  2.269925743e-22
3169.78638492  2.27229074982e-22
3288.74344643  2.2743158522e-22
3412.16477801  2.27602566258e-22
3540.21791663  2.27744314575e-22
3673.0766867  2.27858976429e-22
3810.92143593  2.27948560632e-22
3953.93928022  2.28014949756e-22
4102.32435765  2.28059910023e-22
4256.27809197  2.28085100018e-22
4416.00946604  2.28092078414e-22
4581.73530554  2.28082310817e-22
4753.68057325  2.28057175864e-22
4932.07867447  2.28017970664e-22
5117.17177381  2.27965915677e-22
5309.21112395  2.27902159105e-22
5508.45740668  2.27827780863e-22
5715.18108675  2.27743796184e-22
5929.66277905  2.27651158923e-22
6152.19362948  2.27550764586e-22
6383.0757102  2.27443453134e-22
6622.62242965  2.27330011601e-22
6871.158958  2.27211176534e-22
7129.02266852  2.27087636305e-22
7396.56359561  2.26960033295e-22
7674.14490985  2.26828965986e-22
7962.14341107  2.26694990951e-22
8260.9500398  2.26558624788e-22
8570.97040795  2.26420345973e-22
8892.62534938  2.26280596666e-22
9226.35149121  2.26139784459e-22
9572.60184645  2.25998284082e-22
9931.84642901  2.25856439066e-22
10304.5728916  2.25714563357e-22
10691.2871879  2.25572942901e-22
11092.5142592  2.25431837182e-22
11508.7987467  2.25291480725e-22
11940.7057317  2.25152084553e-22
12388.8215015  2.2501383761e-22
12853.7543463  2.2487690814e-22
13336.1353843  2.2474144502e-22
13836.6194184  2.24607579054e-22
14355.8858254  2.24475424217e-22
14894.6394781  2.24345078858e-22
15453.6117019  2.24216626849e-22
16033.5612678  2.24090138693e-22
16635.2754221  2.23965672579e-22
17259.5709553  2.23843275388e-22
17907.295311  2.23722983653e-22
18579.3277356  2.23604824464e-22
19276.5804725  2.23488816334e-22
20000  2.23374970004e-22

