0.1 20000 301
301
0.1  0
0.10415259619  1.61089172432e-38
0.108477632931  3.28867727701e-38
0.112982270983  5.03613448863e-38
0.117673968462  6.85615654184e-38
0.122560493193  8.75175676148e-38
0.127649935564  1.07260736036e-37
0.132950721924  1.27823758517e-37
0.138471628537  1.49240680286e-37
0.144221796108  1.71546960333e-37
0.150210744918  1.94779530114e-37
0.156448390588  2.18976854704e-37
0.162945060494  2.44178996472e-37
0.169711510868  2.70427681419e-37
0.176758944602  2.97766368256e-37
0.1840990298  3.26240320362e-37
0.191743919097  3.55896680718e-37
0.199706269776  3.86784549965e-37
0.207999264725  3.34809602652e-31
0.216636634267  6.96326693653e-31
0.225632678887  1.0728561296e-30
0.235002292913  1.46502131256e-30
0.244760989175  1.87347153196e-30
0.254924924685  2.29888303961e-30
0.265510927395  2.74196016932e-30
0.276536524049  3.20343650303e-30
0.28801996921  3.6840760854e-30
0.299980275477  4.18467468875e-30
0.312437244967  4.70606113062e-30
0.325411502097  5.24909864602e-30
0.338924527734  5.81468631659e-30
0.352998694759  6.40376055922e-30
0.367657305107  7.0172966764e-30
0.382924628351  7.65631047101e-30
0.398825941877  8.3218599281e-30
0.415387572744  9.01504696659e-30
0.432636941262  9.73701926363e-30
0.450602606401  1.04889721548e-29
0.469314313065  1.1272150613e-29
0.488803041347  1.20878513101e-29
0.509101057818  9.37510539297e-28
0.530241968947  3.08609277388e-27
0.552260776746  5.32389695246e-27
0.575193936719  7.65462810211e-27
0.599079418219  1.00821451047e-26
0.623956767313  1.26104670858e-26
0.649867172259  1.52437800691e-26
0.676853531693  1.79864439071e-26
0.70496052566  2.08429994991e-26
0.734234689588  2.38181763098e-26
0.764724491332  2.69169001994e-26
0.796480411421  3.01443015791e-26
0.829555026638  3.35057239055e-26
0.864003097066  3.70067325275e-26
0.899881656755  4.06531239e-26
0.937250108145  4.44509351817e-26
0.976170320425  4.84064542301e-26
1.01670673196  2.09922042714e-25
1.05892645697  6.11969198675e-25
1.10289939667  1.03071174952e-24
1.148698355  1.46684298757e-24
1.19639915912  1.92108499479e-24
1.24608078501  2.3941898383e-24
1.29782548821  2.88694081552e-24
1.35171893999  3.40015375104e-24
1.40785036919  3.93467834736e-24
1.46631270998  4.49139959171e-24
1.5272027557  5.07123922123e-24
1.59062131914  5.67515724912e-24
1.65667339944  6.30415355403e-24
1.7254683559  6.95926953552e-24
1.7971200891  7.6415898383e-24
1.87174722945  8.35224414798e-24
1.94947333358  9.09240906145e-24
2.03042708895  1.05680442046e-23
2.11474252688  1.33238216978e-23
2.20255924448  1.61940355022e-23
2.29402263574  1.91834376957e-23
2.3892841323  2.22969776907e-23
2.48850145414  2.5539810429e-23
2.59183887071  2.8917304916e-23
2.6994674729  3.24350531103e-23
2.81156545633  3.60988791822e-23
2.92831841634  3.99148491559e-23
3.04991965532  4.36600035207e-23
3.17657050272  4.72177790717e-23
3.30848064838  5.09232946746e-23
3.44586848972  5.47826853772e-23
3.58896149333  5.88023409911e-23
3.73799657156  6.29889166709e-23
3.89322047476  6.73493439328e-23
4.05489019986  7.12561132671e-23
4.2232734158  7.40390837069e-23
4.39864890674  7.69376196711e-23
4.58130703365  7.99565201293e-23
4.77155021497  8.31007833329e-23
4.96969342739  8.63756150905e-23
5.1760647273  8.86802385511e-23
5.39100579394  9.08822431471e-23
5.61487249513  9.31756881022e-23
5.84803547643  9.5564370565e-23
6.0908807748  9.78223270014e-23
6.34381045777  9.97736289196e-23
6.60724328913  1.01805960527e-22
6.8816154222  1.03922686659e-22
7.16738112202  1.05653154638e-22
7.4650135174  1.07106195992e-22
7.77500538429  1.08619576286e-22
8.09786996163  1.09994580512e-22
8.43414180111  1.1094488473e-22
8.78437765219  1.11934651245e-22
9.14915738387  1.12860511969e-22
9.52908494479  1.13666718253e-22
9.92478936312  1.14506403029e-22
10.3369257881  1.15285269598e-22
10.7661765745  1.16074232544e-22
11.2132524127  1.16809590707e-22
11.6788935051  1.17476854393e-22
12.1638707918  1.18087761128e-22
12.6689872269  1.18552468249e-22
13.1950791077  1.18953174e-22
13.74301746  1.19223307608e-22
14.3137094794  1.1944066204e-22
14.9081000339  1.1961244091e-22
15.5271732278  1.19767630268e-22
16.1719540317  1.19919970117e-22
16.8435099786  1.20064354645e-22
17.5429529322  1.20172927505e-22
18.2714409272  1.21573371719e-22
19.030180087  1.25299329038e-22
19.8204266202  1.29146297058e-22
20.6434889008  1.33099470368e-22
21.5007296344  1.37143443381e-22
22.3935681139  1.41262147169e-22
23.3234825702  1.45438783499e-22
24.2920126187  1.48290383583e-22
25.3007618091  1.47897714181e-22
26.35140028  1.47464892542e-22
27.445667524  1.46993166711e-22
28.5853752678  1.46483731716e-22
29.772410472  1.45937732116e-22
31.0087384549  1.45356264506e-22
32.2964061465  1.44740379972e-22
33.6375454776  1.44091086516e-22
35.0343769094  1.43409351454e-22
36.48921311  1.42696103779e-22
38.0044627833  1.41952236519e-22
39.5826346568  1.41178609076e-22
41.2263416354  1.40376049562e-22
42.9383051273  1.39545357144e-22
44.72135955  1.38687304387e-22
46.5784570227  1.3780263963e-22
48.5126722543  1.36892089376e-22
50.5272076339  1.3595636072e-22
52.6253985329  1.34996143821e-22
54.8107188272  1.34012114422e-22
57.0867866488  1.3300493643e-22
59.457370376  1.31975264565e-22
61.9263948728  1.30923747084e-22
64.4979479868  1.29851028594e-22
67.1762873173  1.28757752954e-22
69.9658472649  1.27644566287e-22
72.8712463726  1.26512120093e-22
75.8972949729  1.25361074482e-22
79.0490031521  1.24192101539e-22
82.331589045  1.23005888798e-22
85.7504874747  1.21803142867e-22
89.3113589503  1.20584593165e-22
93.0200990391  1.19350995803e-22
96.8828481275  1.18103137577e-22
100.906001587  1.16841840085e-22
105.096220365  1.15567963931e-22
109.460442007  1.14282413027e-22
114.005892151  1.12986138928e-22
118.740096485  1.11680145202e-22
123.670893207  1.10365491767e-22
128.806446006  1.09043299154e-22
134.155257575  1.07714752631e-22
139.72618369  1.06381106104e-22
145.52844787  1.05043685718e-22
151.571656651  1.03703893041e-22
157.86581549  1.02363207732e-22
164.421345329  1.01023189537e-22
171.24909985  9.96854794936e-23
178.360383446  9.83518001635e-23
185.766969933  9.70239547432e-23
193.481122048  9.57038248672e-23
201.51561175  9.43933669305e-23
209.883741365  9.30946067582e-23
218.599365612  9.18096324575e-23
227.67691454  9.05405853109e-23
237.131417418  8.92896485974e-23
246.978527622  8.80590342679e-23
257.23454855  8.68509674553e-23
267.916460612  8.56676688611e-23
279.041949347  8.45113351355e-23
290.629434703  8.33841174489e-23
302.698101535  8.23541087211e-23
315.267931366  8.12894694169e-23
328.359735471  8.02599907928e-23
341.995189335  7.92673936093e-23
356.196868537  7.83132322883e-23
370.988286128  7.73988717457e-23
386.393931562  7.65254660653e-23
402.439311242  7.56939396903e-23
419.150990746  7.49049717759e-23
436.556638818  7.41589842778e-23
454.685073167  7.34561342592e-23
473.566308191  7.27963107866e-23
493.231604661  7.21791366535e-23
513.713521483  7.16039750392e-23
535.045969603  7.10699410875e-23
557.26426815  7.05759182849e-23
580.405202916  7.01205794573e-23
604.507087258  6.9702412199e-23
629.60982553  6.93197486448e-23
655.754979155  6.89707997581e-23
682.985835434  6.86536949145e-23
711.347479213  6.83665290364e-23
740.886867531  6.81074241374e-23
771.652907362  6.78788274437e-23
803.696536592  6.76941124156e-23
837.070808348  6.7553666349e-23
871.830978841  6.74564961386e-23
908.03459885  6.70506779859e-23
945.741609003  6.70685914608e-23
985.014439024  6.71234826004e-23
1025.91811109  6.72157005908e-23
1068.52034748  6.73454786441e-23
1112.89168271  6.75129317397e-23
1159.10558033  6.77180556184e-23
1207.23855449  6.79607270536e-23
1257.37029671  6.82407053896e-23
1309.58380774  6.85576353109e-23
1363.96553504  6.89110507781e-23
1420.60551588  7.03734776135e-23
1479.5975264  7.12940465385e-23
1541.03923691  7.21343904415e-23
1605.03237354  7.29037892089e-23
1671.68288673  7.36104159654e-23
1741.10112659  7.42615234489e-23
1813.40202564  7.48635908383e-23
1888.70528906  7.5422440549e-23
1967.13559293  7.59433319439e-23
2048.82279061  7.6431037109e-23
2133.90212774  7.68899025566e-23
2222.51446619  7.73238997873e-23
2314.80651723  7.75762404064e-23
2410.93108447  7.78970778079e-23
2511.04731682  7.81820856055e-23
2615.32097202  7.84341126417e-23
2723.92469106  7.86557569253e-23
2837.03828399  7.88493956246e-23
2954.84902768  7.90172106014e-23
3077.55197581  7.9161210239e-23
3205.3502819  7.9283248165e-23
3338.45553557  7.93850393632e-23
3477.08811294  7.94681740743e-23
3621.47754143  7.95341298215e-23
3771.86287983  7.95842818358e-23
3928.49311406  7.9619912115e-23
4091.62756943  7.96422173135e-23
4261.53633998  7.96523156294e-23
4438.50073566  7.96512528331e-23
4622.81374809  7.96400075593e-23
4814.78053566  7.96194959696e-23
5014.71892873  7.95905758763e-23
5222.95995589  7.95540504067e-23
5439.84839201  7.95106712786e-23
5665.74332907  7.94611417425e-23
5901.01877067  7.94061192464e-23
6146.0642513  7.93462178636e-23
6401.28548122  7.92820105238e-23
6667.10501821  7.92140310785e-23
6943.96296717  7.91427762291e-23
7232.31770876  7.906870734e-23
7532.64665837  7.89922521561e-23
7845.44705649  7.89138064403e-23
8171.23679203  7.88337355442e-23
8510.55525972  7.87523759219e-23
8863.96425316  7.86700365939e-23
9232.048895  7.85870005689e-23
9615.41860565  7.85035262257e-23
10014.7081123  7.84198486599e-23
10430.5784998  7.83361809951e-23
10863.7183051  7.8252715662e-23
11314.8446575  7.81696256425e-23
11784.7044657  7.8087065681e-23
12274.0756543  7.80051734606e-23
12783.7684522  7.79240707425e-23
13314.6267339  7.78438644697e-23
13867.5294163  7.77646478303e-23
14443.3919145  7.76865012828e-23
15043.1676568  7.76094935387e-23
15667.8496638  7.75336825038e-23
16318.4721919  7.74591161768e-23
16996.1124464  7.73858335039e-23
17701.8923642  7.73138651889e-23
18436.9804721  7.7243234461e-23
19202.5938207  7.71739577962e-23
20000  7.71060455973e-23

