2 20 101
101
2  0
2.04658598456  9.52115035271e-38
2.0942570961  1.92640767871e-37
2.14303861048  2.92339451317e-37
2.19295639229  3.94360415427e-37
2.2440369086  4.98757753067e-37
2.29630724299  6.05586817086e-37
2.34979510988  7.14904249669e-37
2.40452886923  8.26768012365e-37
2.46053754162  9.41237416822e-37
2.51785082359  1.05837315623e-36
2.57649910339  1.17823733752e-36
2.63651347711  1.30089351425e-36
2.69792576518  1.42640672037e-36
2.76076852921  1.55484350462e-36
2.82507508925  1.6862719659e-36
2.89087954149  1.82076178931e-36
2.95821677634  1.95838428314e-36
3.02712249687  6.82307361134e-34
3.09763323782  2.45079827015e-33
3.16978638492  4.26048262426e-33
3.24362019472  6.11231994207e-33
3.31917381488  8.00729209222e-33
3.39648730492  9.94640381403e-33
3.4756016575  1.19306832502e-32
3.55655882008  1.3961182492e-32
3.63940171722  1.60389781369e-32
3.72417427333  1.81651718598e-32
3.81092143593  2.03408909966e-32
3.89968919952  2.25672891425e-32
3.99052462994  5.17642498028e-32
4.08347588934  1.10429429013e-30
4.17859226171  2.33399839662e-30
4.275924179  3.59234599137e-30
4.3755232479  4.88000426693e-30
4.47744227714  6.19765595676e-30
4.58173530554  7.54599969724e-30
4.68845763064  8.92575039805e-30
4.79766583804  1.03376396213e-29
4.90941783137  1.17824159693e-29
5.02377286302  4.01344877626e-29
5.14079156554  1.72062963359e-28
5.26053598379  3.07386908766e-28
5.38306960785  4.45862953788e-28
5.50845740668  5.87564520258e-28
5.63676586253  7.32566740222e-28
5.76806300625  8.80946495776e-28
5.90241845333  1.03278245983e-27
6.0399034408  2.38771775066e-27
6.18059086503  6.7760033083e-27
6.32455532034  1.12665051676e-26
6.47187313859  1.5861604252e-26
6.62262242965  2.05637369439e-26
6.77688312278  2.53753963763e-26
6.93473700905  3.02991337547e-26
7.09626778467  6.83856605963e-26
7.2615610954  1.30285559124e-25
7.43070458194  1.9362729151e-25
7.60378792641  2.5844444238e-25
7.78090289989  3.24771378644e-25
7.96214341107  3.9349758307e-25
8.14760555608  7.55825957079e-25
8.33738766941  1.20455627493e-24
8.53159037603  1.66373886461e-24
8.7303166448  2.13361719081e-24
8.93367184302  2.61444038923e-24
9.1417637923  3.98132745483e-24
9.35470282574  5.79891755079e-24
9.57260184645  7.65884475882e-24
9.79557638737  9.56209523696e-24
10.0237446725  1.17684417525e-23
10.2572276798  1.57977065572e-23
10.496149205  1.99688224357e-23
10.7406359274  2.42370960842e-23
10.9908174772  2.86571012445e-23
11.2468265038  3.41597153846e-23
11.5087987467  3.98853545289e-23
11.7768731071  4.57443609417e-23
12.0511917215  5.16963540126e-23
12.3319000372  5.76003599329e-23
12.6191468896  6.3640730368e-23
12.9130845807  6.98217991051e-23
13.2138689602  7.56060565146e-23
13.5216595078  8.13001539457e-23
13.8366194184  8.71268839443e-23
14.1589156877  9.27067750064e-23
14.4887192015  9.80141677349e-23
14.826204826  1.03445185521e-22
15.1715515006  1.08660533055e-22
15.5249423326  1.13642637005e-22
15.8865646945  1.18740789063e-22
16.2566103233  1.23548655482e-22
16.6352754221  1.28283483877e-22
17.022760764  1.33073930187e-22
17.4192717991  1.37478630467e-22
17.8250187627  1.41963757403e-22
18.2402167871  1.46254526682e-22
18.6650860159  1.50422493816e-22
19.0998517204  1.54568611673e-22
19.5447444191  1.58405331126e-22
20  1.62331e-22

