1 20000 251
251
1  0
1.04040904696  2.26257162462e-41
1.082450985  4.61657161227e-41
1.12619179768  7.06569449597e-41
1.17170013492  9.61378410129e-41
1.21904742069  1.22648395791e-40
1.26830796516  1.50230216823e-40
1.31955908129  1.78926592955e-40
1.37288120617  2.08782562299e-40
1.4283580273  2.39844982909e-40
1.4860766139  2.72162606333e-40
1.54612755358  3.05786154119e-40
1.6086050945  3.40768397427e-40
1.6736072933  3.77164239847e-40
1.74123616901  4.15030803573e-40
1.81159786313  4.54427519051e-40
1.88480280626  4.95416218254e-40
1.96096589137  5.38061231729e-40
2.04020665416  3.12700833333e-35
2.12264946065  9.53875117121e-35
2.20842370239  1.62095864265e-34
2.29766399949  2.31499837769e-34
2.39051041194  3.03708359698e-34
2.48710865943  3.7883475918e-34
2.58761035005  4.56996944867e-34
2.6921732182  5.38317589985e-34
2.8009613722  6.22924324871e-34
2.91414555182  7.10949937281e-34
3.03190339627  8.67313894587e-32
3.15441972299  4.16813104868e-31
3.28188681771  7.60233107815e-31
3.41450473624  1.11753038579e-30
3.55248161847  1.48926570625e-30
3.69603401502  1.87602249673e-30
3.8453872271  2.27840776051e-30
4.00077566014  3.14396162668e-30
4.16244319166  9.672677531e-29
4.33064355406  1.94091181306e-28
4.50564073281  2.95389990156e-28
4.68770938077  4.0078218733e-28
4.87713524927  5.10433182749e-28
5.07421563659  2.45591469624e-27
5.27925985453  7.63442843371e-27
5.49258971391  1.3022200976e-26
5.71454002959  1.86276882719e-26
5.945459146  2.44596879672e-26
6.18570948383  9.75589163186e-26
6.43566810884  1.94093965581e-25
6.69572732367  2.94529904183e-25
6.96629528353  3.99024363343e-25
7.24779663678  1.09187518912e-24
7.54067319143  1.8953865703e-24
7.84538460853  2.73136708063e-24
8.1624091236  4.78816207878e-24
8.49224429718  8.10380488232e-24
8.83540779578  1.15534296516e-23
9.19243820431  1.69190635097e-23
9.56389587139  2.40824558549e-23
9.95036378878  3.15353140578e-23
10.3524485064  4.04521273105e-23
10.7707810842  4.98996367805e-23
11.2060180829  5.93898981329e-23
11.6588425938  6.8871218877e-23
12.1299653117  7.83696941332e-23
12.6201256496  8.7252489077e-23
13.1300928996  9.61456096442e-23
13.6606674402  1.04338979576e-22
14.2126819923  1.12421776198e-22
14.7870029263  1.20098051478e-22
15.384531622  1.27407297362e-22
16.0062058827  1.34612966035e-22
16.6530014079  1.41216516147e-22
17.3259333238  1.47675354461e-22
18.0260577771  1.53795914038e-22
18.7544735924  1.5701558134e-22
19.5123239965  1.61686293226e-22
20.3007984131  1.67778617693e-22
21.1211343295  1.75264274161e-22
21.9746192385  1.84116037016e-22
22.8625926593  1.94307637979e-22
23.7864482397  2.05813667126e-22
24.7476359436  2.11418209226e-22
25.7476643266  2.14858711076e-22
26.7881029035  2.18067375904e-22
27.8705846117  2.21052986497e-22
28.996808374  2.23823972149e-22
30.1685417653  2.26388422759e-22
31.3876237862  2.28754102498e-22
32.6559677498  2.30928463052e-22
33.9755642841  2.3291865647e-22
35.3484844568  2.34731547638e-22
36.7768830251  2.36373726378e-22
38.2630018183  2.37851519213e-22
39.8091732557  2.39171000807e-22
41.4178240072  2.40338005093e-22
43.0914788025  2.41358136124e-22
44.832764393  2.42236778648e-22
46.6444136747  2.42979108448e-22
48.5292699773  2.43590102449e-22
50.4902915267  2.44074548616e-22
52.5305560881  2.44437055678e-22
54.6532657959  2.44682062676e-22
56.8617521799  2.44813848376e-22
59.159481394  2.44836540557e-22
61.5500596558  2.44754125198e-22
64.0372389068  2.44570455582e-22
66.624922701  2.44289261349e-22
69.3171723311  2.43914157503e-22
72.118213203  2.43448653403e-22
75.032441467  2.42896161756e-22
78.0644309178  2.42260007628e-22
81.2189401726  2.41543437494e-22
84.5009201401  2.40749628333e-22
87.9155217902  2.39881696793e-22
91.4681042388  2.38942708425e-22
95.1642431583  2.37935686995e-22
99.009739529  2.36863623881e-22
103.010628743  2.35729487541e-22
107.173190077  2.34536233044e-22
111.503956548  2.33286811648e-22
116.009725165  2.31984180393e-22
120.697567597  2.30631311667e-22
125.574841273  2.29231202701e-22
130.649200932  2.27786884912e-22
135.928610627  2.26301433021e-22
141.421356237  2.24777973845e-22
147.136058463  2.23219694632e-22
153.081686359  2.21629850808e-22
159.267571411  2.20011772959e-22
165.703422184  2.18368872871e-22
172.399339552  2.16704648407e-22
179.36583256  2.15022686999e-22
186.613834911  2.13326667485e-22
194.154722129  2.11620360047e-22
202.000329413  2.0990762395e-22
210.162970211  2.08192402812e-22
218.655455543  2.06478717135e-22
227.491114114  2.04770653833e-22
236.683813228  2.03072352545e-22
246.247980551  2.01387988562e-22
256.198626761  1.9972175226e-22
266.551369101  1.98077825031e-22
277.322455892  1.96460351789e-22
288.528792035  1.94873410264e-22
300.187965542  1.93438865751e-22
312.318275138  1.91921897112e-22
324.938758985  1.90447092679e-22
338.069224556  1.89017889645e-22
351.730279727  1.87637473425e-22
365.943365117  1.86308739889e-22
380.730787743  1.85034259577e-22
396.115756024  1.83816244985e-22
412.122416211  1.82656521995e-22
428.775890281  1.81556506462e-22
446.102315367  1.80517186867e-22
464.128884777  1.79539113778e-22
482.883890678  1.78622396677e-22
502.396768493  1.77766708532e-22
522.698143103  1.7697129824e-22
543.819876914  1.76235010925e-22
565.795119858  1.755563159e-22
588.658361426  1.7493334201e-22
612.445484796  1.74363920151e-22
637.193823152  1.73845632892e-22
662.942218274  1.73375871726e-22
689.731081504  1.72951903597e-22
717.602457167  1.72570951383e-22
746.600088557  1.72230303032e-22
776.769486596  1.71939628483e-22
808.158001257  1.71719946734e-22
840.814895881  1.71570753467e-22
874.791424493  1.71490775132e-22
910.140912246  1.70897119472e-22
946.918839109  1.71002541485e-22
985.182926946  1.71168031036e-22
1024.99323011  1.71394186362e-22
1066.41222967  1.71681389192e-22
1109.50493154  1.7202980229e-22
1154.33896842  1.72439369447e-22
1200.98470601  1.72909817905e-22
1249.51535339  1.73440663178e-22
1300.00707798  1.74031216135e-22
1352.53912504  1.74680592191e-22
1407.19394206  1.75387722387e-22
1464.05730815  1.78797079777e-22
1523.21846867  1.8033777289e-22
1584.7702753  1.81744682867e-22
1648.80933177  1.83033259975e-22
1715.43614549  1.84217054928e-22
1784.75528525  1.85308046994e-22
1856.87554538  1.8631690133e-22
1931.9101165  1.87253172887e-22
2009.97676312  1.88125469456e-22
2091.19800853  1.88941583097e-22
2175.70132706  1.89708596876e-22
2263.61934415  1.90226024691e-22
2355.09004453  1.90816493306e-22
2450.25698873  1.91343694333e-22
2549.26953846  1.91812690097e-22
2652.28309095  1.92228081475e-22
2759.45932292  1.92594065057e-22
2870.96644429  1.92914481532e-22
2986.97946215  1.93192856823e-22
3107.68045551  1.93432437226e-22
3233.25886097  1.93636219534e-22
3363.91177012  1.93806976945e-22
3499.84423881  1.93947281424e-22
3641.26960901  1.94059523053e-22
3788.40984363  1.94145926818e-22
3941.49587491  1.94208567205e-22
4100.76796681  1.94249380941e-22
4266.47609215  1.94270178115e-22
4438.88032492  1.94272651943e-22
4618.25124841  1.94258387345e-22
4804.87037999  1.94228868515e-22
4999.03061281  1.94185485628e-22
5201.0366756  1.94129540803e-22
5411.20561086  1.9406225344e-22
5629.8672725  1.93984765013e-22
5857.36484349  1.93898143408e-22
6094.05537452  1.93803386875e-22
6340.31034432  1.93701427649e-22
6596.51624277  1.93593135301e-22
6863.0751774  1.93479319845e-22
7140.40550453  1.93360734668e-22
7428.94248588  1.93238079275e-22
7729.13897165  1.93112001918e-22
8041.46611132  1.92983102088e-22
8366.41409304  1.92851932926e-22
8704.49291301  1.92719003532e-22
9056.2331759  1.92584781216e-22
9422.18692758  1.92449693669e-22
9802.92852161  1.92314131076e-22
10199.0555206  1.92178448183e-22
10611.1896341  1.92042966294e-22
11039.9776943  1.91907975222e-22
11486.0926714  1.91773735193e-22
11950.2347295  1.91640478684e-22
12433.1323259  1.91508412219e-22
12935.5433539  1.91377718096e-22
13458.2563327  1.9124855607e-22
14002.0916449  1.91121064965e-22
14567.9028237  1.90995364228e-22
15156.577893  1.90871555428e-22
15769.0407609  1.9074972368e-22
16406.2526695  1.90629939006e-22
17069.213704  1.90512257641e-22
17758.9643622  1.90396723255e-22
18476.5871871  1.90283368122e-22
19223.2084664  1.90172214222e-22
20000  1.90063274267e-22

