1 20000 251
251
1  0
1.04040904696  1.34408812756e-35
1.082450985  2.74248957538e-35
1.12619179768  4.19739909298e-35
1.17170013492  5.71110011759e-35
1.21904742069  7.28596835799e-35
1.26830796516  8.92447552308e-35
1.31955908129  1.06291932011e-34
1.37288120617  1.24027968959e-34
1.4283580273  1.42480702257e-34
1.4860766139  1.61679092921e-34
1.54612755358  1.81653272255e-34
1.6086050945  2.02434589139e-34
1.6736072933  2.24055659234e-34
1.74123616901  2.46550416165e-34
1.81159786313  2.69954164785e-34
1.88480280626  2.94303636583e-34
1.96096589137  3.19637047329e-34
2.04020665416  4.55376161427e-31
2.12264946065  1.38843232765e-30
2.20842370239  2.35919240432e-30
2.29766399949  3.36917997051e-30
2.39051041194  4.41998017169e-30
2.48710865943  5.51324220755e-30
2.58761035005  6.65068192035e-30
2.6921732182  7.83408448792e-30
2.8009613722  9.06530722542e-30
2.91414555182  1.03462825003e-29
3.03190339627  1.43858104552e-28
3.15441972299  6.52842561921e-28
3.28188681771  1.18239459613e-27
3.41450473624  1.73334532336e-27
3.55248161847  2.30655944439e-27
3.69603401502  2.90293660177e-27
3.8453872271  3.5234127917e-27
4.00077566014  4.30429847414e-27
4.16244319166  3.31835719533e-26
4.33064355406  6.32298293507e-26
4.50564073281  9.44902273742e-26
4.68770938077  1.27013828289e-25
4.87713524927  1.60851676921e-25
5.07421563659  3.45642848997e-25
5.27925985453  7.95549308528e-25
5.49258971391  1.26363605931e-24
5.71454002959  1.75063774958e-24
5.945459146  2.25731871403e-24
6.18570948383  4.3452191946e-24
6.43566810884  6.99438601756e-24
6.69572732367  9.75060314708e-24
6.96629528353  1.2618196384e-23
7.24779663678  1.83281254307e-23
7.54067319143  2.4654619387e-23
7.84538460853  3.12367609347e-23
8.1624091236  3.85028659217e-23
8.49224429718  4.64765941159e-23
8.83540779578  5.4772533067e-23
9.19243820431  6.28504353691e-23
9.56389587139  7.07624268125e-23
9.95036378878  7.89941342896e-23
10.3524485064  8.63030815122e-23
10.7707810842  9.3723431444e-23
11.2060180829  1.00811476163e-22
11.6588425938  1.07454175633e-22
12.1299653117  1.14050491691e-22
12.6201256496  1.20053597057e-22
13.1300928996  1.26060416275e-22
13.6606674402  1.31584286127e-22
14.2126819923  1.36991623382e-22
14.7870029263  1.42053497995e-22
15.384531622  1.46864549445e-22
16.0062058827  1.51601102832e-22
16.6530014079  1.55860344569e-22
17.3259333238  1.59984205112e-22
18.0260577771  1.63851506051e-22
18.7544735924  1.66094176514e-22
19.5123239965  1.69243322502e-22
20.3007984131  1.73273132059e-22
21.1211343295  1.78158223417e-22
21.9746192385  1.83873559401e-22
22.8625926593  1.90394360005e-22
23.7864482397  1.97696012964e-22
24.7476359436  2.0110406492e-22
25.7476643266  2.03094389431e-22
26.7881029035  2.04924606414e-22
27.8705846117  2.06600660455e-22
28.996808374  2.08128256119e-22
30.1685417653  2.09512867651e-22
31.3876237862  2.10759748381e-22
32.6559677498  2.11873939865e-22
33.9755642841  2.12860280756e-22
35.3484844568  2.13723415434e-22
36.7768830251  2.144678024e-22
38.2630018183  2.15097722449e-22
39.8091732557  2.15617286636e-22
41.4178240072  2.16030444054e-22
43.0914788025  2.16340989431e-22
44.832764393  2.16552570565e-22
46.6444136747  2.16668695616e-22
48.5292699773  2.16692740262e-22
50.4902915267  2.16627954738e-22
52.5305560881  2.16477470779e-22
54.6532657959  2.16244308473e-22
56.8617521799  2.15931383052e-22
59.159481394  2.15541511626e-22
61.5500596558  2.15077419884e-22
64.0372389068  2.14541748774e-22
66.624922701  2.13937061185e-22
69.3171723311  2.13265848635e-22
72.118213203  2.12530537997e-22
75.032441467  2.1173349826e-22
78.0644309178  2.10877047355e-22
81.2189401726  2.09963459048e-22
84.5009201401  2.08994969916e-22
87.9155217902  2.07973786415e-22
91.4681042388  2.06902092046e-22
95.1642431583  2.0578205462e-22
99.009739529  2.04615833624e-22
103.010628743  2.03405587681e-22
107.173190077  2.02153482093e-22
111.503956548  2.00861696444e-22
116.009725165  1.99532432245e-22
120.697567597  1.98167920571e-22
125.574841273  1.96770429655e-22
130.649200932  1.95342272371e-22
135.928610627  1.93885813532e-22
141.421356237  1.92403476915e-22
147.136058463  1.90897751903e-22
153.081686359  1.89371199616e-22
159.267571411  1.87826458392e-22
165.703422184  1.86266248447e-22
172.399339552  1.84693375527e-22
179.36583256  1.83110733358e-22
186.613834911  1.81521304659e-22
194.154722129  1.79928160502e-22
202.000329413  1.78334457762e-22
210.162970211  1.76743434426e-22
218.655455543  1.7515840252e-22
227.491114114  1.73582738435e-22
236.683813228  1.72019870474e-22
246.247980551  1.7047326346e-22
256.198626761  1.68946400349e-22
266.551369101  1.67442760803e-22
277.322455892  1.65965796845e-22
288.528792035  1.64518905752e-22
300.187965542  1.63208659811e-22
312.318275138  1.618291733e-22
324.938758985  1.60489451762e-22
338.069224556  1.59192347001e-22
351.730279727  1.57940494476e-22
365.943365117  1.56736280442e-22
380.730787743  1.55581810882e-22
396.115756024  1.54478883171e-22
412.122416211  1.53428961396e-22
428.775890281  1.52433156207e-22
446.102315367  1.51492209967e-22
464.128884777  1.50606487847e-22
482.883890678  1.4977597532e-22
502.396768493  1.49000282391e-22
522.698143103  1.48278654634e-22
543.819876914  1.47609991043e-22
565.795119858  1.46992868487e-22
588.658361426  1.4642557255e-22
612.445484796  1.4590613455e-22
637.193823152  1.45432374694e-22
662.942218274  1.45001951804e-22
689.731081504  1.44612421083e-22
717.602457167  1.44261303959e-22
746.600088557  1.43946182851e-22
776.769486596  1.43675424976e-22
808.158001257  1.43467276088e-22
840.814895881  1.43321240997e-22
874.791424493  1.43236159193e-22
910.140912246  1.42703589453e-22
946.918839109  1.42781284054e-22
985.182926946  1.42911821868e-22
1024.99323011  1.43095694617e-22
1066.41222967  1.43333208436e-22
1109.50493154  1.43624481679e-22
1154.33896842  1.4396944482e-22
1200.98470601  1.44367842446e-22
1249.51535339  1.44819237306e-22
1300.00707798  1.45323016302e-22
1352.53912504  1.45878398295e-22
1407.19394206  1.46484443538e-22
1464.05730815  1.49442641847e-22
1523.21846867  1.5077517598e-22
1584.7702753  1.51991717156e-22
1648.80933177  1.53105666449e-22
1715.43614549  1.54128782608e-22
1784.75528525  1.55071464673e-22
1856.87554538  1.55942973848e-22
1931.9101165  1.5675160944e-22
2009.97676312  1.57504849643e-22
2091.19800853  1.58209465107e-22
2175.70132706  1.5887161122e-22
2263.61934415  1.59316247593e-22
2355.09004453  1.59824986286e-22
2450.25698873  1.60278817951e-22
2549.26953846  1.60682143144e-22
2652.28309095  1.61038961412e-22
2759.45932292  1.61352920889e-22
2870.96644429  1.61627360297e-22
2986.97946215  1.61865344666e-22
3107.68045551  1.62069695856e-22
3233.25886097  1.62243018727e-22
3363.91177012  1.62387723659e-22
3499.84423881  1.62506045987e-22
3641.26960901  1.62600062824e-22
3788.40984363  1.62671707659e-22
3941.49587491  1.62722783054e-22
4100.76796681  1.6275497172e-22
4266.47609215  1.627698462e-22
4438.88032492  1.62768877357e-22
4618.25124841  1.62753441841e-22
4804.87037999  1.62724828675e-22
4999.03061281  1.62684245092e-22
5201.0366756  1.62632821726e-22
5411.20561086  1.62571617256e-22
5629.8672725  1.62501622576e-22
5857.36484349  1.62423764574e-22
6094.05537452  1.62338909574e-22
6340.31034432  1.62247866482e-22
6596.51624277  1.62151389708e-22
6863.0751774  1.62050181871e-22
7140.40550453  1.61944896349e-22
7428.94248588  1.61836139669e-22
7729.13897165  1.61724473795e-22
8041.46611132  1.61610418299e-22
8366.41409304  1.61494452459e-22
8704.49291301  1.61377017274e-22
9056.2331759  1.61258517415e-22
9422.18692758  1.61139323121e-22
9802.92852161  1.61019772039e-22
10199.0555206  1.6090017102e-22
10611.1896341  1.60780797858e-22
11039.9776943  1.60661902992e-22
11486.0926714  1.60543711156e-22
11950.2347295  1.60426422986e-22
12433.1323259  1.60310216576e-22
12935.5433539  1.60195248987e-22
13458.2563327  1.60081657707e-22
14002.0916449  1.59969562054e-22
14567.9028237  1.59859064532e-22
15156.577893  1.59750252128e-22
15769.0407609  1.59643197556e-22
16406.2526695  1.5953796044e-22
17069.213704  1.59434588445e-22
17758.9643622  1.59333118348e-22
18476.5871871  1.59233577047e-22
19223.2084664  1.59135982521e-22
20000  1.59040344724e-22

