2 20 101
101
2  0
2.04658598456  5.66671916206e-38
2.0942570961  1.14654331698e-37
2.14303861048  1.73992165782e-37
2.19295639229  2.34712155577e-37
2.2440369086  2.96846495626e-37
2.29630724299  3.60428130378e-37
2.34979510988  4.25490771657e-37
2.40452886923  4.92068916537e-37
2.46053754162  5.60197865632e-37
2.51785082359  6.29913741813e-37
2.57649910339  7.01253509359e-37
2.63651347711  7.7425499356e-37
2.69792576518  8.48956900769e-37
2.76076852921  9.25398838926e-37
2.82507508925  1.00362133856e-36
2.89087954149  1.08366587427e-36
2.95821677634  1.16557488674e-36
3.02712249687  4.62051587301e-34
3.09763323782  1.66009137938e-33
3.16978638492  2.88603710308e-33
3.24362019472  4.14053877106e-33
3.31917381488  5.42426153671e-33
3.39648730492  6.73788604683e-33
3.4756016575  8.08210880253e-33
3.55655882008  9.4576425285e-33
3.63940171722  1.08652165509e-32
3.72417427333  1.23055771842e-32
3.81092143593  1.37794881266e-32
3.89968919952  1.52877308652e-32
3.99052462994  3.6805685997e-32
4.08347588934  8.1766769595e-31
4.17859226171  1.72999530017e-30
4.275924179  2.66357374424e-30
4.3755232479  3.6188980238e-30
4.47744227714  4.59647466443e-30
4.58173530554  5.5968219902e-30
4.68845763064  6.6204703985e-30
4.79766583804  7.66796264129e-30
4.90941783137  8.73985411279e-30
5.02377286302  3.09129395706e-29
5.14079156554  1.34316567258e-28
5.26053598379  2.40381671634e-28
5.38306960785  3.48917349667e-28
5.50845740668  4.59981148412e-28
5.63676586253  5.73631955363e-28
5.76806300625  6.89930029683e-28
5.90241845333  8.0893703415e-28
6.0399034408  1.89553603559e-27
6.18059086503  5.42181411464e-27
6.32455532034  9.03022976176e-27
6.47187313859  1.27226962067e-26
6.62262242965  1.6501171244e-26
6.77688312278  2.03676582713e-26
6.93473700905  2.4324207351e-26
7.09626778467  5.55498289745e-26
7.2615610954  1.06356033894e-25
7.43070458194  1.58345667352e-25
7.60378792641  2.11546294941e-25
7.78090289989  2.65986124338e-25
7.96214341107  3.22435656375e-25
8.14760555608  6.33688117905e-25
8.33738766941  1.01987004685e-24
8.53159037603  1.41504730848e-24
8.7303166448  1.81942943101e-24
8.93367184302  2.2332308232e-24
9.1417637923  3.48915465845e-24
9.35470282574  5.17290618372e-24
9.57260184645  6.89587732027e-24
9.79557638737  8.6589816102e-24
10.0237446725  1.07290614951e-23
10.2572276798  1.4667794138e-23
10.496149205  1.87475942096e-23
10.7406359274  2.29224250328e-23
10.9908174772  2.72495228033e-23
11.2468265038  3.27078547377e-23
11.5087987467  3.83930977622e-23
11.7768731071  4.42107671086e-23
12.0511917215  5.01248489071e-23
12.3319000372  5.60088946003e-23
12.6191468896  6.20289566829e-23
12.9130845807  6.81892440253e-23
13.2138689602  7.39916926636e-23
13.5216595078  7.97208135811e-23
13.8366194184  8.55833828679e-23
14.1589156877  9.12301610731e-23
14.4887192015  9.66377843874e-23
14.826204826  1.0217136743e-22
15.1715515006  1.07508496758e-22
15.5249423326  1.12632663822e-22
15.8865646945  1.1787618807e-22
16.2566103233  1.22816133161e-22
16.6352754221  1.27678571695e-22
17.022760764  1.32595528562e-22
17.4192717991  1.37092643709e-22
17.8250187627  1.41670686699e-22
18.2402167871  1.46034916815e-22
18.6650860159  1.50261940773e-22
19.0998517204  1.54464583384e-22
19.5447444191  1.58345805568e-22
20  1.62317e-22

