1 20 101
101
1  0
1.03041055791  2.33767479192e-38
1.06174591785  4.74643957847e-38
1.09403420358  7.22845624606e-38
1.12730439408  9.78595242526e-38
1.16158634964  1.24212234901e-37
1.1969108386  1.51366346183e-37
1.23330956497  1.79346229139e-37
1.27081519692  2.08176995945e-37
1.30946139606  2.37884522455e-37
1.34928284767  2.68495471421e-37
1.39031529185  3.00037316423e-37
1.43259555555  3.32538366528e-37
1.47616158565  3.66027791701e-37
1.52105248304  4.00535648976e-37
1.56730853766  4.36092909444e-37
1.61497126471  4.72731486041e-37
1.66408344188  5.10484262193e-37
1.71468914776  5.4938512133e-37
1.76683380139  5.89468977297e-37
1.82056420303  6.30771805687e-37
1.87592857615  6.73330676132e-37
1.93297661076  7.17183785571e-37
1.99175950792  1.15620024939e-34
2.05233002578  7.39250161003e-33
2.11474252688  1.62084066514e-32
2.17905302696  2.52924082835e-32
2.24531924523  3.46526594734e-32
2.31360065617  4.42975611241e-32
2.3839585429  5.4235769615e-32
2.45645605223  6.44762045708e-32
2.53115825126  7.50280568668e-32
2.60813218585  8.59007968782e-32
2.68744694072  9.71041829793e-32
2.76917370155  1.08648270302e-31
2.85338581877  1.20543419761e-31
2.94015887345  1.32800307352e-31
3.02957074514  4.54657684668e-30
3.12170168173  1.82718519472e-29
3.21663437151  3.2414520321e-29
3.31445401734  4.69872751304e-29
3.41524841318  6.20031955438e-29
3.51910802283  7.74757584746e-29
3.62612606115  9.34188506764e-29
3.73639857773  1.09846781207e-28
3.85002454306  1.2677429427e-28
3.96710593738  1.4421658245e-28
4.08774784223  1.37361909707e-27
4.21205853471  3.10834783524e-27
4.34014958471  4.89583064217e-27
4.472135955  6.73767179852e-27
4.60813610445  8.63552437201e-27
4.74827209431  1.05910917011e-26
4.89266969782  1.26061289237e-26
5.041458513  2.72845189749e-26
5.19477207907  7.6026443171e-26
5.35274799621  1.26250636475e-25
5.51552804914  1.78002175519e-25
5.68325833429  2.31327507738e-25
5.85608939099  2.8627449306e-25
6.03417633655  4.27485577329e-25
6.21767900547  9.27747610529e-25
6.40676209294  1.44520997243e-24
6.6015953026  1.97840865344e-24
6.80235349885  2.52782220383e-24
7.00921686386  3.23881690578e-24
7.22237105921  5.42260216276e-24
7.44200739256  7.74753621311e-24
7.66832298935  1.0143172805e-23
7.9015209697  1.26116620423e-23
8.14181063074  1.65039406164e-23
8.38940763443  2.14796747622e-23
8.64453420113  2.66067237594e-23
8.90741930907  3.18896891771e-23
9.17829889981  3.78557817866e-23
9.45741609003  4.42828458555e-23
9.74502138973  5.09053605284e-23
10.041372927  5.76365948378e-23
10.34673668  6.40546375859e-23
10.661386715  7.06591732855e-23
10.9856054331  7.74175751112e-23
11.3196838233  8.34414714837e-23
11.6639217237  8.95521073021e-23
12.0186280908  9.57526583687e-23
12.3841212763  1.01230974155e-22
12.7607293136  1.06832303154e-22
13.1487902114  1.12251770383e-22
13.5486522576  1.17252445133e-22
13.9606743317  1.22384909247e-22
14.3852262269  1.26987332077e-22
14.8226889821  1.31632311612e-22
15.2734552238  1.36045828097e-22
15.7379295184  1.40344537693e-22
16.2165287354  1.44507643102e-22
16.7096824217  1.48465201434e-22
17.2178331866  1.52333991464e-22
17.7414370999  1.56033253111e-22
18.2809641002  1.59616025626e-22
18.8368984177  1.6309061511e-22
19.4097390079  1.66343487332e-22
20  1.69561e-22

