1 20 101
101
1  0
1.03041055791  7.43541181986e-41
1.06174591785  1.50969386615e-40
1.09403420358  2.29914568088e-40
1.12730439408  3.11260516574e-40
1.16158634964  3.95080240737e-40
1.1969108386  4.81448969476e-40
1.23330956497  5.70444219442e-40
1.27081519692  6.62145864611e-40
1.30946139606  7.56636207971e-40
1.34928284767  8.5400005539e-40
1.39031529185  9.5432479173e-40
1.43259555555  1.05770045927e-39
1.47616158565  1.16421983854e-39
1.52105248304  1.27397853156e-39
1.56730853766  1.38707504767e-39
1.61497126471  1.50361089193e-39
1.66408344188  1.62369065624e-39
1.71468914776  1.74742211317e-39
1.76683380139  1.87491631274e-39
1.82056420303  2.00628768204e-39
1.87592857615  2.14165412798e-39
1.93297661076  2.28113714306e-39
1.99175950792  1.81516083438e-36
2.05233002578  1.16661643532e-34
2.11474252688  2.55797679639e-34
2.17905302696  3.9916492023e-34
2.24531924523  5.46892038594e-34
2.31360065617  6.99111621046e-34
2.3839585429  8.55960285925e-34
2.45645605223  1.01757880621e-33
2.53115825126  1.18411223587e-33
2.60813218585  1.35571004003e-33
2.68744694072  1.53252622915e-33
2.76917370155  1.71471949724e-33
2.85338581877  1.90245336425e-33
2.94015887345  2.0958963229e-33
3.02957074514  1.77731693109e-31
3.12170168173  7.24528866271e-31
3.21663437151  1.28795444653e-30
3.31445401734  1.86851411303e-30
3.41524841318  2.46672892289e-30
3.51910802283  3.08313577886e-30
3.62612606115  3.71828791123e-30
3.73639857773  4.3727553743e-30
3.85002454306  5.04712555806e-30
3.96710593738  5.74200371534e-30
4.08774784223  9.93529484232e-29
4.21205853471  2.31693212874e-28
4.34014958471  3.68058018601e-28
4.472135955  5.0856975415e-28
4.60813610445  6.53354529969e-28
4.74827209431  8.02542291599e-28
4.89266969782  9.56266936293e-28
5.041458513  2.78700240325e-27
5.19477207907  9.13451672885e-27
5.35274799621  1.56750625065e-26
5.51552804914  2.24145099302e-26
5.68325833429  2.93589077101e-26
5.85608939099  3.65144885008e-26
6.03417633655  6.30621075858e-26
6.21767900547  1.70828518724e-25
6.40676209294  2.82322571382e-25
6.6015953026  3.97207220385e-25
6.80235349885  5.1558557566e-25
7.00921686386  6.9763621896e-25
7.22237105921  1.4869570074e-24
7.44200739256  2.33127221593e-24
7.66832298935  3.20126352101e-24
7.9015209697  4.09771174705e-24
8.14181063074  6.19633233856e-24
8.38940763443  9.19949086764e-24
8.64453420113  1.22939771231e-23
8.90741930907  1.5482568432e-23
9.17829889981  2.02158922522e-23
9.45741609003  2.58677641487e-23
9.74502138973  3.16915126228e-23
10.041372927  3.77894720706e-23
10.34673668  4.46155377601e-23
10.661386715  5.16582865634e-23
10.9856054331  5.88886078628e-23
11.3196838233  6.58065509161e-23
11.6639217237  7.28802611085e-23
12.0186280908  8.0076263403e-23
12.3841212763  8.66096382922e-23
12.7607293136  9.3299515162e-23
13.1487902114  9.97822780895e-23
13.5486522576  1.05781888203e-22
13.9606743317  1.11940719964e-22
14.3852262269  1.17501075206e-22
14.8226889821  1.23118971909e-22
15.2734552238  1.28411390753e-22
15.7379295184  1.335331488e-22
16.2165287354  1.38510770067e-22
16.7096824217  1.4326575791e-22
17.2178331866  1.4792093875e-22
17.7414370999  1.52382044091e-22
18.2809641002  1.56692511716e-22
18.8368984177  1.60862575031e-22
19.4097390079  1.64825924746e-22
20  1.68773e-22

