0.5 20 151
151
0.5  0
0.512448710082  2.59446056568e-38
0.52520736093  5.25351650616e-38
0.538283669269  7.97877607963e-38
0.55168554395  1.07718875858e-37
0.565421090737  1.36345403626e-37
0.579498617203  1.65684658085e-37
0.59392663776  1.95754384289e-37
0.608713878807  2.265727691e-37
0.623869284008  2.58158452187e-37
0.6394020197  2.90530537297e-37
0.655321480438  3.23708603811e-37
0.67163729468  3.57712718588e-37
0.688359330604  3.92563448098e-37
0.705497702082  4.28281870863e-37
0.723062774796  4.64889590208e-37
0.741065172505  5.02408747322e-37
0.759515783475  5.40862034655e-37
0.778425767058  5.8027270964e-37
0.797806560447  6.20664608759e-37
0.817669885593  6.62062161961e-37
0.83802775629  7.04490407439e-37
0.858892485448  7.47975006772e-37
0.880276692535  7.92542260445e-37
0.90219331121  8.38219123758e-37
0.924655597149  8.85033223129e-37
0.947677136058  9.33012872802e-37
0.971271851895  9.82187091972e-37
0.995454015286  2.31573357928e-33
1.02023825216  4.00145671187e-31
1.04563955259  9.0237253647e-31
1.07167327987  1.41710355504e-30
1.0983551798  1.94465004804e-30
1.1257013902  2.48533108774e-30
1.15372845069  3.03947369046e-30
1.18245331269  3.60741301439e-30
1.21189334964  4.1894925623e-30
1.24206636756  4.78606438928e-30
1.27299061578  5.39748931569e-30
1.30468479801  6.0241371454e-30
1.33716808361  6.66638688942e-30
1.37046011922  7.32462699517e-30
1.40458104063  7.99925558139e-30
1.43955148495  8.69068067899e-30
1.47539260312  9.39932047775e-30
1.51212607267  1.01256035793e-29
1.54977411084  1.08699692564e-29
1.58835948804  1.16328677186e-29
1.62790554158  1.24147603843e-29
1.66843618984  1.32161201602e-29
1.70997594668  1.40374317271e-29
1.75254993629  1.48791918333e-29
1.79618390842  1.57419095944e-29
1.84090425388  1.66261068022e-29
1.88673802057  1.75323182393e-29
1.93371292981  1.84610920033e-29
1.9818573931  1.9412989838e-29
2.03120052932  6.89314101826e-28
2.08177218234  1.77454780659e-27
2.13360293905  2.88680103089e-27
2.18672414789  4.02674649104e-27
2.24116793778  5.19507365227e-27
2.29696723759  6.39248914573e-27
2.35415579601  7.61971719584e-27
2.41276820199  8.87750005835e-27
2.47283990568  1.01665984693e-26
2.53440723981  1.14877921049e-26
2.59750744173  1.28418800537e-26
2.66217867588  1.4229681299e-26
2.72846005693  1.56520352151e-26
2.79639167337  1.71098020742e-26
2.86601461181  1.86038635674e-26
2.9373709818  2.01351233372e-26
3.01050394131  3.27998180333e-26
3.08545772284  1.06192562989e-25
3.16227766017  1.82343467798e-25
3.24101021575  2.60390333681e-25
3.32170300885  3.40380365176e-25
3.40440484432  4.22361942094e-25
3.48916574214  5.06384648779e-25
3.57603696765  5.92499304095e-25
3.66507106256  6.80757992167e-25
3.75632187674  7.71214093879e-25
3.84984460077  8.63922319161e-25
3.94569579937  9.58938740082e-25
4.04393344553  1.39377138364e-24
4.14461695564  2.26692294736e-24
4.2478072254  3.16181373244e-24
4.35356666667  4.07898498939e-24
4.46195924519  5.01899144449e-24
4.57305051927  5.98240163526e-24
4.68690767949  6.96979825434e-24
4.80359958925  7.98177850192e-24
4.92319682653  9.01895444692e-24
5.04577172647  1.06914428412e-23
5.1713984252  1.34537339992e-23
5.30015290463  1.62847990809e-23
5.43211303844  1.91863503794e-23
5.56735863914  2.21601428196e-23
5.70597150638  2.52079750198e-23
5.84803547643  2.83316903788e-23
5.99363647282  3.15551536944e-23
6.1428625584  3.52968659388e-23
6.29580398853  3.91762864906e-23
6.4525532657  4.31522946059e-23
6.6132051955  4.72272950658e-23
6.77785694388  5.14037525244e-23
6.94660809603  5.56841929991e-23
7.11956071652  5.96091522493e-23
7.29681941106  6.34203577616e-23
7.47849138981  6.73264524589e-23
7.66468653214  7.1329798837e-23
7.85551745316  7.5432818212e-23
8.0510995718  7.9415830664e-23
8.25155118063  8.2854215196e-23
8.45699351738  8.63782066324e-23
8.66755083831  8.99899363642e-23
8.88335049333  9.36915888487e-23
9.10452300303  9.70911745651e-23
9.33120213764  1.00124481405e-22
9.5635249979  1.03233309759e-22
9.80163209803  1.0641953992e-22
10.0456674507  1.09567318543e-22
10.295778654  1.12288818191e-22
10.5521169811  1.15074959468e-22
10.8148374712  1.17930468474e-22
11.0840990237  1.20670708852e-22
11.3600644943  1.23058638069e-22
11.6429007931  1.25506020563e-22
11.9327789861  1.28014002135e-22
12.2298743982  1.30204661039e-22
12.5343667197  1.32335498304e-22
12.8464401144  1.3451938792e-22
13.1662833315  1.36581390423e-22
13.4940898196  1.38527905349e-22
13.8300578436  1.40522883475e-22
14.1743906047  1.42396279837e-22
14.5272963631  1.44145280776e-22
14.8889885645  1.45937827326e-22
15.2596859686  1.47551933414e-22
15.6396127818  1.49108493567e-22
16.0289987924  1.50679911231e-22
16.4280795102  1.52093980273e-22
16.8370963082  1.53535764487e-22
17.2562965694  1.5490118751e-22
17.6859338356  1.5622747775e-22
18.1262679613  1.57532620241e-22
18.5775652707  1.5873216849e-22
19.0400987189  1.59941583663e-22
19.5141480567  1.61028800013e-22
20  1.62138e-22

