1 20 101
101
1  0
1.03041055791  8.45398304654e-36
1.06174591785  1.71650564341e-35
1.09403420358  2.61410384234e-35
1.12730439408  3.53899850327e-35
1.16158634964  4.49201972686e-35
1.1969108386  5.47402285756e-35
1.23330956497  6.48588925133e-35
1.27081519692  7.52852706666e-35
1.30946139606  8.60287207967e-35
1.34928284767  9.7098885239e-35
1.39031529185  1.08505699558e-34
1.43259555555  1.20259401465e-34
1.47616158565  1.32370540004e-34
1.52105248304  1.44849985023e-34
1.56730853766  1.57708936928e-34
1.61497126471  1.70958936734e-34
1.66408344188  1.84611876426e-34
1.71468914776  1.98680009632e-34
1.76683380139  2.13175962617e-34
1.82056420303  2.2811274562e-34
1.87592857615  2.43503764528e-34
1.93297661076  2.59362832907e-34
1.99175950792  8.04058995237e-33
2.05233002578  5.000036811e-31
2.11474252688  1.09601198551e-30
2.17905302696  1.71014523498e-30
2.24531924523  2.34295461919e-30
2.31360065617  2.99500808983e-30
2.3839585429  3.6668908703e-30
2.45645605223  4.35920598098e-30
2.53115825126  5.07257478042e-30
2.60813218585  5.80763752305e-30
2.68744694072  6.56505393378e-30
2.76917370155  7.34550380014e-30
2.85338581877  8.14968758235e-30
2.94015887345  8.97832704204e-30
3.02957074514  1.16577550053e-28
3.12170168173  4.50034439602e-28
3.21663437151  7.93631939201e-28
3.31445401734  1.14767843046e-27
3.41524841318  1.51249167304e-27
3.51910802283  1.88839908987e-27
3.62612606115  2.27573806096e-27
3.73639857773  2.67485622627e-27
3.85002454306  3.08611179765e-27
3.96710593738  3.50987388041e-27
4.08774784223  1.77410706171e-26
4.21205853471  3.77334707481e-26
4.34014958471  5.83338509211e-26
4.472135955  7.95607001483e-26
4.60813610445  1.01433069703e-25
4.74827209431  1.23970590219e-25
4.89266969782  1.47193489308e-25
5.041458513  2.47273562035e-25
5.19477207907  5.5353657445e-25
5.35274799621  8.69113215939e-25
5.51552804914  1.19428671916e-24
5.68325833429  1.52934893003e-24
5.85608939099  1.87460056967e-24
6.03417633655  2.49820726215e-24
6.21767900547  4.26407990204e-24
6.40676209294  6.08994560955e-24
6.6015953026  7.97133691188e-24
6.80235349885  9.90994237338e-24
7.00921686386  1.21051360755e-23
7.22237105921  1.63467530643e-23
7.44200739256  2.08193175385e-23
7.66832298935  2.54278951937e-23
7.9015209697  3.01766222665e-23
8.14181063074  3.55428410432e-23
8.38940763443  4.14107662321e-23
8.64453420113  4.74571382998e-23
8.90741930907  5.36873839154e-23
9.17829889981  5.96805859779e-23
9.45741609003  6.56278475967e-23
9.74502138973  7.17559687595e-23
10.041372927  7.7907592203e-23
10.34673668  8.33361980663e-23
10.661386715  8.89146316832e-23
10.9856054331  9.46184538117e-23
11.3196838233  9.96102579296e-23
11.6639217237  1.04663012814e-22
12.0186280908  1.09782177022e-22
12.3841212763  1.14228502593e-22
12.7607293136  1.18770395522e-22
13.1487902114  1.23180206925e-22
13.5486522576  1.27276393726e-22
13.9606743317  1.31480398558e-22
14.3852262269  1.35245689781e-22
14.8226889821  1.3904505381e-22
15.2734552238  1.42624702515e-22
15.7379295184  1.46089216278e-22
16.2165287354  1.49459015286e-22
16.7096824217  1.52681774626e-22
17.2178331866  1.55809104005e-22
17.7414370999  1.58765895303e-22
18.2809641002  1.61604971804e-22
18.8368984177  1.64333497434e-22
19.4097390079  1.66920052335e-22
20  1.69493e-22

