2 20 101
101
2  0
2.04658598456  5.06506117145e-37
2.0942570961  1.02481027737e-36
2.14303861048  1.55518729239e-36
2.19295639229  2.09791837513e-36
2.2440369086  2.6532912888e-36
2.29630724299  3.22160049945e-36
2.34979510988  3.80314733216e-36
2.40452886923  4.39824013076e-36
2.46053754162  5.00719442132e-36
2.51785082359  5.63033307946e-36
2.57649910339  6.26798650157e-36
2.63651347711  6.92049277991e-36
2.69792576518  7.58819788196e-36
2.76076852921  8.27145583379e-36
2.82507508925  8.97062890782e-36
2.89087954149  9.68608781487e-36
2.95821677634  1.04182119007e-35
3.02712249687  2.53785186923e-33
3.09763323782  9.10727608315e-33
3.16978638492  1.58297218446e-32
3.24362019472  2.27087534832e-32
3.31917381488  2.97480183528e-32
3.39648730492  3.69512487645e-32
3.4756016575  4.43222639667e-32
3.55655882008  5.18649721691e-32
3.63940171722  5.95833726154e-32
3.72417427333  6.74815577037e-32
3.81092143593  7.55637151563e-32
3.89968919952  8.38341302401e-32
3.99052462994  1.69191240595e-31
4.08347588934  3.17777438479e-30
4.17859226171  6.69250696726e-30
4.275924179  1.02891081886e-29
4.3755232479  1.39694850145e-29
4.47744227714  1.77355888294e-29
4.58173530554  2.15894164713e-29
4.68845763064  2.55330112908e-29
4.79766583804  2.95684642339e-29
4.90941783137  3.36979149514e-29
5.02377286302  1.00742356618e-28
5.14079156554  4.0992098788e-28
5.26053598379  7.27055086817e-28
5.38306960785  1.05157618787e-27
5.50845740668  1.38365635643e-27
5.63676586253  1.72347166579e-27
5.76806300625  2.07120229053e-27
5.90241845333  2.42703260203e-27
6.0399034408  5.23019342406e-27
6.18059086503  1.42021160622e-26
6.32455532034  2.33830216252e-26
6.47187313859  3.27777779505e-26
6.62262242965  4.23913662624e-26
6.77688312278  5.22288838127e-26
6.93473700905  6.22955465833e-26
7.09626778467  1.33619056913e-25
7.2615610954  2.48936513671e-25
7.43070458194  3.66940059059e-25
7.60378792641  4.87692260119e-25
7.78090289989  6.11257141265e-25
7.96214341107  7.39081196411e-25
8.14760555608  1.34189508901e-24
8.33738766941  2.08477420798e-24
8.53159037603  2.84495720454e-24
8.7303166448  3.62284713777e-24
8.93367184302  4.41885645521e-24
9.1417637923  6.31773450073e-24
9.35470282574  8.77999326167e-24
9.57260184645  1.12996053969e-23
9.79557638737  1.38779068382e-23
10.0237446725  1.67429211039e-23
10.2572276798  2.12263865935e-23
10.496149205  2.5856327369e-23
10.7406359274  3.05941133192e-23
10.9908174772  3.54737572963e-23
11.2468265038  4.10569980341e-23
11.5087987467  4.68274082348e-23
11.7768731071  5.27322285557e-23
12.0511917215  5.87057535791e-23
12.3319000372  6.45230062613e-23
12.6191468896  7.04739280266e-23
12.9130845807  7.65634645667e-23
13.2138689602  8.22364349181e-23
13.5216595078  8.78093244315e-23
13.8366194184  9.35120232173e-23
14.1589156877  9.893988533e-23
14.4887192015  1.04065292479e-22
14.826204826  1.09310085698e-22
15.1715515006  1.14303614254e-22
15.5249423326  1.19026329333e-22
15.8865646945  1.23859050577e-22
16.2566103233  1.28385552313e-22
16.6352754221  1.32828051252e-22
17.022760764  1.37322299768e-22
17.4192717991  1.41450655839e-22
17.8250187627  1.45654194381e-22
18.2402167871  1.49692128099e-22
18.6650860159  1.53627691766e-22
19.0998517204  1.57550721724e-22
19.5447444191  1.61209433358e-22
20  1.64953e-22

