1 20 101
101
1  0
1.03041055791  7.58484930143e-35
1.06174591785  1.54003581018e-34
1.09403420358  2.34535408851e-34
1.12730439408  3.17516254499e-34
1.16158634964  4.03020593958e-34
1.1969108386  4.91125168085e-34
1.23330956497  5.81909051465e-34
1.27081519692  6.75453723388e-34
1.30946139606  7.71843140974e-34
1.34928284767  8.71163814525e-34
1.39031529185  9.73504885171e-34
1.43259555555  1.07895820487e-33
1.47616158565  1.18761841886e-33
1.52105248304  1.29958305058e-33
1.56730853766  1.41495258921e-33
1.61497126471  1.53383057988e-33
1.66408344188  1.65632371657e-33
1.71468914776  1.78254193789e-33
1.76683380139  1.91259852574e-33
1.82056420303  2.04661020698e-33
1.87592857615  2.18469725821e-33
1.93297661076  2.32698361372e-33
1.99175950792  3.71320429e-32
2.05233002578  2.23307750398e-30
2.11474252688  4.89342945231e-30
2.17905302696  7.63468418763e-30
2.24531924523  1.04593020088e-29
2.31360065617  1.33698180339e-29
2.3839585429  1.6368844475e-29
2.45645605223  1.94590729835e-29
2.53115825126  2.26432770649e-29
2.60813218585  2.5924314569e-29
2.68744694072  2.9305130254e-29
2.76917370155  3.27887584303e-29
2.85338581877  3.6378325683e-29
2.94015887345  4.00770536785e-29
3.02957074514  3.53081359942e-28
3.12170168173  1.32033386269e-27
3.21663437151  2.31700105369e-27
3.31445401734  3.34397745003e-27
3.41524841318  4.40218477153e-27
3.51910802283  5.49257276807e-27
3.62612606115  6.61612007192e-27
3.73639857773  7.77383507612e-27
3.85002454306  8.96675683951e-27
3.96710593738  1.01959560193e-26
4.08774784223  4.15729470896e-26
4.21205853471  8.55348889502e-26
4.34014958471  1.3083373799e-25
4.472135955  1.77510150301e-25
4.60813610445  2.25606018352e-25
4.74827209431  2.75164508584e-25
4.89266969782  3.26230100153e-25
5.041458513  5.14657480635e-25
5.19477207907  1.07109726353e-24
5.35274799621  1.64445869067e-24
5.51552804914  2.23525635869e-24
5.68325833429  2.84402051341e-24
5.85608939099  3.4712975257e-24
6.03417633655  4.47865389024e-24
6.21767900547  7.03057823599e-24
6.40676209294  9.6685879483e-24
6.6015953026  1.23868210077e-23
6.80235349885  1.5187717051e-23
7.00921686386  1.8234439792e-23
7.22237105921  2.29830163464e-23
7.44200739256  2.79588774786e-23
7.66832298935  3.30860573238e-23
7.9015209697  3.83691575686e-23
8.14181063074  4.38320642745e-23
8.38940763443  4.94747999886e-23
8.64453420113  5.52891344439e-23
8.90741930907  6.12802860538e-23
9.17829889981  6.69029201149e-23
9.45741609003  7.24018916145e-23
9.74502138973  7.80680899055e-23
10.041372927  8.37524763148e-23
10.34673668  8.87484395861e-23
10.661386715  9.38818919771e-23
10.9856054331  9.91326811765e-23
11.3196838233  1.03767330812e-22
11.6639217237  1.08463320978e-22
12.0186280908  1.13224614943e-22
12.3841212763  1.17394716363e-22
12.7607293136  1.21656412913e-22
13.1487902114  1.25781970714e-22
13.5486522576  1.29592656015e-22
13.9606743317  1.33504196064e-22
14.3852262269  1.37026274451e-22
14.8226889821  1.40583284114e-22
15.2734552238  1.43893793e-22
15.7379295184  1.47068010329e-22
16.2165287354  1.50132838551e-22
16.7096824217  1.53034061687e-22
17.2178331866  1.55867108409e-22
17.7414370999  1.58571522621e-22
18.2809641002  1.61171338451e-22
18.8368984177  1.63673042879e-22
19.4097390079  1.66025469081e-22
20  1.68357e-22

