0.1 20 151
151
0.1  0
0.103595335198  1.86294450484e-42
0.107319934748  3.79286810919e-42
0.111178446136  5.79217893617e-42
0.115175683943  7.86337168904e-42
0.119316635847  1.0009030764e-41
0.123606468853  1.22318334748e-41
0.128050535734  1.4534553394e-41
0.132654381717  1.69200638128e-41
0.137423751394  1.93913413275e-41
0.142364595899  2.19514695524e-41
0.147483080324  2.46036429686e-41
0.152785591422  2.7351170909e-41
0.158278745568  3.01974816886e-41
0.163969397019  3.31461268815e-41
0.169864646463  3.62007857529e-41
0.175971849887  3.93652698499e-41
0.182298627744  4.26435277574e-41
0.188852874473  4.60396500254e-41
0.195642768341  4.95578742726e-41
0.202676781654  1.02027322385e-33
0.209963691323  3.7977274223e-33
0.21751258982  6.67504040915e-33
0.225332896521  9.65580244258e-33
0.233434369463  1.27437328626e-32
0.241827117512  1.59426847318e-32
0.250521612986  1.92566496436e-32
0.259528704717  2.26897627023e-32
0.268859631586  2.62463076832e-32
0.278526036554  2.99307223776e-32
0.288539981181  3.37476041304e-32
0.298913960685  3.77017155763e-32
0.309660919525  4.17979905827e-32
0.320794267559  4.60415404063e-32
0.332327896774  5.04376600703e-32
0.344276198619  5.4991834972e-32
0.356654081967  5.97097477269e-32
0.369476991711  6.45972852596e-32
0.382760928042  6.96605461496e-32
0.396522466412  7.49058482406e-32
0.410778778215  8.03397365238e-32
0.425547652214  8.59689913051e-32
0.440847516738  9.1800636665e-32
0.456697462677  9.78419492231e-32
0.473117267301  1.04100467218e-31
0.490127418939  1.10583999913e-31
0.507749142548  5.91010626667e-29
0.526004426187  1.9806085323e-28
0.544916048465  3.42016714054e-28
0.564507606954  4.91148270613e-28
0.584803547643  6.45641606515e-28
0.60582919543  8.05689495702e-28
0.627610785733  9.71491642982e-28
0.650175497219  1.14325493322e-27
0.673551485719  1.32119368949e-27
0.697767919361  1.5055299405e-27
0.722855014966  1.69649369762e-27
0.74884407575  1.89432324192e-27
0.775767530383  2.09926542145e-27
0.803658973457  2.31157595931e-27
0.832553207402  2.53151977265e-27
0.862486285909  2.75937130334e-27
0.893495558925  2.99541486031e-27
0.925619719247  3.23994497436e-27
0.958898850812  3.49326676567e-27
0.993374478709  4.25718488743e-27
1.02908962099  9.60372130933e-26
1.06608884235  2.13346347547e-25
1.10441830974  3.34873138602e-25
1.14412584997  4.6076922515e-25
1.18526100936  5.91191698011e-25
1.22787511562  7.26303295945e-25
1.27202134183  8.66272608716e-25
1.31775477286  1.01127428746e-24
1.36513247404  1.16148926259e-24
1.41421356237  1.3171049696e-24
1.46505928036  1.47831558289e-24
1.51773307233  1.64532225811e-24
1.57230066369  1.8183333831e-24
1.62883014287  1.99756483797e-24
1.68739204632  2.18324026442e-24
1.74805944649  2.37559134483e-24
1.81090804305  2.57485809134e-24
1.87601625732  2.78128914532e-24
1.94346533014  2.99514208765e-24
2.01333942322  3.5268692237e-24
2.08572572415  5.39100090668e-24
2.16071455525  7.32998786216e-24
2.23839948618  9.33868789813e-24
2.31887745078  1.14196074335e-23
2.40224886796  1.35753430014e-23
2.48861776706  1.58085844889e-23
2.57809191758  1.81221184937e-23
2.67078296373  2.05188318009e-23
2.76680656368  2.30017149852e-23
2.86628253393  2.55738661426e-23
2.96933499874  2.82384947558e-23
3.0760925451  3.14742218031e-23
3.18668838309  3.5024713169e-23
3.30126051218  3.87028566007e-23
3.41995189335  4.25132416179e-23
3.54291062753  4.64606227488e-23
3.67029014035  5.05499254628e-23
3.80224937364  5.47862523167e-23
3.93895298368  5.91748893211e-23
4.08057154674  6.29936708978e-23
4.22728177184  6.63786132243e-23
4.3792667213  6.98852555737e-23
4.53671603914  7.35179734698e-23
4.69982618773  7.72812997511e-23
4.8688006929  8.11799302268e-23
5.04385039793  8.48435597545e-23
5.22519372662  8.74769502787e-23
5.41305695583  9.02048389635e-23
5.60767449785  9.30308043903e-23
5.80928919286  9.59583727468e-23
6.01815261197  9.88792651692e-23
6.23452537109  1.01050206215e-22
6.45867745619  1.03270071733e-22
6.69088856009  1.05569748857e-22
6.93144843155  1.07952107083e-22
7.18065723674  1.09948713885e-22
7.43882593382  1.11831796361e-22
7.70627666093  1.13782581965e-22
7.98334313818  1.15778227456e-22
8.270371084  1.17261173897e-22
8.56771864659  1.18730665551e-22
8.87575685075  1.20252990356e-22
9.19487006089  1.21544563202e-22
9.5254564606  1.22694012114e-22
9.8679285495  1.23884787567e-22
10.2227136579  1.24970938947e-22
10.5902544803  1.26005566362e-22
10.9710096272  1.27070334577e-22
11.3654541979  1.27981637399e-22
11.774080373  1.2890145492e-22
12.1973980289  1.29730771797e-22
12.6359353735  1.30443394982e-22
13.0902396056  1.3113749871e-22
13.5608775976  1.31677204849e-22
14.0484366031  1.32218767501e-22
14.553524989  1.3266156674e-22
15.0767729955  1.33104954037e-22
15.6188335217  1.33500510804e-22
16.1803829408  1.33888755126e-22
16.7621219439  1.34245942874e-22
17.364776414  1.34563080138e-22
17.9890983325  1.34850304498e-22
18.6358667167  1.35059390416e-22
19.3058885922  1.35231118833e-22
20  1.35363e-22

