0.5 20 151
151
0.5  0
0.512448710082  2.73799419293e-36
0.52520736093  5.54415737768e-36
0.538283669269  8.4201867863e-36
0.55168554395  1.13678219075e-35
0.565421090737  1.43888455388e-35
0.579498617203  1.74850848648e-35
0.59392663776  2.06584125622e-35
0.608713878807  2.39107479327e-35
0.623869284008  2.72440580633e-35
0.6394020197  3.06603590168e-35
0.655321480438  3.41617170506e-35
0.67163729468  3.77502498665e-35
0.688359330604  4.14281278916e-35
0.705497702082  4.51975755913e-35
0.723062774796  4.90608728142e-35
0.741065172505  5.30203561712e-35
0.759515783475  5.7078420449e-35
0.778425767058  6.12375200582e-35
0.797806560447  6.55001705178e-35
0.817669885593  6.9868949977e-35
0.83802775629  7.4346500774e-35
0.858892485448  7.89355310344e-35
0.880276692535  8.36388163094e-35
0.90219331121  8.84592012541e-35
0.924655597149  9.33996013481e-35
0.947677136058  9.8463004659e-35
0.971271851895  1.0365247365e-34
0.995454015286  3.34388198366e-32
1.02023825216  5.76187742036e-30
1.04563955259  1.2993548656e-29
1.07167327987  2.0405269849e-29
1.0983551798  2.80015237786e-29
1.1257013902  3.5786904834e-29
1.15372845069  4.37661217927e-29
1.18245331269  5.19440006686e-29
1.21189334964  6.03254876309e-29
1.24206636756  6.89156519957e-29
1.27299061578  7.7719689292e-29
1.30468479801  8.67429244039e-29
1.33716808361  9.59908147918e-29
1.37046011922  1.05468953792e-28
1.40458104063  1.15183074002e-28
1.43955148495  1.25139050744e-28
1.47539260312  1.35342905622e-28
1.51212607267  1.45800810162e-28
1.54977411084  1.56519089545e-28
1.58835948804  1.67504226434e-28
1.62790554158  1.78762864892e-28
1.66843618984  1.90301814401e-28
1.70997594668  2.02128053985e-28
1.75254993629  2.14248736425e-28
1.79618390842  2.26671192588e-28
1.84090425388  2.39402935862e-28
1.88673802057  2.52451666697e-28
1.93371292981  2.65825277267e-28
1.9818573931  2.79531856238e-28
2.03120052932  4.13700460845e-27
2.08177218234  1.0381051358e-26
2.13360293905  1.67805587631e-26
2.18672414789  2.33393973928e-26
2.24116793778  3.00615341837e-26
2.29696723759  3.69510348387e-26
2.35415579601  4.40120662862e-26
2.41276820199  5.12488992005e-26
2.47283990568  5.86659105845e-26
2.53440723981  6.62675864173e-26
2.59750744173  7.40585243672e-26
2.66217867588  8.20434365728e-26
2.72846005693  9.02271524925e-26
2.79639167337  9.8614621826e-26
2.86601461181  1.07210917508e-25
2.9373709818  1.16021238775e-25
3.01050394131  1.59121454636e-25
3.08545772284  3.88805058451e-25
3.16227766017  6.27065627785e-25
3.24101021575  8.71258270621e-25
3.32170300885  1.12153068029e-24
3.40440484432  1.37803422729e-24
3.48916574214  1.64092405088e-24
3.57603696765  1.91035915287e-24
3.66507106256  2.18650249379e-24
3.75632187674  2.4695210915e-24
3.84984460077  2.75958612215e-24
3.94569579937  3.05687302375e-24
4.04393344553  3.92846358235e-24
4.14461695564  5.53992329838e-24
4.2478072254  7.19150420404e-24
4.35356666667  8.88420521344e-24
4.46195924519  1.06190501111e-23
4.57305051927  1.23970881711e-23
4.68690767949  1.42193947917e-23
4.80359958925  1.60870721459e-23
4.92319682653  1.8001249848e-23
5.04577172647  2.04372669913e-23
5.1713984252  2.37494023406e-23
5.30015290463  2.71440013154e-23
5.43211303844  3.06231170471e-23
5.56735863914  3.4188853785e-23
5.70597150638  3.78433681687e-23
5.84803547643  4.15888705324e-23
5.99363647282  4.54144968081e-23
6.1428625584  4.90736889956e-23
6.29580398853  5.27973692891e-23
6.4525532657  5.66137596154e-23
6.6132051955  6.05251682153e-23
6.77785694388  6.45339607984e-23
6.94660809603  6.86425619749e-23
7.11956071652  7.21965662324e-23
7.29681941106  7.55384066748e-23
7.47849138981  7.89634503229e-23
7.66468653214  8.24737687217e-23
7.85551745316  8.60714849926e-23
8.0510995718  8.95471564605e-23
8.25155118063  9.24961203489e-23
8.45699351738  9.55185058303e-23
8.66755083831  9.86161409129e-23
8.88335049333  1.01790899118e-22
9.10452300303  1.04687587319e-22
9.33120213764  1.07247928145e-22
9.5635249979  1.09872014851e-22
9.80163209803  1.12561434547e-22
10.0456674507  1.15200994402e-22
10.295778654  1.17405739491e-22
10.5521169811  1.19662285785e-22
10.8148374712  1.21975014259e-22
11.0840990237  1.24216904497e-22
11.3600644943  1.2622482926e-22
11.6429007931  1.2828274617e-22
11.9327789861  1.30391616798e-22
12.2298743982  1.3223151209e-22
12.5343667197  1.34020404478e-22
12.8464401144  1.35853835672e-22
13.1662833315  1.37546344675e-22
13.4940898196  1.39104408913e-22
13.8300578436  1.40701264931e-22
14.1743906047  1.4221563073e-22
14.5272963631  1.43645604863e-22
14.8889885645  1.45111181663e-22
15.2596859686  1.46461071567e-22
15.6396127818  1.47777897902e-22
16.0289987924  1.49103612993e-22
16.4280795102  1.50265862102e-22
16.8370963082  1.51449556716e-22
17.2562965694  1.52547901409e-22
17.6859338356  1.53598794162e-22
18.1262679613  1.54637087169e-22
18.5775652707  1.55602412114e-22
19.0400987189  1.56578332012e-22
19.5141480567  1.57476197383e-22
20  1.58393e-22

