0.5 20 151
151
0.5  0
0.512448710082  2.7132710547e-38
0.52520736093  5.49409555887e-38
0.538283669269  8.34415541913e-38
0.55168554395  1.12651744172e-37
0.565421090737  1.42589192526e-37
0.579498617203  1.7327200611e-37
0.59392663776  2.04718742596e-37
0.608713878807  2.36948421693e-37
0.623869284008  2.69980536653e-37
0.6394020197  3.03835066057e-37
0.655321480438  3.38532485904e-37
0.67163729468  3.74093781992e-37
0.688359330604  4.10540462611e-37
0.705497702082  4.4789457155e-37
0.723062774796  4.86178701434e-37
0.741065172505  5.25416007386e-37
0.759515783475  5.6563022103e-37
0.778425767058  6.06845664848e-37
0.797806560447  6.49087266888e-37
0.817669885593  6.92380575842e-37
0.83802775629  7.367517765e-37
0.858892485448  7.82227705583e-37
0.880276692535  8.28835867981e-37
0.90219331121  8.7660445338e-37
0.924655597149  9.25562353321e-37
0.947677136058  9.75739178668e-37
0.971271851895  1.02716527752e-36
0.995454015286  2.43204449417e-33
1.02023825216  4.20244326161e-31
1.04563955259  9.4769722169e-31
1.07167327987  1.48828233358e-30
1.0983551798  2.04232662013e-30
1.1257013902  2.61016518007e-30
1.15372845069  3.19214145523e-30
1.18245331269  3.78860743824e-30
1.21189334964  4.39992388543e-30
1.24206636756  5.02646053507e-30
1.27299061578  5.66859633092e-30
1.30468479801  6.32671965149e-30
1.33716808361  7.00122854488e-30
1.37046011922  7.6925309696e-30
1.40458104063  8.40104504125e-30
1.43955148495  9.12719928544e-30
1.47539260312  9.87143289694e-30
1.51212607267  1.06341960054e-29
1.54977411084  1.14159499474e-29
1.58835948804  1.22171675458e-29
1.62790554158  1.30383333954e-29
1.66843618984  1.38799441561e-29
1.70997594668  1.47425088536e-29
1.75254993629  1.56265491868e-29
1.79618390842  1.65325998436e-29
1.84090425388  1.74612088243e-29
1.88673802057  1.84129377729e-29
1.93371292981  1.93883623171e-29
1.9818573931  2.0388072416e-29
2.03120052932  7.23014931997e-28
2.08177218234  1.86126324957e-27
2.13360293905  3.02785101375e-27
2.18672414789  4.22348380366e-27
2.24116793778  5.4488847655e-27
2.29696723759  6.70479504996e-27
2.35415579601  7.99197426046e-27
2.41276820199  9.31120091259e-27
2.47283990568  1.0663272905e-26
2.53440723981  1.20490080018e-26
2.59750744173  1.34692443277e-26
2.66217867588  1.4924840874e-26
2.72846005693  1.64166780192e-26
2.79639167337  1.79456580605e-26
2.86601461181  1.95127057604e-26
2.9373709818  2.11187689053e-26
3.01050394131  3.42828814276e-26
3.08545772284  1.10489316277e-25
3.16227766017  1.89559432479e-25
3.24101021575  2.70598190587e-25
3.32170300885  3.53654604704e-25
3.40440484432  4.38778909262e-25
3.48916574214  5.26022589396e-25
3.57603696765  6.15438412091e-25
3.66507106256  7.07080458094e-25
3.75632187674  8.0100415462e-25
3.84984460077  8.97266308882e-25
3.94569579937  9.95925142445e-25
4.04393344553  1.44120964032e-24
4.14461695564  2.33358480732e-24
4.2478072254  3.24817781379e-24
4.35356666667  4.18554182663e-24
4.46195924519  5.14624378513e-24
4.57305051927  6.13086474396e-24
4.68690767949  7.1400002245e-24
4.80359958925  8.1742605751e-24
4.92319682653  9.2342713402e-24
5.04577172647  1.09341858682e-23
5.1713984252  1.37315041367e-23
5.30015290463  1.65984684136e-23
5.43211303844  1.95368127046e-23
5.56735863914  2.2548314188e-23
5.70597150638  2.56347942892e-23
5.84803547643  2.87981197823e-23
5.99363647282  3.20617368356e-23
6.1428625584  3.58357813661e-23
6.29580398853  3.97474419714e-23
6.4525532657  4.37564928343e-23
6.6132051955  4.7865358721e-23
6.77785694388  5.20765247681e-23
6.94660809603  5.63925379857e-23
7.11956071652  6.03476308864e-23
7.29681941106  6.41868255466e-23
7.47849138981  6.81216062493e-23
7.66468653214  7.21543528404e-23
7.85551745316  7.62875044179e-23
8.0510995718  8.02959781328e-23
8.25155118063  8.37447480627e-23
8.45699351738  8.72793834665e-23
8.66755083831  9.09020221731e-23
8.88335049333  9.46148552378e-23
9.10452300303  9.80253647441e-23
9.33120213764  1.01069255233e-22
9.5635249979  1.04188930742e-22
9.80163209803  1.07386278122e-22
10.0456674507  1.10544527733e-22
10.295778654  1.13272804214e-22
10.5521169811  1.16065866626e-22
10.8148374712  1.18928469086e-22
11.0840990237  1.21670681288e-22
11.3600644943  1.24048675747e-22
11.6429007931  1.26485876134e-22
11.9327789861  1.28983431791e-22
12.2298743982  1.31174419531e-22
12.5343667197  1.33308910705e-22
12.8464401144  1.35496545202e-22
13.1662833315  1.37562219539e-22
13.4940898196  1.39512340337e-22
13.8300578436  1.41511014112e-22
14.1743906047  1.43382792025e-22
14.5272963631  1.45124734848e-22
14.8889885645  1.46910047555e-22
15.2596859686  1.48522712471e-22
15.6396127818  1.50080412405e-22
16.0289987924  1.51654084446e-22
16.4280795102  1.53079394579e-22
16.8370963082  1.5453304028e-22
17.2562965694  1.55906775662e-22
17.6859338356  1.57239080824e-22
18.1262679613  1.58548241437e-22
18.5775652707  1.59746435794e-22
19.0400987189  1.60954783346e-22
19.5141480567  1.62043342458e-22
20  1.63154e-22

