0.5 20 151
151
0.5  0
0.512448710082  9.28980010409e-39
0.52520736093  1.88108922646e-38
0.538283669269  2.85690350571e-38
0.55168554395  3.85701304307e-38
0.565421090737  4.88202272779e-38
0.579498617203  5.93255250931e-38
0.59392663776  7.00923777219e-38
0.608713878807  8.11272972045e-38
0.623869284008  9.24369577139e-38
0.6394020197  1.04028199593e-37
0.655321480438  1.15908033491e-37
0.67163729468  1.28083644606e-37
0.688359330604  1.40562397026e-37
0.705497702082  1.53351838188e-37
0.723062774796  1.6645970344e-37
0.741065172505  1.79893920722e-37
0.759515783475  1.93662615355e-37
0.778425767058  2.07774114964e-37
0.797806560447  2.22236954507e-37
0.817669885593  2.37059881444e-37
0.83802775629  2.5225186102e-37
0.858892485448  2.67822081696e-37
0.880276692535  2.83779960697e-37
0.90219331121  3.00135149717e-37
0.924655597149  3.1689754075e-37
0.947677136058  3.34077272075e-37
0.971271851895  3.51684734389e-37
0.995454015286  1.36587915049e-33
1.02023825216  2.36057314932e-31
1.04563955259  5.32335533563e-31
1.07167327987  8.3599031549e-31
1.0983551798  1.14720531811e-30
1.1257013902  1.46616877141e-30
1.15372845069  1.79307359182e-30
1.18245331269  2.1281174989e-30
1.21189334964  2.47150313491e-30
1.24206636756  2.82343818737e-30
1.27299061578  3.18413551471e-30
1.30468479801  3.55381327496e-30
1.33716808361  3.93269505773e-30
1.37046011922  4.32101001945e-30
1.40458104063  4.71899302191e-30
1.43955148495  5.12688477441e-30
1.47539260312  5.54493197926e-30
1.51212607267  5.97338748101e-30
1.54977411084  6.41251041941e-30
1.58835948804  6.86256638611e-30
1.62790554158  7.32382758531e-30
1.66843618984  7.79657299839e-30
1.70997594668  8.28108855266e-30
1.75254993629  8.77766729425e-30
1.79618390842  9.28660956542e-30
1.84090425388  9.80822318616e-30
1.88673802057  1.03428236404e-29
1.93371292981  1.08907342667e-29
1.9818573931  1.14522864541e-29
2.03120052932  4.91142280728e-28
2.08177218234  1.26830904127e-27
2.13360293905  2.06482524919e-27
2.18672414789  2.8811726558e-27
2.24116793778  3.7178450068e-27
2.29696723759  4.57534834086e-27
2.35415579601  5.45420129572e-27
2.41276820199  6.35493542186e-27
2.47283990568  7.278095504e-27
2.53440723981  8.22423989058e-27
2.59750744173  9.19394083149e-27
2.66217867588  1.01877848242e-26
2.72846005693  1.12063729683e-26
2.79639167337  1.22503213294e-26
2.86601461181  1.33202613115e-26
2.9373709818  1.44168400389e-26
3.01050394131  2.42695807557e-26
3.08545772284  8.18953014829e-26
3.16227766017  1.41688084337e-25
3.24101021575  2.02969553228e-25
3.32170300885  2.65776772598e-25
3.40440484432  3.30147729698e-25
3.48916574214  3.96121357564e-25
3.57603696765  4.63737558563e-25
3.66507106256  5.33037228527e-25
3.75632187674  6.04062281493e-25
3.84984460077  6.76855675044e-25
3.94569579937  7.51461436299e-25
4.04393344553  1.12172925843e-24
4.14461695564  1.87341642685e-24
4.2478072254  2.64381866654e-24
4.35356666667  3.43340193449e-24
4.46195924519  4.24264378882e-24
4.57305051927  5.07203367761e-24
4.68690767949  5.92207323494e-24
4.80359958925  6.79327658428e-24
4.92319682653  7.68617064946e-24
5.04577172647  9.23588325308e-24
5.1713984252  1.19155043801e-23
5.30015290463  1.46618411603e-23
5.43211303844  1.74765546412e-23
5.56735863914  2.03613472262e-23
5.70597150638  2.33179637043e-23
5.84803547643  2.63481923052e-23
5.99363647282  2.94851106262e-23
6.1428625584  3.33228700898e-23
6.29580398853  3.73195202478e-23
6.4525532657  4.14156766841e-23
6.6132051955  4.56138168482e-23
6.77785694388  4.99164798719e-23
6.94660809603  5.43262681047e-23
7.11956071652  5.84159573712e-23
7.29681941106  6.24107142617e-23
7.47849138981  6.6504930293e-23
7.66468653214  7.0701081741e-23
7.85551745316  7.50017065348e-23
8.0510995718  7.91656240418e-23
8.25155118063  8.2726765139e-23
8.45699351738  8.63765694624e-23
8.66755083831  9.01172444976e-23
8.88335049333  9.39510526908e-23
9.10452300303  9.74827083591e-23
9.33120213764  1.00647511765e-22
9.5635249979  1.03891110611e-22
9.80163209803  1.072154667e-22
10.0456674507  1.10494867452e-22
10.295778654  1.13308664735e-22
10.5521169811  1.16189138517e-22
10.8148374712  1.19141328664e-22
11.0840990237  1.21967706043e-22
11.3600644943  1.24414691871e-22
11.6429007931  1.26922601332e-22
11.9327789861  1.29492649978e-22
12.2298743982  1.31784553561e-22
12.5343667197  1.34030488924e-22
12.8464401144  1.36332342284e-22
13.1662833315  1.38496455506e-22
13.4940898196  1.40529839151e-22
13.8300578436  1.42613848804e-22
14.1743906047  1.44561751849e-22
14.5272963631  1.46370393861e-22
14.8889885645  1.48224066393e-22
15.2596859686  1.49929905171e-22
15.6396127818  1.51593224759e-22
16.0289987924  1.53274561223e-22
16.4280795102  1.5480540757e-22
16.8370963082  1.56367033705e-22
17.2562965694  1.57823245333e-22
17.6859338356  1.59221714635e-22
18.1262679613  1.60593004645e-22
18.5775652707  1.61840390408e-22
19.0400987189  1.63100327366e-22
19.5141480567  1.64250695853e-22
20  1.65425e-22

