1 20 101
101
1  0
1.03041055791  1.64435056421e-43
1.06174591785  3.33870674648e-43
1.09403420358  5.08458924555e-43
1.12730439408  6.88356500547e-43
1.16158634964  8.73724862191e-43
1.1969108386  1.06473037913e-42
1.23330956497  1.26154448041e-42
1.27081519692  1.46434380831e-42
1.30946139606  1.67331037691e-42
1.34928284767  1.88863173546e-42
1.39031529185  2.11050113664e-42
1.43259555555  2.3391177101e-42
1.47616158565  2.5746866411e-42
1.52105248304  2.81741935473e-42
1.56730853766  3.0675337056e-42
1.61497126471  3.32525417342e-42
1.66408344188  3.59081206445e-42
1.71468914776  3.8644457191e-42
1.76683380139  4.14640072586e-42
1.82056420303  4.43693014168e-42
1.87592857615  4.73629471912e-42
1.93297661076  5.04476314038e-42
1.99175950792  2.47570237016e-38
2.05233002578  1.59290494392e-36
2.11474252688  3.49270993374e-36
2.17905302696  5.45028905322e-36
2.24531924523  7.46739924588e-36
2.31360065617  9.54585088486e-36
2.3839585429  1.16875093978e-35
2.45645605223  1.38942969409e-35
2.53115825126  1.61681941245e-35
2.60813218585  1.851124179e-35
2.68744694072  2.09255428422e-35
2.76917370155  2.34132641364e-35
2.85338581877  2.59766384231e-35
2.94015887345  2.8617966352e-35
3.02957074514  6.25728616165e-33
3.12170168173  2.56577176428e-32
3.21663437151  4.56481270691e-32
3.31445401734  6.62464559988e-32
3.41524841318  8.74711916034e-32
3.51910802283  1.09341383259e-31
3.62612606115  1.31876659645e-31
3.73639857773  1.55097246358e-31
3.85002454306  1.79023984068e-31
3.96710593738  2.03678347221e-31
4.08774784223  6.3868241846e-30
4.21205853471  1.51365559641e-29
4.34014958471  2.41523719687e-29
4.472135955  3.34423639679e-29
4.60813610445  4.30148698069e-29
4.74827209431  5.2878480889e-29
4.89266969782  6.30420498871e-29
5.041458513  2.48692562772e-28
5.19477207907  9.07291368605e-28
5.35274799621  1.58591853156e-27
5.51552804914  2.28518312516e-27
5.68325833429  3.00571274518e-27
5.85608939099  3.74815407293e-27
6.03417633655  7.51688202535e-27
6.21767900547  2.39968159729e-26
6.40676209294  4.10484706133e-26
6.6015953026  5.86186755845e-26
6.80235349885  7.67232002915e-26
7.00921686386  1.10443972669e-25
7.22237105921  2.96100433301e-25
7.44200739256  4.95175047874e-25
7.66832298935  7.00303632542e-25
7.9015209697  9.11670291914e-25
8.14181063074  1.69543621919e-24
8.38940763443  2.90802273699e-24
8.64453420113  4.15748468732e-24
8.90741930907  5.44494347264e-24
9.17829889981  8.29713882335e-24
9.45741609003  1.20523117213e-23
9.74502138973  1.59216815221e-23
10.041372927  2.02089433592e-23
10.34673668  2.63043091277e-23
10.661386715  3.26131681895e-23
10.9856054331  3.91310851103e-23
11.3196838233  4.61914015762e-23
11.6639217237  5.35017409014e-23
12.0186280908  6.09843979373e-23
12.3841212763  6.82198597631e-23
12.7607293136  7.56526374133e-23
13.1487902114  8.29756572537e-23
13.5486522576  8.9964961919e-23
13.9606743317  9.71426798158e-23
14.3852262269  1.03722274069e-22
14.8226889821  1.10386056727e-22
15.2734552238  1.1666652888e-22
15.7379295184  1.22746497396e-22
16.2165287354  1.28637416021e-22
16.7096824217  1.34241121357e-22
17.2178331866  1.39691974051e-22
17.7414370999  1.4486465711e-22
18.2809641002  1.49870411774e-22
18.8368984177  1.54720938694e-22
19.4097390079  1.59344881129e-22
20  1.63956e-22

