0.5 20 151
151
0.5  0
0.512448710082  1.74370326994e-43
0.52520736093  3.53082025284e-43
0.538283669269  5.36243183814e-43
0.55168554395  7.23964582666e-43
0.565421090737  9.16359760059e-43
0.579498617203  1.11354508102e-42
0.59392663776  1.31563980777e-42
0.608713878807  1.52276617184e-42
0.623869284008  1.73504944803e-42
0.6394020197  1.95261803014e-42
0.655321480438  2.17560350865e-42
0.67163729468  2.40414075031e-42
0.688359330604  2.6383679797e-42
0.705497702082  2.87842686283e-42
0.723062774796  3.12446259284e-42
0.741065172505  3.3766239778e-42
0.759515783475  3.63506353071e-42
0.778425767058  3.89993756175e-42
0.797806560447  4.17140627284e-42
0.817669885593  4.44963385448e-42
0.83802775629  4.73478858513e-42
0.858892485448  5.02704293292e-42
0.880276692535  5.32657366e-42
0.90219331121  5.63356192945e-42
0.924655597149  5.94819341482e-42
0.947677136058  6.27065841248e-42
0.971271851895  6.60115195668e-42
0.995454015286  2.14542299705e-36
1.02023825216  3.70880144456e-34
1.04563955259  8.36376755606e-34
1.07167327987  1.31346303147e-33
1.0983551798  1.8024275248e-33
1.1257013902  2.30356597256e-33
1.15372845069  2.81718147482e-33
1.18245331269  3.34358467804e-33
1.21189334964  3.88309396299e-33
1.24206636756  4.43603563728e-33
1.27299061578  5.00274413277e-33
1.30468479801  5.58356220779e-33
1.33716808361  6.17884115445e-33
1.37046011922  6.78894101117e-33
1.40458104063  7.41423078036e-33
1.43955148495  8.05508865166e-33
1.47539260312  8.71190223064e-33
1.51212607267  9.38506877327e-33
1.54977411084  1.00749954262e-32
1.58835948804  1.07820994728e-32
1.62790554158  1.1506808586e-32
1.66843618984  1.22495610865e-32
1.70997594668  1.3010806208e-32
1.75254993629  1.37910043692e-32
1.79618390842  1.45906274519e-32
1.84090425388  1.54101590864e-32
1.88673802057  1.62500949443e-32
1.93371292981  1.71109430382e-32
1.9818573931  1.79932240288e-32
2.03120052932  5.44883006731e-30
2.08177218234  1.42509109471e-29
2.13360293905  2.32721409328e-29
2.18672414789  3.25179762719e-29
2.24116793778  4.19940090582e-29
2.29696723759  5.17059706143e-29
2.35415579601  6.16597349578e-29
2.41276820199  7.18613223545e-29
2.47283990568  8.23169029589e-29
2.53440723981  9.30328005467e-29
2.59750744173  1.04015496339e-28
2.66217867588  1.15271632923e-28
2.72846005693  1.26808018269e-28
2.79639167337  1.38631629849e-28
2.86601461181  1.50749618853e-28
2.9373709818  1.63169314522e-28
3.01050394131  5.16547703514e-28
3.08545772284  2.73352281709e-27
3.16227766017  5.03427456261e-27
3.24101021575  7.39230909102e-27
3.32170300885  9.80905259586e-27
3.40440484432  1.22859667792e-26
3.48916574214  1.48245497356e-26
3.57603696765  1.74263368585e-26
3.66507106256  2.00929017686e-26
3.75632187674  2.28258572657e-26
3.84984460077  2.56268563041e-26
3.94569579937  2.84975929924e-26
4.04393344553  6.32932681049e-26
4.14461695564  1.3930821072e-25
4.2478072254  2.17215729301e-25
4.35356666667  2.97062944105e-25
4.46195924519  3.78898148565e-25
4.57305051927  4.62770838496e-25
4.68690767949  5.48731742027e-25
4.80359958925  6.36832850292e-25
4.92319682653  7.27127448866e-25
5.04577172647  1.05179770753e-24
5.1713984252  1.78374998439e-24
5.30015290463  2.53392598463e-24
5.43211303844  3.30277943195e-24
5.56735863914  4.09077534658e-24
5.70597150638  4.8983903266e-24
5.84803547643  5.7261128361e-24
5.99363647282  6.64889745862e-24
6.1428625584  9.07859637747e-24
6.29580398853  1.17197235814e-23
6.4525532657  1.44266080391e-23
6.6132051955  1.72008869364e-23
6.77785694388  2.00442382211e-23
6.94660809603  2.29583816174e-23
7.11956071652  2.67257776681e-23
7.29681941106  3.09442864361e-23
7.47849138981  3.52678251894e-23
7.66468653214  3.96990089037e-23
7.85551745316  4.42405176607e-23
8.0510995718  4.88120568663e-23
8.25155118063  5.32567726191e-23
8.45699351738  5.78121503275e-23
8.66755083831  6.24809451888e-23
8.88335049333  6.72659809974e-23
9.10452300303  7.17845340927e-23
9.33120213764  7.59745165525e-23
9.5635249979  8.02688187662e-23
9.80163209803  8.46700380264e-23
10.0456674507  8.90147993774e-23
10.295778654  9.27563204243e-23
10.5521169811  9.65866020455e-23
10.8148374712  1.00512247798e-22
11.0840990237  1.04306101377e-22
11.3600644943  1.07676467669e-22
11.6429007931  1.11130747386e-22
11.9327789861  1.14670619346e-22
12.2298743982  1.17832581123e-22
12.5343667197  1.2093292194e-22
12.8464401144  1.24110453245e-22
13.1662833315  1.27075269635e-22
13.4940898196  1.2983769491e-22
13.8300578436  1.32668897448e-22
14.1743906047  1.35358879431e-22
14.5272963631  1.37904388667e-22
14.8889885645  1.40513274516e-22
15.2596859686  1.42925351435e-22
15.6396127818  1.45282797311e-22
16.0289987924  1.4766066917e-22
16.4280795102  1.49783112529e-22
16.8370963082  1.51946402374e-22
17.2562965694  1.53990808668e-22
17.6859338356  1.55973584651e-22
18.1262679613  1.57937289406e-22
18.5775652707  1.59775423348e-22
19.0400987189  1.61630737228e-22
19.5141480567  1.63314541676e-22
20  1.65033e-22

