0.2 20 151
151
0.2  0
0.206235454919  2.8579999771e-36
0.212665314327  5.80510460426e-36
0.219295639229  8.84409192165e-36
0.22613267959  1.19778265811e-35
0.233182880236  1.52092625466e-35
0.240452886923  1.85414458784e-35
0.247949552606  2.1977517605e-35
0.255679943893  2.55207166834e-35
0.263651347711  2.91743830523e-35
0.271871278176  3.29419607809e-35
0.280347483669  3.68270013149e-35
0.289087954149  4.08331668244e-35
0.298100928677  4.49642336561e-35
0.307394903187  4.92240958928e-35
0.316978638492  5.36167690241e-35
0.326861168545  5.81463937319e-35
0.33705180895  6.28172397929e-35
0.34756016575  6.76337101042e-35
0.358396144475  7.2600344833e-35
0.369569959484  7.77218256965e-35
0.381092143593  8.30029803752e-35
0.392973557999  8.84487870635e-35
0.405225402524  9.40643791623e-35
0.417859226171  9.9855050118e-35
0.430886938006  1.05826258412e-34
0.444320818391  1.11983632707e-34
0.458173530554  1.18332977151e-34
0.472458132527  1.2488027685e-34
0.487188089458  1.3163170351e-34
0.502377286302  3.89219247287e-31
0.518040040906  2.76943396631e-30
0.534191117512  5.24875868284e-30
0.550845740668  7.80538198687e-30
0.568019609583  1.04417138377e-29
0.585728912925  1.31602393305e-29
0.60399034408  1.59635210391e-29
0.622821116889  1.88542014313e-29
0.642238981873  2.18350053599e-29
0.662262242965  2.4908742631e-29
0.682909774767  2.80783106531e-29
0.704201040337  3.13466971677e-29
0.72615610954  3.47169830662e-29
0.748795677965  3.81923452936e-29
0.772141086431  4.17760598435e-29
0.796214341107  4.54715048459e-29
0.821038134255  4.9282163752e-29
0.846635865618  5.32116286171e-29
0.87303166448  5.72636034874e-29
0.900250412412  6.14419078908e-29
0.928317766723  6.57504804379e-29
0.957260184645  7.01933825344e-29
0.987104948279  7.47748022096e-29
1.0178801903  8.47043522929e-27
1.0496149205  2.33679947697e-26
1.08233905309  3.87300196147e-26
1.11608343495  5.45709905265e-26
1.15087987467  7.09058397383e-26
1.18676117255  8.77499650294e-26
1.2237611515  1.0511924424e-25
1.26191468896  1.23030050238e-25
1.30125774973  1.41499266353e-25
1.34182741991  1.6054430229e-25
1.38366194184  1.80183110542e-25
1.42680075014  2.00434203312e-25
1.47128450892  2.21316669962e-25
1.51715515006  2.42850195008e-25
1.56445591277  2.65055076679e-25
1.61323138435  2.87952246042e-25
1.66352754221  3.11563286742e-25
1.71539179718  3.35910455341e-25
1.76887303828  3.61016702301e-25
1.82402167871  3.86905693617e-25
1.88088970345  4.13601833123e-25
1.93953071822  4.41130285502e-25
2  5.1328029189e-25
2.06235454919  1.19213657504e-24
2.12665314327  1.93728545899e-24
2.19295639229  2.70566605431e-24
2.2613267959  3.49800266244e-24
2.33182880236  4.31504216658e-24
2.40452886923  5.15755473568e-24
2.47949552606  6.02633455051e-24
2.55679943893  6.92220055218e-24
2.63651347711  7.84599721418e-24
2.71871278176  8.79859533839e-24
2.80347483669  9.78089287589e-24
2.89087954149  1.07938157734e-23
2.98100928677  1.18425411014e-23
3.07394903187  1.43800520403e-23
3.16978638492  1.73888944905e-23
3.26861168545  2.04915444481e-23
3.3705180895  2.36909265753e-23
3.4756016575  2.69900567177e-23
3.58396144475  3.03920447464e-23
3.69569959484  3.390009749e-23
3.81092143593  3.75175217573e-23
3.92973557999  4.12477274544e-23
4.05225402524  4.49464355137e-23
4.17859226171  4.8555527281e-23
4.30886938006  5.22771406933e-23
4.44320818391  5.6114783869e-23
4.58173530554  6.00720742997e-23
4.72458132527  6.41527422608e-23
4.87188089458  6.83606343275e-23
5.02377286302  7.2497410498e-23
5.18040040906  7.57341604606e-23
5.34191117512  7.90588757309e-23
5.50845740668  8.24872465622e-23
5.68019609583  8.60225046522e-23
5.85728912925  8.96679824545e-23
6.0399034408  9.31511588934e-23
6.22821116889  9.57372821229e-23
6.42238981873  9.84018598096e-23
6.62262242965  1.01149511766e-22
6.82909774767  1.03982828023e-22
7.04201040337  1.06747734214e-22
7.2615610954  1.08959827742e-22
7.48795677965  1.11237821117e-22
7.72141086431  1.13586836117e-22
7.96214341107  1.16003004093e-22
8.21038134255  1.17986163246e-22
8.46635865618  1.19928263124e-22
8.7303166448  1.21930912384e-22
9.00250412412  1.23952566057e-22
9.28317766723  1.25477841636e-22
9.57260184645  1.27011789786e-22
9.87104948279  1.28593562259e-22
10.178801903  1.30001684113e-22
10.496149205  1.31287892728e-22
10.8233905309  1.32614201822e-22
11.1608343495  1.33875067611e-22
11.5087987467  1.35054318953e-22
11.8676117255  1.36270336138e-22
12.237611515  1.37360075868e-22
12.6191468896  1.38389458308e-22
13.0125774973  1.39428593891e-22
13.4182741991  1.40256058043e-22
13.8366194184  1.41095258553e-22
14.2680075014  1.41842699747e-22
14.7128450892  1.4253931541e-22
15.1715515006  1.43217163496e-22
15.6445591277  1.4384626364e-22
16.1323138435  1.44468779271e-22
16.6352754221  1.45038131778e-22
17.1539179718  1.45591681026e-22
17.6887303828  1.4608049957e-22
18.2402167871  1.46535313702e-22
18.8088970345  1.46938507997e-22
19.3953071822  1.47293395486e-22
20  1.47629e-22

