1 20 101
101
1  0
1.03041055791  8.4638360673e-43
1.06174591785  1.71850621115e-42
1.09403420358  2.61715055053e-42
1.12730439408  3.54312316564e-42
1.16158634964  4.49725512459e-42
1.1969108386  5.48040276873e-42
1.23330956497  6.49344848123e-42
1.27081519692  7.53730147904e-42
1.30946139606  8.6128986289e-42
1.34928284767  9.72120528817e-42
1.39031529185  1.08632161713e-41
1.43259555555  1.20399562425e-41
1.47616158565  1.32524816358e-41
1.52105248304  1.45018806028e-41
1.56730853766  1.57892744894e-41
1.61497126471  1.71158187424e-41
1.66408344188  1.84827039461e-41
1.71468914776  1.98911568916e-41
1.76683380139  2.13424416769e-41
1.82056420303  2.28378608422e-41
1.87592857615  2.43787565386e-41
1.93297661076  2.59665117329e-41
1.99175950792  7.47415049125e-38
2.05233002578  4.80826090112e-36
2.11474252688  1.05429007616e-35
2.17905302696  1.64519342196e-35
2.24531924523  2.25406646818e-35
2.31360065617  2.88145568343e-35
2.3839585429  3.52792415474e-35
2.45645605223  4.19405209294e-35
2.53115825126  4.88043735339e-35
2.60813218585  5.58769597254e-35
2.68744694072  6.31646272089e-35
2.76917370155  7.06739167264e-35
2.85338581877  7.84115679277e-35
2.94015887345  8.63845254189e-35
3.02957074514  1.52095158255e-32
3.12170168173  6.23101781132e-32
3.21663437151  1.10843197819e-31
3.31445401734  1.60852133731e-31
3.41524841318  2.12381869285e-31
3.51910802283  2.65478652846e-31
3.62612606115  3.20190139219e-31
3.73639857773  3.76565432416e-31
3.85002454306  4.34655129732e-31
3.96710593738  4.94511367152e-31
4.08774784223  1.345849334e-29
4.21205853471  3.1800495242e-29
4.34014958471  5.07002876549e-29
4.472135955  7.01748332996e-29
4.60813610445  9.02416107424e-29
4.74827209431  1.10918630083e-28
4.89266969782  1.32224449117e-28
5.041458513  4.77272645661e-28
5.19477207907  1.69469719209e-27
5.35274799621  2.9491442982e-27
5.51552804914  4.24173984067e-27
5.68325833429  5.57364393474e-27
5.85608939099  6.94605197539e-27
6.03417633655  1.3255013554e-26
6.21767900547  4.02831409107e-26
6.40676209294  6.8248187307e-26
6.6015953026  9.70636663663e-26
6.80235349885  1.2675544022e-25
7.00921686386  1.79151123656e-25
7.22237105921  4.51516581095e-25
7.44200739256  7.43411730667e-25
7.66832298935  1.04418357459e-24
7.9015209697  1.35410205809e-24
8.14181063074  2.39879933765e-24
8.38940763443  3.99429982119e-24
8.64453420113  5.63832036459e-24
8.90741930907  7.33233648993e-24
9.17829889981  1.07442925435e-23
9.45741609003  1.51516029391e-23
9.74502138973  1.96929421026e-23
10.041372927  2.46216251495e-23
10.34673668  3.10930102779e-23
10.661386715  3.77845467122e-23
10.9856054331  4.46779460975e-23
11.3196838233  5.17483555343e-23
11.6639217237  5.90304329279e-23
12.0186280908  6.64660597322e-23
12.3841212763  7.34829966325e-23
12.7607293136  8.06824656035e-23
13.1487902114  8.77559608778e-23
13.5486522576  9.44730394621e-23
13.9606743317  1.01371692375e-22
14.3852262269  1.07712432368e-22
14.8226889821  1.14137010392e-22
15.2734552238  1.20211967156e-22
15.7379295184  1.26107539377e-22
16.2165287354  1.31826425998e-22
16.7096824217  1.37275281077e-22
17.2178331866  1.42567445763e-22
17.7414370999  1.47577811609e-22
18.2809641002  1.52410131693e-22
18.8368984177  1.57076088419e-22
19.4097390079  1.61514354908e-22
20  1.65936e-22

