0.5 20000 301
301
0.5  0
0.51797667599  9.89004806259e-43
0.536599673739  2.01356765043e-42
0.555892230681  3.07496696316e-42
0.575878419714  4.17452713897e-42
0.596583179235  5.31362018881e-42
0.618032344264  6.493667452e-42
0.640252678672  7.7161413698e-42
0.663271908584  8.98256732266e-42
0.687118756972  1.02945255335e-41
0.711822979493  1.16536530398e-41
0.737415401622  1.30616457356e-41
0.763927957112  1.45202604885e-41
0.791393727841  1.60313173309e-41
0.819846985093  1.75967017319e-41
0.849323232317  1.92183669492e-41
0.879859249433  2.08983364668e-41
0.911493138721  2.26387065199e-41
0.944264372364  2.444164871e-41
0.978213841706  2.63094127153e-41
1.01338390827  5.80254016545e-34
1.04981845661  2.1598592852e-33
1.0875629491  3.79625665808e-33
1.12666448261  5.49148800167e-33
1.16717184731  7.24766859445e-33
1.20913558756  9.06698976623e-33
1.25260806493  1.09517216325e-32
1.29764352358  1.29042159269e-32
1.34429815793  1.49269089359e-32
1.39263018277  1.70223245386e-32
1.44269990591  1.9193077356e-32
1.49456980343  2.14418760135e-32
1.54830459763  2.37715265207e-32
1.6039713378  2.61849357725e-32
1.66163948387  2.86851151767e-32
1.7213809931  3.1275184411e-32
1.78327040983  3.39583753161e-32
1.84738495855  3.67380359283e-32
1.91380464021  3.96176346568e-32
1.98261233206  4.2600764612e-32
2.05389389107  1.73999708974e-29
2.12773826107  4.11816717577e-29
2.20423758369  6.58184044798e-29
2.28348731338  9.13409103251e-29
2.3655863365  1.17781035806e-28
2.4506370947  1.45171772426e-28
2.53874571274  1.73547297839e-28
2.63002213093  2.02943018506e-28
2.72458024232  2.33395613864e-28
2.82253803477  2.64943082103e-28
2.92401773821  2.9762478757e-28
3.02914597715  1.70422944275e-27
3.13805392866  6.86876484686e-27
3.25087748609  1.22189826102e-26
3.36775742859  1.77615586359e-26
3.48883959681  2.35034088483e-26
3.61427507483  2.94516978225e-26
3.74422037875  3.56138477238e-26
3.87883765192  4.19975475694e-26
4.01829486729  6.74814737727e-26
4.16276603701  2.23350956478e-25
4.31243142955  3.84824469558e-25
4.46747779462  5.52103496689e-25
4.62809859623  7.25396765562e-25
4.79449425406  9.04920508326e-25
4.96687239354  1.0908987314e-24
5.14544810495  2.23476271364e-24
5.33044421176  3.64418903768e-24
5.52209154871  5.10428896243e-24
5.72062924983  6.6168843737e-24
5.92630504679  8.18386266019e-24
6.13937557808  1.15192265783e-23
6.36010670917  1.59123012064e-23
6.58877386432  2.04633215929e-23
6.82566237018  2.51779664173e-23
7.07106781187  3.0398270769e-23
7.32529640178  3.66605310872e-23
7.58866536167  4.31479406547e-23
7.86150331847  4.98685943419e-23
8.14415071437  5.64391340753e-23
8.43696023158  6.28559960831e-23
8.74029723243  6.95035657892e-23
9.05454021523  7.61806331254e-23
9.38008128661  8.20643029343e-23
9.7173266507  8.81595103947e-23
10.0666971161  9.42389590873e-23
10.4286286208  9.95056379516e-23
10.8035727762  1.04961671575e-22
11.1919974309  1.10127617122e-22
11.5943872539  1.14963940404e-22
12.0112443398  1.19950678783e-22
12.4430888353  1.24239758312e-22
12.8904595879  1.28683044627e-22
13.3539148186  1.32710616484e-22
13.8340328184  1.3669847659e-22
14.3314126696  1.40434669732e-22
14.8466749937  1.44100245905e-22
15.3804627255  1.47479863757e-22
15.9334419155  1.50806586563e-22
16.5063025609  1.5380686365e-22
17.0997594668  1.56790618322e-22
17.7145531376  1.5955534546e-22
18.3514507018  1.61408264451e-22
19.0112468682  1.62874760869e-22
19.6947649184  1.6487797629e-22
20.4028577337  1.67400731129e-22
21.1364088592  1.7042594092e-22
21.8963336065  1.73936571258e-22
22.6835801957  1.77915591748e-22
23.4991309386  1.82345928883e-22
24.3440034645  1.85780428156e-22
25.2192519896  1.87145952046e-22
26.1259686331  1.88405020335e-22
27.0652847792  1.89561138099e-22
28.0383724893  1.90617683623e-22
29.0464459643  1.91577912979e-22
30.0907630598  1.92444964484e-22
31.1726268555  1.93221863038e-22
32.2933872809  1.93911524361e-22
33.4544428005  1.94516759108e-22
34.6572421578  1.95040276902e-22
35.9032861837  1.95484690255e-22
37.1941296691  1.95852518407e-22
38.5313833047  1.96146191081e-22
39.9167156909  1.96368052151e-22
41.35185542  1.96520363245e-22
42.8385932329  1.96605307271e-22
44.3787842538  1.96624991886e-22
45.9743503045  1.96581452904e-22
47.627282303  1.96476657658e-22
49.3396427475  1.9631250831e-22
51.1135682897  1.96090845127e-22
52.9512724014  1.95813449723e-22
54.8550481358  1.95482048274e-22
56.8272709893  1.95098314709e-22
58.8704018652  1.94663873895e-22
60.9869901447  1.94180304806e-22
63.1796768676  1.93649143695e-22
65.4511980279  1.93071887272e-22
67.8043879881  1.92449995887e-22
70.2421830153  1.9178489674e-22
72.767624945  1.91077987105e-22
75.3838649774  1.90330637587e-22
78.0941676085  1.89544195416e-22
80.9019147041  1.88719987776e-22
83.8106097193  1.87859325175e-22
86.8238820702  1.86963504872e-22
89.9454916625  1.86033814341e-22
93.1793335833  1.85071534792e-22
96.5294429608  1.84077944745e-22
100  1.83054323645e-22
103.595335198  1.82001955531e-22
107.319934748  1.8092213274e-22
111.178446136  1.79816159642e-22
115.175683943  1.78685356392e-22
119.316635847  1.77531062698e-22
123.606468853  1.76354641558e-22
128.050535734  1.75157482969e-22
132.654381717  1.73941007571e-22
137.423751394  1.72706670182e-22
142.364595899  1.71455963204e-22
147.483080324  1.7019041983e-22
152.785591422  1.68911617026e-22
158.278745568  1.67621178205e-22
163.969397019  1.66320775535e-22
169.864646463  1.65012131816e-22
175.971849887  1.63697021825e-22
182.298627744  1.62377273064e-22
188.852874473  1.61054765804e-22
195.642768341  1.59731432334e-22
202.676781654  1.5840925532e-22
209.963691323  1.57090265171e-22
217.51258982  1.55776536324e-22
225.332896521  1.54470182357e-22
233.434369463  1.53173349854e-22
241.827117512  1.51888210963e-22
250.521612986  1.50616954598e-22
259.528704717  1.49361776285e-22
268.859631586  1.48124866646e-22
278.526036554  1.46908398586e-22
288.539981181  1.4571451326e-22
298.913960685  1.44545304958e-22
309.660919525  1.43492272482e-22
320.794267559  1.42376489281e-22
332.327896774  1.41291309731e-22
344.276198619  1.40238466192e-22
356.654081967  1.39219560072e-22
369.476991711  1.38236045407e-22
382.760928042  1.37289213391e-22
396.522466412  1.36380178239e-22
410.778778215  1.35509864764e-22
425.547652214  1.34678997999e-22
440.847516738  1.33888095204e-22
456.697462677  1.33137460487e-22
473.117267301  1.32427182293e-22
490.127418939  1.3175713387e-22
507.749142548  1.31126976822e-22
526.004426187  1.30536167758e-22
544.916048465  1.29983968011e-22
564.507606954  1.29469456339e-22
584.803547643  1.28991544541e-22
605.82919543  1.28548995877e-22
627.610785733  1.28140446298e-22
650.175497219  1.27764428599e-22
673.551485719  1.27419399933e-22
697.767919361  1.27103773751e-22
722.855014966  1.26815958895e-22
748.84407575  1.26554414209e-22
775.767530383  1.26326368819e-22
803.658973457  1.26143741117e-22
832.553207402  1.26006033303e-22
862.486285909  1.25912496548e-22
893.495558925  1.25373320479e-22
925.619719247  1.25404752001e-22
958.898850812  1.25473881615e-22
993.374478709  1.25581104337e-22
1029.08962099  1.25726712844e-22
1066.08884235  1.25910895461e-22
1104.41830974  1.26133735046e-22
1144.12584997  1.26395208812e-22
1185.26100936  1.26695189068e-22
1227.87511562  1.27033444886e-22
1272.02134183  1.27409644641e-22
1317.75477286  1.27823359398e-22
1365.13247404  1.28274067068e-22
1414.21356237  1.30187384619e-22
1465.05928036  1.31340180701e-22
1517.73307233  1.32401560986e-22
1572.30066369  1.3338109578e-22
1628.83014287  1.34287252006e-22
1687.39204632  1.35127571913e-22
1748.05944649  1.35908815854e-22
1810.90804305  1.36637077368e-22
1876.01625732  1.37317876696e-22
1943.46533014  1.37956237317e-22
2013.33942322  1.38556749009e-22
2085.72572415  1.39123620113e-22
2160.71455525  1.39660721102e-22
2238.39948618  1.40171621055e-22
2318.87745078  1.40447004556e-22
2402.24886796  1.40832091013e-22
2488.61776706  1.41179602722e-22
2578.09191758  1.41492202558e-22
2670.78296373  1.41772340317e-22
2766.80656368  1.42022275996e-22
2866.28253393  1.42244099897e-22
2969.33499874  1.4243975007e-22
3076.0925451  1.42611027479e-22
3186.68838309  1.42759609234e-22
3301.26051218  1.42887060176e-22
3419.95189335  1.42994843019e-22
3542.91062753  1.43084327278e-22
3670.29014035  1.4315679712e-22
3802.24937364  1.43213458295e-22
3938.95298368  1.43255444263e-22
4080.57154674  1.43283821616e-22
4227.28177184  1.43299594895e-22
4379.2667213  1.43303710868e-22
4536.71603914  1.43297062349e-22
4699.82618773  1.43280491602e-22
4868.8006929  1.43254793402e-22
5043.85039793  1.43220717783e-22
5225.19372662  1.43178972515e-22
5413.05695583  1.43130225354e-22
5607.67449785  1.43075106089e-22
5809.28919286  1.43014208413e-22
6018.15261197  1.42948091649e-22
6234.52537109  1.42877282339e-22
6458.67745619  1.42802275734e-22
6690.88856009  1.42723537176e-22
6931.44843155  1.42641503408e-22
7180.65723674  1.42556583814e-22
7438.82593382  1.42469161594e-22
7706.27666093  1.42379594896e-22
7983.34313818  1.42288217899e-22
8270.371084  1.42195341858e-22
8567.71864659  1.42101256121e-22
8875.75685075  1.42006229112e-22
9194.87006089  1.4191050929e-22
9525.4564606  1.41814326082e-22
9867.9285495  1.41717890799e-22
10222.7136579  1.41621397523e-22
10590.2544803  1.4152502398e-22
10971.0096272  1.4142893239e-22
11365.4541979  1.41333270297e-22
11774.080373  1.41238171376e-22
12197.3980289  1.41143756225e-22
12635.9353735  1.41050133133e-22
13090.2396056  1.40957398821e-22
13560.8775976  1.40865639167e-22
14048.4366031  1.40774929906e-22
14553.524989  1.40685337303e-22
15076.7729955  1.40596918809e-22
15618.8335217  1.40509723682e-22
16180.3829408  1.4042379359e-22
16762.1219439  1.40339163187e-22
17364.776414  1.40255860664e-22
17989.0983325  1.40173908268e-22
18635.8667167  1.40093322808e-22
19305.8885922  1.40014116119e-22
20000  1.39936295514e-22

