2 20 101
101
2  0
2.04658598456  1.0039419431e-39
2.0942570961  2.03126869812e-39
2.14303861048  3.08252496732e-39
2.19295639229  4.15826814069e-39
2.2440369086  5.25906859149e-39
2.29630724299  6.38550997869e-39
2.34979510988  7.53818955643e-39
2.40452886923  8.71771849067e-39
2.46053754162  9.92472218328e-39
2.51785082359  1.11598406036e-38
2.57649910339  1.24237286277e-38
2.63651347711  1.37170563858e-38
2.69792576518  1.50405096174e-38
2.76076852921  1.63947900349e-38
2.82507508925  1.77806156958e-38
2.89087954149  1.9198721383e-38
2.95821677634  2.06498589951e-38
3.02712249687  2.01537782505e-35
3.09763323782  7.2491817646e-35
3.16978638492  1.26048966589e-34
3.24362019472  1.80853621789e-34
3.31917381488  2.369348414e-34
3.39648730492  2.94322360426e-34
3.4756016575  3.5304660649e-34
3.55655882008  4.13138715964e-34
3.63940171722  4.7463055048e-34
3.72417427333  5.37554713823e-34
3.81092143593  6.01944569217e-34
3.89968919952  6.67834257015e-34
3.99052462994  1.86805859827e-33
4.08347588934  4.61317899454e-32
4.17859226171  9.78507284605e-32
4.275924179  1.50774355811e-31
4.3755232479  2.04930732805e-31
4.47744227714  2.6034857387e-31
4.58173530554  3.1705726228e-31
4.68845763064  3.75086865731e-31
4.79766583804  4.34468152287e-31
4.90941783137  4.95232606692e-31
5.02377286302  2.35687936747e-30
5.14079156554  1.11531747577e-29
5.26053598379  2.01759542609e-29
5.38306960785  2.94089012973e-29
5.50845740668  3.88569112978e-29
5.63676586253  4.85249937224e-29
5.76806300625  5.84182747162e-29
5.90241845333  6.85419998278e-29
6.0399034408  2.01193886601e-28
6.18059086503  6.42960445983e-28
6.32455532034  1.09501707042e-27
6.47187313859  1.55760344632e-27
6.62262242965  2.03096484311e-27
6.77688312278  2.51535224326e-27
6.93473700905  3.01102247538e-27
7.09626778467  8.32439313696e-27
7.2615610954  1.70956674639e-26
7.43070458194  2.6071251016e-26
7.60378792641  3.52559027665e-26
7.78090289989  4.46544925394e-26
7.96214341107  5.44567675067e-26
8.14760555608  1.27638882641e-25
8.33738766941  2.19386623708e-25
8.53159037603  3.13271444199e-25
8.7303166448  4.0934312309e-25
8.93367184302  5.07652598855e-25
9.1417637923  9.19681340712e-25
9.35470282574  1.49041244145e-24
9.57260184645  2.07443757731e-24
9.79557638737  2.67206640615e-24
10.0237446725  3.45935519684e-24
10.2572276798  5.46811459774e-24
10.496149205  7.55626149065e-24
10.7406359274  9.69304757302e-24
10.9908174772  1.192326474e-23
11.2468265038  1.5023058365e-23
11.5087987467  1.82742203507e-23
11.7768731071  2.16011116274e-23
12.0511917215  2.50327625998e-23
12.3319000372  2.86613620903e-23
12.6191468896  3.23752082418e-23
12.9130845807  3.61755609831e-23
13.2138689602  3.95758709201e-23
13.5216595078  4.28522089631e-23
13.8366194184  4.62048627228e-23
14.1589156877  4.93377382557e-23
14.4887192015  5.22302140129e-23
14.826204826  5.51900641856e-23
15.1715515006  5.8239598702e-23
15.5249423326  6.13816672674e-23
15.8865646945  6.45969240116e-23
16.2566103233  6.77659561999e-23
16.6352754221  7.09540171861e-23
17.022760764  7.4017566989e-23
17.4192717991  7.53442841334e-23
17.8250187627  7.66212915518e-23
18.2402167871  7.59339807226e-23
18.6650860159  7.3744289691e-23
19.0998517204  7.1323579475e-23
19.5447444191  6.82320129419e-23
20  6.50678e-23

