0.05 20 201
201
0.05  0
0.0515205278956  2.08168175648e-37
0.0530872958927  4.22666861656e-37
0.0547017101788  6.43688572377e-37
0.0563652197041  8.71431676632e-37
0.0580793174821  1.10610057575e-36
0.0598455419298  1.34790588701e-36
0.0616654782484  1.59706463269e-36
0.0635407598458  1.85380043484e-36
0.0654730698028  2.11834371597e-36
0.0674641423837  2.39093190587e-36
0.0695157645926  2.6718096547e-36
0.0716297777775  2.96122905258e-36
0.0738080792827  3.25944985582e-36
0.0760526241521  3.56673972006e-36
0.0783654268832  3.88337444052e-36
0.0807485632356  4.20963819949e-36
0.0832041720942  4.54582382138e-36
0.0857344573881  4.89223303561e-36
0.0883416900695  5.2491767473e-36
0.0910282101513  5.61697531641e-36
0.0937964288077  5.9959588452e-36
0.0966488305378  6.38646747454e-36
0.0995879753959  4.57387825935e-34
0.102616501289  2.90056115893e-32
0.105737126344  6.35915975226e-32
0.108952651348  9.9229362584e-32
0.112265962262  1.35950891964e-31
0.115680032808  1.73789143539e-31
0.119197927145  2.12778077455e-31
0.122822802612  2.52952686604e-31
0.126557912563  2.94349028031e-31
0.130406609292  3.37004255297e-31
0.134372347036  3.80956651821e-31
0.138458685077  4.26245665245e-31
0.142669290938  4.72911942835e-31
0.147007943673  5.20997367961e-31
0.151478537257  5.70545097694e-31
0.156085084087  6.2159960153e-31
0.160831718575  6.74206701313e-31
0.165722700867  7.28413612349e-31
0.170762420659  7.84268985793e-31
0.175955401141  8.41822952306e-31
0.181306303058  9.0112716705e-31
0.186819928886  9.62234856052e-31
0.192501227153  1.02520086397e-30
0.198355296869  1.09008170331e-30
0.204387392112  4.56991865537e-28
0.210602926736  1.10283339325e-27
0.217007479236  1.76831532214e-27
0.22360679775  2.45403492776e-27
0.230406805222  3.16060764917e-27
0.237413604716  3.88866764124e-27
0.244633484891  4.63886834386e-27
0.25207292565  5.41188306839e-27
0.259738603953  6.20840560197e-27
0.267637399811  7.02915083018e-27
0.275776402457  7.87485537869e-27
0.284162916714  8.74627827434e-27
0.292804469549  9.64420162643e-27
0.301708816827  1.05694313286e-26
0.310883950274  1.15227977822e-26
0.320338104647  1.25051566416e-26
0.33007976513  1.3517389582e-26
0.340117674943  1.45604050908e-26
0.350460843193  1.56351392831e-26
0.361118552961  1.67425567419e-26
0.372100369628  1.78836513834e-26
0.383416149468  1.90594473495e-26
0.395076048485  2.0270999927e-26
0.407090531537  2.15193964944e-26
0.419470381721  2.28057574978e-26
0.432226710057  2.4131237457e-26
0.445370965454  2.54970260013e-26
0.458914944991  2.69043489372e-26
0.472870804502  2.83544693487e-26
0.487251069486  2.9848688731e-26
0.502068646352  4.71599950568e-26
0.517336833998  1.5313409518e-25
0.533069335748  2.63808676859e-25
0.549280271653  3.77848934314e-25
0.565984191164  4.95357219622e-25
0.583196086186  6.16438997446e-25
0.600931404538  7.41202939686e-25
0.619206063817  8.69761023017e-25
0.63803646568  1.00222862939e-24
0.657439510569  1.13872464957e-24
0.677432612878  1.27937158988e-24
0.698033716583  1.42429568211e-24
0.719261311345  1.57362699685e-24
0.741134449107  1.72749956017e-24
0.763672761192  1.886051474e-24
0.786896475921  2.04942503998e-24
0.810826436772  2.21776688726e-24
0.835484121084  2.39122810402e-24
0.860891659332  2.56996437317e-24
0.887071854993  2.75413611198e-24
0.914048205011  2.94390861612e-24
0.941844920883  3.13945220798e-24
0.970486950393  3.34094238957e-24
1  3.60322955702e-24
1.03041055791  4.62862867331e-24
1.06174591785  5.74154283756e-24
1.09403420358  6.88830134245e-24
1.12730439408  8.06993341326e-24
1.16158634964  9.28749957459e-24
1.1969108386  1.05420926022e-23
1.23330956497  1.18348385037e-23
1.27081519692  1.31668975293e-23
1.30946139606  1.45394652131e-23
1.34928284767  1.59537734459e-23
1.39031529185  1.74110915811e-23
1.43259555555  1.89127275738e-23
1.47616158565  2.04600291549e-23
1.52105248304  2.20543850403e-23
1.56730853766  2.36972261777e-23
1.61497126471  2.53900270306e-23
1.66408344188  2.71343069019e-23
1.71468914776  2.89316312973e-23
1.76683380139  3.07836133303e-23
1.82056420303  3.26919151701e-23
1.87592857615  3.46582495335e-23
1.93297661076  3.6684381222e-23
1.99175950792  3.87659033306e-23
2.05233002578  4.05227302172e-23
2.11474252688  4.22615612217e-23
2.17905302696  4.40532710471e-23
2.24531924523  4.58994677679e-23
2.31360065617  4.7801808361e-23
2.3839585429  4.97620001929e-23
2.45645605223  5.1781802552e-23
2.53115825126  5.38630282277e-23
2.60813218585  5.60075451374e-23
2.68744694072  5.82172780027e-23
2.76917370155  6.04942100773e-23
2.85338581877  6.28403849266e-23
2.94015887345  6.5257908262e-23
3.02957074514  6.7443977865e-23
3.12170168173  6.90605994094e-23
3.21663437151  7.07263833168e-23
3.31445401734  7.24428246423e-23
3.41524841318  7.4211463906e-23
3.51910802283  7.60338884766e-23
3.62612606115  7.79117339951e-23
3.73639857773  7.98466858434e-23
3.85002454306  8.1840480657e-23
3.96710593738  8.38949078833e-23
4.08774784223  8.52853031279e-23
4.21205853471  8.64373524705e-23
4.34014958471  8.76244362763e-23
4.472135955  8.8847619963e-23
4.60813610445  9.0108001348e-23
4.74827209431  9.1406711634e-23
4.89266969782  9.27449164245e-23
5.041458513  9.39530574459e-23
5.19477207907  9.47424230035e-23
5.35274799621  9.55557936081e-23
5.51552804914  9.63938992666e-23
5.68325833429  9.72574921857e-23
5.85608939099  9.81473474474e-23
6.03417633655  9.9009110311e-23
6.21767900547  9.96657841039e-23
6.40676209294  1.00341132167e-22
6.6015953026  1.01037017942e-22
6.80235349885  1.01754065992e-22
7.00921686386  1.02475925344e-22
7.22237105921  1.03049505678e-22
7.44200739256  1.03631761598e-22
7.66832298935  1.04231724245e-22
7.9015209697  1.04849932091e-22
8.14181063074  1.05347823753e-22
8.38940763443  1.05761310749e-22
8.64453420113  1.06187372116e-22
8.90741930907  1.06626390246e-22
9.17829889981  1.06916685463e-22
9.45741609003  1.07129093645e-22
9.74502138973  1.07347961278e-22
10.041372927  1.07549909926e-22
10.34673668  1.07626257013e-22
10.661386715  1.07702716972e-22
10.9856054331  1.07778630054e-22
11.3196838233  1.07799385772e-22
11.6639217237  1.07814876478e-22
12.0186280908  1.07828372216e-22
12.3841212763  1.07818860483e-22
12.7607293136  1.0780793885e-22
13.1487902114  1.07789989524e-22
13.5486522576  1.07760399733e-22
13.9606743317  1.07730114228e-22
14.3852262269  1.07705812558e-22
14.8226889821  1.07681752106e-22
15.2734552238  1.07632895903e-22
15.7379295184  1.07566476079e-22
16.2165287354  1.07481363678e-22
16.7096824217  1.07372869867e-22
17.2178331866  1.07232976218e-22
17.7414370999  1.07050238452e-22
18.2809641002  1.06849300145e-22
18.8368984177  1.06630262023e-22
19.4097390079  1.06403743353e-22
20  1.0617e-22

