1 20000 251
251
1  0
1.04040904696  1.32577760472e-37
1.082450985  2.70512861892e-37
1.12619179768  4.14021789304e-37
1.17170013492  5.63329775702e-37
1.21904742069  7.18671155534e-37
1.26830796516  8.80289732479e-37
1.31955908129  1.04843916209e-36
1.37288120617  1.2233833499e-36
1.4283580273  1.4053968656e-36
1.4860766139  1.59476537402e-36
1.54612755358  1.79178608338e-36
1.6086050945  1.99676821183e-36
1.6736072933  2.21003347275e-36
1.74123616901  2.4319165796e-36
1.81159786313  2.66276577134e-36
1.88480280626  2.90294335891e-36
1.96096589137  3.15282629389e-36
2.04020665416  1.58912577401e-32
2.12264946065  4.84691836655e-32
2.20842370239  8.23635525295e-32
2.29766399949  1.17627560537e-31
2.39051041194  1.54316553499e-31
2.48710865943  1.92488113701e-31
2.58761035005  2.32202150272e-31
2.6921732182  2.73520993212e-31
2.8009613722  3.16509491216e-31
2.91414555182  3.61235113455e-31
3.03190339627  1.07381521739e-29
3.15441972299  5.04575993936e-29
3.28188681771  9.17820716212e-29
3.41450473624  1.34776426388e-28
3.55248161847  1.79508142055e-28
3.69603401502  2.26047423721e-28
3.8453872271  2.74467313406e-28
4.00077566014  3.44650378839e-28
4.16244319166  4.52526224424e-27
4.33064355406  8.87480865082e-27
4.50564073281  1.34001160824e-26
4.68770938077  1.81082868745e-26
4.87713524927  2.30067103612e-26
5.07421563659  6.54250133758e-26
5.27925985453  1.73841001724e-25
5.49258971391  2.86637976837e-25
5.71454002959  4.03992970214e-25
5.945459146  5.26090167029e-25
6.18570948383  1.30642055312e-24
6.43566810884  2.31790341584e-24
6.69572732367  3.37025933706e-24
6.96629528353  4.46513995812e-24
7.24779663678  7.8523511082e-24
7.54067319143  1.16945720677e-23
7.84538460853  1.56920535144e-23
8.1624091236  2.11723410643e-23
8.49224429718  2.81827771348e-23
8.83540779578  3.54764982457e-23
9.19243820431  4.334021507e-23
9.56389587139  5.17666433069e-23
9.95036378878  6.05335754782e-23
10.3524485064  6.88354288241e-23
10.7707810842  7.73526993243e-23
11.2060180829  8.55579587628e-23
11.6588425938  9.33352004215e-23
12.1299653117  1.01063237394e-22
12.6201256496  1.08110882754e-22
13.1300928996  1.15130779251e-22
13.6606674402  1.21484848208e-22
14.2126819923  1.27683615072e-22
14.7870029263  1.33448856437e-22
15.384531622  1.38947031096e-22
16.0062058827  1.44371877872e-22
16.6530014079  1.49259003531e-22
17.3259333238  1.54052687695e-22
18.0260577771  1.58620372634e-22
18.7544735924  1.61275116861e-22
19.5123239965  1.65009226737e-22
20.3007984131  1.69796053982e-22
21.1211343295  1.75609616185e-22
21.9746192385  1.82424508478e-22
22.8625926593  1.90215813622e-22
23.7864482397  1.98959010323e-22
24.7476359436  2.03080402581e-22
25.7476643266  2.05521101417e-22
26.7881029035  2.0777973909e-22
27.8705846117  2.09863132901e-22
28.996808374  2.11777825165e-22
30.1685417653  2.13530094262e-22
31.3876237862  2.15125965361e-22
32.6559677498  2.1657122082e-22
33.9755642841  2.17871410285e-22
35.3484844568  2.19031860495e-22
36.7768830251  2.20057684822e-22
38.2630018183  2.20953792542e-22
39.8091732557  2.21724897864e-22
41.4178240072  2.22375528742e-22
43.0914788025  2.2291003546e-22
44.832764393  2.23332599031e-22
46.6444136747  2.23647239418e-22
48.5292699773  2.23857823588e-22
50.4902915267  2.23968073425e-22
52.5305560881  2.23981573512e-22
54.6532657959  2.2390177881e-22
56.8617521799  2.23732022233e-22
59.159481394  2.2347552216e-22
61.5500596558  2.23135389884e-22
64.0372389068  2.22714637019e-22
66.624922701  2.22216182896e-22
69.3171723311  2.21642861942e-22
72.118213203  2.20997431083e-22
75.032441467  2.2028257717e-22
78.0644309178  2.19500924451e-22
81.2189401726  2.18655042101e-22
84.5009201401  2.17747451829e-22
87.9155217902  2.16780635554e-22
91.4681042388  2.15757043185e-22
95.1642431583  2.14679100481e-22
99.009739529  2.1354921701e-22
103.010628743  2.12369794195e-22
107.173190077  2.11143233437e-22
111.503956548  2.09871944294e-22
116.009725165  2.08558352689e-22
120.697567597  2.07204909115e-22
125.574841273  2.05814096784e-22
130.649200932  2.04388439656e-22
135.928610627  2.02930510278e-22
141.421356237  2.01442937336e-22
147.136058463  1.9992841281e-22
153.081686359  1.98389698599e-22
159.267571411  1.96829632481e-22
165.703422184  1.95251133209e-22
172.399339552  1.93657204584e-22
179.36583256  1.92050938273e-22
186.613834911  1.90435515146e-22
194.154722129  1.888142049e-22
202.000329413  1.87190363712e-22
210.162970211  1.85567429665e-22
218.655455543  1.83948915711e-22
227.491114114  1.82338399928e-22
236.683813228  1.80739512893e-22
246.247980551  1.79155921995e-22
256.198626761  1.77591312617e-22
266.551369101  1.76049366157e-22
277.322455892  1.74533734979e-22
288.528792035  1.73048014471e-22
300.187965542  1.7170219677e-22
312.318275138  1.70284075162e-22
324.938758985  1.68906130156e-22
338.069224556  1.67571391454e-22
351.730279727  1.66282664216e-22
365.943365117  1.65042494809e-22
380.730787743  1.63853138344e-22
396.115756024  1.62716528986e-22
412.122416211  1.6163425401e-22
428.775890281  1.60607532512e-22
446.102315367  1.59637199599e-22
464.128884777  1.58723696714e-22
482.883890678  1.57867068631e-22
502.396768493  1.57066967421e-22
522.698143103  1.56322663552e-22
543.819876914  1.5563306407e-22
565.795119858  1.5499673771e-22
588.658361426  1.54411946696e-22
612.445484796  1.5387668501e-22
637.193823152  1.533887231e-22
662.942218274  1.52945659483e-22
689.731081504  1.5254498072e-22
717.602457167  1.52184133984e-22
746.600088557  1.51860625454e-22
776.769486596  1.51583117589e-22
808.158001257  1.51370496083e-22
840.814895881  1.5122225393e-22
874.791424493  1.51137192679e-22
910.140912246  1.50583325658e-22
946.918839109  1.50667403537e-22
985.182926946  1.50806229526e-22
1024.99323011  1.51000332875e-22
1066.41222967  1.51250049229e-22
1109.50493154  1.51555518288e-22
1154.33896842  1.5191668364e-22
1200.98470601  1.52333294777e-22
1249.51535339  1.5280491125e-22
1300.00707798  1.53330908864e-22
1352.53912504  1.53910487756e-22
1407.19394206  1.54542682185e-22
1464.05730815  1.57611800007e-22
1523.21846867  1.58997104533e-22
1584.7702753  1.60262419619e-22
1648.80933177  1.61421593874e-22
1715.43614549  1.62486784565e-22
1784.75528525  1.63468747925e-22
1856.87554538  1.6437706715e-22
1931.9101165  1.65220333271e-22
2009.97676312  1.66006289932e-22
2091.19800853  1.66741950207e-22
2175.70132706  1.67433691553e-22
2263.61934415  1.67898067622e-22
2355.09004453  1.68430058024e-22
2450.25698873  1.68904930757e-22
2549.26953846  1.69327251682e-22
2652.28309095  1.69701171107e-22
2759.45932292  1.7003047517e-22
2870.96644429  1.70318629339e-22
2986.97946215  1.70568815423e-22
3107.68045551  1.70783963196e-22
3233.25886097  1.70966777511e-22
3363.91177012  1.7111976164e-22
3499.84423881  1.71245237409e-22
3641.26960901  1.71345362634e-22
3788.40984363  1.71422146247e-22
3941.49587491  1.71477461452e-22
4100.76796681  1.715130572e-22
4266.47609215  1.71530568227e-22
4438.88032492  1.7153152384e-22
4618.25124841  1.71517355658e-22
4804.87037999  1.71489404429e-22
4999.03061281  1.71448926081e-22
5201.0366756  1.71397097091e-22
5411.20561086  1.71335019294e-22
5629.8672725  1.71263724208e-22
5857.36484349  1.71184176936e-22
6094.05537452  1.71097279732e-22
6340.31034432  1.71003875261e-22
6596.51624277  1.70904749619e-22
6863.0751774  1.70800635133e-22
7140.40550453  1.70692213e-22
7428.94248588  1.70580115764e-22
7729.13897165  1.70464929679e-22
8041.46611132  1.70347196963e-22
8366.41409304  1.70227417963e-22
8704.49291301  1.70106053246e-22
9056.2331759  1.69983525618e-22
9422.18692758  1.69860222091e-22
9802.92852161  1.69736495785e-22
10199.0555206  1.6961266779e-22
10611.1896341  1.6948902897e-22
11039.9776943  1.69365841728e-22
11486.0926714  1.69243341713e-22
11950.2347295  1.69121739491e-22
12433.1323259  1.69001222154e-22
12935.5433539  1.68881954892e-22
13458.2563327  1.68764082498e-22
14002.0916449  1.68647730838e-22
14567.9028237  1.68533008243e-22
15156.577893  1.68420006869e-22
15769.0407609  1.68308803978e-22
16406.2526695  1.68199463175e-22
17069.213704  1.68092035579e-22
17758.9643622  1.67986560935e-22
18476.5871871  1.67883068664e-22
19223.2084664  1.67781578861e-22
20000  1.67682103227e-22

