0.2 20 151
151
0.2  0
0.206235454919  4.65414355125e-41
0.212665314327  9.45339061399e-41
0.219295639229  1.44022651203e-40
0.22613267959  1.95054320459e-40
0.233182880236  2.47677018081e-40
0.240452886923  3.01940347997e-40
0.247949552606  3.5789546065e-40
0.255679943893  4.15595101214e-40
0.263651347711  4.75093659317e-40
0.271871278176  5.36447220303e-40
0.280347483669  5.99713618108e-40
0.289087954149  6.6495248977e-40
0.298100928677  7.32225331647e-40
0.307394903187  8.01595557388e-40
0.316978638492  8.73128557706e-40
0.326861168545  9.46891762017e-40
0.33705180895  1.022954702e-39
0.34756016575  1.10138907716e-39
0.358396144475  1.18226882236e-39
0.369569959484  1.26567017759e-39
0.381092143593  1.35167175978e-39
0.392973557999  1.4403546369e-39
0.405225402524  1.53180240444e-39
0.417859226171  1.62610126414e-39
0.430886938006  1.72334010528e-39
0.444320818391  1.82361058847e-39
0.458173530554  1.92700723205e-39
0.472458132527  2.03362750118e-39
0.487188089458  2.14357189972e-39
0.502377286302  4.57803253198e-34
0.518040040906  3.25840877893e-33
0.534191117512  6.17562908395e-33
0.550845740668  9.18380036747e-33
0.568019609583  1.22857582331e-32
0.585728912925  1.54844266909e-32
0.60399034408  1.87828209136e-32
0.622821116889  2.21840500786e-32
0.642238981873  2.56913202993e-32
0.662262242965  2.93079376467e-32
0.682909774767  3.30373112662e-32
0.704201040337  3.68829565912e-32
0.72615610954  4.08484986564e-32
0.748795677965  4.49376755155e-32
0.772141086431  4.91543417644e-32
0.796214341107  5.35024721749e-32
0.821038134255  5.7986165441e-32
0.846635865618  6.26096480434e-32
0.87303166448  6.73772782324e-32
0.900250412412  7.2293550137e-32
0.928317766723  7.73630980007e-32
0.957260184645  8.25907005502e-32
0.987104948279  8.79812854999e-32
1.0178801903  2.13184803671e-28
1.0496149205  5.9139645217e-28
1.08233905309  9.81399709089e-28
1.11608343495  1.38356220464e-27
1.15087987467  1.79826303075e-27
1.18676117255  2.22589309838e-27
1.2237611515  2.66685550606e-27
1.26191468896  3.12156591981e-27
1.30125774973  3.59045296499e-27
1.34182741991  4.07395863033e-27
1.38366194184  4.57253868456e-27
1.42680075014  5.08666310605e-27
1.47128450892  5.61681652581e-27
1.51715515006  6.16349868431e-27
1.56445591277  6.72722490258e-27
1.61323138435  7.30852656795e-27
1.66352754221  7.90795163497e-27
1.71539179718  8.52606514189e-27
1.76887303828  9.16344974336e-27
1.82402167871  9.82070625956e-27
1.88088970345  1.04984542426e-26
1.93953071822  1.11973325607e-26
2  1.72360735384e-26
2.06235454919  9.69161048866e-26
2.12665314327  1.84564219029e-25
2.19295639229  2.74944962494e-25
2.2613267959  3.68143531216e-25
2.33182880236  4.64247777306e-25
2.40452886923  5.63348291867e-25
2.47949552606  6.65538490382e-25
2.55679943893  7.70914700777e-25
2.63651347711  8.79576254219e-25
2.71871278176  9.9162557875e-25
2.80347483669  1.10716829584e-24
2.89087954149  1.22631331995e-24
2.98100928677  1.3516356139e-24
3.07394903187  2.33013688928e-24
3.16978638492  3.56790888864e-24
3.26861168545  4.84427124551e-24
3.3705180895  6.16042710206e-24
3.4756016575  7.51761711116e-24
3.58396144475  8.91712060585e-24
3.69569959484  1.03602568053e-23
3.81092143593  1.18483860583e-23
3.92973557999  1.33829111256e-23
4.05225402524  1.56963154508e-23
4.17859226171  1.90954962382e-23
4.30886938006  2.26006542184e-23
4.44320818391  2.62150934714e-23
4.58173530554  2.99422210896e-23
4.72458132527  3.37855503889e-23
4.87188089458  3.77487042211e-23
5.02377286302  4.1804800451e-23
5.18040040906  4.58316214718e-23
5.34191117512  4.99820282315e-23
5.50845740668  5.42618333623e-23
5.68019609583  5.86750711529e-23
5.85728912925  6.322590167e-23
6.0399034408  6.76638361861e-23
6.22821116889  7.13116649043e-23
6.42238981873  7.50712159974e-23
6.62262242965  7.89479796472e-23
6.82909774767  8.29456102219e-23
7.04201040337  8.68661452829e-23
7.2615610954  9.00865008282e-23
7.48795677965  9.34033108002e-23
7.72141086431  9.68235298675e-23
7.96214341107  1.0034067028e-22
8.21038134255  1.03155869984e-22
8.46635865618  1.05894571262e-22
8.7303166448  1.08718657783e-22
9.00250412412  1.11585117937e-22
9.28317766723  1.13952675572e-22
9.57260184645  1.16353159714e-22
9.87104948279  1.1882848441e-22
10.178801903  1.21091502703e-22
10.496149205  1.23209795943e-22
10.8233905309  1.25394131794e-22
11.1608343495  1.2739502436e-22
11.5087987467  1.29173470395e-22
11.8676117255  1.31007363529e-22
12.237611515  1.3264228724e-22
12.6191468896  1.34181019406e-22
13.0125774973  1.35747547846e-22
13.4182741991  1.37142478471e-22
13.8366194184  1.38568198978e-22
14.2680075014  1.39895253559e-22
14.7128450892  1.41173716786e-22
15.1715515006  1.42398886548e-22
15.6445591277  1.43501467327e-22
16.1323138435  1.4458166093e-22
16.6352754221  1.45538293853e-22
17.1539179718  1.46482732376e-22
17.6887303828  1.47353941794e-22
18.2402167871  1.48202107838e-22
18.8088970345  1.49009633789e-22
19.3953071822  1.49758926383e-22
20  1.5049e-22

