1 20000 251
251
1  0
1.04040904696  1.0128537941e-42
1.082450985  2.06663604473e-42
1.12619179768  3.16300063181e-42
1.17170013492  4.30366826698e-42
1.21904742069  5.49042919418e-42
1.26830796516  6.72514599942e-42
1.31955908129  8.00975653403e-42
1.37288120617  9.34627695605e-42
1.4283580273  1.07368048946e-41
1.4860766139  1.21835227419e-41
1.54612755358  1.36887010786e-41
1.6086050945  1.52547022374e-41
1.6736072933  1.68839840106e-41
1.74123616901  1.85791035074e-41
1.81159786313  2.03427211676e-41
1.88480280626  2.21776049367e-41
1.96096589137  2.40866346101e-41
2.04020665416  3.44895544118e-36
2.12264946065  1.05209067285e-35
2.20842370239  1.78786288274e-35
2.29766399949  2.55336694642e-35
2.39051041194  3.34980429976e-35
2.48710865943  4.1784249275e-35
2.58761035005  5.04052932511e-35
2.6921732182  5.9374705398e-35
2.8009613722  6.87065629416e-35
2.91414555182  7.84155119549e-35
3.03190339627  1.5435432949e-32
3.15441972299  7.438160488e-32
3.28188681771  1.35709735441e-31
3.41450473624  1.99516077309e-31
3.55248161847  2.65900772643e-31
3.69603401502  3.34968010247e-31
3.8453872271  4.068261891e-31
4.00077566014  5.88370724e-31
4.16244319166  2.2922402611e-29
4.33064355406  4.61589314414e-29
4.50564073281  7.03344262564e-29
4.68770938077  9.54868297767e-29
4.87713524927  1.21655617952e-28
5.07421563659  6.92602160851e-28
5.27925985453  2.22312824368e-27
5.49258971391  3.81550142687e-27
5.71454002959  5.47222089279e-27
5.945459146  7.19588681341e-27
6.18570948383  3.39578127532e-26
6.43566810884  6.94304909866e-26
6.69572732367  1.06336586341e-25
6.96629528353  1.44734021835e-25
7.24779663678  4.7628590063e-25
7.54067319143  8.62501357553e-25
7.84538460853  1.26432341301e-24
8.1624091236  2.52737086569e-24
8.49224429718  4.67840209604e-24
8.83540779578  6.91635444838e-24
9.19243820431  1.10050468272e-23
9.56389587139  1.68253871585e-23
9.95036378878  2.28809218956e-23
10.3524485064  3.09839207916e-23
10.7707810842  3.96785015704e-23
11.2060180829  4.8737455374e-23
11.6588425938  5.81775598948e-23
12.1299653117  6.77717523157e-23
12.6201256496  7.71326543655e-23
13.1300928996  8.6587580507e-23
13.6606674402  9.55610415039e-23
14.2126819923  1.04443572515e-22
14.7870029263  1.12932179283e-22
15.384531622  1.20952527772e-22
16.0062058827  1.28818879574e-22
16.6530014079  1.35913824243e-22
17.3259333238  1.42802817745e-22
18.0260577771  1.49279748978e-22
18.7544735924  1.52899403512e-22
19.5123239965  1.58108734252e-22
20.3007984131  1.64877771194e-22
21.1211343295  1.73177883526e-22
21.9746192385  1.82981681211e-22
22.8625926593  1.94262915596e-22
23.7864482397  2.06996378841e-22
24.7476359436  2.13182468332e-22
25.7476643266  2.16975800564e-22
26.7881029035  2.20520051748e-22
27.8705846117  2.23824687504e-22
28.996808374  2.26898792703e-22
30.1685417653  2.29751086621e-22
31.3876237862  2.32389937622e-22
32.6559677498  2.34823377393e-22
33.9755642841  2.3705911474e-22
35.3484844568  2.39104548984e-22
36.7768830251  2.40966782951e-22
38.2630018183  2.42652635597e-22
39.8091732557  2.44168654278e-22
41.4178240072  2.45521126687e-22
43.0914788025  2.46716092482e-22
44.832764393  2.47759354617e-22
46.6444136747  2.48656490407e-22
48.5292699773  2.49412862346e-22
50.4902915267  2.50033628694e-22
52.5305560881  2.5052375386e-22
54.6532657959  2.50888018603e-22
56.8617521799  2.5113103007e-22
59.159481394  2.51257231695e-22
61.5500596558  2.5127091298e-22
64.0372389068  2.51176219189e-22
66.624922701  2.50977160954e-22
69.3171723311  2.50677623846e-22
72.118213203  2.50281377908e-22
75.032441467  2.49792087177e-22
78.0644309178  2.49213319221e-22
81.2189401726  2.48548554698e-22
84.5009201401  2.47801196962e-22
87.9155217902  2.46974581726e-22
91.4681042388  2.46071986787e-22
95.1642431583  2.45096641829e-22
99.009739529  2.44051738294e-22
103.010628743  2.42940439334e-22
107.173190077  2.4176588981e-22
111.503956548  2.40531226336e-22
116.009725165  2.39239587335e-22
120.697567597  2.37894123056e-22
125.574841273  2.36498005515e-22
130.649200932  2.35054438276e-22
135.928610627  2.33566665994e-22
141.421356237  2.32037983619e-22
147.136058463  2.30471745119e-22
153.081686359  2.28871371604e-22
159.267571411  2.27240358649e-22
165.703422184  2.25582282649e-22
172.399339552  2.23900805969e-22
179.36583256  2.22199680669e-22
186.613834911  2.20482750515e-22
194.154722129  2.18753951036e-22
202.000329413  2.17017307308e-22
210.162970211  2.15276929201e-22
218.655455543  2.13537003784e-22
227.491114114  2.11801784648e-22
236.683813228  2.10075577911e-22
246.247980551  2.08362724719e-22
256.198626761  2.0666758016e-22
266.551369101  2.04994488548e-22
277.322455892  2.03347755186e-22
288.528792035  2.01731614815e-22
300.187965542  2.00271606079e-22
312.318275138  1.98725935121e-22
324.938758985  1.97222934334e-22
338.069224556  1.9576617388e-22
351.730279727  1.94358963484e-22
365.943365117  1.93004313576e-22
380.730787743  1.91704898468e-22
396.115756024  1.90463022694e-22
412.122416211  1.89280591618e-22
428.775890281  1.88159087357e-22
446.102315367  1.87099550946e-22
464.128884777  1.8610257152e-22
482.883890678  1.85168283089e-22
502.396768493  1.84296369282e-22
522.698143103  1.83486076211e-22
543.819876914  1.8273623342e-22
565.795119858  1.82045282726e-22
588.658361426  1.81411314675e-22
612.445484796  1.80832112371e-22
637.193823152  1.8030520264e-22
662.942218274  1.79827915036e-22
689.731081504  1.79397450423e-22
717.602457167  1.79010963913e-22
746.600088557  1.78665677367e-22
776.769486596  1.78371574945e-22
808.158001257  1.78150339439e-22
840.814895881  1.78001468931e-22
874.791424493  1.7792366797e-22
910.140912246  1.77318080159e-22
946.918839109  1.77430706669e-22
985.182926946  1.77605036188e-22
1024.99323011  1.77841690013e-22
1066.41222967  1.78141065736e-22
1109.50493154  1.78503334757e-22
1154.33896842  1.78928442315e-22
1200.98470601  1.79416110048e-22
1249.51535339  1.7996584101e-22
1300.00707798  1.80576927038e-22
1352.53912504  1.81248458285e-22
1407.19394206  1.81979334701e-22
1464.05730815  1.85494955347e-22
1523.21846867  1.87084421134e-22
1584.7702753  1.88535811568e-22
1648.80933177  1.89865073599e-22
1715.43614549  1.91086190316e-22
1784.75528525  1.922115207e-22
1856.87554538  1.93252066011e-22
1931.9101165  1.942176808e-22
2009.97676312  1.95117241585e-22
2091.19800853  1.95958782788e-22
2175.70132706  1.96749607111e-22
2263.61934415  1.97283863462e-22
2355.09004453  1.9789287767e-22
2450.25698873  1.98436696452e-22
2549.26953846  1.98920536904e-22
2652.28309095  1.99349140418e-22
2759.45932292  1.99726831641e-22
2870.96644429  2.00057568364e-22
2986.97946215  2.00344983947e-22
3107.68045551  2.00592423544e-22
3233.25886097  2.00802975157e-22
3363.91177012  2.00979496351e-22
3499.84423881  2.01124637299e-22
3641.26960901  2.01240860727e-22
3788.40984363  2.01330459219e-22
3941.49587491  2.01395570261e-22
4100.76796681  2.01438189367e-22
4266.47609215  2.01460181552e-22
4438.88032492  2.01463291382e-22
4618.25124841  2.01449151824e-22
4804.87037999  2.01419292047e-22
4999.03061281  2.01375144328e-22
5201.0366756  2.01318050206e-22
5411.20561086  2.01249265977e-22
5629.8672725  2.01169967639e-22
5857.36484349  2.01081255359e-22
6094.05537452  2.00984157549e-22
6340.31034432  2.00879634597e-22
6596.51624277  2.00768582322e-22
6863.0751774  2.00651835178e-22
7140.40550453  2.0053016927e-22
7428.94248588  2.00404305189e-22
7729.13897165  2.00274910715e-22
8041.46611132  2.00142603395e-22
8366.41409304  2.00007953016e-22
8704.49291301  1.99871483997e-22
9056.2331759  1.99733677699e-22
9422.18692758  1.99594974668e-22
9802.92852161  1.99455776816e-22
10199.0555206  1.99316449539e-22
10611.1896341  1.99177323787e-22
11039.9776943  1.9903869807e-22
11486.0926714  1.9890084042e-22
11950.2347295  1.98763990285e-22
12433.1323259  1.98628360378e-22
12935.5433539  1.98494138462e-22
13458.2563327  1.98361489077e-22
14002.0916449  1.98230555204e-22
14567.9028237  1.98101459873e-22
15156.577893  1.97974307692e-22
15769.0407609  1.97849186328e-22
16406.2526695  1.97726167906e-22
17069.213704  1.97605310346e-22
17758.9643622  1.97486658635e-22
18476.5871871  1.97370246023e-22
19223.2084664  1.97256095158e-22
20000  1.97144219148e-22

