0.2 20 151
151
0.2  0
0.206235454919  1.7522916982e-43
0.212665314327  3.55921507584e-43
0.219295639229  5.42247339979e-43
0.22613267959  7.34382304015e-43
0.233182880236  9.32507512583e-43
0.240452886923  1.13680972518e-42
0.247949552606  1.34748152396e-42
0.255679943893  1.56472149527e-42
0.263651347711  1.78873441681e-42
0.271871278176  2.01973145071e-42
0.280347483669  2.25793034258e-42
0.289087954149  2.5035556267e-42
0.298100928677  2.75683883775e-42
0.307394903187  3.01801872902e-42
0.316978638492  3.28734149748e-42
0.326861168545  3.56506101585e-42
0.33705180895  3.8514390719e-42
0.34756016575  4.14674561525e-42
0.358396144475  4.45125901178e-42
0.369569959484  4.7652663061e-42
0.381092143593  5.08906349205e-42
0.392973557999  5.42295579178e-42
0.405225402524  5.76725794343e-42
0.417859226171  6.1222944978e-42
0.430886938006  6.48840012432e-42
0.444320818391  6.86591992648e-42
0.458173530554  7.25520976718e-42
0.472458132527  7.65663660415e-42
0.487188089458  8.07057883583e-42
0.502377286302  1.42232063566e-35
0.518040040906  1.01233862477e-34
0.534191117512  1.91867566706e-34
0.550845740668  2.85326982819e-34
0.568019609583  3.81700208811e-34
0.585728912925  4.81078089334e-34
0.60399034408  5.83554301326e-34
0.622821116889  6.89225442318e-34
0.642238981873  7.9819112149e-34
0.662262242965  9.10554053563e-34
0.682909774767  1.02642015562e-33
0.704201040337  1.14589864696e-33
0.72615610954  1.26910215204e-33
0.748795677965  1.39614680662e-33
0.772141086431  1.52715236728e-33
0.796214341107  1.66224232428e-33
0.821038134255  1.80154401796e-33
0.846635865618  1.9451887588e-33
0.87303166448  2.09331195117e-33
0.900250412412  2.24605322098e-33
0.928317766723  2.4035565473e-33
0.957260184645  2.56597039808e-33
0.987104948279  2.73344787008e-33
1.0178801903  2.89908353694e-29
1.0496149205  8.04403603106e-29
1.08233905309  1.33493941219e-28
1.11608343495  1.88201588187e-28
1.15087987467  2.44614870487e-28
1.18676117255  3.0278696518e-28
1.2237611515  3.62772707242e-28
1.26191468896  4.24628641257e-28
1.30125774973  4.88413074712e-28
1.34182741991  5.54186132963e-28
1.38366194184  6.22009815913e-28
1.42680075014  6.91948056449e-28
1.47128450892  7.64066780716e-28
1.51715515006  8.38433970252e-28
1.56445591277  9.15119726076e-28
1.61323138435  9.94196334768e-28
1.66352754221  1.0757383366e-27
1.71539179718  1.15982259582e-27
1.76887303828  1.24652837307e-27
1.82402167871  1.33593740016e-27
1.88088970345  1.42813395703e-27
1.93953071822  1.52320495127e-27
2  3.0717963212e-27
2.06235454919  2.47036944072e-26
2.12665314327  4.85057968337e-26
2.19295639229  7.30499839434e-26
2.2613267959  9.83593919144e-26
2.33182880236  1.24457878247e-25
2.40452886923  1.51370044255e-25
2.47949552606  1.79121258253e-25
2.55679943893  2.07737679469e-25
2.63651347711  2.37246282708e-25
2.71871278176  2.67674883773e-25
2.80347483669  2.99052165688e-25
2.89087954149  3.31407705738e-25
2.98100928677  3.66020613645e-25
3.07394903187  8.32309095211e-25
3.16978638492  1.42912260244e-24
3.26861168545  2.04454312826e-24
3.3705180895  2.6791507888e-24
3.4756016575  3.33354378664e-24
3.58396144475  4.00833897466e-24
3.69569959484  4.70417243755e-24
3.81092143593  5.42170009139e-24
3.92973557999  6.16159830192e-24
4.05225402524  7.72134340925e-24
4.17859226171  1.043452526e-23
4.30886938006  1.32322967263e-23
4.44320818391  1.61172950819e-23
4.58173530554  1.90922398234e-23
4.72458132527  2.21599352341e-23
4.87188089458  2.53232730269e-23
5.02377286302  2.87072216995e-23
5.18040040906  3.28171381136e-23
5.34191117512  3.7062997736e-23
5.50845740668  4.14412316897e-23
5.68019609583  4.59559670456e-23
5.85728912925  5.06114595454e-23
6.0399034408  5.5220184399e-23
6.22821116889  5.92732230466e-23
6.42238981873  6.34511126228e-23
6.62262242965  6.77592574097e-23
6.82909774767  7.22017184095e-23
7.04201040337  7.65699341297e-23
7.2615610954  8.02070083823e-23
7.48795677965  8.39533136069e-23
7.72141086431  8.78164184182e-23
7.96214341107  9.17894378042e-23
8.21038134255  9.50066430138e-23
8.46635865618  9.81461023745e-23
8.7303166448  1.01383441522e-22
9.00250412412  1.04674773584e-22
9.28317766723  1.07464158895e-22
9.57260184645  1.10298489882e-22
9.87104948279  1.13221187585e-22
10.178801903  1.15858450229e-22
10.496149205  1.18297898939e-22
10.8233905309  1.20813403011e-22
11.1608343495  1.23137614441e-22
11.5087987467  1.25228880468e-22
11.8676117255  1.2738534647e-22
12.237611515  1.29377849201e-22
12.6191468896  1.31299642883e-22
13.0125774973  1.33254654382e-22
13.4182741991  1.34978934378e-22
13.8366194184  1.36740167751e-22
14.2680075014  1.3833868949e-22
14.7128450892  1.39850247613e-22
15.1715515006  1.41308059717e-22
15.6445591277  1.42637211149e-22
16.1323138435  1.43959639661e-22
16.6352754221  1.45189883682e-22
17.1539179718  1.4640984528e-22
17.6887303828  1.47548995715e-22
18.2402167871  1.48640546748e-22
18.8088970345  1.4965507231e-22
19.3953071822  1.50581449937e-22
20  1.51477e-22

