2 20000 251
251
2  0
2.07505683164  8.31966917366e-38
2.15293042726  1.69515623515e-37
2.23372649556  2.59073968059e-37
2.31755471231  3.51993295396e-37
2.40452886923  4.48399737888e-37
2.49476702849  5.48424161441e-37
2.5883916829  6.52202343152e-37
2.68552992228  7.5987515562e-37
2.78631360589  8.71588758167e-37
2.89087954149  9.87494795242e-37
2.999369671  1.10775060227e-36
3.11193126321  1.83930349786e-33
3.22871711365  3.75722317347e-33
3.34988575205  5.74711933617e-33
3.4756016575  7.8116931495e-33
3.60603548172  9.95374714738e-33
3.74136428073  1.21761890384e-32
3.88177175519  1.44820356528e-32
4.02744849972  2.80723962138e-31
4.17859226171  1.73608017152e-30
4.33540820964  3.2460535939e-30
4.49810921167  4.81269392674e-30
4.66691612456  6.43812778943e-30
4.84205809347  8.12456161001e-30
5.02377286302  3.06463211583e-29
5.2123071  1.97197443361e-28
5.40791672822  3.69998965333e-28
5.6108672759  5.49285454676e-28
5.82143423613  7.35300281941e-28
6.0399034408  1.86988678003e-27
6.26657144863  7.41874967774e-27
6.50174594771  1.31758526096e-26
6.74574617318  1.91490104942e-26
6.99890334057  2.53463315316e-26
7.2615610954  1.0418955308e-25
7.53407597968  1.86306640593e-25
7.81681791585  2.71505452313e-25
8.11017070897  5.55328108999e-25
8.41453256769  1.18693438131e-24
8.7303166448  1.84224383645e-24
9.05795159807  2.88789825333e-24
9.3978821721  5.73873349772e-24
9.75056980207  8.69655607259e-24
10.1164932401  1.28458580649e-23
10.496149205  1.95511674858e-23
10.8900530568  2.65081165469e-23
11.2987394962  3.48702353638e-23
11.7227632903  4.3983038381e-23
12.1627000256  5.32877566145e-23
12.6191468896  6.26763473224e-23
13.0927234813  7.222928625e-23
13.5840726523  8.13395996549e-23
14.0938613793  9.06059294405e-23
14.6227816697  9.93654127273e-23
15.1715515006  1.0813863744e-22
15.7409157939  1.1652249876e-22
16.3316474272  1.24616630018e-22
16.9445482828  1.32524672178e-22
17.5804503366  1.39754129169e-22
18.2402167871  1.45497137016e-22
18.9247432273  1.49471501437e-22
19.6349588604  1.55041178264e-22
20.3718277611  1.62180608292e-22
21.1363501843  1.70865483758e-22
21.9295639229  1.81072675929e-22
22.7525457165  1.92780162243e-22
23.606412713  2.05966952911e-22
24.4923239853  2.1483838875e-22
25.4114821042  2.1913314556e-22
26.3651347711  2.23178261714e-22
27.3545765119  2.26982625763e-22
28.3811504338  2.30554793737e-22
29.4462500487  2.33903001381e-22
30.5513211648  2.37035176031e-22
31.6978638492  2.39958948149e-22
32.8874344643  2.42681662521e-22
34.1216477801  2.45210389141e-22
35.4021791663  2.47551933782e-22
36.730766867  2.49712848283e-22
38.1092143593  2.5169944055e-22
39.5393928022  2.53517784292e-22
41.0232435765  2.55173728507e-22
42.5627809197  2.56672906728e-22
44.1600946604  2.58020746045e-22
45.8173530554  2.59222475916e-22
47.5368057325  2.60283136783e-22
49.3207867447  2.61207588505e-22
51.1717177381  2.62000518623e-22
53.0921112395  2.62666450476e-22
55.0845740668  2.63209751171e-22
57.1518108675  2.63634639441e-22
59.2966277905  2.63945193382e-22
61.5219362948  2.64145358105e-22
63.830757102  2.64238953306e-22
66.2262242965  2.64229680768e-22
68.71158958  2.64121131819e-22
71.2902266852  2.63916794746e-22
73.9656359561  2.63620062196e-22
76.7414490985  2.63234238557e-22
79.6214341107  2.62762547348e-22
82.609500398  2.6220813862e-22
85.7097040795  2.61574096377e-22
88.9262534938  2.60863446037e-22
92.2635149121  2.60079161917e-22
95.7260184645  2.5922417477e-22
99.3184642901  2.58301379354e-22
103.045728916  2.57313642043e-22
106.912871879  2.56263808466e-22
110.925142592  2.55154711162e-22
115.087987467  2.53989177233e-22
119.407057317  2.52770035971e-22
123.888215015  2.51500126427e-22
128.537543463  2.50182304873e-22
133.361353843  2.48819452113e-22
138.366194184  2.47414480578e-22
143.558858254  2.45970341131e-22
148.946394781  2.44490029496e-22
154.536117019  2.42976592208e-22
160.335612678  2.41433131969e-22
166.352754221  2.39862812291e-22
172.595709553  2.38268861268e-22
179.07295311  2.36654574335e-22
185.793277356  2.3502331584e-22
192.765804725  2.33378519252e-22
200  2.31723685823e-22
207.505683164  2.30062381528e-22
215.293042726  2.28398232079e-22
223.372649556  2.26734915871e-22
231.755471231  2.25076154688e-22
240.452886923  2.23425702045e-22
249.476702849  2.21787329091e-22
258.83916829  2.20164808013e-22
268.552992228  2.18561892971e-22
278.631360589  2.16982298647e-22
289.087954149  2.15429676559e-22
299.9369671  2.13907589401e-22
311.193126321  2.12545266867e-22
322.871711365  2.11091669321e-22
334.988575205  2.09678610103e-22
347.56016575  2.08309000496e-22
360.603548172  2.06985519797e-22
374.136428073  2.05710587762e-22
388.177175519  2.04486338992e-22
402.744849972  2.03314599965e-22
417.859226171  2.02196869418e-22
433.540820964  2.01134302687e-22
449.810921167  2.00127700583e-22
466.691612456  1.99177503228e-22
484.205809347  1.98283789193e-22
502.377286302  1.97446280131e-22
521.23071  1.96664350988e-22
540.791672822  1.95937045743e-22
561.08672759  1.95263098557e-22
582.143423613  1.94640960146e-22
603.99034408  1.94068829214e-22
626.657144863  1.93544688883e-22
650.174594771  1.93066348317e-22
674.574617318  1.92631490286e-22
699.890334057  1.92237726685e-22
726.15610954  1.91882667185e-22
753.407597968  1.91564088819e-22
781.681791585  1.9129861281e-22
811.017070897  1.91099736621e-22
841.453256769  1.90966600506e-22
873.03166448  1.90898116501e-22
905.795159807  1.90257159554e-22
939.78821721  1.90366815383e-22
975.056980207  1.90532543576e-22
1011.64932401  1.9075492366e-22
1049.6149205  1.91034357652e-22
1089.00530568  1.9137106775e-22
1129.87394962  1.91765095744e-22
1172.27632903  1.92216304181e-22
1216.27000256  1.92724379247e-22
1261.91468896  1.93288835313e-22
1309.27234813  1.93909021053e-22
1358.40726523  1.94584127006e-22
1409.38613793  1.95313194432e-22
1462.27816697  1.98959199891e-22
1517.15515006  2.00539249703e-22
1574.09157939  2.01990677269e-22
1633.16474272  2.03327381705e-22
1694.45482828  2.04561641013e-22
1758.04503366  2.05704378307e-22
1824.02167871  2.06765373512e-22
1892.47432273  2.07753433239e-22
1963.49588604  2.08676528232e-22
2037.18277611  2.09541905413e-22
2113.63501843  2.10356179824e-22
2192.95639229  2.11125410543e-22
2275.25457165  2.11620133522e-22
2360.6412713  2.12214933656e-22
2449.23239853  2.12750274178e-22
2541.14821042  2.13230593101e-22
2636.51347711  2.13659950493e-22
2735.45765119  2.14042072346e-22
2838.11504338  2.14380388103e-22
2944.62500487  2.14678062913e-22
3055.13211648  2.14938025453e-22
3169.78638492  2.15162992006e-22
3288.74344643  2.15355487365e-22
3412.16477801  2.1551786304e-22
3540.21791663  2.15652313145e-22
3673.0766867  2.15760888298e-22
3810.92143593  2.15845507817e-22
3953.93928022  2.15907970432e-22
4102.32435765  2.15949963722e-22
4256.27809197  2.1597307245e-22
4416.00946604  2.15978785934e-22
4581.73530554  2.15968504589e-22
4753.68057325  2.15943545751e-22
4932.07867447  2.15905148874e-22
5117.17177381  2.15854480193e-22
5309.21112395  2.15792636914e-22
5508.45740668  2.15720651008e-22
5715.18108675  2.15639492655e-22
5929.66277905  2.15550073399e-22
6152.19362948  2.15453249039e-22
6383.0757102  2.1534982231e-22
6622.62242965  2.15240545377e-22
6871.158958  2.15126122174e-22
7129.02266852  2.15007210601e-22
7396.56359561  2.1488442462e-22
7674.14490985  2.14758336243e-22
7962.14341107  2.14629477442e-22
8260.9500398  2.14498341985e-22
8570.97040795  2.14365387215e-22
8892.62534938  2.14231035772e-22
9226.35149121  2.14095677257e-22
9572.60184645  2.1395966987e-22
9931.84642901  2.13823341992e-22
10304.5728916  2.13686993728e-22
10691.2871879  2.13550898424e-22
11092.5142592  2.13415304133e-22
11508.7987467  2.13280435048e-22
11940.7057317  2.13146492903e-22
12388.8215015  2.13013658322e-22
12853.7543463  2.12882092144e-22
13336.1353843  2.12751936693e-22
13836.6194184  2.12623317014e-22
14355.8858254  2.12496342066e-22
14894.6394781  2.12371105863e-22
15453.6117019  2.12247688582e-22
16033.5612678  2.12126157614e-22
16635.2754221  2.12006568576e-22
17259.5709553  2.11888966272e-22
17907.295311  2.11773385609e-22
18579.3277356  2.11659852465e-22
19276.5804725  2.11548384511e-22
20000  2.11438991987e-22

