2 20000 251
251
2  0
2.07505683164  2.89007831351e-38
2.15293042726  5.88861668772e-38
2.23372649556  8.99968545688e-38
2.31755471231  1.22275077084e-37
2.40452886923  1.55764650157e-37
2.49476702849  1.90511033853e-37
2.5883916829  2.26561394284e-37
2.68552992228  2.63964667632e-37
2.78631360589  3.02771626575e-37
2.89087954149  3.43034949211e-37
2.999369671  3.8480929056e-37
3.11193126321  7.56208176538e-34
3.22871711365  1.54481221666e-33
3.34988575205  2.36301131712e-33
3.4756016575  3.21191613364e-33
3.60603548172  4.0926790031e-33
3.74136428073  5.00649550777e-33
3.88177175519  5.9546060982e-33
4.02744849972  1.28421637877e-31
4.17859226171  7.98384054245e-31
4.33540820964  1.49348909876e-30
4.49810921167  2.21468033442e-30
4.66691612456  2.96293673465e-30
4.84205809347  3.73927401222e-30
5.02377286302  1.53114521943e-29
5.2123071  1.01534122103e-28
5.40791672822  1.9099259222e-28
5.6108672759  2.83808297003e-28
5.82143423613  3.80107228149e-28
6.0399034408  1.0271680003e-27
6.26657144863  4.23885624337e-27
6.50174594771  7.57107405831e-27
6.74574617318  1.1028344729e-26
6.99890334057  1.4615361291e-26
7.2615610954  6.41648432812e-26
7.53407597968  1.15773194287e-25
7.81681791585  1.69318324949e-25
8.11017070897  3.55750532753e-25
8.41453256769  7.74957555987e-25
8.7303166448  1.2098967547e-24
9.05795159807  1.92984584339e-24
9.3978821721  3.97409993367e-24
9.75056980207  6.09507164149e-24
10.1164932401  9.32131410908e-24
10.496149205  1.49471776874e-23
10.8900530568  2.07841710134e-23
11.2987394962  2.85995481185e-23
11.7227632903  3.73800208335e-23
12.1627000256  4.65216559346e-23
12.6191468896  5.60623082865e-23
13.0927234813  6.57796576223e-23
13.5840726523  7.50888572858e-23
14.0938613793  8.45516037943e-23
14.6227816697  9.34692051784e-23
15.1715515006  1.02395501578e-22
15.7409157939  1.10913128776e-22
16.3316474272  1.19184986647e-22
16.9445482828  1.27308987489e-22
17.5804503366  1.3478651111e-22
18.2402167871  1.40665750299e-22
18.9247432273  1.44608949361e-22
19.6349588604  1.50219555833e-22
20.3718277611  1.57471596773e-22
21.1363501843  1.66340444752e-22
21.9295639229  1.76802744744e-22
22.7525457165  1.88836340689e-22
23.606412713  2.02420201604e-22
24.4923239853  2.11629002767e-22
25.4114821042  2.16162732767e-22
26.3651347711  2.20436969246e-22
27.3545765119  2.24460972576e-22
28.3811504338  2.28243656722e-22
29.4462500487  2.31793601977e-22
30.5513211648  2.35119067321e-22
31.6978638492  2.38228002422e-22
32.8874344643  2.41128059286e-22
34.1216477801  2.43826603576e-22
35.4021791663  2.46330725609e-22
36.730766867  2.48647251042e-22
38.1092143593  2.50782751268e-22
39.5393928022  2.52743553533e-22
41.0232435765  2.54535750787e-22
42.5627809197  2.56165211284e-22
44.1600946604  2.57637587941e-22
45.8173530554  2.58958327484e-22
47.5368057325  2.60132679378e-22
49.3207867447  2.61165704565e-22
51.1717177381  2.62062284033e-22
53.0921112395  2.62827127207e-22
55.0845740668  2.63464780206e-22
57.1518108675  2.63979633958e-22
59.2966277905  2.643759322e-22
61.5219362948  2.64657779378e-22
63.830757102  2.64829148453e-22
66.2262242965  2.64893888642e-22
68.71158958  2.64855733094e-22
71.2902266852  2.64718306525e-22
73.9656359561  2.64485132825e-22
76.7414490985  2.64159642647e-22
79.6214341107  2.63745180988e-22
82.609500398  2.63245014785e-22
85.7097040795  2.62662340522e-22
88.9262534938  2.62000291865e-22
92.2635149121  2.61261947325e-22
95.7260184645  2.60450337966e-22
99.3184642901  2.59568455139e-22
103.045728916  2.58619258252e-22
106.912871879  2.57605682569e-22
110.925142592  2.56530647022e-22
115.087987467  2.55397062013e-22
119.407057317  2.54207837196e-22
123.888215015  2.52965889184e-22
128.537543463  2.51674149167e-22
133.361353843  2.50335570365e-22
138.366194184  2.48953135266e-22
143.558858254  2.4752986258e-22
148.946394781  2.46068813803e-22
154.536117019  2.44573099319e-22
160.335612678  2.43045883901e-22
166.352754221  2.41490391495e-22
172.595709553  2.39909909142e-22
179.07295311  2.38307789881e-22
185.793277356  2.36687454471e-22
192.765804725  2.35052391747e-22
200  2.33406157425e-22
207.505683164  2.31752371188e-22
215.293042726  2.30094711844e-22
223.372649556  2.28436910404e-22
231.755471231  2.26782740922e-22
240.452886923  2.25136008958e-22
249.476702849  2.23500537581e-22
258.83916829  2.21880150876e-22
268.552992228  2.20278654949e-22
278.631360589  2.18699816524e-22
289.087954149  2.17147339287e-22
299.9369671  2.15624838221e-22
311.193126321  2.14261295498e-22
322.871711365  2.12806341906e-22
334.988575205  2.11391524238e-22
347.56016575  2.10019805853e-22
360.603548172  2.08693917684e-22
374.136428073  2.07416330457e-22
388.177175519  2.06189228827e-22
402.744849972  2.05014488125e-22
417.859226171  2.03893654439e-22
433.540820964  2.02827928636e-22
449.810921167  2.01818154923e-22
466.691612456  2.00864814364e-22
484.205809347  1.99968023722e-22
502.377286302  1.9912753982e-22
521.23071  1.98342769511e-22
540.791672822  1.97612785223e-22
561.08672759  1.9693634596e-22
582.143423613  1.96311923577e-22
603.99034408  1.95737734181e-22
626.657144863  1.95211774568e-22
650.174594771  1.94731863924e-22
674.574617318  1.94295691514e-22
699.890334057  1.93900872356e-22
726.15610954  1.93545016097e-22
753.407597968  1.93225896799e-22
781.681791585  1.92960125397e-22
811.017070897  1.92761191252e-22
841.453256769  1.92628229559e-22
873.03166448  1.92560145478e-22
905.795159807  1.91912416786e-22
939.78821721  1.92023479929e-22
975.056980207  1.92190768396e-22
1011.64932401  1.92414877412e-22
1049.6149205  1.9269622392e-22
1089.00530568  1.93035044188e-22
1129.87394962  1.9343139315e-22
1172.27632903  1.93885145494e-22
1216.27000256  1.94395998486e-22
1261.91468896  1.94963476455e-22
1309.27234813  1.95586936864e-22
1358.40726523  1.96265577833e-22
1409.38613793  1.9699844697e-22
1462.27816697  2.00651128242e-22
1517.15515006  2.02236540905e-22
1574.09157939  2.03693510915e-22
1633.16474272  2.05035899726e-22
1694.45482828  2.0627595942e-22
1758.04503366  2.07424596043e-22
1824.02167871  2.08491579136e-22
1892.47432273  2.09485709976e-22
1963.49588604  2.1041495777e-22
2037.18277611  2.11286570723e-22
2113.63501843  2.12107167227e-22
2192.95639229  2.12882811179e-22
2275.25457165  2.13380916421e-22
2360.6412713  2.13980992954e-22
2449.23239853  2.14521326328e-22
2541.14821042  2.15006364638e-22
2636.51347711  2.15440177775e-22
2735.45765119  2.15826501274e-22
2838.11504338  2.16168773846e-22
2944.62500487  2.16470169634e-22
3055.13211648  2.16733626041e-22
3169.78638492  2.16961867824e-22
3288.74344643  2.17157428003e-22
3412.16477801  2.17322666086e-22
3540.21791663  2.17459783962e-22
3673.0766867  2.17570839814e-22
3810.92143593  2.17657760328e-22
3953.93928022  2.17722351408e-22
4102.32435765  2.17766307626e-22
4256.27809197  2.1779122056e-22
4416.00946604  2.17798586171e-22
4581.73530554  2.17789811353e-22
4753.68057325  2.17766219755e-22
4932.07867447  2.17729056986e-22
5117.17177381  2.17679495276e-22
5309.21112395  2.1761863767e-22
5508.45740668  2.17547521823e-22
5715.18108675  2.17467123444e-22
5929.66277905  2.17378359452e-22
6152.19362948  2.17282090866e-22
6383.0757102  2.17179125489e-22
6622.62242965  2.17070220401e-22
6871.158958  2.16956084293e-22
7129.02266852  2.16837379678e-22
7396.56359561  2.1671472497e-22
7674.14490985  2.16588696486e-22
7962.14341107  2.16459830351e-22
8260.9500398  2.16328624338e-22
8570.97040795  2.16195539644e-22
8892.62534938  2.16061002614e-22
9226.35149121  2.15925406415e-22
9572.60184645  2.15789112664e-22
9931.84642901  2.15652453019e-22
10304.5728916  2.15515730725e-22
10691.2871879  2.15379222129e-22
11092.5142592  2.15243178151e-22
11508.7987467  2.15107825723e-22
11940.7057317  2.14973369187e-22
12388.8215015  2.14839991654e-22
12853.7543463  2.14707856325e-22
13336.1353843  2.14577107769e-22
13836.6194184  2.14447873165e-22
14355.8858254  2.14320263489e-22
14894.6394781  2.14194374672e-22
15453.6117019  2.14070288699e-22
16033.5612678  2.13948074672e-22
16635.2754221  2.13827789822e-22
17259.5709553  2.13709480474e-22
17907.295311  2.13593182969e-22
18579.3277356  2.13478924532e-22
19276.5804725  2.13366724102e-22
20000  2.13256593107e-22

