0.1 20 151
151
0.1  0
0.103595335198  7.38359608268e-40
0.107319934748  1.50326571942e-39
0.111178446136  2.29567276922e-39
0.115175683943  3.11656950859e-39
0.119316635847  3.96698023737e-39
0.123606468853  4.8479660824e-39
0.128050535734  5.76062632162e-39
0.132654381717  6.70609975565e-39
0.137423751394  7.68556612884e-39
0.142364595899  8.70024760131e-39
0.147483080324  9.75141027389e-39
0.152785591422  1.0840365768e-38
0.158278745568  1.19684728624e-38
0.163969397019  1.31371391881e-38
0.169864646463  1.43478229856e-38
0.175971849887  1.56020349238e-38
0.182298627744  1.69013399853e-38
0.188852874473  1.8247359419e-38
0.195642768341  1.96417727632e-38
0.202676781654  2.41606515591e-32
0.209963691323  8.9932297732e-32
0.21751258982  1.5806865505e-31
0.225332896521  2.28654742805e-31
0.233434369463  3.01778637018e-31
0.241827117512  3.77531580338e-31
0.250521612986  4.56008095893e-31
0.259528704717  5.37306105234e-31
0.268859631586  6.21527050519e-31
0.278526036554  7.08776021095e-31
0.288539981181  7.99161884619e-31
0.298913960685  8.92797422909e-31
0.309660919525  9.89799472665e-31
0.320794267559  1.09028907126e-30
0.332327896774  1.19439160776e-30
0.344276198619  1.3022369794e-30
0.356654081967  1.41395975364e-30
0.369476991711  1.52969933611e-30
0.382760928042  1.64960014453e-30
0.396522466412  1.77381178892e-30
0.410778778215  1.90248925827e-30
0.425547652214  2.03579311398e-30
0.440847516738  2.17388969013e-30
0.456697462677  2.31695130108e-30
0.473117267301  2.46515645649e-30
0.490127418939  2.61869008402e-30
0.507749142548  3.42123222353e-28
0.526004426187  1.14171166309e-27
0.544916048465  1.97004798848e-27
0.564507606954  2.82816578133e-27
0.584803547643  3.71713578523e-27
0.60582919543  4.63806724058e-27
0.627610785733  5.59210926869e-27
0.650175497219  6.58045230564e-27
0.673551485719  7.60432958767e-27
0.697767919361  8.66501869001e-27
0.722855014966  9.76384312099e-27
0.74884407575  1.09021739735e-26
0.775767530383  1.20814316358e-26
0.803658973457  1.33030875639e-26
0.832553207402  1.45686661177e-26
0.862486285909  1.58797464626e-26
0.893495558925  1.72379645406e-26
0.925619719247  1.86450151112e-26
0.958898850812  2.01026538663e-26
0.993374478709  2.26449360088e-26
1.02908962099  2.12564627594e-25
1.06608884235  4.55068146878e-25
1.10441830974  7.06290480548e-25
1.14412584997  9.66545099204e-25
1.18526100936  1.23615674377e-24
1.22787511562  1.51546183069e-24
1.27202134183  1.80480887171e-24
1.31775477286  2.10455890874e-24
1.36513247404  2.41508596436e-24
1.41421356237  2.73677750851e-24
1.46505928036  3.07003494197e-24
1.51773307233  3.41527409724e-24
1.57230066369  3.77292575737e-24
1.62883014287  4.14343619353e-24
1.68739204632  4.52726772181e-24
1.74805944649  4.92489928013e-24
1.81090804305  5.33682702583e-24
1.87601625732  5.76356495475e-24
1.94346533014  6.20564554264e-24
2.01333942322  6.99021174215e-24
2.08572572415  9.18573333591e-24
2.16071455525  1.14684390976e-23
2.23839948618  1.3833215783e-23
2.31887745078  1.62830141169e-23
2.40224886796  1.88208909126e-23
2.48861776706  2.1450012886e-23
2.57809191758  2.41736606071e-23
2.67078296373  2.69952325934e-23
2.76680656368  2.99182495505e-23
2.86628253393  3.29463587651e-23
2.96933499874  3.60833386561e-23
3.0760925451  3.92960228311e-23
3.18668838309  4.26087331454e-23
3.30126051218  4.60405464995e-23
3.41995189335  4.95957450472e-23
3.54291062753  5.32787648996e-23
3.67029014035  5.7094201661e-23
3.80224937364  6.10468161634e-23
3.93895298368  6.51415404061e-23
4.08057154674  6.84731783187e-23
4.22728177184  7.12100869099e-23
4.3792667213  7.40453965391e-23
4.53671603914  7.69826450534e-23
4.69982618773  8.00254974973e-23
4.8688006929  8.31777506862e-23
5.04385039793  8.61762303641e-23
5.22519372662  8.84552420043e-23
5.41305695583  9.08160628469e-23
5.60767449785  9.32617631122e-23
5.80928919286  9.57953945e-23
6.01815261197  9.83171203554e-23
6.23452537109  1.00142782037e-22
6.45867745619  1.02007279081e-22
6.69088856009  1.03938811043e-22
6.93144843155  1.05939788054e-22
7.18065723674  1.07463689553e-22
7.43882593382  1.08826562105e-22
7.70627666093  1.10238434493e-22
7.98334313818  1.11685861151e-22
8.270371084  1.12833713869e-22
8.56771864659  1.1398266485e-22
8.87575685075  1.15172924471e-22
9.19487006089  1.16248133166e-22
9.5254564606  1.17257744031e-22
9.8679285495  1.1830365379e-22
10.2227136579  1.19195188338e-22
10.5902544803  1.20000837821e-22
10.9710096272  1.20826443498e-22
11.3654541979  1.21436948579e-22
11.774080373  1.22038446309e-22
12.1973980289  1.22574122572e-22
12.6359353735  1.23025377499e-22
13.0902396056  1.23472809342e-22
13.5608775976  1.23854871732e-22
14.0484366031  1.24242573227e-22
14.553524989  1.24589611092e-22
15.0767729955  1.24934757195e-22
15.6188335217  1.252236006e-22
16.1803829408  1.25488412498e-22
16.7621219439  1.25689694193e-22
17.364776414  1.25841307519e-22
17.9890983325  1.25956301758e-22
18.6358667167  1.26017956271e-22
19.3058885922  1.26059176658e-22
20  1.2608e-22

