0.2 20 151
151
0.2  0
0.206235454919  1.20553167669e-42
0.212665314327  2.44864854549e-42
0.219295639229  3.73052241027e-42
0.22613267959  5.05236160852e-42
0.233182880236  6.41541215042e-42
0.240452886923  7.82095889335e-42
0.247949552606  9.27032675304e-42
0.255679943893  1.07648819525e-41
0.263651347711  1.23060333098e-41
0.271871278176  1.38952335661e-41
0.280347483669  1.55339807552e-41
0.289087954149  1.72238196154e-41
0.298100928677  1.89663430458e-41
0.307394903187  2.07631936077e-41
0.316978638492  2.26160650729e-41
0.326861168545  2.45267040206e-41
0.33705180895  2.64969114834e-41
0.34756016575  2.85285446453e-41
0.358396144475  3.06235185921e-41
0.369569959484  3.27838081169e-41
0.381092143593  3.50114495815e-41
0.392973557999  3.73085428357e-41
0.405225402524  3.9677253197e-41
0.417859226171  4.21198134917e-41
0.430886938006  4.46385261595e-41
0.444320818391  4.72357654237e-41
0.458173530554  4.99139795296e-41
0.472458132527  5.26756930521e-41
0.487188089458  5.55235092754e-41
0.502377286302  4.82534712522e-35
0.518040040906  3.43444550677e-34
0.534191117512  6.50927130112e-34
0.550845740668  9.67996178359e-34
0.568019609583  1.29495057539e-33
0.585728912925  1.63209851943e-33
0.60399034408  1.97975781751e-33
0.622821116889  2.33825618498e-33
0.642238981873  2.7079315545e-33
0.662262242965  3.08913239452e-33
0.682909774767  3.48221803781e-33
0.704201040337  3.88755902014e-33
0.72615610954  4.30553742958e-33
0.748795677965  4.73654726667e-33
0.772141086431  5.18099481579e-33
0.796214341107  5.6392990282e-33
0.821038134255  6.11189191689e-33
0.846635865618  6.59921896383e-33
0.87303166448  7.10173953994e-33
0.900250412412  7.61992733803e-33
0.928317766723  8.1542708194e-33
0.957260184645  8.70527367422e-33
0.987104948279  9.27345529634e-33
1.0178801903  5.94068045323e-29
1.0496149205  1.6482832412e-28
1.08233905309  2.73536599372e-28
1.11608343495  3.85634102372e-28
1.15087987467  5.01226500004e-28
1.18676117255  6.20422753558e-28
1.2237611515  7.43335221439e-28
1.26191468896  8.70079765083e-28
1.30125774973  1.00077585817e-27
1.34182741991  1.13554669923e-27
1.38366194184  1.27451932782e-27
1.42680075014  1.41782474421e-27
1.47128450892  1.56559803291e-27
1.51715515006  1.71797849002e-27
1.56445591277  1.87510975447e-27
1.61323138435  2.03713994351e-27
1.66352754221  2.20422179224e-27
1.71539179718  2.37651279766e-27
1.76887303828  2.55417536705e-27
1.82402167871  2.73737697116e-27
1.88088970345  2.92629030198e-27
1.93953071822  3.1210934356e-27
2  5.65008942045e-27
2.06235454919  4.04138248722e-26
2.12665314327  7.86621026889e-26
2.19295639229  1.18102857566e-25
2.2613267959  1.58773267688e-25
2.33182880236  2.00711670354e-25
2.40452886923  2.43957598116e-25
2.47949552606  2.88551816043e-25
2.55679943893  3.34536360147e-25
2.63651347711  3.8195457701e-25
2.71871278176  4.30851164641e-25
2.80347483669  4.81272214611e-25
2.89087954149  5.33265255501e-25
2.98100928677  5.88511145951e-25
3.07394903187  1.20823953994e-24
3.16978638492  1.99887700175e-24
3.26861168545  2.81416438481e-24
3.3705180895  3.65487020648e-24
3.4756016575  4.52178694441e-24
3.58396144475  5.41573178352e-24
3.69569959484  6.33754738636e-24
3.81092143593  7.28810268736e-24
3.92973557999  8.26829371201e-24
4.05225402524  1.0099111569e-23
4.17859226171  1.31241088211e-23
4.30886938006  1.62434172433e-23
4.44320818391  1.94599772006e-23
4.58173530554  2.2776820731e-23
4.72458132527  2.6197074403e-23
4.87188089458  2.97239622628e-23
5.02377286302  3.34280459158e-23
5.18040040906  3.75896032436e-23
5.34191117512  4.1885209797e-23
5.50845740668  4.63147416555e-23
5.68019609583  5.08823742451e-23
5.85728912925  5.55924131701e-23
6.0399034408  6.02262773199e-23
6.22821116889  6.41918756442e-23
6.42238981873  6.82793536993e-23
6.62262242965  7.24942681802e-23
6.82909774767  7.68405922072e-23
7.04201040337  8.11059574831e-23
7.2615610954  8.46218246488e-23
7.48795677965  8.82430711614e-23
7.72141086431  9.19772182709e-23
7.96214341107  9.58173859299e-23
8.21038134255  9.89081708955e-23
8.46635865618  1.0191940866e-22
8.7303166448  1.05024528611e-22
9.00250412412  1.08179992313e-22
9.28317766723  1.10835366326e-22
9.57260184645  1.13531931403e-22
9.87104948279  1.16312568031e-22
10.178801903  1.18824975553e-22
10.496149205  1.21151765971e-22
10.8233905309  1.23551099373e-22
11.1608343495  1.25758895768e-22
11.5087987467  1.27733941687e-22
11.8676117255  1.29770564154e-22
12.237611515  1.31635922782e-22
12.6191468896  1.33424560618e-22
13.0125774973  1.3524478295e-22
13.4182741991  1.3685758207e-22
13.8366194184  1.38505443889e-22
14.2680075014  1.40009840095e-22
14.7128450892  1.41438658426e-22
15.1715515006  1.42812695101e-22
15.6445591277  1.44058124183e-22
16.1323138435  1.45293029286e-22
16.6352754221  1.46429722454e-22
17.1539179718  1.47557218404e-22
17.6887303828  1.48610798854e-22
18.2402167871  1.49624441384e-22
18.8088970345  1.50572431357e-22
19.3953071822  1.51437709833e-22
20  1.52274e-22

