1 20 101
101
1  0
1.03041055791  2.60548537016e-36
1.06174591785  5.29020500406e-36
1.09403420358  8.05656845986e-36
1.12730439408  1.09070585717e-35
1.16158634964  1.38442336782e-35
1.1969108386  1.68707299184e-35
1.23330956497  1.99892635978e-35
1.27081519692  2.32026336262e-35
1.30946139606  2.65137240299e-35
1.34928284767  2.99255065401e-35
1.39031529185  3.344104326e-35
1.43259555555  3.70634894128e-35
1.47616158565  4.07960961741e-35
1.52105248304  4.46422135895e-35
1.56730853766  4.86052935814e-35
1.61497126471  5.26888930468e-35
1.66408344188  5.68966770502e-35
1.71468914776  6.12324221128e-35
1.76683380139  6.57000196016e-35
1.82056420303  7.03034792227e-35
1.87592857615  7.50469326191e-35
1.93297661076  7.99346370797e-35
1.99175950792  3.57796436797e-33
2.05233002578  2.24882611464e-31
2.11474252688  4.92991382882e-31
2.17905302696  7.69253491619e-31
2.24531924523  1.05391688521e-30
2.31360065617  1.34723705142e-30
2.3839585429  1.64947724754e-30
2.45645605223  1.96090873663e-30
2.53115825126  2.28181103107e-30
2.60813218585  2.61247214331e-30
2.68744694072  2.95318884445e-30
2.76917370155  3.30426693057e-30
2.85338581877  3.66602149715e-30
2.94015887345  4.03877722194e-30
3.02957074514  6.37127569329e-29
3.12170168173  2.488327524e-28
3.21663437151  4.3958235021e-28
3.31445401734  6.3613274971e-28
3.41524841318  8.38660356517e-28
3.51910802283  1.04734694084e-27
3.62612606115  1.26237980062e-27
3.73639857773  1.48395192964e-27
3.85002454306  1.71226219071e-27
3.96710593738  1.9475154942e-27
4.08774784223  1.13159684724e-26
4.21205853471  2.4494442085e-26
4.34014958471  3.80736804326e-26
4.472135955  5.20658709944e-26
4.60813610445  6.64835718776e-26
4.74827209431  8.13397230885e-26
4.89266969782  9.6647658146e-26
5.041458513  1.73290986172e-25
5.19477207907  4.146408814e-25
5.35274799621  6.63330361593e-25
5.51552804914  9.19582627626e-25
5.68325833429  1.18362766804e-24
5.85608939099  1.45570246544e-24
6.03417633655  1.99134203092e-24
6.21767900547  3.61387907483e-24
6.40676209294  5.29175512226e-24
6.6015953026  7.0206563164e-24
6.80235349885  8.80213436043e-24
7.00921686386  1.08435637015e-23
7.22237105921  1.50082911104e-23
7.44200739256  1.94058278132e-23
7.66832298935  2.39370960605e-23
7.9015209697  2.86061627033e-23
8.14181063074  3.39793428449e-23
8.38940763443  3.99181575319e-23
8.64453420113  4.60375748869e-23
8.90741930907  5.23430871378e-23
9.17829889981  5.84923461755e-23
9.45741609003  6.46424115536e-23
9.74502138973  7.09795038511e-23
10.041372927  7.73646856536e-23
10.34673668  8.31358396519e-23
10.661386715  8.90689467883e-23
10.9856054331  9.51372389886e-23
11.3196838233  1.00484803098e-22
11.6639217237  1.05902105919e-22
12.0186280908  1.11402136191e-22
12.3841212763  1.16290594065e-22
12.7607293136  1.21290442367e-22
13.1487902114  1.26112173367e-22
13.5486522576  1.30533448012e-22
13.9606743317  1.35070503683e-22
14.3852262269  1.39113923208e-22
14.8226889821  1.43190638625e-22
15.2734552238  1.47038845447e-22
15.7379295184  1.50768574033e-22
16.2165287354  1.54354273079e-22
16.7096824217  1.57727937447e-22
17.2178331866  1.61013157125e-22
17.7414370999  1.64135930864e-22
18.2809641002  1.67167109731e-22
18.8368984177  1.70113561614e-22
19.4097390079  1.72887793516e-22
20  1.75639e-22

