0.5 20 151
151
0.5  0
0.512448710082  1.94797664342e-42
0.52520736093  3.94445287981e-42
0.538283669269  5.9906362239e-42
0.55168554395  8.08776425445e-42
0.565421090737  1.02371053627e-41
0.579498617203  1.24399595196e-41
0.59392663776  1.4697659062e-41
0.608713878807  1.70115694986e-41
0.623869284008  1.93830903354e-41
0.6394020197  2.1813655923e-41
0.655321480438  2.43047363233e-41
0.67163729468  2.6857838199e-41
0.688359330604  2.94745057247e-41
0.705497702082  3.21563215213e-41
0.723062774796  3.49049076126e-41
0.741065172505  3.77219264067e-41
0.759515783475  4.06090817013e-41
0.778425767058  4.35681197143e-41
0.797806560447  4.66008301401e-41
0.817669885593  4.97090472315e-41
0.83802775629  5.28946509098e-41
0.858892485448  5.61595679014e-41
0.880276692535  5.95057729031e-41
0.90219331121  6.29352897768e-41
0.924655597149  6.64501927729e-41
0.947677136058  7.00526077859e-41
0.971271851895  7.3744713639e-41
0.995454015286  8.90275162406e-36
1.02023825216  1.53901391445e-33
1.04563955259  3.47065072356e-33
1.07167327987  5.45038030591e-33
1.0983551798  7.47940004749e-33
1.1257013902  9.55893714609e-33
1.15372845069  1.16902493536e-32
1.18245331269  1.38746257366e-32
1.21189334964  1.61133874562e-32
1.24206636756  1.84078885671e-32
1.27299061578  2.07595168361e-32
1.30468479801  2.31696945822e-32
1.33716808361  2.56398795364e-32
1.37046011922  2.81715657232e-32
1.40458104063  3.07662843647e-32
1.43955148495  3.34256048065e-32
1.47539260312  3.61511354667e-32
1.51212607267  3.89445248089e-32
1.54977411084  4.18074623392e-32
1.58835948804  4.47416796281e-32
1.62790554158  4.77489513577e-32
1.66843618984  5.08310963951e-32
1.70997594668  5.39899788925e-32
1.75254993629  5.72275094147e-32
1.79618390842  6.05456460947e-32
1.84090425388  6.39463958177e-32
1.88673802057  6.74318154354e-32
1.93371292981  7.10040130098e-32
1.9818573931  7.46651490881e-32
2.03120052932  1.4742538621e-29
2.08177218234  3.85148544325e-29
2.13360293905  6.2879039579e-29
2.18672414789  8.78498300801e-29
2.24116793778  1.13442328844e-28
2.29696723759  1.39672014803e-28
2.35415579601  1.66554752274e-28
2.41276820199  1.94106800555e-28
2.47283990568  2.22344823758e-28
2.53440723981  2.5128590089e-28
2.59750744173  2.80947536179e-28
2.66217867588  3.11347669664e-28
2.72846005693  3.42504688046e-28
2.79639167337  3.74437435806e-28
2.86601461181  4.07165226604e-28
2.9373709818  4.4070785496e-28
3.01050394131  1.1953201124e-27
3.08545772284  5.89031706086e-27
3.16227766017  1.07626332624e-26
3.24101021575  1.57562575676e-26
3.32170300885  2.08742102352e-26
3.40440484432  2.61195867208e-26
3.48916574214  3.14955595486e-26
3.57603696765  3.70053802308e-26
3.66507106256  4.26523812335e-26
3.75632187674  4.84399779929e-26
3.84984460077  5.43716709805e-26
3.94569579937  6.04510478207e-26
4.04393344553  1.22951283299e-25
4.14461695564  2.58291537638e-25
4.2478072254  3.97001415154e-25
4.35356666667  5.39164810772e-25
4.46195924519  6.84867708183e-25
4.57305051927  8.3419823185e-25
4.68690767949  9.87246700308e-25
4.80359958925  1.14410568079e-24
4.92319682653  1.30487004522e-24
5.04577172647  1.79779857856e-24
5.1713984252  2.86735162859e-24
5.30015290463  3.9635337903e-24
5.43211303844  5.08700805987e-24
5.56735863914  6.23845394037e-24
5.70597150638  7.41856785276e-24
5.84803547643  8.62806355706e-24
5.99363647282  9.94302862617e-24
6.1428625584  1.27926516816e-23
6.29580398853  1.58659867789e-23
6.4525532657  1.90158399913e-23
6.6132051955  2.22441164227e-23
6.77785694388  2.55527686088e-23
6.94660809603  2.89437976985e-23
7.11956071652  3.28905450747e-23
7.29681941106  3.71512591379e-23
7.47849138981  4.15180539894e-23
7.66468653214  4.5993570767e-23
7.85551745316  5.05805163663e-23
8.0510995718  5.51457151777e-23
8.25155118063  5.94306108628e-23
8.45699351738  6.38221893961e-23
8.66755083831  6.83231069054e-23
8.88335049333  7.2936085649e-23
9.10452300303  7.72727372786e-23
9.33120213764  8.12699291345e-23
9.5635249979  8.53666407555e-23
9.80163209803  8.9565349927e-23
10.0456674507  9.37091174135e-23
10.295778654  9.72727401127e-23
10.5521169811  1.00920867719e-22
10.8148374712  1.04659824291e-22
11.0840990237  1.08268362101e-22
11.3600644943  1.11462386457e-22
11.6429007931  1.14735933779e-22
11.9327789861  1.18090594185e-22
12.2298743982  1.21086138571e-22
12.5343667197  1.24022967011e-22
12.8464401144  1.27032914903e-22
13.1662833315  1.29827804602e-22
13.4940898196  1.32417803665e-22
13.8300578436  1.35072287022e-22
14.1743906047  1.37579929239e-22
14.5272963631  1.39937339706e-22
14.8889885645  1.42353443611e-22
15.2596859686  1.44594686469e-22
15.6396127818  1.46788763815e-22
16.0289987924  1.49002124126e-22
16.4280795102  1.50980003906e-22
16.8370963082  1.52996047703e-22
17.2562965694  1.54891079682e-22
17.6859338356  1.56721764073e-22
18.1262679613  1.58536409018e-22
18.5775652707  1.60239153766e-22
19.0400987189  1.61959654029e-22
19.5141480567  1.63535344216e-22
20  1.65144e-22

