0.5 20 151
151
0.5  0
0.512448710082  8.87132426597e-36
0.52520736093  1.79635216196e-35
0.538283669269  2.7282091231e-35
0.55168554395  3.68326691853e-35
0.565421090737  4.66210318917e-35
0.579498617203  5.66530995772e-35
0.59392663776  6.6934939867e-35
0.608713878807  7.74727714545e-35
0.623869284008  8.82729678627e-35
0.6394020197  9.93420612987e-35
0.655321480438  1.10686746605e-34
0.67163729468  1.22313885308e-34
0.688359330604  1.34230509768e-34
0.705497702082  1.46443827435e-34
0.723062774796  1.58961225203e-34
0.741065172505  1.71790273883e-34
0.759515783475  1.84938732778e-34
0.778425767058  1.98414554378e-34
0.797806560447  2.12225889171e-34
0.817669885593  2.2638109057e-34
0.83802775629  2.40888719965e-34
0.858892485448  2.55757551905e-34
0.880276692535  2.70996579401e-34
0.90219331121  2.86615019367e-34
0.924655597149  3.02622318196e-34
0.947677136058  3.19028157469e-34
0.971271851895  3.35842459816e-34
0.995454015286  6.73143009034e-32
1.02023825216  1.15760221913e-29
1.04563955259  2.61047949486e-29
1.07167327987  4.09952966656e-29
1.0983551798  5.62565334604e-29
1.1257013902  7.18977356799e-29
1.15372845069  8.79283634829e-29
1.18245331269  1.04358112562e-28
1.21189334964  1.21196920007e-28
1.24206636756  1.38454970316e-28
1.27299061578  1.56142701555e-28
1.30468479801  1.7427081167e-28
1.33716808361  1.92850264959e-28
1.37046011922  2.11892298704e-28
1.40458104063  2.31408429963e-28
1.43955148495  2.51410462543e-28
1.47539260312  2.71910494131e-28
1.51212607267  2.9292092362e-28
1.54977411084  3.14454458599e-28
1.58835948804  3.36524123046e-28
1.62790554158  3.59143265202e-28
1.66843618984  3.82325565644e-28
1.70997594668  4.06085045561e-28
1.75254993629  4.30436075231e-28
1.79618390842  4.55393382719e-28
1.84090425388  4.80972062778e-28
1.88673802057  5.07187585981e-28
1.93371292981  5.34055808081e-28
1.9818573931  5.61592979595e-28
2.03120052932  6.81338722238e-27
2.08177218234  1.69298433524e-26
2.13360293905  2.72981731412e-26
2.18672414789  3.79246475932e-26
2.24116793778  4.88156938446e-26
2.29696723759  5.99778990504e-26
2.35415579601  7.14180143693e-26
2.41276820199  8.31429590459e-26
2.47283990568  9.51598245966e-26
2.53440723981  1.07475879098e-25
2.59750744173  1.20098571583e-25
2.66217867588  1.33035536546e-25
2.72846005693  1.46294598562e-25
2.79639167337  1.59883777016e-25
2.86601461181  1.73811290956e-25
2.9373709818  1.88085564061e-25
3.01050394131  2.49561404828e-25
3.08545772284  5.67640049965e-25
3.16227766017  8.9756831411e-25
3.24101021575  1.23571094087e-24
3.32170300885  1.58227244669e-24
3.40440484432  1.93746243993e-24
3.48916574214  2.30149574767e-24
3.57603696765  2.67459254562e-24
3.66507106256  3.05697849132e-24
3.75632187674  3.44888486057e-24
3.84984460077  3.85054868736e-24
3.94569579937  4.26221290722e-24
4.04393344553  5.32578914981e-24
4.14461695564  7.22872360027e-24
4.2478072254  9.17903620929e-24
4.35356666667  1.11779065708e-23
4.46195924519  1.32265436475e-23
4.57305051927  1.53261865023e-23
4.68690767949  1.74781050475e-23
4.80359958925  1.96836008129e-23
4.92319682653  2.19440077329e-23
5.04577172647  2.46513061213e-23
5.1713984252  2.80977615369e-23
5.30015290463  3.1630024801e-23
5.43211303844  3.52502323078e-23
5.56735863914  3.8960573642e-23
5.70597150638  4.27632929033e-23
5.84803547643  4.66606900638e-23
5.99363647282  5.06329263406e-23
6.1428625584  5.42616729541e-23
6.29580398853  5.7935769636e-23
6.4525532657  6.17013418467e-23
6.6132051955  6.55606670909e-23
6.77785694388  6.95160795772e-23
6.94660809603  7.35699716301e-23
7.11956071652  7.70203206786e-23
7.29681941106  8.02341466644e-23
7.47849138981  8.35279886261e-23
7.66468653214  8.69038387551e-23
7.85551745316  9.03637388431e-23
8.0510995718  9.37076305894e-23
8.25155118063  9.65489700045e-23
8.45699351738  9.94610514409e-23
8.66755083831  1.02445636192e-22
8.88335049333  1.05504529404e-22
9.10452300303  1.08276709701e-22
9.33120213764  1.10702856479e-22
9.5635249979  1.13189408053e-22
9.80163209803  1.15737868345e-22
10.0456674507  1.18235631305e-22
10.295778654  1.20306497911e-22
10.5521169811  1.224259032e-22
10.8148374712  1.24598076212e-22
11.0840990237  1.26710376551e-22
11.3600644943  1.28618125849e-22
11.6429007931  1.30573373183e-22
11.9327789861  1.32577018228e-22
12.2298743982  1.34309297557e-22
12.5343667197  1.35987963726e-22
12.8464401144  1.37708424351e-22
13.1662833315  1.39280327892e-22
13.4940898196  1.40710219793e-22
13.8300578436  1.42175712314e-22
14.1743906047  1.43568348908e-22
14.5272963631  1.44886451916e-22
14.8889885645  1.46237372289e-22
15.2596859686  1.47490266307e-22
15.6396127818  1.4871667006e-22
16.0289987924  1.499504215e-22
16.4280795102  1.51024256531e-22
16.8370963082  1.52117558432e-22
17.2562965694  1.53121465791e-22
17.6859338356  1.54074401247e-22
18.1262679613  1.55015707309e-22
18.5775652707  1.55890321495e-22
19.0400987189  1.56775405367e-22
19.5141480567  1.57596419546e-22
20  1.58435e-22

