1 20000 251
251
1  0
1.04040904696  4.50312202957e-40
1.082450985  9.1882109287e-40
1.12619179768  1.40626198052e-39
1.17170013492  1.91339988988e-39
1.21904742069  2.44103075884e-39
1.26830796516  2.98998268837e-39
1.31955908129  3.56111724219e-39
1.37288120617  4.15533079901e-39
1.4283580273  4.77355595936e-39
1.4860766139  5.41676300925e-39
1.54612755358  6.08596144302e-39
1.6086050945  6.78220154772e-39
1.6736072933  7.50657605151e-39
1.74123616901  8.26022183864e-39
1.81159786313  9.04432173378e-39
1.88480280626  9.8601063584e-39
1.96096589137  1.07088560622e-38
2.04020665416  2.72690396645e-34
2.12264946065  8.31812844051e-34
2.20842370239  1.41352889669e-33
2.29766399949  2.01875154062e-33
2.39051041194  2.64843065479e-33
2.48710865943  3.30355450185e-33
2.58761035005  3.98515127921e-33
2.6921732182  4.69429073276e-33
2.8009613722  5.43208583579e-33
2.91414555182  6.19969453578e-33
3.03190339627  4.54006839758e-31
3.15441972299  2.17145252139e-30
3.28188681771  3.95829854622e-30
3.41450473624  5.81734931598e-30
3.55248161847  7.75152255559e-30
3.69603401502  9.76385389247e-30
3.8453872271  1.18575016208e-29
4.00077566014  1.56401538612e-29
4.16244319166  3.52305127751e-28
4.33064355406  7.0257441238e-28
4.50564073281  1.06699774498e-27
4.68770938077  1.44614707714e-27
4.87713524927  1.84061747247e-27
5.07421563659  7.30481858399e-27
5.27925985453  2.16945115746e-26
5.49258971391  3.6665678345e-26
5.71454002959  5.22418156965e-26
5.945459146  6.84473699137e-26
6.18570948383  2.39742806932e-25
6.43566810884  4.65148805364e-25
6.69572732367  6.99663245372e-25
6.96629528353  9.43654190399e-25
7.24779663678  2.30064845712e-24
7.54067319143  3.86858786609e-24
7.84538460853  5.49988621228e-24
8.1624091236  8.71851711155e-24
8.49224429718  1.35741417715e-23
8.83540779578  1.86259775963e-23
9.19243820431  2.51676957392e-23
9.56389587139  3.31178903062e-23
9.95036378878  4.13893446587e-23
10.3524485064  5.02249399947e-23
10.7707810842  5.94512589651e-23
11.2060180829  6.86006278178e-23
11.6588425938  7.75990633687e-23
12.1299653117  8.6612555762e-23
12.6201256496  9.5038332295e-23
13.1300928996  1.03463230415e-22
13.6606674402  1.11191524561e-22
14.2126819923  1.18782730339e-22
14.7870029263  1.25934732161e-22
15.384531622  1.32668641934e-22
16.0062058827  1.39258345926e-22
16.6530014079  1.45204362867e-22
17.3259333238  1.51036453935e-22
18.0260577771  1.56583449729e-22
18.7544735924  1.59545830763e-22
19.5123239965  1.63829389642e-22
20.3007984131  1.69405485829e-22
21.1211343295  1.76246457608e-22
21.9746192385  1.84325528051e-22
22.8625926593  1.93616709662e-22
23.7864482397  2.04094707497e-22
24.7476359436  2.09171693426e-22
25.7476643266  2.12268832058e-22
26.7881029035  2.15151059411e-22
27.8705846117  2.17826488914e-22
28.996808374  2.20302907233e-22
30.1685417653  2.22587787327e-22
31.3876237862  2.24688301116e-22
32.6559677498  2.26611331759e-22
33.9755642841  2.28363485568e-22
35.3484844568  2.29951103569e-22
36.7768830251  2.31380272738e-22
38.2630018183  2.32656836914e-22
39.8091732557  2.33786407422e-22
41.4178240072  2.34774373413e-22
43.0914788025  2.35625911947e-22
44.832764393  2.36345997829e-22
46.6444136747  2.3693941323e-22
48.5292699773  2.37410757093e-22
50.4902915267  2.37764454368e-22
52.5305560881  2.38004765067e-22
54.6532657959  2.38135793186e-22
56.8617521799  2.38161495494e-22
59.159481394  2.38085690217e-22
61.5500596558  2.37912065641e-22
64.0372389068  2.37644188642e-22
66.624922701  2.37285513178e-22
69.3171723311  2.36839388746e-22
72.118213203  2.36309068844e-22
75.032441467  2.35697719426e-22
78.0644309178  2.35008427406e-22
81.2189401726  2.34244209189e-22
84.5009201401  2.3340801927e-22
87.9155217902  2.325027589e-22
91.4681042388  2.31531284831e-22
95.1642431583  2.30496418145e-22
99.009739529  2.29400953168e-22
103.010628743  2.28247666463e-22
107.173190077  2.27039325893e-22
111.503956548  2.25778699729e-22
116.009725165  2.2446856579e-22
120.697567597  2.23111720547e-22
125.574841273  2.21710988174e-22
130.649200932  2.20269229455e-22
135.928610627  2.18789350479e-22
141.421356237  2.17274311013e-22
147.136058463  2.15727132451e-22
153.081686359  2.14150905185e-22
159.267571411  2.12548795245e-22
165.703422184  2.10924050026e-22
172.399339552  2.09280002894e-22
179.36583256  2.07620076448e-22
186.613834911  2.05947784188e-22
194.154722129  2.0426673034e-22
202.000329413  2.02580607556e-22
210.162970211  2.00893192226e-22
218.655455543  1.99208337137e-22
227.491114114  1.97529961227e-22
236.683813228  1.95862036227e-22
246.247980551  1.9420857003e-22
256.198626761  1.92573586676e-22
266.551369101  1.90961102946e-22
277.322455892  1.89375101651e-22
288.528792035  1.87819501807e-22
300.187965542  1.86412363499e-22
312.318275138  1.84926100612e-22
324.938758985  1.83481422064e-22
338.069224556  1.82081630784e-22
351.730279727  1.80729786775e-22
365.943365117  1.79428670478e-22
380.730787743  1.78180748053e-22
396.115756024  1.76988139641e-22
412.122416211  1.75852591641e-22
428.775890281  1.74775453986e-22
446.102315367  1.73757663291e-22
464.128884777  1.72799732594e-22
482.883890678  1.71901748249e-22
502.396768493  1.71063374297e-22
522.698143103  1.70283864489e-22
543.819876914  1.69562081902e-22
565.795119858  1.68896525986e-22
588.658361426  1.68285366772e-22
612.445484796  1.67726486018e-22
637.193823152  1.6721752526e-22
662.942218274  1.66755941233e-22
689.731081504  1.66339070301e-22
717.602457167  1.6596420638e-22
746.600088557  1.65628706624e-22
776.769486596  1.65341916764e-22
808.158001257  1.65124170107e-22
840.814895881  1.64974960666e-22
874.791424493  1.64893038274e-22
910.140912246  1.64311945788e-22
946.918839109  1.64410212717e-22
985.182926946  1.64566847417e-22
1024.99323011  1.64782425103e-22
1066.41222967  1.65057311877e-22
1109.50493154  1.65391662316e-22
1154.33896842  1.65785419406e-22
1200.98470601  1.66238316841e-22
1249.51535339  1.66749883627e-22
1300.00707798  1.67319450883e-22
1352.53912504  1.67946160674e-22
1407.19394206  1.68628976671e-22
1464.05730815  1.7192875821e-22
1523.21846867  1.73419279098e-22
1584.7702753  1.74780450411e-22
1648.80933177  1.7602720851e-22
1715.43614549  1.77172656874e-22
1784.75528525  1.78228382106e-22
1856.87554538  1.79204701891e-22
1931.9101165  1.80110861527e-22
2009.97676312  1.80955191127e-22
2091.19800853  1.81745232371e-22
2175.70132706  1.82487841478e-22
2263.61934415  1.82988045515e-22
2355.09004453  1.8355952933e-22
2450.25698873  1.84069730085e-22
2549.26953846  1.84523550363e-22
2652.28309095  1.84925446037e-22
2759.45932292  1.85279481581e-22
2870.96644429  1.85589376881e-22
2986.97946215  1.85858547052e-22
3107.68045551  1.86090136449e-22
3233.25886097  1.86287047821e-22
3363.91177012  1.86451967399e-22
3499.84423881  1.86587386542e-22
3641.26960901  1.86695620468e-22
3788.40984363  1.86778824514e-22
3941.49587491  1.86839008268e-22
4100.76796681  1.86878047902e-22
4266.47609215  1.86897696944e-22
4438.88032492  1.86899595735e-22
4618.25124841  1.86885279728e-22
4804.87037999  1.86856186826e-22
4999.03061281  1.86813663871e-22
5201.0366756  1.86758972421e-22
5411.20561086  1.86693293913e-22
5629.8672725  1.8661773431e-22
5857.36484349  1.86533328297e-22
6094.05537452  1.86441043109e-22
6340.31034432  1.86341782036e-22
6596.51624277  1.86236387666e-22
6863.0751774  1.86125644901e-22
7140.40550453  1.86010283779e-22
7428.94248588  1.8589098215e-22
7729.13897165  1.85768368205e-22
8041.46611132  1.856430229e-22
8366.41409304  1.85515482285e-22
8704.49291301  1.85386239745e-22
9056.2331759  1.85255748171e-22
9422.18692758  1.8512442207e-22
9802.92852161  1.84992639612e-22
10199.0555206  1.84860744624e-22
10611.1896341  1.84729048532e-22
11039.9776943  1.84597832248e-22
11486.0926714  1.84467348011e-22
11950.2347295  1.84337821173e-22
12433.1323259  1.84209451932e-22
12935.5433539  1.84082417013e-22
13458.2563327  1.83956871289e-22
14002.0916449  1.83832949349e-22
14567.9028237  1.83710767005e-22
15156.577893  1.83590422737e-22
15769.0407609  1.83471999076e-22
16406.2526695  1.83355563929e-22
17069.213704  1.8324117183e-22
17758.9643622  1.83128865138e-22
18476.5871871  1.83018675163e-22
19223.2084664  1.82910623234e-22
20000  1.82804721695e-22

