0.1 20000 301
301
0.1  0
0.10415259619  1.7420060518e-42
0.108477632931  3.55635058054e-42
0.112982270983  5.44603751104e-42
0.117673968462  7.41419550902e-42
0.122560493193  9.46408316104e-42
0.127649935564  1.15990943696e-41
0.132950721924  1.38227639722e-41
0.138471628537  1.61387735941e-41
0.144221796108  1.85509577432e-41
0.150210744918  2.10633101594e-41
0.156448390588  2.36799904263e-41
0.162945060494  2.64053308583e-41
0.169711510868  2.92438436733e-41
0.176758944602  3.22002284632e-41
0.1840990298  3.52793799752e-41
0.191743919097  3.84863962157e-41
0.199706269776  4.18265868903e-41
0.207999264725  2.466249459e-33
0.216636634267  5.12923266172e-33
0.225632678887  7.90279880345e-33
0.235002292913  1.07915399471e-32
0.244760989175  1.38002388454e-32
0.254924924685  1.69338768595e-32
0.265510927395  2.01976422064e-32
0.276536524049  2.35969385488e-32
0.28801996921  2.71373939415e-32
0.299980275477  3.082487015e-32
0.312437244967  3.4665472355e-32
0.325411502097  3.86655592608e-32
0.338924527734  4.28317536231e-32
0.352998694759  4.71709532137e-32
0.367657305107  5.16903422412e-32
0.382924628351  5.63974032452e-32
0.398825941877  6.12999294852e-32
0.415387572744  6.6406037843e-32
0.432636941262  7.17241822619e-32
0.450602606401  7.72631677433e-32
0.469314313065  8.30321649247e-32
0.488803041347  8.90407252633e-32
0.509101057818  5.62911279301e-29
0.530241968947  1.86835332076e-28
0.552260776746  3.2280050987e-28
0.575193936719  4.64411772455e-28
0.599079418219  6.11903578936e-28
0.623956767313  7.65520124552e-28
0.649867172259  9.25515744989e-28
0.676853531693  1.09215533746e-27
0.70496052566  1.26571479931e-27
0.734234689588  1.44648148475e-27
0.764724491332  1.63475468068e-27
0.796480411421  1.83084610218e-27
0.829555026638  2.03508040857e-27
0.864003097066  2.24779574099e-27
0.899881656755  2.46934428219e-27
0.937250108145  2.70009283968e-27
0.976170320425  2.94042345297e-27
1.01670673196  4.76117140232e-26
1.05892645697  1.60129056914e-25
1.10289939667  2.77318790699e-25
1.148698355  3.99374940903e-25
1.19639915912  5.2649959015e-25
1.24608078501  6.58903212738e-25
1.29782548821  7.96805023113e-25
1.35171893999  9.40433338811e-25
1.40785036919  1.09002595847e-24
1.46631270998  1.24583055556e-24
1.5272027557  1.40810508841e-24
1.59062131914  1.57711822733e-24
1.65667339944  1.75314979941e-24
1.7254683559  1.93649125185e-24
1.7971200891  2.12744613446e-24
1.87174722945  2.32633060225e-24
1.94947333358  2.53347393887e-24
2.03042708895  3.38540580984e-24
2.11474252688  5.37302464917e-24
2.20255924448  7.44318127268e-24
2.29402263574  9.59930314127e-24
2.3892841323  1.18449600444e-23
2.48850145414  1.41838700106e-23
2.59183887071  1.66199054628e-23
2.6994674729  1.91570996305e-23
2.81156545633  2.17996532265e-23
2.92831841634  2.45519414024e-23
3.04991965532  2.78151077513e-23
3.17657050272  3.18069026188e-23
3.30848064838  3.59644606079e-23
3.44586848972  4.02946651916e-23
3.58896149333  4.48046856858e-23
3.73799657156  4.95019891192e-23
3.89322047476  5.43943525961e-23
4.05489019986  5.89942025418e-23
4.2232734158  6.27807757955e-23
4.39864890674  6.6724590146e-23
4.58130703365  7.08321751808e-23
4.77155021497  7.51103316354e-23
4.96969342739  7.95661426518e-23
5.1760647273  8.28967128749e-23
5.39100579394  8.61306810801e-23
5.61487249513  8.94989429258e-23
5.84803547643  9.30070750846e-23
6.0908807748  9.61659320952e-23
6.34381045777  9.85939684248e-23
6.60724328913  1.01122831298e-22
6.8816154222  1.03756707635e-22
7.16738112202  1.06065625283e-22
7.4650135174  1.08150473394e-22
7.77500538429  1.10321896828e-22
8.09786996163  1.12410847529e-22
8.43414180111  1.14173170797e-22
8.78437765219  1.16008676233e-22
9.14915738387  1.17681129698e-22
9.52908494479  1.19062775938e-22
9.92478936312  1.20501796367e-22
10.3369257881  1.21645915378e-22
10.7661765745  1.22755088508e-22
11.2132524127  1.23797499673e-22
11.6788935051  1.2475435645e-22
12.1638707918  1.25686687562e-22
12.6689872269  1.26526587492e-22
13.1950791077  1.27325868602e-22
13.74301746  1.28024917612e-22
14.3137094794  1.28643660336e-22
14.9081000339  1.29194813376e-22
15.5271732278  1.29631912318e-22
16.1719540317  1.30035899972e-22
16.8435099786  1.30381060589e-22
17.5429529322  1.30691202843e-22
18.2714409272  1.3224462873e-22
19.030180087  1.3606553134e-22
19.8204266202  1.40054732457e-22
20.6434889008  1.44195721895e-22
21.5007296344  1.48471403823e-22
22.3935681139  1.52864027675e-22
23.3234825702  1.57355116118e-22
24.2920126187  1.60484783846e-22
25.3007618091  1.60199416932e-22
26.35140028  1.59864612396e-22
27.445667524  1.59481972902e-22
28.5853752678  1.59053033197e-22
29.772410472  1.58579263272e-22
31.0087384549  1.58062071457e-22
32.2964061465  1.57502807456e-22
33.6375454776  1.56902765326e-22
35.0343769094  1.56263186409e-22
36.48921311  1.5558526223e-22
38.0044627833  1.54870137352e-22
39.5826346568  1.54118912213e-22
41.2263416354  1.53332645949e-22
42.9383051273  1.52512359196e-22
44.72135955  1.51659036901e-22
46.5784570227  1.50773631136e-22
48.5126722543  1.49857063932e-22
50.5272076339  1.48910230134e-22
52.6253985329  1.47934000293e-22
54.8107188272  1.46929223603e-22
57.0867866488  1.45896730894e-22
59.457370376  1.44837337682e-22
61.9263948728  1.43751847304e-22
64.4979479868  1.42641054125e-22
67.1762873173  1.4150574685e-22
69.9658472649  1.40346711932e-22
72.8712463726  1.3916473709e-22
75.8972949729  1.37960614956e-22
79.0490031521  1.36735146841e-22
82.331589045  1.35489146638e-22
85.7504874747  1.3422344486e-22
89.3113589503  1.32938892816e-22
93.0200990391  1.31636366929e-22
96.8828481275  1.30316773179e-22
100.906001587  1.28981051678e-22
105.096220365  1.27630181349e-22
109.460442007  1.26265184702e-22
114.005892151  1.24887132662e-22
118.740096485  1.23497149443e-22
123.670893207  1.22096417387e-22
128.806446006  1.20686181745e-22
134.155257575  1.19267755319e-22
139.72618369  1.17842522881e-22
145.52844787  1.16411945285e-22
151.571656651  1.14977563158e-22
157.86581549  1.13541000044e-22
164.421345329  1.12103964864e-22
171.24909985  1.10668253536e-22
178.360383446  1.09235749581e-22
185.766969933  1.07808423534e-22
193.481122048  1.06388330978e-22
201.51561175  1.04977608998e-22
209.883741365  1.03578470859e-22
218.599365612  1.02193198746e-22
227.67691454  1.00824134376e-22
237.131417418  9.94736673709e-23
246.978527622  9.81442212906e-23
257.23454855  9.68382372879e-23
267.916460612  9.55581554193e-23
279.041949347  9.43063937173e-23
290.629434703  9.30853252235e-23
302.698101535  9.19676970597e-23
315.267931366  9.08129250335e-23
328.359735471  8.96955462029e-23
341.995189335  8.86174848719e-23
356.196868537  8.75804888761e-23
370.988286128  8.65861039674e-23
386.393931562  8.56356500588e-23
402.439311242  8.47302000814e-23
419.150990746  8.38705621674e-23
436.556638818  8.30572658117e-23
454.685073167  8.22905525656e-23
473.566308191  8.15703716965e-23
493.231604661  8.08963811072e-23
513.713521483  8.02679536644e-23
535.045969603  7.96841889483e-23
557.26426815  7.9143930317e-23
580.405202916  7.86457871052e-23
604.507087258  7.81881617661e-23
629.60982553  7.77692818595e-23
655.754979155  7.73872370632e-23
682.985835434  7.70400220342e-23
711.347479213  7.67255875248e-23
740.886867531  7.64419071115e-23
771.652907362  7.61915991782e-23
803.696536592  7.59890298645e-23
837.070808348  7.58346032579e-23
871.830978841  7.57272344638e-23
908.03459885  7.52788168598e-23
945.741609003  7.52970215643e-23
985.014439024  7.53553753164e-23
1025.91811109  7.54542702355e-23
1068.52034748  7.55939711308e-23
1112.89168271  7.57746129461e-23
1159.10558033  7.59961995916e-23
1207.23855449  7.62586041879e-23
1257.37029671  7.65615707136e-23
1309.58380774  7.69047170188e-23
1363.96553504  7.72875391326e-23
1420.60551588  7.88648068506e-23
1479.5975264  7.98590686391e-23
1541.03923691  8.0767307343e-23
1605.03237354  8.15994880552e-23
1671.68288673  8.23643920094e-23
1741.10112659  8.3069815313e-23
1813.40202564  8.37227255687e-23
1888.70528906  8.43293864989e-23
1967.13559293  8.4895457961e-23
2048.82279061  8.54260768348e-23
2133.90212774  8.59259228944e-23
2222.51446619  8.63992727927e-23
2314.80651723  8.66730773015e-23
2410.93108447  8.70232211695e-23
2511.04731682  8.73345372814e-23
2615.32097202  8.761010227e-23
2723.92469106  8.78527218104e-23
2837.03828399  8.8064963085e-23
2954.84902768  8.82491824212e-23
3077.55197581  8.84075489109e-23
3205.3502819  8.85420646689e-23
3338.45553557  8.86545822604e-23
3477.08811294  8.87468197347e-23
3621.47754143  8.88203736256e-23
3771.86287983  8.88767302188e-23
3928.49311406  8.89172753391e-23
4091.62756943  8.89433028697e-23
4261.53633998  8.89560221866e-23
4438.50073566  8.89565646617e-23
4622.81374809  8.89459893689e-23
4814.78053566  8.89252881076e-23
5014.71892873  8.88953898441e-23
5222.95995589  8.88571646543e-23
5439.84839201  8.88114272459e-23
5665.74332907  8.87589401214e-23
5901.01877067  8.87004164386e-23
6146.0642513  8.86365226175e-23
6401.28548122  8.85678807335e-23
6667.10501821  8.84950707323e-23
6943.96296717  8.84186324966e-23
7232.31770876  8.83390677891e-23
7532.64665837  8.82568420932e-23
7845.44705649  8.81723863675e-23
8171.23679203  8.8086098729e-23
8510.55525972  8.79983460755e-23
8863.96425316  8.79094656553e-23
9232.048895  8.78197665915e-23
9615.41860565  8.77295313653e-23
10014.7081123  8.763901726e-23
10430.5784998  8.75484577702e-23
10863.7183051  8.74580639747e-23
11314.8446575  8.73680258744e-23
11784.7044657  8.72785136939e-23
12274.0756543  8.71896791469e-23
12783.7684522  8.71016566631e-23
13314.6267339  8.70145645756e-23
13867.5294163  8.69285062674e-23
14443.3919145  8.68435712755e-23
15043.1676568  8.67598363511e-23
15667.8496638  8.66773664755e-23
16318.4721919  8.6596215829e-23
16996.1124464  8.65164287145e-23
17701.8923642  8.64380404331e-23
18436.9804721  8.63610781134e-23
19202.5938207  8.62855614926e-23
20000  8.62115036518e-23

