0.5 20 151
151
0.5  0
0.512448710082  2.87764382263e-36
0.52520736093  5.8269335526e-36
0.538283669269  8.84965298816e-36
0.55168554395  1.19476303395e-35
0.565421090737  1.51227393347e-35
0.579498617203  1.83769003526e-35
0.59392663776  2.17120815846e-35
0.608713878807  2.51303002251e-35
0.623869284008  2.86336236913e-35
0.6394020197  3.22241708738e-35
0.655321480438  3.59041134182e-35
0.67163729468  3.96756770382e-35
0.688359330604  4.35411428624e-35
0.705497702082  4.75028488133e-35
0.723062774796  5.15631910218e-35
0.741065172505  5.57246252764e-35
0.759515783475  5.9989668508e-35
0.778425767058  6.4360900313e-35
0.797806560447  6.88409645129e-35
0.817669885593  7.34325707536e-35
0.83802775629  7.8138496144e-35
0.858892485448  8.29615869362e-35
0.880276692535  8.79047602463e-35
0.90219331121  9.29710058192e-35
0.924655597149  9.81633878369e-35
0.947677136058  1.03485046771e-34
0.971271851895  1.08939201284e-34
0.995454015286  3.47777024823e-32
1.02023825216  5.99237636968e-30
1.04563955259  1.35133428735e-29
1.07167327987  2.12215620405e-29
1.0983551798  2.91216959787e-29
1.1257013902  3.7218522871e-29
1.15372845069  4.55169398644e-29
1.18245331269  5.40219660324e-29
1.21189334964  6.27387454104e-29
1.24206636756  7.1672550107e-29
1.27299061578  8.08287834929e-29
1.30468479801  9.02129834685e-29
1.33716808361  9.98308258138e-29
1.37046011922  1.09688127621e-28
1.40458104063  1.19790850813e-28
1.43955148495  1.30145105749e-28
1.47539260312  1.40757154921e-28
1.51212607267  1.5163341674e-28
1.54977411084  1.62780469419e-28
1.58835948804  1.74205054952e-28
1.62790554158  1.85914083192e-28
1.66843618984  1.97914636027e-28
1.70997594668  2.10213971669e-28
1.75254993629  2.22819529037e-28
1.79618390842  2.35738932264e-28
1.84090425388  2.48979995302e-28
1.88673802057  2.62550726649e-28
1.93371292981  2.76459334196e-28
1.9818573931  2.9071423019e-28
2.03120052932  4.26800430086e-27
2.08177218234  1.07059230957e-26
2.13360293905  1.73041294598e-26
2.18672414789  2.40666141401e-26
2.24116793778  3.09974672428e-26
2.29696723759  3.81008807074e-26
2.35415579601  4.53811508415e-26
2.41276820199  5.28426809201e-26
2.47283990568  6.04899838481e-26
2.53440723981  6.83276848903e-26
2.59750744173  7.63605244684e-26
2.66217867588  8.45933610286e-26
2.72846005693  9.30311739799e-26
2.79639167337  1.01679066705e-25
2.86601461181  1.1054226965e-25
2.9373709818  1.19626143482e-25
3.01050394131  1.64000341715e-25
3.08545772284  4.00399792047e-25
3.16227766017  6.45626777397e-25
3.24101021575  8.96959282037e-25
3.32170300885  1.15454931765e-24
3.40440484432  1.4185526806e-24
3.48916574214  1.68912904621e-24
3.57603696765  1.96644206528e-24
3.66507106256  2.2506594631e-24
3.75632187674  2.54195314089e-24
3.84984460077  2.84049927977e-24
3.94569579937  3.14647844731e-24
4.04393344553  4.04214285325e-24
4.14461695564  5.69748749083e-24
4.2478072254  7.39404593937e-24
4.35356666667  9.13284431644e-24
4.46195924519  1.09149342873e-23
4.57305051927  1.27413937009e-23
4.68690767949  1.4613327242e-23
4.80359958925  1.65318670989e-23
4.92319682653  1.84981736488e-23
5.04577172647  2.09846345703e-23
5.1713984252  2.43433397369e-23
5.30015290463  2.77856679971e-23
5.43211303844  3.13137013505e-23
5.56735863914  3.49295736325e-23
5.70597150638  3.86354718061e-23
5.84803547643  4.24336372835e-23
5.99363647282  4.63115819313e-23
6.1428625584  4.99913910535e-23
6.29580398853  5.37328446706e-23
6.4525532657  5.75674508304e-23
6.6132051955  6.1497528791e-23
6.77785694388  6.55254555539e-23
6.94660809603  6.96536673017e-23
7.11956071652  7.32141619825e-23
7.29681941106  7.65564260732e-23
7.47849138981  7.99819039173e-23
7.66468653214  8.34926673225e-23
7.85551745316  8.70908396793e-23
8.0510995718  9.05680470805e-23
8.25155118063  9.35216814914e-23
8.45699351738  9.65488537792e-23
8.66755083831  9.96513948474e-23
8.88335049333  1.02831181184e-22
9.10452300303  1.05724734031e-22
9.33120213764  1.08272380825e-22
9.5635249979  1.10883457451e-22
9.80163209803  1.1355954315e-22
10.0456674507  1.16189656026e-22
10.295778654  1.18402795966e-22
10.5521169811  1.20668057762e-22
10.8148374712  1.22989718733e-22
11.0840990237  1.25239586477e-22
11.3600644943  1.2725303055e-22
11.6429007931  1.29316604186e-22
11.9327789861  1.31431263688e-22
12.2298743982  1.33267224978e-22
12.5343667197  1.35049114044e-22
12.8464401144  1.36875367549e-22
13.1662833315  1.38568668041e-22
13.4940898196  1.40135255248e-22
13.8300578436  1.41740846435e-22
14.1743906047  1.43267652698e-22
14.5272963631  1.44713860496e-22
14.8889885645  1.46196075137e-22
15.2596859686  1.47552369997e-22
15.6396127818  1.48871095966e-22
16.0289987924  1.50198131322e-22
16.4280795102  1.51356581307e-22
16.8370963082  1.52536185753e-22
17.2562965694  1.53634695485e-22
17.6859338356  1.54688595699e-22
18.1262679613  1.55731359992e-22
18.5775652707  1.56704808289e-22
19.0400987189  1.57688253839e-22
19.5141480567  1.58587739827e-22
20  1.59506e-22

