1 20000 251
251
1  0
1.04040904696  5.26182840913e-43
1.082450985  1.07362822895e-42
1.12619179768  1.64319536339e-42
1.17170013492  2.2357781629e-42
1.21904742069  2.85230666859e-42
1.26830796516  3.49374850362e-42
1.31955908129  4.16111039188e-42
1.37288120617  4.85543973803e-42
1.4283580273  5.57782627133e-42
1.4860766139  6.32940375597e-42
1.54612755358  7.11135177049e-42
1.6086050945  7.92489755905e-42
1.6736072933  8.77131795758e-42
1.74123616901  9.65194139774e-42
1.81159786313  1.05681499918e-41
1.88480280626  1.15213817021e-41
1.96096589137  1.25131325972e-41
2.04020665416  2.19730697577e-36
2.12264946065  6.70280697558e-36
2.20842370239  1.13903699365e-35
2.29766399949  1.62673528492e-35
2.39051041194  2.13414099934e-35
2.48710865943  2.66205049511e-35
2.58761035005  3.21129231048e-35
2.6921732182  3.78272846416e-35
2.8009613722  4.37725580821e-35
2.91414555182  4.99580743562e-35
3.03190339627  1.08262751201e-32
3.15441972299  5.21917751691e-32
3.28188681771  9.52288156522e-32
3.41450473624  1.40004941925e-31
3.55248161847  1.86590428787e-31
3.69603401502  2.35058390776e-31
3.8453872271  2.85484896916e-31
4.00077566014  4.18565204438e-31
4.16244319166  1.72756220324e-29
4.33064355406  3.48138564613e-29
4.50564073281  5.30607942288e-29
4.68770938077  7.20450733615e-29
4.87713524927  9.17964891211e-29
5.07421563659  5.47887223501e-28
5.27925985453  1.77258772049e-27
5.49258971391  3.04677719738e-27
5.71454002959  4.37245545667e-27
5.945459146  5.751703111e-27
6.18570948383  2.81346458274e-26
6.43566810884  5.78228541122e-26
6.69572732367  8.87107345998e-26
6.96629528353  1.208467649e-25
7.24779663678  4.0632452219e-25
7.54067319143  7.39005795248e-25
7.84538460853  1.08513040149e-24
8.1624091236  2.20109340024e-24
8.49224429718  4.11080874343e-24
8.83540779578  6.09769386361e-24
9.19243820431  9.89613066844e-24
9.56389587139  1.53886422875e-23
9.95036378878  2.11031010666e-23
10.3524485064  2.91517757928e-23
10.7707810842  3.78338725361e-23
11.2060180829  4.69791695697e-23
11.6588425938  5.66240903246e-23
12.1299653117  6.64306858837e-23
12.6201256496  7.60106909462e-23
13.1300928996  8.56773905773e-23
13.6606674402  9.48220175553e-23
14.2126819923  1.0386031308e-22
14.7870029263  1.12473931355e-22
15.384531622  1.20624712836e-22
16.0062058827  1.28626994436e-22
16.6530014079  1.35864699749e-22
17.3259333238  1.42913393396e-22
18.0260577771  1.49556489967e-22
18.7544735924  1.53032034217e-22
19.5123239965  1.58120921527e-22
20.3007984131  1.64792713279e-22
21.1211343295  1.73018341713e-22
21.9746192385  1.82770010579e-22
22.8625926593  1.94021094824e-22
23.7864482397  2.06746039151e-22
24.7476359436  2.1300253791e-22
25.7476643266  2.1688173824e-22
26.7881029035  2.20507821204e-22
27.8705846117  2.23890413721e-22
28.996808374  2.27038755508e-22
30.1685417653  2.29961714485e-22
31.3876237862  2.326678017e-22
32.6559677498  2.3516518579e-22
33.9755642841  2.37461707015e-22
35.3484844568  2.39564890857e-22
36.7768830251  2.41481961226e-22
38.2630018183  2.43219853288e-22
39.8091732557  2.44785225929e-22
41.4178240072  2.46184473878e-22
43.0914788025  2.47423739519e-22
44.832764393  2.48508924399e-22
46.6444136747  2.4944570046e-22
48.5292699773  2.50239521024e-22
50.4902915267  2.50895631536e-22
52.5305560881  2.51419080102e-22
54.6532657959  2.51814727838e-22
56.8617521799  2.52087259052e-22
59.159481394  2.52241191285e-22
61.5500596558  2.52280885224e-22
64.0372389068  2.52210554525e-22
66.624922701  2.52034275556e-22
69.3171723311  2.51755997082e-22
72.118213203  2.51379549924e-22
75.032441467  2.50908656598e-22
78.0644309178  2.50346940967e-22
81.2189401726  2.49697937912e-22
84.5009201401  2.48965103051e-22
87.9155217902  2.48151822502e-22
91.4681042388  2.47261422723e-22
95.1642431583  2.46297180413e-22
99.009739529  2.4526233249e-22
103.010628743  2.44160086137e-22
107.173190077  2.42993628905e-22
111.503956548  2.41766138856e-22
116.009725165  2.40480794709e-22
120.697567597  2.39140785959e-22
125.574841273  2.37749322907e-22
130.649200932  2.36309646533e-22
135.928610627  2.34825038134e-22
141.421356237  2.33298828605e-22
147.136058463  2.31734407261e-22
153.081686359  2.30135230033e-22
159.267571411  2.28504826876e-22
165.703422184  2.26846808193e-22
172.399339552  2.25164870064e-22
179.36583256  2.23462798018e-22
186.613834911  2.21744469121e-22
194.154722129  2.20013852064e-22
202.000329413  2.18275004991e-22
210.162970211  2.16532070773e-22
218.655455543  2.14789269424e-22
227.491114114  2.13050887429e-22
236.683813228  2.11321263722e-22
246.247980551  2.09604772164e-22
256.198626761  2.07905800394e-22
266.551369101  2.06228725049e-22
277.322455892  2.04577883429e-22
288.528792035  2.02957541833e-22
300.187965542  2.01493716018e-22
312.318275138  1.99943742159e-22
324.938758985  1.98436436544e-22
338.069224556  1.96975397595e-22
351.730279727  1.95563962035e-22
365.943365117  1.94205165831e-22
380.730787743  1.92901707177e-22
396.115756024  1.91655912644e-22
412.122416211  1.90469707604e-22
428.775890281  1.89344591996e-22
446.102315367  1.88281622354e-22
464.128884777  1.87281400875e-22
482.883890678  1.86344072125e-22
502.396768493  1.85469327746e-22
522.698143103  1.84656419323e-22
543.819876914  1.83904179386e-22
565.795119858  1.83211050337e-22
588.658361426  1.82575121047e-22
612.445484796  1.81994170861e-22
637.193823152  1.81465720984e-22
662.942218274  1.80987093757e-22
689.731081504  1.8055548155e-22
717.602457167  1.80168030094e-22
746.600088557  1.79821951497e-22
776.769486596  1.79527272455e-22
808.158001257  1.79305766926e-22
840.814895881  1.79156932287e-22
874.791424493  1.79079468629e-22
910.140912246  1.78471164826e-22
946.918839109  1.7858500515e-22
985.182926946  1.78760806654e-22
1024.99323011  1.78999196732e-22
1066.41222967  1.79300577903e-22
1109.50493154  1.79665125303e-22
1154.33896842  1.80092786709e-22
1200.98470601  1.80583285098e-22
1249.51535339  1.81136123684e-22
1300.00707798  1.81750593309e-22
1352.53912504  1.82425782018e-22
1407.19394206  1.83160586587e-22
1464.05730815  1.86692157107e-22
1523.21846867  1.88289322744e-22
1584.7702753  1.8974784241e-22
1648.80933177  1.91083725991e-22
1715.43614549  1.92311012745e-22
1784.75528525  1.93442112098e-22
1856.87554538  1.9448807087e-22
1931.9101165  1.9545878496e-22
2009.97676312  1.96363168568e-22
2091.19800853  1.97209290585e-22
2175.70132706  1.98004485327e-22
2263.61934415  1.9854169755e-22
2355.09004453  1.99154167465e-22
2450.25698873  1.997011221e-22
2549.26953846  2.00187802152e-22
2652.28309095  2.00618970559e-22
2759.45932292  2.00998971709e-22
2870.96644429  2.01331781544e-22
2986.97946215  2.01621050162e-22
3107.68045551  2.018701382e-22
3233.25886097  2.0208214802e-22
3363.91177012  2.02259950538e-22
3499.84423881  2.02406208367e-22
3641.26960901  2.02523395855e-22
3788.40984363  2.02613816453e-22
3941.49587491  2.02679617834e-22
4100.76796681  2.02722805071e-22
4266.47609215  2.02745252159e-22
4438.88032492  2.0274871211e-22
4618.25124841  2.0273482584e-22
4804.87037999  2.02705130001e-22
4999.03061281  2.02661063921e-22
5201.0366756  2.02603975783e-22
5411.20561086  2.02535128139e-22
5629.8672725  2.02455702878e-22
5857.36484349  2.02366805715e-22
6094.05537452  2.02269470283e-22
6340.31034432  2.02164661876e-22
6596.51624277  2.0205328092e-22
6863.0751774  2.01936166196e-22
7140.40550453  2.01814097858e-22
7428.94248588  2.01687800291e-22
7729.13897165  2.01557944819e-22
8041.46611132  2.01425152294e-22
8366.41409304  2.01289995582e-22
8704.49291301  2.01153001966e-22
9056.2331759  2.01014655461e-22
9422.18692758  2.00875399073e-22
9802.92852161  2.00735636983e-22
10199.0555206  2.00595736682e-22
10611.1896341  2.00456031041e-22
11039.9776943  2.00316820336e-22
11486.0926714  2.00178374209e-22
11950.2347295  2.00040933578e-22
12433.1323259  1.9990471249e-22
12935.5433539  1.99769899916e-22
13458.2563327  1.99636661485e-22
14002.0916449  1.99505141157e-22
14567.9028237  1.99375462836e-22
15156.577893  1.99247731908e-22
15769.0407609  1.99122036729e-22
16406.2526695  1.98998450029e-22
17069.213704  1.98877030258e-22
17758.9643622  1.98757822861e-22
18476.5871871  1.98640861481e-22
19223.2084664  1.98526169099e-22
20000  1.98413759103e-22

