1 20 101
101
1  0
1.03041055791  5.80455442019e-39
1.06174591785  1.17856285787e-38
1.09403420358  1.79485905393e-38
1.12730439408  2.42989716116e-38
1.16158634964  3.08424713151e-38
1.1969108386  3.75849624954e-38
1.23330956497  4.45324965941e-38
1.27081519692  5.16913090809e-38
1.30946139606  5.90678250494e-38
1.34928284767  6.6668664984e-38
1.39031529185  7.45006507016e-38
1.43259555555  8.25708114743e-38
1.47616158565  9.08863903386e-38
1.52105248304  9.94548505956e-38
1.56730853766  1.08283882509e-37
1.61497126471  1.17381410209e-37
1.66408344188  1.26755598803e-37
1.71468914776  1.36414861701e-37
1.76683380139  1.46367868173e-37
1.82056420303  1.56623551124e-37
1.87592857615  1.67191115116e-37
1.93297661076  1.78080044625e-37
1.99175950792  4.31092041106e-35
2.05233002578  2.76232186832e-33
2.11474252688  6.05663524237e-33
2.17905302696  9.45113052406e-33
2.24531924523  1.29488543011e-32
2.31360065617  1.65529458096e-32
2.3839585429  2.02666397517e-32
2.45645605223  2.40932691984e-32
2.53115825126  2.80362685815e-32
2.60813218585  3.20991767758e-32
2.68744694072  3.62856402749e-32
2.76917370155  4.05994164648e-32
2.85338581877  4.50443769952e-32
2.94015887345  4.96245112553e-32
3.02957074514  2.11829719075e-30
3.12170168173  8.55363545557e-30
3.21663437151  1.51846759474e-29
3.31445401734  2.20173700801e-29
3.41524841318  2.90578502534e-29
3.51910802283  3.63124353567e-29
3.62612606115  4.37876364405e-29
3.73639857773  5.14901625597e-29
3.85002454306  5.94269267955e-29
3.96710593738  6.76050524597e-29
4.08774784223  7.25700879134e-28
4.21205853471  1.65475763658e-27
4.34014958471  2.61206752836e-27
4.472135955  3.59848974803e-27
4.60813610445  4.61490961775e-27
4.74827209431  5.66223938277e-27
4.89266969782  6.74141903027e-27
5.041458513  1.53055335484e-26
5.19477207907  4.40092719394e-26
5.35274799621  7.3585907029e-26
5.51552804914  1.04061984093e-25
5.68325833429  1.35464855663e-25
5.85608939099  1.67822706078e-25
6.03417633655  2.57985566661e-25
6.21767900547  5.89179460735e-25
6.40676209294  9.31779863253e-25
6.6015953026  1.28479893515e-24
6.80235349885  1.64855351398e-24
7.00921686386  2.14381076016e-24
7.22237105921  3.86056195467e-24
7.44200739256  5.69165469129e-24
7.66832298935  7.57843197962e-24
7.9015209697  9.52258721794e-24
8.14181063074  1.29741730191e-23
8.38940763443  1.75670726779e-23
8.64453420113  2.22996449776e-23
8.90741930907  2.71761374414e-23
9.17829889981  3.29762060378e-23
9.45741609003  3.93674593712e-23
9.74502138973  4.59530742841e-23
10.041372927  5.2666812758e-23
10.34673668  5.91815329799e-23
10.661386715  6.58876093923e-23
10.9856054331  7.27524802837e-23
11.3196838233  7.89229081338e-23
11.6639217237  8.51883098698e-23
12.0186280908  9.15512029852e-23
12.3841212763  9.72240479228e-23
12.7607293136  1.03027125847e-22
13.1487902114  1.08664342091e-22
13.5486522576  1.13905733792e-22
13.9606743317  1.1928681535e-22
14.3852262269  1.24165040482e-22
14.8226889821  1.29096995585e-22
15.2734552238  1.33778322291e-22
15.7379295184  1.38334350646e-22
16.2165287354  1.4273878186e-22
16.7096824217  1.46915300429e-22
17.2178331866  1.50993589743e-22
17.7414370999  1.54886584837e-22
18.2809641002  1.58639481113e-22
18.8368984177  1.62261393191e-22
19.4097390079  1.65650088348e-22
20  1.69001e-22

