1 20 101
101
1  0
1.03041055791  1.52474279889e-39
1.06174591785  3.09585387696e-39
1.09403420358  4.71474331946e-39
1.12730439408  6.38286409311e-39
1.16158634964  8.10171335014e-39
1.1969108386  9.87283377204e-39
1.23330956497  1.16978149541e-38
1.27081519692  1.35782948321e-38
1.30946139606  1.55159611523e-38
1.34928284767  1.75125529864e-38
1.39031529185  1.9569862292e-38
1.43259555555  2.16897355215e-38
1.47616158565  2.38740752785e-38
1.52105248304  2.61248420262e-38
1.56730853766  2.84440558465e-38
1.61497126471  3.08337982529e-38
1.66408344188  3.32962140592e-38
1.71468914776  3.5833513304e-38
1.76683380139  3.84479732343e-38
1.82056420303  4.11419403498e-38
1.87592857615  4.39178325083e-38
1.93297661076  4.6778141096e-38
1.99175950792  1.67972208274e-35
2.05233002578  1.0778419588e-33
2.11474252688  2.36329294347e-33
2.17905302696  3.68783520975e-33
2.24531924523  5.05265754533e-33
2.31360065617  6.45898488958e-33
2.3839585429  7.90807943297e-33
2.45645605223  9.4012417499e-33
2.53115825126  1.09398119659e-32
2.60813218585  1.25251709606e-32
2.68744694072  1.41587416068e-32
2.76917370155  1.58419900478e-32
2.85338581877  1.75764270129e-32
2.94015887345  1.93636091738e-32
3.02957074514  1.0082384035e-30
3.12170168173  4.08534755331e-30
3.21663437151  7.25603330911e-30
3.31445401734  1.05231413877e-29
3.41524841318  1.38896040457e-29
3.51910802283  1.73584427114e-29
3.62612606115  2.09327706962e-29
3.73639857773  2.46157959891e-29
3.85002454306  2.8410824136e-29
3.96710593738  3.23212612062e-29
4.08774784223  3.94139880971e-28
4.21205853471  9.05164989809e-28
4.34014958471  1.43173065731e-27
4.472135955  1.97430948054e-27
4.60813610445  2.5333884285e-27
4.74827209431  3.10946927918e-27
4.89266969782  3.70306906993e-27
5.041458513  9.05752635288e-27
5.19477207907  2.72266726065e-26
5.35274799621  4.59483527345e-26
5.51552804914  6.52393696002e-26
5.68325833429  8.51170370515e-26
5.85608939099  1.0559919546e-25
6.03417633655  1.69573357931e-25
6.21767900547  4.15272485973e-25
6.40676209294  6.69450451633e-25
6.6015953026  9.31358111038e-25
6.80235349885  1.20123052849e-24
7.00921686386  1.58670370891e-24
7.22237105921  3.05964381676e-24
7.44200739256  4.63278026895e-24
7.66832298935  6.25375667831e-24
7.9015209697  7.92402788465e-24
8.14181063074  1.10868759805e-23
8.38940763443  1.53775884482e-23
8.64453420113  1.97987838758e-23
8.90741930907  2.43544303231e-23
9.17829889981  2.99456703791e-23
9.45741609003  3.61868982228e-23
9.74502138973  4.26179252872e-23
10.041372927  4.92103808697e-23
10.34673668  5.58125183485e-23
10.661386715  6.26122314648e-23
10.9856054331  6.95812647396e-23
11.3196838233  7.60126510809e-23
11.6639217237  8.25627100216e-23
12.0186280908  8.92257408802e-23
12.3841212763  9.52726520024e-23
12.7607293136  1.01464272673e-22
13.1487902114  1.07483146022e-22
13.5486522576  1.13086812737e-22
13.9606743317  1.18839725163e-22
14.3852262269  1.24051664677e-22
14.8226889821  1.29320466101e-22
15.2734552238  1.34261377141e-22
15.7379295184  1.39026418929e-22
16.2165287354  1.43624350389e-22
16.7096824217  1.47972979594e-22
17.2178331866  1.52219028865e-22
17.7414370999  1.56271723153e-22
18.2809641002  1.60178498528e-22
18.8368984177  1.63948845069e-22
19.4097390079  1.67525726217e-22
20  1.71085e-22

