0.2 20 151
151
0.2  0
0.206235454919  1.83358332397e-39
0.212665314327  3.72433277872e-39
0.219295639229  5.67403064841e-39
0.22613267959  7.68451478396e-39
0.233182880236  9.75768033547e-39
0.240452886923  1.18954815386e-38
0.247949552606  1.4099933557e-38
0.255679943893  1.63731143812e-38
0.263651347711  1.87171667882e-38
0.271871278176  2.11343003607e-38
0.280347483669  2.36267935703e-38
0.289087954149  2.61969959252e-38
0.298100928677  2.88473301847e-38
0.307394903187  3.15802946431e-38
0.316978638492  3.43984654849e-38
0.326861168545  3.73044992128e-38
0.33705180895  4.03011351523e-38
0.34756016575  4.33911980334e-38
0.358396144475  4.65776006533e-38
0.369569959484  4.98633466228e-38
0.381092143593  5.32515331965e-38
0.392973557999  5.67453541935e-38
0.405225402524  6.0348103007e-38
0.417859226171  6.40631757096e-38
0.430886938006  6.7894074254e-38
0.444320818391  7.18444097742e-38
0.458173530554  7.59179059897e-38
0.472458132527  8.01184027152e-38
0.487188089458  8.44498594806e-38
0.502377286302  4.33577576827e-33
0.518040040906  3.08594186968e-32
0.534191117512  5.84874830209e-32
0.550845740668  8.6976915093e-32
0.568019609583  1.16354570012e-31
0.585728912925  1.46648140145e-31
0.60399034408  1.77886181233e-31
0.622821116889  2.10098139305e-31
0.642238981873  2.43314378439e-31
0.662262242965  2.77566209382e-31
0.682909774767  3.12885919063e-31
0.704201040337  3.49306801032e-31
0.72615610954  3.86863186838e-31
0.748795677965  4.25590478398e-31
0.772141086431  4.65525181361e-31
0.796214341107  5.06704939524e-31
0.821038134255  5.49168570315e-31
0.846635865618  5.92956101383e-31
0.87303166448  6.38108808331e-31
0.900250412412  6.84669253623e-31
0.928317766723  7.32681326702e-31
0.957260184645  7.82190285367e-31
0.987104948279  8.33242798432e-31
1.0178801903  7.41857675001e-28
1.0496149205  2.05702882313e-27
1.08233905309  3.41320342327e-27
1.11608343495  4.81165985133e-27
1.15087987467  6.25371633944e-27
1.18676117255  7.74073221867e-27
1.2237611515  9.27410920028e-27
1.26191468896  1.08552926971e-26
1.30125774973  1.2485773186e-26
1.34182741991  1.41670876128e-26
1.38366194184  1.59008208412e-26
1.42680075014  1.76886071465e-26
1.47128450892  1.95321317563e-26
1.51715515006  2.14331324392e-26
1.56445591277  2.33934011423e-26
1.61323138435  2.54147856811e-26
1.66352754221  2.74991914807e-26
1.71539179718  2.96485833722e-26
1.76887303828  3.1864987445e-26
1.82402167871  3.41504929561e-26
1.88088970345  3.65072543002e-26
1.93953071822  3.89374930398e-26
2  5.31715631629e-26
2.06235454919  2.29836951852e-25
2.12665314327  4.24103998083e-25
2.19295639229  6.24427761359e-25
2.2613267959  8.30997073611e-25
2.33182880236  1.04400665403e-24
2.40452886923  1.26365729263e-24
2.47949552606  1.49015603951e-24
2.55679943893  1.72371640001e-24
2.63651347711  1.96455853601e-24
2.71871278176  2.21290947341e-24
2.80347483669  2.46900331619e-24
2.89087954149  2.73308146702e-24
2.98100928677  3.00888892262e-24
3.07394903187  4.49895115623e-24
3.16978638492  6.36023043244e-24
3.26861168545  8.27953932374e-24
3.3705180895  1.02586870354e-23
3.4756016575  1.22995391787e-23
3.58396144475  1.44040195296e-23
3.69569959484  1.65741118424e-23
3.81092143593  1.88118617191e-23
3.92973557999  2.11193785381e-23
4.05225402524  2.40031760505e-23
4.17859226171  2.76761949654e-23
4.30886938006  3.14637285997e-23
4.44320818391  3.536934721e-23
4.58173530554  3.93967323643e-23
4.72458132527  4.35496804114e-23
4.87188089458  4.78321060602e-23
5.02377286302  5.21264566119e-23
5.18040040906  5.59362480143e-23
5.34191117512  5.98570365329e-23
5.50845740668  6.39000645518e-23
5.68019609583  6.80691431655e-23
5.85728912925  7.23682022878e-23
6.0399034408  7.65244036426e-23
6.22821116889  7.98011337637e-23
6.42238981873  8.31778422308e-23
6.62262242965  8.66598272649e-23
6.82909774767  9.02503711026e-23
7.04201040337  9.37688901371e-23
7.2615610954  9.66471098993e-23
7.48795677965  9.96114648061e-23
7.72141086431  1.0266824022e-22
7.96214341107  1.05811708855e-22
8.21038134255  1.08333767456e-22
8.46635865618  1.10788845871e-22
8.7303166448  1.1332046694e-22
9.00250412412  1.15886197969e-22
9.28317766723  1.17954657712e-22
9.57260184645  1.20047483952e-22
9.87104948279  1.2220555881e-22
10.178801903  1.24188282378e-22
10.496149205  1.2605238043e-22
10.8233905309  1.27974595979e-22
11.1608343495  1.29750551333e-22
11.5087987467  1.31348403845e-22
11.8676117255  1.32996073044e-22
12.237611515  1.3444466954e-22
12.6191468896  1.35794541695e-22
13.0125774973  1.37166289701e-22
13.4182741991  1.38360014468e-22
13.8366194184  1.39578235746e-22
14.2680075014  1.40723482739e-22
14.7128450892  1.41834687033e-22
15.1715515006  1.42905739194e-22
15.6445591277  1.43881080921e-22
16.1323138435  1.44830597762e-22
16.6352754221  1.45653945866e-22
17.1539179718  1.46456326574e-22
17.6887303828  1.47169766331e-22
18.2402167871  1.47859567788e-22
18.8088970345  1.4850956931e-22
19.3953071822  1.49121330646e-22
20  1.49723e-22

