1 20000 251
251
1  0
1.04040904696  9.01882629359e-44
1.082450985  1.84020947624e-43
1.12619179768  2.81645321674e-43
1.17170013492  3.8321460364e-43
1.21904742069  4.8888820349e-43
1.26830796516  5.98831972799e-43
1.31955908129  7.13218465045e-43
1.37288120617  8.32227206428e-43
1.4283580273  9.5604497763e-43
1.4860766139  1.08486610696e-42
1.54612755358  1.21889277536e-42
1.6086050945  1.3583353337e-42
1.6736072933  1.50341263292e-42
1.74123616901  1.65435236754e-42
1.81159786313  1.81139143298e-42
1.88480280626  1.9747762974e-42
1.96096589137  2.14476338847e-42
2.04020665416  7.47081838283e-37
2.12264946065  2.27895114499e-36
2.20842370239  3.87272183045e-36
2.29766399949  5.53089527038e-36
2.39051041194  7.25607391871e-36
2.48710865943  9.05096539206e-36
2.58761035005  1.09183867192e-35
2.6921732182  1.28612687625e-35
2.8009613722  1.48826608175e-35
2.91414555182  1.6985735399e-35
3.03190339627  4.54956896999e-33
3.15441972299  2.19495974256e-32
3.28188681771  4.00527444481e-32
3.41450473624  5.88874223888e-32
3.55248161847  7.84831917149e-32
3.69603401502  9.8870807404e-32
3.8453872271  1.20082267213e-31
4.00077566014  1.81925992809e-31
4.16244319166  8.49504711789e-30
4.33064355406  1.71440935449e-29
4.50564073281  2.61426396951e-29
4.68770938077  3.55048085193e-29
4.87713524927  4.52452936632e-29
5.07421563659  3.04169329448e-28
5.27925985453  1.00207400693e-27
5.49258971391  1.72818034731e-27
5.71454002959  2.48362795289e-27
5.945459146  3.26960247624e-27
6.18570948383  1.77781785168e-26
6.43566810884  3.70563620354e-26
6.69572732367  5.7113558577e-26
6.96629528353  7.79812473156e-26
7.24779663678  2.82794507179e-25
7.54067319143  5.21795617511e-25
7.84538460853  7.70454534934e-25
8.1624091236  1.62437713059e-24
8.49224429718  3.1023560454e-24
8.83540779578  4.64005867958e-24
9.19243820431  7.79699893715e-24
9.56389587139  1.24671108925e-23
9.95036378878  1.73259376212e-23
10.3524485064  2.4903007834e-23
10.7707810842  3.31557780937e-23
11.2060180829  4.21498442272e-23
11.6588425938  5.19794219452e-23
12.1299653117  6.20306367574e-23
12.6201256496  7.2008527935e-23
13.1300928996  8.20701901222e-23
13.6606674402  9.15680120136e-23
14.2126819923  1.00922293655e-22
14.7870029263  1.09779209973e-22
15.384531622  1.18139838319e-22
16.0062058827  1.26335542245e-22
16.6530014079  1.33778546926e-22
17.3259333238  1.41062163339e-22
18.0260577771  1.47966711532e-22
18.7544735924  1.51570937224e-22
19.5123239965  1.56857423518e-22
20.3007984131  1.63795314298e-22
21.1211343295  1.72355216214e-22
21.9746192385  1.82509098088e-22
22.8625926593  1.94230189432e-22
23.7864482397  2.07492877922e-22
24.7476359436  2.1402852589e-22
25.7476643266  2.18091155215e-22
26.7881029035  2.21891676314e-22
27.8705846117  2.25440071632e-22
28.996808374  2.28745922238e-22
30.1685417653  2.31818423774e-22
31.3876237862  2.34666401909e-22
32.6559677498  2.37298327319e-22
33.9755642841  2.39722330208e-22
35.3484844568  2.41946214392e-22
36.7768830251  2.43977470968e-22
38.2630018183  2.45823291588e-22
39.8091732557  2.47490581353e-22
41.4178240072  2.48985971367e-22
43.0914788025  2.5031583094e-22
44.832764393  2.51486279498e-22
46.6444136747  2.52503198197e-22
48.5292699773  2.53372241271e-22
50.4902915267  2.54098847135e-22
52.5305560881  2.54688249276e-22
54.6532657959  2.55145486932e-22
56.8617521799  2.55475415607e-22
59.159481394  2.55682717428e-22
61.5500596558  2.55771911377e-22
64.0372389068  2.55747363409e-22
66.624922701  2.55613296497e-22
69.3171723311  2.5537380061e-22
72.118213203  2.5503284265e-22
75.032441467  2.54594276378e-22
78.0644309178  2.54061852334e-22
81.2189401726  2.53439227785e-22
84.5009201401  2.52729976702e-22
87.9155217902  2.51937599796e-22
91.4681042388  2.51065534609e-22
95.1642431583  2.50117165677e-22
99.009739529  2.49095834759e-22
103.010628743  2.48004851137e-22
107.173190077  2.46847501967e-22
111.503956548  2.45627062666e-22
116.009725165  2.44346807304e-22
120.697567597  2.43010018963e-22
125.574841273  2.41619999997e-22
130.649200932  2.4018008214e-22
135.928610627  2.38693636363e-22
141.421356237  2.37164082375e-22
147.136058463  2.35594897647e-22
153.081686359  2.33989625796e-22
159.267571411  2.32351884181e-22
165.703422184  2.30685370478e-22
172.399339552  2.28993868049e-22
179.36583256  2.27281249832e-22
186.613834911  2.25551480505e-22
194.154722129  2.23808616627e-22
202.000329413  2.2205680448e-22
210.162970211  2.20300275305e-22
218.655455543  2.18543337644e-22
227.491114114  2.16790366532e-22
236.683813228  2.15045789295e-22
246.247980551  2.13314067777e-22
256.198626761  2.11599676894e-22
266.551369101  2.09907079487e-22
277.322455892  2.08240697568e-22
288.528792035  2.06604880186e-22
300.187965542  2.05127703511e-22
312.318275138  2.03562575363e-22
324.938758985  2.02040413183e-22
338.069224556  2.00564884526e-22
351.730279727  1.99139390415e-22
365.943365117  1.97767025711e-22
380.730787743  1.96450541555e-22
396.115756024  1.95192311024e-22
412.122416211  1.93994299151e-22
428.775890281  1.92858038356e-22
446.102315367  1.91784610251e-22
464.128884777  1.90774634605e-22
482.883890678  1.89828266053e-22
502.396768493  1.88945198947e-22
522.698143103  1.88124680485e-22
543.819876914  1.87365532104e-22
565.795119858  1.86666178922e-22
588.658361426  1.86024686954e-22
612.445484796  1.8543880786e-22
637.193823152  1.84906031181e-22
662.942218274  1.84423644574e-22
689.731081504  1.83988803829e-22
717.602457167  1.83598617548e-22
746.600088557  1.83250261986e-22
776.769486596  1.82953939665e-22
808.158001257  1.82731794624e-22
840.814895881  1.82583326744e-22
874.791424493  1.82507225325e-22
910.140912246  1.81893133653e-22
946.918839109  1.82011002722e-22
985.182926946  1.82191716181e-22
1024.99323011  1.82435912753e-22
1066.41222967  1.82744002377e-22
1109.50493154  1.83116163694e-22
1154.33896842  1.83552344104e-22
1200.98470601  1.84052262406e-22
1249.51535339  1.8461541396e-22
1300.00707798  1.85241078235e-22
1352.53912504  1.85928328584e-22
1407.19394206  1.86676044004e-22
1464.05730815  1.90266052541e-22
1523.21846867  1.91889852355e-22
1584.7702753  1.933726002e-22
1648.80933177  1.94730585968e-22
1715.43614549  1.95978091806e-22
1784.75528525  1.97127739754e-22
1856.87554538  1.98190764265e-22
1931.9101165  1.99177228042e-22
2009.97676312  2.00096194535e-22
2091.19800853  2.00955866952e-22
2175.70132706  2.01763701102e-22
2263.61934415  2.02309950637e-22
2355.09004453  2.02932243591e-22
2450.25698873  2.03487979774e-22
2549.26953846  2.03982484666e-22
2652.28309095  2.04420598113e-22
2759.45932292  2.0480673453e-22
2870.96644429  2.05144933847e-22
2986.97946215  2.05438904817e-22
3107.68045551  2.05692062006e-22
3233.25886097  2.0590755749e-22
3363.91177012  2.06088308129e-22
3499.84423881  2.06237019096e-22
3641.26960901  2.06356204228e-22
3788.40984363  2.06448203694e-22
3941.49587491  2.06515199356e-22
4100.76796681  2.06559228158e-22
4266.47609215  2.0658219384e-22
4438.88032492  2.06585877201e-22
4618.25124841  2.06571945126e-22
4804.87037999  2.06541958549e-22
4999.03061281  2.06497379506e-22
5201.0366756  2.06439577414e-22
5411.20561086  2.06369834678e-22
5629.8672725  2.06289351742e-22
5857.36484349  2.06199251648e-22
6094.05537452  2.06100584193e-22
6340.31034432  2.05994329744e-22
6596.51624277  2.05881402759e-22
6863.0751774  2.05762655059e-22
7140.40550453  2.05638878908e-22
7428.94248588  2.05510809908e-22
7729.13897165  2.05379129752e-22
8041.46611132  2.05244468864e-22
8366.41409304  2.05107408917e-22
8704.49291301  2.04968485277e-22
9056.2331759  2.04828189362e-22
9422.18692758  2.0468697093e-22
9802.92852161  2.04545240303e-22
10199.0555206  2.04403370535e-22
10611.1896341  2.0426169952e-22
11039.9776943  2.04120532041e-22
11486.0926714  2.03980141773e-22
11950.2347295  2.03840773213e-22
12433.1323259  2.03702643575e-22
12935.5433539  2.03565944604e-22
13458.2563327  2.0343084434e-22
14002.0916449  2.03297488824e-22
14567.9028237  2.03166003725e-22
15156.577893  2.03036495918e-22
15769.0407609  2.02909054979e-22
16406.2526695  2.02783754625e-22
17069.213704  2.02660654073e-22
17758.9643622  2.0253979934e-22
18476.5871871  2.0242122446e-22
19223.2084664  2.0230495265e-22
20000  2.02190997386e-22

