1 20 101
101
1  0
1.03041055791  8.14610655824e-36
1.06174591785  1.65399407617e-35
1.09403420358  2.51890361464e-35
1.12730439408  3.41011553471e-35
1.16158634964  4.32842970648e-35
1.1969108386  5.27467032456e-35
1.23330956497  6.24968664775e-35
1.27081519692  7.25435376131e-35
1.30946139606  8.2895733623e-35
1.34928284767  9.35627456892e-35
1.39031529185  1.04554147544e-34
1.43259555555  1.15879804061e-34
1.47616158565  1.27549880111e-34
1.52105248304  1.39574849685e-34
1.56730853766  1.51965505292e-34
1.61497126471  1.6473296765e-34
1.66408344188  1.77888695661e-34
1.71468914776  1.914444967e-34
1.76683380139  2.05412537212e-34
1.82056420303  2.19805353629e-34
1.87592857615  2.34635863623e-34
1.93297661076  2.499173777e-34
1.99175950792  7.72523873497e-33
2.05233002578  4.80344685509e-31
2.11474252688  1.05291835174e-30
2.17905302696  1.64290430262e-30
2.24531924523  2.25083205541e-30
2.31360065617  2.87724723034e-30
2.3839585429  3.52271204022e-30
2.45645605223  4.18780579509e-30
2.53115825126  4.8731254221e-30
2.60813218585  5.57928600132e-30
2.68744694072  6.30692131772e-30
2.76917370155  7.05668443006e-30
2.85338581877  7.82924825694e-30
2.94015887345  8.62530618082e-30
3.02957074514  1.12265173388e-28
3.12170168173  4.33456255838e-28
3.21663437151  7.64414938301e-28
3.31445401734  1.10543825894e-27
3.41524841318  1.45683228903e-27
3.51910802283  1.81891240761e-27
3.62612606115  2.19200358461e-27
3.73639857773  2.57644067246e-27
3.85002454306  2.97256870663e-27
3.96710593738  3.38074321532e-27
4.08774784223  1.72097566519e-26
4.21205853471  3.66385955016e-26
4.34014958471  5.66582761803e-26
4.472135955  7.72867665176e-26
4.60813610445  9.8542580755e-26
4.74827209431  1.20444796162e-25
4.89266969782  1.43013070159e-25
5.041458513  2.4098043478e-25
5.19477207907  5.41230029192e-25
5.35274799621  8.50610381283e-25
5.51552804914  1.16939916249e-24
5.68325833429  1.49788248839e-24
5.85608939099  1.83635517549e-24
6.03417633655  2.4485985216e-24
6.21767900547  4.18440129675e-24
6.40676209294  5.97917985384e-24
6.6015953026  7.82853862819e-24
6.80235349885  9.73413743463e-24
7.00921686386  1.18929896361e-23
7.22237105921  1.60738097973e-23
7.44200739256  2.04825259895e-23
7.66832298935  2.50253137007e-23
7.9015209697  2.97062501206e-23
8.14181063074  3.50178046114e-23
8.38940763443  4.08402709904e-23
8.64453420113  4.68398018205e-23
8.90741930907  5.30217817302e-23
9.17829889981  5.89904974241e-23
9.45741609003  6.4926036121e-23
9.74502138973  7.10420778611e-23
10.041372927  7.71831792144e-23
10.34673668  8.26116986199e-23
10.661386715  8.81902234854e-23
10.9856054331  9.38945170674e-23
11.3196838233  9.88943588109e-23
11.6639217237  1.03956170594e-22
12.0186280908  1.09083890322e-22
12.3841212763  1.13531654956e-22
12.7607293136  1.1807467771e-22
13.1487902114  1.22481933541e-22
13.5486522576  1.26569323377e-22
13.9606743317  1.30764349672e-22
14.3852262269  1.34523296613e-22
14.8226889821  1.38316536164e-22
15.2734552238  1.41883311216e-22
15.7379295184  1.45330174956e-22
16.2165287354  1.48683952482e-22
16.7096824217  1.51892903518e-22
17.2178331866  1.55011450505e-22
17.7414370999  1.57966670992e-22
18.2809641002  1.60803566983e-22
18.8368984177  1.63529312942e-22
19.4097390079  1.66112184162e-22
20  1.68681e-22

