1 20 101
101
1  0
1.03041055791  3.34823283659e-40
1.06174591785  6.79828730175e-40
1.09403420358  1.0353259848e-39
1.12730439408  1.40163410928e-39
1.16158634964  1.77908186819e-39
1.1969108386  2.16800802403e-39
1.23330956497  2.56876164125e-39
1.27081519692  2.98170239956e-39
1.30946139606  3.40720091672e-39
1.34928284767  3.84563908117e-39
1.39031529185  4.29741039481e-39
1.43259555555  4.76292032615e-39
1.47616158565  5.24258667422e-39
1.52105248304  5.73683994354e-39
1.56730853766  6.24612373052e-39
1.61497126471  6.77089512161e-39
1.66408344188  7.31162510348e-39
1.71468914776  7.86879898577e-39
1.76683380139  8.44291683668e-39
1.82056420303  9.03449393174e-39
1.87592857615  9.64406121631e-39
1.93297661076  1.02721657821e-38
1.99175950792  5.463774151e-36
2.05233002578  3.50931400414e-34
2.11474252688  7.69463952636e-34
2.17905302696  1.20072431327e-33
2.24531924523  1.64509954209e-33
2.31360065617  2.10298846953e-33
2.3839585429  2.57480205471e-33
2.45645605223  3.06096375425e-33
2.53115825126  3.56190990231e-33
2.60813218585  4.07809010222e-33
2.68744694072  4.60996762999e-33
2.76917370155  5.15801985011e-33
2.85338581877  5.72273864402e-33
2.94015887345  6.30463085151e-33
3.02957074514  4.15917544496e-31
3.12170168173  1.69086175201e-30
3.21663437151  3.00457772417e-30
3.31445401734  4.35824453199e-30
3.41524841318  5.75307710266e-30
3.51910802283  7.19032730999e-30
3.62612606115  8.67128509799e-30
3.73639857773  1.01972796386e-29
3.85002454306  1.17696805245e-29
3.96710593738  1.33898989986e-29
4.08774784223  1.93632961392e-28
4.21205853471  4.48334991449e-28
4.34014958471  7.10782652342e-28
4.472135955  9.81211493024e-28
4.60813610445  1.25986422563e-27
4.74827209431  1.54699094329e-27
4.89266969782  1.84284934463e-27
5.041458513  4.91793523804e-27
5.19477207907  1.54763722343e-26
5.35274799621  2.63558971903e-26
5.51552804914  3.75662745701e-26
5.68325833429  4.91175657803e-26
5.85608939099  6.10201382008e-26
6.03417633655  1.01868115888e-25
6.21767900547  2.63828151008e-25
6.40676209294  4.31384902319e-25
6.6015953026  6.04037147919e-25
6.80235349885  7.81939844633e-25
7.00921686386  1.0467032973e-24
7.22237105921  2.13539485301e-24
7.44200739256  3.29921371785e-24
7.66832298935  4.49842496368e-24
7.9015209697  5.73410489255e-24
8.14181063074  8.33452924679e-24
8.38940763443  1.19636996601e-23
8.64453420113  1.57032351705e-23
8.90741930907  1.95564920421e-23
9.17829889981  2.47149573532e-23
9.45741609003  3.06659312307e-23
9.74502138973  3.6797877544e-23
10.041372927  4.31459139908e-23
10.34673668  4.98524902899e-23
10.661386715  5.67657920689e-23
10.9856054331  6.38581040206e-23
11.3196838233  7.05412858199e-23
11.6639217237  7.73635990737e-23
12.0186280908  8.4305344774e-23
12.3841212763  9.06221743394e-23
12.7607293136  9.70910952737e-23
13.1487902114  1.0336931975e-22
13.5486522576  1.09196509349e-22
13.9606743317  1.15178238008e-22
14.3852262269  1.20575074466e-22
14.8226889821  1.26027172784e-22
15.2734552238  1.31141094477e-22
15.7379295184  1.36073811486e-22
16.2165287354  1.40844733791e-22
16.7096824217  1.45371884631e-22
17.2178331866  1.49800141813e-22
17.7414370999  1.54038191886e-22
18.2809641002  1.58133712106e-22
18.8368984177  1.62096411921e-22
19.4097390079  1.65865759568e-22
20  1.69621e-22

