0.001 20000 401
401
0.001  0
0.00104292379188  3.25018402621e-60
0.00108769003567  6.63987827513e-60
0.00113437781639  1.01750710545e-59
0.00118306961369  1.3862007713e-59
0.00123385144757  1.77072016734e-59
0.00128681303032  2.1717445939e-59
0.00134204792502  2.58998250948e-59
0.00139965371085  3.02617278231e-59
0.00145973215544  3.48108599563e-59
0.00152238939468  3.95552580905e-59
0.00158773612021  4.45033037827e-59
0.001655887775  4.96637383585e-59
0.00172696475723  5.5045678354e-59
0.00180109263305  6.06586316217e-59
0.00187840235839  6.65125141274e-59
0.00195903051029  7.26176674674e-59
0.0020431195282  4.85748535355e-51
0.00213081796561  1.47368575645e-50
0.0022222807525  2.50402898921e-50
0.00231766946902  3.57859846046e-50
0.00241715263096  4.69929252805e-50
0.00252090598743  5.86809103456e-50
0.00262911283138  7.08705880492e-50
0.00274196432339  8.35834929416e-50
0.00285965982935  9.68420839177e-50
0.00298240727271  1.10669783894e-49
0.00311042350178  1.25091021185e-49
0.00324393467283  1.40131272665e-49
0.0033831766496  1.5581710877e-49
0.00352839542  1.72176240438e-49
0.00367984753068  1.8923756807e-49
0.00383780054024  2.07031232578e-49
0.00400253349191  4.29428065572e-48
0.0041743374065  2.80224210545e-46
0.00435351579658  5.67998099319e-46
0.00454038520258  8.68124334603e-46
0.00473527575207  1.18113312595e-45
0.00493853174294  1.50757744151e-45
0.00515051225167  1.84803398493e-45
0.00537159176764  2.20310421417e-45
0.00560216085474  2.57341540403e-45
0.00584262684134  2.95962175433e-45
0.00609341453991  4.59624360265e-44
0.00635496699746  1.65658829989e-43
0.00662774627827  2.90493047055e-43
0.00691223428015  4.20685622073e-43
0.00720893358581  5.56466556086e-43
0.00751836835073  6.98075722652e-43
0.00784108522909  8.45763291612e-43
0.00817765433958  4.60488786069e-42
0.00852867027252  1.18886098487e-41
0.00889475314031  1.94849768034e-41
0.00927654967293  2.74074086323e-41
0.00967473436045  3.56699012763e-41
0.0100900106446  7.22624605592e-41
0.0105231121616  2.15857927835e-40
0.010974804038  3.65617057062e-40
0.0114458842424  5.21804415985e-40
0.0119371849955  6.84695928597e-40
0.0124495742399  1.93924000494e-39
0.0129839571736  3.40568894074e-39
0.0135412778491  4.93508342546e-39
0.0141225208413  7.980025307e-39
0.0147287129867  1.68171526616e-38
0.0153609251976  2.60336030315e-38
0.0160202743538  3.64972535977e-38
0.016707925276  7.54056870729e-38
0.0174250927833  1.15984218049e-37
0.0181730438395  1.78689587691e-37
0.0189530997911  3.14719251254e-37
0.019766638702  4.56587823785e-37
0.0206150977878  1.07162526032e-36
0.0214999759548  1.89787346577e-36
0.0224228364481  2.75958737722e-36
0.0233853096132  3.65828931727e-36
0.0243890957761  4.59556695236e-36
0.0254359682473  7.20547755783e-36
0.0265277764546  1.23130164766e-35
0.0276664492102  1.76397903328e-35
0.0288539981181  2.31952095215e-35
0.0300925211283  2.99979682795e-35
0.0313842062423  5.01254891199e-35
0.0327313353794  7.11169594759e-35
0.0341362884072  9.30094633367e-35
0.0356015473463  1.30304315451e-34
0.0371297007552  1.90857041793e-34
0.038723448303  2.54008920758e-34
0.0403856055388  3.36787446612e-34
0.0421191088659  4.8152327173e-34
0.0439270207291  6.32471707283e-34
0.0458125350247  8.4679144588e-34
0.0477789827436  1.14866316191e-33
0.0498298378552  1.46349235665e-33
0.0519687234447  2.12527579227e-33
0.0541994181141  2.8455227337e-33
0.0565258626572  3.59668540494e-33
0.0589521670218  4.38009082636e-33
0.0614826175699  5.70971493738e-33
0.0641216846507  7.47423359292e-33
0.0668740304976  9.31449208001e-33
0.0697445174649  1.12337414394e-32
0.0727382166173  1.45775321859e-32
0.0758604166891  1.819545324e-32
0.079116633427  2.19686691844e-32
0.0825126193345  2.74573845076e-32
0.0860543738343  3.37513211184e-32
0.0897481538671  4.03154173544e-32
0.0936004849453  4.97532356814e-32
0.097618172681  5.97852455733e-32
0.101808314809  7.24285902445e-32
0.106178313725  8.86102729102e-32
0.110735889566  1.05486534755e-31
0.115489093843  1.23087189751e-31
0.120446323672  1.42193046633e-31
0.125616336602  1.7002146589e-31
0.131008266091  1.99044386422e-31
0.136631637639  2.29313080756e-31
0.142496385617  2.6492095278e-31
0.148612870817  3.07742290792e-31
0.154991898755  3.52401683005e-31
0.16164473876  4.01362683823e-31
0.168583143885  4.59998048386e-31
0.175819371668  5.21150265136e-31
0.183366205786  5.89077897107e-31
0.191236978641  6.65297213264e-31
0.199445594912  7.44788151485e-31
0.208006556119  8.35731402939e-31
0.216934986243  9.31158919865e-31
0.226246658444  1.03559479312e-30
0.235958022925  1.14702717238e-30
0.246086235994  1.26684055941e-30
0.256649190372  1.39428878897e-30
0.267665546806  1.53044213275e-30
0.27915476703  1.67391429168e-30
0.291137148152  1.82668031554e-30
0.303633858508  1.98700404713e-30
0.316666975059  2.15612290396e-30
0.330259522391  2.3325009834e-30
0.344435513397  2.51644987882e-30
0.35921999169  2.70755941179e-30
0.374639075852  2.90640936761e-30
0.390720005574  3.11379471754e-30
0.407491189777  3.32727594906e-30
0.4249822568  3.54629551107e-30
0.443224106743  3.77471622317e-30
0.462248966057  4.00649768471e-30
0.482090444473  4.24451041611e-30
0.502783594379  4.49105397934e-30
0.524364972745  4.73686967262e-30
0.546872705704  4.99323670756e-30
0.570346555909  5.24761834434e-30
0.594827992774  5.51083678058e-30
0.62036026574  5.7656328077e-30
0.646988480678  6.02614106484e-30
0.674759679571  6.29783132419e-30
0.703722923626  3.15265722602e-25
0.733929379941  2.87316471288e-24
0.7654324119  5.54085842707e-24
0.798287673446  8.32305967105e-24
0.832553207402  1.1398463645e-23
0.868289548005  1.46154089667e-23
0.905559827856  1.78614147236e-23
0.944429889441  2.05982483183e-23
0.984968401461  2.34525571887e-23
1.02724698013  2.60457445249e-23
1.07134031572  2.85295107418e-23
1.11732630446  3.09391690511e-23
1.16528618622  3.31404952747e-23
1.21530468796  3.53149820281e-23
1.26747017345  3.72957979278e-23
1.32187479939  3.92269763753e-23
1.37861467817  4.10321985771e-23
1.4377900477  4.27309347621e-23
1.49950544848  4.43940083517e-23
1.56386990827  4.58786884402e-23
1.63099713474  4.73263659743e-23
1.70100571631  4.87135450696e-23
1.77401933166  4.99714005774e-23
1.85016696824  5.11735963815e-23
1.92958315013  5.23138104376e-23
2.01240817568  5.3388135883e-23
2.09878836539  5.43941671961e-23
2.18887632039  5.53251058487e-23
2.28283119202  5.61995113867e-23
2.380818963  5.70181063139e-23
2.48301274067  5.79341741993e-23
2.58959306279  5.87286106144e-23
2.70074821647  5.95215042734e-23
2.81667457083  6.03484319349e-23
2.93757692391  6.12108544673e-23
3.06366886442  6.19455732164e-23
3.19517314914  6.25433975624e-23
3.33232209642  6.31668827963e-23
3.47535799656  6.38171303805e-23
3.62453353992  6.43006905835e-23
3.78011226325  6.47648481355e-23
3.94236901532  6.52489290896e-23
4.11159044244  6.56419360095e-23
4.28807549489  6.59915663355e-23
4.472135955  6.63562041207e-23
4.66409698799  6.66260958673e-23
4.86429771641  6.68880219726e-23
5.07309181923  6.71147965805e-23
5.29084815667  6.72614721655e-23
5.51795142182  6.74144436228e-23
5.75480282025  6.75739811951e-23
6.00182077882  6.7739452695e-23
6.25944168483  6.77836545684e-23
6.52812065699  6.78297537538e-23
6.80833234944  6.7877831691e-23
7.10057179026  6.78998209591e-23
7.40535525601  6.78667989526e-23
7.72322118382  6.78323595163e-23
8.05473112256  6.77874819807e-23
8.40047072491  6.76934228065e-23
8.761050782  6.75953262559e-23
9.13710830242  6.74795344007e-23
9.52930763757  6.73342628777e-23
9.93834165537  6.71827557501e-23
10.3649329642  6.70030035081e-23
10.8098351896  6.68117044792e-23
11.2738343056  6.66024386978e-23
11.757750023  6.63771249308e-23
12.2624372379  6.61367949921e-23
12.7887875419  6.58810036947e-23
13.3377307967  6.56107142654e-23
13.9102367776  6.53265280492e-23
14.507316886  6.52691040071e-23
15.1300259368  6.52180902324e-23
15.7794640213  6.51236183465e-23
16.4567784509  6.49805173532e-23
17.1631657841  6.47833358058e-23
17.8998739402  6.45263226092e-23
18.6682044039  6.42034068607e-23
19.4695145245  6.38081766819e-23
20.305219914  6.33338569953e-23
21.1767969477  6.27732861941e-23
22.0857853725  6.21188916571e-23
23.0337910274  6.13626640582e-23
24.0224886796  6.05068689931e-23
25.0536249842  6.00604756091e-23
26.1290215688  5.96045080053e-23
27.2505782527  5.91391709669e-23
28.4202764022  5.86646612943e-23
29.6401824316  5.81811684903e-23
30.9124514536  5.76888754539e-23
32.2393310863  5.71879591806e-23
33.6231654242  5.66785914746e-23
35.0663991792  5.61609396732e-23
36.5715819996  5.56351673877e-23
38.1413729741  5.51014352626e-23
39.7785453296  5.4559901757e-23
41.4859913306  5.40107239501e-23
43.2667273885  5.34540583755e-23
45.1238993902  5.28900618855e-23
47.0607882564  5.23188925502e-23
49.0808157373  5.17407105942e-23
51.1875504573  5.11556793735e-23
53.38471422  5.05639663969e-23
55.6761885827  4.99657443943e-23
58.0660217141  4.93611924342e-23
60.5584355455  4.87504970952e-23
63.1578332294  4.81338536909e-23
65.8688069185  4.75114675533e-23
68.6961458781  4.68835553728e-23
71.6448449467  4.62503465985e-23
74.7201133605  4.56120848961e-23
77.9273839556  4.49690296636e-23
81.2723227663  4.43214576011e-23
84.7608390343  4.36696643307e-23
88.3990956486  4.30139660609e-23
92.1935200326  4.23547012852e-23
96.1508154991  4.16922325063e-23
100.277973093  4.1026947969e-23
104.58228394  4.03592633875e-23
109.07135213  3.9689623642e-23
113.753108149  3.90185044231e-23
118.635822889  3.83464137898e-23
123.72812226  3.76738936092e-23
129.03900243  3.70015208353e-23
134.577845714  3.6329908582e-23
140.354437155  3.56597069376e-23
146.378981805  3.49916034665e-23
152.662122756  3.43263233333e-23
159.214959941  3.3664628986e-23
166.049069746  3.30073193289e-23
173.176525457  3.23552283145e-23
180.609918595  3.17092228855e-23
188.362381152  3.10702001999e-23
196.447608798  3.04390840793e-23
204.879885074  2.98168206289e-23
213.674106621  2.92043729934e-23
222.845809504  2.86027152274e-23
232.411196652  2.80128252843e-23
242.387166488  2.74356771515e-23
252.791342777  2.68722321908e-23
263.642105763  2.63234297737e-23
274.958624642  2.57901773395e-23
286.760891422  2.52733400336e-23
299.069756244  2.47737301215e-23
311.906964219  2.43191082368e-23
325.295193837  2.38552356065e-23
339.258097037  2.34106559343e-23
353.820340988  2.29858630533e-23
369.007651667  2.25812502642e-23
384.846859309  2.21971036508e-23
401.365945804  2.18335969173e-23
418.594094129  2.14907879318e-23
436.561739908  2.11686171203e-23
455.300625175  2.08669078003e-23
474.843854452  2.05853684914e-23
495.225953236  2.03235971898e-23
516.482928987  2.0081087545e-23
538.65233474  1.98572368436e-23
561.773335452  1.96513556825e-23
585.886777187  1.94626792186e-23
611.035259276  1.92903799123e-23
637.263209577  1.91335817708e-23
664.616962957  1.89913762719e-23
693.144843155  1.88628405375e-23
722.897248145  1.87470593214e-23
753.926739175  1.86431784002e-23
786.288133621  1.85551126619e-23
820.038601826  1.84858887284e-23
855.237768104  1.84350297964e-23
891.94781607  1.82581415818e-23
930.233598495  1.82561005435e-23
970.162751877  1.82693325103e-23
1011.80581593  1.82980134659e-23
1055.23635819  1.83422824669e-23
1100.53110402  1.84022404741e-23
1147.77007208  1.84779494985e-23
1197.03671578  1.85694320743e-23
1248.41807064  1.86766710707e-23
1302.00490809  1.87996098419e-23
1357.89189579  1.89381527143e-23
1416.17776492  1.94938928739e-23
1476.96548457  1.98687725615e-23
1540.36244364  2.02120686092e-23
1606.48064059  2.05272602683e-23
1675.43688127  2.08174685014e-23
1747.35298527  2.1085508983e-23
1822.35600115  2.13339348066e-23
1900.57843087  2.1565071161e-23
1982.15846389  2.17810436811e-23
2067.24022127  2.19838017752e-23
2155.97401029  2.21751379283e-23
2248.51659001  2.23062836629e-23
2345.03144816  2.24537857305e-23
2445.68908999  2.25849251984e-23
2550.66733949  2.27009900563e-23
2660.15165352  2.28031592459e-23
2774.33544947  2.28925150876e-23
2893.42044691  2.29700539398e-23
3017.61702399  2.30366953757e-23
3147.1445891  2.30932901048e-23
3282.23196846  2.3140626828e-23
3423.11781038  2.31794381842e-23
3570.05100685  2.32104059158e-23
3723.29113327  2.32341653677e-23
3883.10890699  2.32513094088e-23
4049.78666556  2.32623918607e-23
4223.61886555  2.32679304991e-23
4404.91260271  2.32684096899e-23
4593.98815452  2.32642827112e-23
4791.17954596  2.32559738057e-23
4996.83513966  2.32438800042e-23
5211.31825125  2.32283727535e-23
5435.00779129  2.32097993788e-23
5668.29893458  2.31884844068e-23
5911.60381837  2.31647307714e-23
6165.35227034  2.31388209214e-23
6429.99256806  2.31110178474e-23
6705.99223084  2.30815660401e-23
6993.83884571  2.30506923939e-23
7294.04092876  2.3018607063e-23
7607.12882356  2.29855042807e-23
7933.65563798  2.29515631453e-23
8274.19822143  2.29169483801e-23
8629.35818387  2.28818110699e-23
8999.76295861  2.28462893769e-23
9386.06691081  2.28105092382e-23
9788.95249346  2.27745850467e-23
10209.131453  2.27386203142e-23
10647.3460868  2.27027083192e-23
11104.3705543  2.26669327373e-23
11581.0122449  2.26313682546e-23
12078.1132043  2.25960811636e-23
12596.5516218  2.25611299403e-23
13137.243382  2.2526565802e-23
13701.1436828  2.24924332452e-23
14289.2487227  2.24587705621e-23
14902.597461  2.24256103363e-23
15542.2734529  2.23929799155e-23
16209.406764  2.23609018623e-23
16905.1759664  2.23293943821e-23
17630.8102213  2.2298471727e-23
18387.5914499  2.22681445779e-23
19176.8565985  2.22384204029e-23
20000  2.22093037927e-23

