1 20 101
101
1  0
1.03041055791  1.62535612974e-41
1.06174591785  3.30014024619e-41
1.09403420358  5.025855482e-41
1.12730439408  6.80405068092e-41
1.16158634964  8.63632178793e-41
1.1969108386  1.05243132815e-40
1.23330956497  1.24697196498e-40
1.27081519692  1.44742869111e-40
1.30946139606  1.65398141812e-40
1.34928284767  1.86681552879e-40
1.39031529185  2.08612204351e-40
1.43259555555  2.3120977917e-40
1.47616158565  2.54494558846e-40
1.52105248304  2.78487441664e-40
1.56730853766  3.03209961433e-40
1.61497126471  3.28684306822e-40
1.66408344188  3.54933341267e-40
1.71468914776  3.81980623493e-40
1.76683380139  4.09850428662e-40
1.82056420303  4.38567770156e-40
1.87592857615  4.68158422025e-40
1.93297661076  4.98648942127e-40
1.99175950792  5.9846910907e-37
2.05233002578  3.84810769787e-35
2.11474252688  8.43757018313e-35
2.17905302696  1.31666007831e-34
2.24531924523  1.8039443842e-34
2.31360065617  2.30604727769e-34
2.3839585429  2.8234194003e-34
2.45645605223  3.35652509781e-34
2.53115825126  3.905842837e-34
2.60813218585  4.47186563511e-34
2.68744694072  5.05510150231e-34
2.76917370155  5.65607389762e-34
2.85338581877  6.27532219876e-34
2.94015887345  6.91340218623e-34
3.02957074514  7.52812602289e-32
3.12170168173  3.07537331172e-31
3.21663437151  5.4685643881e-31
3.31445401734  7.93453374031e-31
3.41524841318  1.04754945963e-30
3.51910802283  1.30937274896e-30
3.62612606115  1.57915823059e-30
3.73639857773  1.85714803923e-30
3.85002454306  2.14359167304e-30
3.96710593738  2.43874621757e-30
4.08774784223  4.99420456392e-29
4.21205853471  1.17121586282e-28
4.34014958471  1.86344094235e-28
4.472135955  2.57671697276e-28
4.60813610445  3.31168412519e-28
4.74827209431  4.06900203877e-28
4.89266969782  4.84935041263e-28
5.041458513  1.53138624157e-27
5.19477207907  5.18666711113e-27
5.35274799621  8.95310711126e-27
5.51552804914  1.28340866531e-26
5.68325833429  1.68330889481e-26
5.85608939099  2.0953703134e-26
6.03417633655  3.73392963107e-26
6.21767900547  1.05133088296e-25
6.40676209294  1.75273686492e-25
6.6015953026  2.47547299412e-25
6.80235349885  3.22018793223e-25
7.00921686386  4.40982041267e-25
7.22237105921  9.86543706058e-25
7.44200739256  1.57048072227e-24
7.66832298935  2.17217558893e-24
7.9015209697  2.79216833218e-24
8.14181063074  4.43217803293e-24
8.38940763443  6.83845198925e-24
8.64453420113  9.31790207907e-24
8.90741930907  1.18727536294e-23
9.17829889981  1.61219518123e-23
9.45741609003  2.13653357009e-23
9.74502138973  2.67681738189e-23
10.041372927  3.24979095056e-23
10.34673668  3.93105115051e-23
10.661386715  4.63455230641e-23
10.9856054331  5.35740205126e-23
11.3196838233  6.06131106667e-23
11.6639217237  6.78242750528e-23
12.0186280908  7.5162364486e-23
12.3841212763  8.1846448126e-23
12.7607293136  8.86918226883e-23
13.1487902114  9.53374917916e-23
13.5486522576  1.01509402461e-22
13.9606743317  1.07846054941e-22
14.3852262269  1.13599123592e-22
14.8226889821  1.19416940773e-22
15.2734552238  1.24926297999e-22
15.7379295184  1.3027889977e-22
16.2165287354  1.35492003033e-22
16.7096824217  1.40486663567e-22
17.2178331866  1.45371379024e-22
17.7414370999  1.50045067553e-22
18.2809641002  1.54552106012e-22
18.8368984177  1.58903403915e-22
19.4097390079  1.63028915322e-22
20  1.67133e-22

