1 20 101
101
1  0
1.03041055791  1.59173421691e-41
1.06174591785  3.23187395941e-41
1.09403420358  4.92189126652e-41
1.12730439408  6.66330294283e-41
1.16158634964  8.45767191976e-41
1.1969108386  1.03066086584e-40
1.23330956497  1.22117725948e-40
1.27081519692  1.41748736294e-40
1.30946139606  1.61976736617e-40
1.34928284767  1.82819881715e-40
1.39031529185  2.04296878484e-40
1.43259555555  2.26427002708e-40
1.47616158565  2.49230116355e-40
1.52105248304  2.72726685411e-40
1.56730853766  2.96937798241e-40
1.61497126471  3.21885184519e-40
1.66408344188  3.47591234733e-40
1.71468914776  3.74079020276e-40
1.76683380139  4.01372314154e-40
1.82056420303  4.29495612327e-40
1.87592857615  4.58474155687e-40
1.93297661076  4.88333952719e-40
1.99175950792  5.84177742751e-37
2.05233002578  3.75620465885e-35
2.11474252688  8.23605837868e-35
2.17905302696  1.28521469495e-34
2.24531924523  1.76086133491e-34
2.31360065617  2.25097265456e-34
2.3839585429  2.75598853288e-34
2.45645605223  3.27636222582e-34
2.53115825126  3.81256077308e-34
2.60813218585  4.36506541731e-34
2.68744694072  4.93437203602e-34
2.76917370155  5.52099158663e-34
2.85338581877  6.12545056506e-34
2.94015887345  6.74829147825e-34
3.02957074514  7.31102844742e-32
3.12170168173  2.98657155999e-31
3.21663437151  5.31063033723e-31
3.31445401734  7.70536503849e-31
3.41524841318  1.01729249581e-30
3.51910802283  1.27155247515e-30
3.62612606115  1.53354464232e-30
3.73639857773  1.80350413746e-30
3.85002454306  2.08167325146e-30
3.96710593738  2.36830164341e-30
4.08774784223  4.83496534408e-29
4.21205853471  1.13376473501e-28
4.34014958471  1.80380795438e-28
4.472135955  2.49422756187e-28
4.60813610445  3.20564321483e-28
4.74827209431  3.93869341469e-28
4.89266969782  4.69403608012e-28
5.041458513  1.48463895807e-27
5.19477207907  5.0313569737e-27
5.35274799621  8.68593266293e-27
5.51552804914  1.24516460378e-26
5.68325833429  1.63318768573e-26
5.85608939099  2.03301076609e-26
6.03417633655  3.63280843359e-26
6.21767900547  1.02625776796e-25
6.40676209294  1.7121863538e-25
6.6015953026  2.41897441063e-25
6.80235349885  3.14725628658e-25
7.00921686386  4.31424802335e-25
7.22237105921  9.68935996303e-25
7.44200739256  1.54428325516e-24
7.66832298935  2.13712714514e-24
7.9015209697  2.74799974858e-24
8.14181063074  4.36524333101e-24
8.38940763443  6.73849279897e-24
8.64453420113  9.18391410732e-24
8.90741930907  1.1703702042e-23
9.17829889981  1.58993647665e-23
9.45741609003  2.10782725841e-23
9.74502138973  2.64146738779e-23
10.041372927  3.20799113904e-23
10.34673668  3.88481779558e-23
10.661386715  4.58378767633e-23
10.9856054331  5.30214489245e-23
11.3196838233  6.00495717174e-23
11.6639217237  6.72530595984e-23
12.0186280908  7.45847793597e-23
12.3841212763  8.12769263069e-23
12.7607293136  8.81313093335e-23
13.1487902114  9.4785051189e-23
13.5486522576  1.0096327568e-22
13.9606743317  1.07306103193e-22
14.3852262269  1.13054345198e-22
14.8226889821  1.18865600439e-22
15.2734552238  1.24363820887e-22
15.7379295184  1.29702023955e-22
16.2165287354  1.34897908826e-22
16.7096824217  1.39871856905e-22
17.2178331866  1.4474002236e-22
17.7414370999  1.49403238811e-22
18.2809641002  1.53903139264e-22
18.8368984177  1.58250545626e-22
19.4097390079  1.62373276366e-22
20  1.66475e-22

