1 20 101
101
1  0
1.03041055791  1.73662227902e-43
1.06174591785  3.52605621043e-43
1.09403420358  5.36990782604e-43
1.12730439408  7.26983199799e-43
1.16158634964  9.22753392399e-43
1.1969108386  1.12447706578e-42
1.23330956497  1.33233526861e-42
1.27081519692  1.54651455536e-42
1.30946139606  1.7672071537e-42
1.34928284767  1.9946111371e-42
1.39031529185  2.22893060249e-42
1.43259555555  2.47037585356e-42
1.47616158565  2.71916358942e-42
1.52105248304  2.97551709913e-42
1.56730853766  3.23966646209e-42
1.61497126471  3.51184875455e-42
1.66408344188  3.79230826238e-42
1.71468914776  4.08129670032e-42
1.76683380139  4.37907343788e-42
1.82056420303  4.68590573216e-42
1.87592857615  5.0020689677e-42
1.93297661076  5.32784690362e-42
1.99175950792  2.58927158609e-38
2.05233002578  1.66597364646e-36
2.11474252688  3.65292519262e-36
2.17905302696  5.70030104386e-36
2.24531924523  7.80993873698e-36
2.31360065617  9.98373168934e-36
2.3839585429  1.22236308982e-35
2.45645605223  1.45316466916e-35
2.53115825126  1.6909850533e-35
2.60813218585  1.936037688e-35
2.68744694072  2.18854251004e-35
2.76917370155  2.44872614459e-35
2.85338581877  2.71682210863e-35
2.94015887345  2.99307102051e-35
3.02957074514  6.49369902515e-33
3.12170168173  2.66263506789e-32
3.21663437151  4.73712475016e-32
3.31445401734  6.87470082105e-32
3.41524841318  9.07728177284e-32
3.51910802283  1.13468444402e-31
3.62612606115  1.36854257745e-31
3.73639857773  1.60951246719e-31
3.85002454306  1.85781038572e-31
3.96710593738  2.11365918248e-31
4.08774784223  6.60684664484e-30
4.21205853471  1.56570188458e-29
4.34014958471  2.49824118326e-29
4.472135955  3.45913952229e-29
4.60813610445  4.4492593159e-29
4.74827209431  5.46948920484e-29
4.89266969782  6.52074485389e-29
5.041458513  2.58194546525e-28
5.19477207907  9.42964775317e-28
5.35274799621  1.64855924881e-27
5.51552804914  2.37561124389e-27
5.68325833429  3.12477329578e-27
5.85608939099  3.89671778364e-27
6.03417633655  7.85008551537e-27
6.21767900547  2.51671051987e-26
6.40676209294  4.3084924882e-26
6.6015953026  6.15476354583e-26
6.80235349885  8.05718073638e-26
7.00921686386  1.16098967307e-25
7.22237105921  3.12218928653e-25
7.44200739256  5.22518277678e-25
7.66832298935  7.39212947236e-25
7.9015209697  9.62497422592e-25
8.14181063074  1.7801660274e-24
8.38940763443  3.04315834321e-24
8.64453420113  4.34455895999e-24
8.90741930907  5.68553589559e-24
9.17829889981  8.59462067661e-24
9.45741609003  1.24093460182e-23
9.74502138973  1.63400792858e-23
10.041372927  2.06876643331e-23
10.34673668  2.68289462614e-23
10.661386715  3.31848455034e-23
10.9856054331  3.97521861263e-23
11.3196838233  4.6882497535e-23
11.6639217237  5.42669168563e-23
12.0186280908  6.18255901152e-23
12.3841212763  6.91363735097e-23
12.7607293136  7.66466194331e-23
13.1487902114  8.40365201397e-23
13.5486522576  9.10732924285e-23
13.9606743317  9.82987867251e-23
14.3852262269  1.0488922668e-22
14.8226889821  1.11558735726e-22
15.2734552238  1.17831957947e-22
15.7379295184  1.23895669863e-22
16.2165287354  1.29772219331e-22
16.7096824217  1.35364088979e-22
17.2178331866  1.40808409717e-22
17.7414370999  1.45982139984e-22
18.2809641002  1.51002179015e-22
18.8368984177  1.55879946717e-22
19.4097390079  1.60529909646e-22
20  1.65167e-22

