1 20 101
101
1  0
1.03041055791  3.49341284005e-40
1.06174591785  7.09306231359e-40
1.09403420358  1.08021791359e-39
1.12730439408  1.46240922701e-39
1.16158634964  1.85622319151e-39
1.1969108386  2.26201325837e-39
1.23330956497  2.68014362757e-39
1.27081519692  3.11098957457e-39
1.30946139606  3.5549377872e-39
1.34928284767  4.01238671265e-39
1.39031529185  4.48374691514e-39
1.43259555555  4.96944144437e-39
1.47616158565  5.46990621521e-39
1.52105248304  5.98559039894e-39
1.56730853766  6.5169568264e-39
1.61497126471  7.06448240338e-39
1.66408344188  7.62865853863e-39
1.71468914776  8.20999158491e-39
1.76683380139  8.80900329346e-39
1.82056420303  9.42623128226e-39
1.87592857615  1.00622295186e-38
1.93297661076  1.07175688161e-38
1.99175950792  5.68197404137e-36
2.05233002578  3.64943740534e-34
2.11474252688  8.00187834256e-34
2.17905302696  1.24866794369e-33
2.24531924523  1.71078658347e-33
2.31360065617  2.18695850891e-33
2.3839585429  2.67761108826e-33
2.45645605223  3.18318468629e-33
2.53115825126  3.7041330595e-33
2.60813218585  4.24092376338e-33
2.68744694072  4.79403857205e-33
2.76917370155  5.36397391064e-33
2.85338581877  5.95124130085e-33
2.94015887345  6.55636782003e-33
3.02957074514  4.34390008565e-31
3.12170168173  1.76605299094e-30
3.21663437151  3.13821258756e-30
3.31445401734  4.55210032306e-30
3.41524841318  6.00898517342e-30
3.51910802283  7.51017470489e-30
3.62612606115  9.05701624754e-30
3.73639857773  1.06508981045e-29
3.85002454306  1.2293250798e-29
3.96710593738  1.39855483532e-29
4.08774784223  2.04212111165e-28
4.21205853471  4.73028886921e-28
4.34014958471  7.50020530803e-28
4.472135955  1.03543564511e-27
4.60813610445  1.32953039228e-27
4.74827209431  1.6325687248e-27
4.89266969782  1.94482262207e-27
5.041458513  5.21696040586e-27
5.19477207907  1.64590287258e-26
5.35274799621  2.80429746154e-26
5.51552804914  3.99791947623e-26
5.68325833429  5.22784020232e-26
5.85608939099  6.49516350388e-26
6.03417633655  1.08336188135e-25
6.21767900547  2.8021733748e-25
6.40676209294  4.5803784022e-25
6.6015953026  6.41265963656e-25
6.80235349885  8.30066156551e-25
7.00921686386  1.10871711163e-24
7.22237105921  2.23834929186e-24
7.44200739256  3.44572535811e-24
7.66832298935  4.68981840415e-24
7.9015209697  5.97174501381e-24
8.14181063074  8.62420649767e-24
8.38940763443  1.23101335722e-23
8.64453420113  1.61081517454e-23
8.90741930907  2.00216697703e-23
9.17829889981  2.5249533716e-23
9.45741609003  3.12759250583e-23
9.74502138973  3.74855823235e-23
10.041372927  4.39142390917e-23
10.34673668  5.0706939381e-23
10.661386715  5.77090353999e-23
10.9856054331  6.48914653128e-23
11.3196838233  7.16399626e-23
11.6639217237  7.85267516125e-23
12.0186280908  8.55307215392e-23
12.3841212763  9.18716673251e-23
12.7607293136  9.83635236889e-23
13.1487902114  1.04653790317e-22
13.5486522576  1.10474182261e-22
13.9606743317  1.16448756134e-22
14.3852262269  1.21833132453e-22
14.8226889821  1.27271669426e-22
15.2734552238  1.32373531552e-22
15.7379295184  1.37295101177e-22
16.2165287354  1.42068394941e-22
16.7096824217  1.46615271928e-22
17.2178331866  1.51064072973e-22
17.7414370999  1.55323590807e-22
18.2809641002  1.59441231634e-22
18.8368984177  1.63426724756e-22
19.4097390079  1.67220788084e-22
20  1.71002e-22

