1 20 101
101
1  0
1.03041055791  1.40796321545e-34
1.06174591785  2.85874337781e-34
1.09403420358  4.35364257431e-34
1.12730439408  5.89400248939e-34
1.16158634964  7.48120560888e-34
1.1969108386  9.11667646075e-34
1.23330956497  1.08018828937e-33
1.27081519692  1.25383373944e-33
1.30946139606  1.43275984453e-33
1.34928284767  1.6171271923e-33
1.39031529185  1.80710125398e-33
1.43259555555  2.00285253286e-33
1.47616158565  2.20455671734e-33
1.52105248304  2.41239483861e-33
1.56730853766  2.6265534331e-33
1.61497126471  2.84722470993e-33
1.66408344188  3.0746067234e-33
1.71468914776  3.30890355076e-33
1.76683380139  3.55032547536e-33
1.82056420303  3.79908917538e-33
1.87592857615  4.0554179183e-33
1.93297661076  4.31954176131e-33
1.99175950792  5.78546456222e-32
2.05233002578  3.43262227597e-30
2.11474252688  7.52108922927e-30
2.17905302696  1.17338887436e-29
2.24531924523  1.60748018416e-29
2.31360065617  2.05477245287e-29
2.3839585429  2.51566712902e-29
2.45645605223  2.99057786941e-29
2.53115825126  3.47993091037e-29
2.60813218585  3.98416545033e-29
2.68744694072  4.50373404396e-29
2.76917370155  5.0391030084e-29
2.85338581877  5.59075284174e-29
2.94015887345  6.15917865428e-29
3.02957074514  4.88556454901e-28
3.12170168173  1.8065989719e-27
3.21663437151  3.16472389719e-27
3.31445401734  4.56415015917e-27
3.41524841318  6.00613375453e-27
3.51910802283  7.49196887553e-27
3.62612606115  9.02298907152e-27
3.73639857773  1.06005684458e-26
3.85002454306  1.22261228891e-26
3.96710593738  1.39011113499e-26
4.08774784223  5.28599481277e-26
4.21205853471  1.0738551429e-25
4.34014958471  1.63569233339e-25
4.472135955  2.21461530631e-25
4.60813610445  2.81114364981e-25
4.74827209431  3.42581275306e-25
4.89266969782  4.05917428666e-25
5.041458513  6.25442306709e-25
5.19477207907  1.26315238447e-24
5.35274799621  1.92025558148e-24
5.51552804914  2.59734165331e-24
5.68325833429  3.29501829034e-24
5.85608939099  4.01391166315e-24
6.03417633655  5.13344086708e-24
6.21767900547  7.87547257947e-24
6.40676209294  1.07097883532e-23
6.6015953026  1.36302972509e-23
6.80235349885  1.66396204535e-23
7.00921686386  1.98911763453e-23
7.22237105921  2.47513241132e-23
7.44200739256  2.98370253756e-23
7.66832298935  3.50773856507e-23
7.9015209697  4.04771082055e-23
8.14181063074  4.59576263228e-23
8.38940763443  5.15451231453e-23
8.64453420113  5.73025388636e-23
8.90741930907  6.32350408059e-23
9.17829889981  6.87463372944e-23
9.45741609003  7.41033497912e-23
9.74502138973  7.96232720266e-23
10.041372927  8.51533295464e-23
10.34673668  8.99701277656e-23
10.661386715  9.4918628866e-23
10.9856054331  9.99792063881e-23
11.3196838233  1.04425144725e-22
11.6639217237  1.08927432225e-22
12.0186280908  1.13493388515e-22
12.3841212763  1.17502623608e-22
12.7607293136  1.21600495661e-22
13.1487902114  1.2556245463e-22
13.5486522576  1.29213195112e-22
13.9606743317  1.32961032923e-22
14.3852262269  1.36351862262e-22
14.8226889821  1.39778945486e-22
15.2734552238  1.42975265574e-22
15.7379295184  1.46044976187e-22
16.2165287354  1.48997572482e-22
16.7096824217  1.51777479811e-22
17.2178331866  1.54491838607e-22
17.7414370999  1.5708263077e-22
18.2809641002  1.59574922021e-22
18.8368984177  1.61974890469e-22
19.4097390079  1.64214701801e-22
20  1.66427e-22

