0.1 20 151
151
0.1  0
0.103595335198  3.15192250801e-37
0.107319934748  6.41716719536e-37
0.111178446136  9.79980837426e-37
0.115175683943  1.33040668421e-36
0.119316635847  1.6934315148e-36
0.123606468853  2.06950830491e-36
0.128050535734  2.45910631622e-36
0.132654381717  2.86271168197e-36
0.137423751394  3.28082801349e-36
0.142364595899  3.71397702864e-36
0.147483080324  4.1626992028e-36
0.152785591422  4.62755444322e-36
0.158278745568  5.10912278773e-36
0.163969397019  5.60800512842e-36
0.169864646463  6.12482396151e-36
0.175971849887  6.66022416401e-36
0.182298627744  7.21487379845e-36
0.188852874473  7.78946494641e-36
0.195642768341  8.38471457217e-36
0.202676781654  6.08048652935e-31
0.209963691323  2.26329450389e-30
0.21751258982  3.97805199153e-30
0.225332896521  5.75446075868e-30
0.233434369463  7.59473737551e-30
0.241827117512  9.50117810527e-30
0.250521612986  1.14761617696e-29
0.259528704717  1.35221527168e-29
0.268859631586  1.56417038967e-29
0.278526036554  1.78374600461e-29
0.288539981181  2.01121609893e-29
0.298913960685  2.24686450562e-29
0.309660919525  2.49098526241e-29
0.320794267559  2.74388297869e-29
0.332327896774  3.00587321559e-29
0.344276198619  3.27728287969e-29
0.356654081967  3.55845063097e-29
0.369476991711  3.84972730538e-29
0.382760928042  4.15147635259e-29
0.396522466412  4.4640742895e-29
0.410778778215  4.78791117006e-29
0.425547652214  5.12339107198e-29
0.440847516738  5.47093260089e-29
0.456697462677  5.83096941272e-29
0.473117267301  6.20395075477e-29
0.490127418939  6.59034202629e-29
0.507749142548  2.10277411267e-27
0.526004426187  6.8959125647e-27
0.544916048465  1.18613804106e-26
0.564507606954  1.70053734697e-26
0.584803547643  2.23343103218e-26
0.60582919543  2.78548403162e-26
0.627610785733  3.35738518687e-26
0.650175497219  3.94984810565e-26
0.673551485719  4.56361205228e-26
0.697767919361  5.19944287012e-26
0.722855014966  5.85813393715e-26
0.74884407575  6.54050715596e-26
0.775767530383  7.24741397928e-26
0.803658973457  7.97973647244e-26
0.832553207402  8.73838841397e-26
0.862486285909  9.52431643577e-26
0.893495558925  1.03385012044e-25
0.925619719247  1.11819586445e-25
0.958898850812  1.20557412069e-25
0.993374478709  1.31698680149e-25
1.02908962099  5.22314989668e-25
1.06608884235  1.01958641174e-24
1.10441830974  1.53473640827e-24
1.14412584997  2.06840777395e-24
1.18526100936  2.62126641409e-24
1.22787511562  3.19400217551e-24
1.27202134183  3.78732970735e-24
1.31775477286  4.40198935278e-24
1.36513247404  5.03874807279e-24
1.41421356237  5.69840040319e-24
1.46505928036  6.381769446e-24
1.51773307233  7.08970789655e-24
1.57230066369  7.82309910739e-24
1.62883014287  8.58285819057e-24
1.68739204632  9.36993315949e-24
1.74805944649  1.01853061118e-23
1.81090804305  1.10299944549e-23
1.87601625732  1.19050521752e-23
1.94346533014  1.28115711538e-23
2.01333942322  1.40455726174e-23
2.08572572415  1.6572469006e-23
2.16071455525  1.91976630072e-23
2.23839948618  2.19172415323e-23
2.31887745078  2.47345980213e-23
2.40224886796  2.76532479199e-23
2.48861776706  3.06768330655e-23
2.57809191758  3.38091262322e-23
2.67078296373  3.70540358375e-23
2.76680656368  4.04156108201e-23
2.86628253393  4.38980456912e-23
2.96933499874  4.7505685769e-23
3.0760925451  5.05369706353e-23
3.18668838309  5.33824699379e-23
3.30126051218  5.63302744784e-23
3.41995189335  5.93840624732e-23
3.54291062753  6.25476443827e-23
3.67029014035  6.5824967666e-23
3.80224937364  6.92201217069e-23
3.93895298368  7.27373429161e-23
4.08057154674  7.5609288017e-23
4.22728177184  7.79787447114e-23
4.3792667213  8.04333913163e-23
4.53671603914  8.29762906946e-23
4.69982618773  8.56106158292e-23
4.8688006929  8.83396537827e-23
5.04385039793  9.08642949454e-23
5.22519372662  9.25427701918e-23
5.41305695583  9.42814462568e-23
5.60767449785  9.60826335544e-23
5.80928919286  9.79485795728e-23
6.01815261197  9.98076102095e-23
6.23452537109  1.01168227816e-22
6.45867745619  1.02558506467e-22
6.69088856009  1.03998770296e-22
6.93144843155  1.05490816437e-22
7.18065723674  1.06746842632e-22
7.43882593382  1.0793416047e-22
7.70627666093  1.09164166364e-22
7.98334313818  1.10421393036e-22
8.270371084  1.1133070956e-22
8.56771864659  1.12227807157e-22
8.87575685075  1.13157158419e-22
9.19487006089  1.13895627534e-22
9.5254564606  1.14512501755e-22
9.8679285495  1.15151554673e-22
10.2227136579  1.15682405341e-22
10.5902544803  1.16151754971e-22
10.9710096272  1.16634500585e-22
11.3654541979  1.17040088744e-22
11.774080373  1.17448306293e-22
12.1973980289  1.17836063782e-22
12.6359353735  1.18196102942e-22
13.0902396056  1.18546188754e-22
13.5608775976  1.18815821986e-22
14.0484366031  1.19078802423e-22
14.553524989  1.19238592747e-22
15.0767729955  1.19385292901e-22
15.6188335217  1.19453735357e-22
16.1803829408  1.19504607659e-22
16.7621219439  1.19516242439e-22
17.364776414  1.19508597602e-22
17.9890983325  1.1948619724e-22
18.6358667167  1.1944439693e-22
19.3058885922  1.19392164138e-22
20  1.19329e-22

