1 20 101
101
1  0
1.03041055791  1.52812445293e-41
1.06174591785  3.10272002303e-41
1.09403420358  4.7251999229e-41
1.12730439408  6.39702034173e-41
1.16158634964  8.11968175222e-41
1.1969108386  9.89473025729e-41
1.23330956497  1.17237589777e-40
1.27081519692  1.3608409482e-40
1.30946139606  1.55503732595e-40
1.34928284767  1.7551393239e-40
1.39031529185  1.96132653525e-40
1.43259555555  2.17378401472e-40
1.47616158565  2.39270244468e-40
1.52105248304  2.61827830623e-40
1.56730853766  2.85071405559e-40
1.61497126471  3.09021830575e-40
1.66408344188  3.33700601379e-40
1.71468914776  3.59129867372e-40
1.76683380139  3.85332451531e-40
1.82056420303  4.12331870892e-40
1.87592857615  4.4015235766e-40
1.93297661076  4.68818880952e-40
1.99175950792  5.58151902138e-37
2.05233002578  3.58884602116e-35
2.11474252688  7.86909845177e-35
2.17905302696  1.22795157468e-34
2.24531924523  1.68240562924e-34
2.31360065617  2.15067988514e-34
2.3839585429  2.63319462242e-34
2.45645605223  3.13038290206e-34
2.53115825126  3.64269095467e-34
2.60813218585  4.17057858099e-34
2.68744694072  4.71451956453e-34
2.76917370155  5.27500209686e-34
2.85338581877  5.85252921569e-34
2.94015887345  6.44761925642e-34
3.02957074514  6.91871477008e-32
3.12170168173  2.82610691791e-31
3.21663437151  5.02524564929e-31
3.31445401734  7.29126141641e-31
3.41524841318  9.62618798724e-31
3.51910802283  1.20321209778e-30
3.62612606115  1.45112197329e-30
3.73639857773  1.70657092642e-30
3.85002454306  1.96978822473e-30
3.96710593738  2.24101010794e-30
4.08774784223  4.53855874972e-29
4.21205853471  1.06399735476e-28
4.34014958471  1.69269357736e-28
4.472135955  2.34050880284e-28
4.60813610445  3.00802445076e-28
4.74827209431  3.69583962194e-28
4.89266969782  4.40457163621e-28
5.041458513  1.39379264004e-27
5.19477207907  4.72441687074e-27
5.35274799621  8.1563272425e-27
5.51552804914  1.16926039234e-26
5.68325833429  1.5336420751e-26
5.85608939099  1.90910480813e-26
6.03417633655  3.42726782623e-26
6.21767900547  9.73583641861e-26
6.40676209294  1.62628257683e-25
6.6015953026  2.29883045055e-25
6.80235349885  2.99183088034e-25
7.00921686386  4.11058667293e-25
7.22237105921  9.31698022227e-25
7.44200739256  1.48904740138e-24
7.66832298935  2.0633460861e-24
7.9015209697  2.65510951424e-24
8.14181063074  4.23049836634e-24
8.38940763443  6.54476032415e-24
8.64453420113  8.92940027924e-24
8.90741930907  1.13865584658e-23
9.17829889981  1.54833536004e-23
9.45741609003  2.05420177325e-23
9.74502138973  2.57545186632e-23
10.041372927  3.12970850779e-23
10.34673668  3.79668754816e-23
10.661386715  4.48555716278e-23
10.9856054331  5.19384146672e-23
11.3196838233  5.89296754967e-23
11.6639217237  6.61020477137e-23
12.0186280908  7.34055839266e-23
12.3841212763  8.01055196189e-23
12.7607293136  8.69696906883e-23
13.1487902114  9.36364062646e-23
13.5486522576  9.98327844923e-23
13.9606743317  1.06193711868e-22
14.3852262269  1.1194010771e-22
14.8226889821  1.1774655086e-22
15.2734552238  1.23232429589e-22
15.7379295184  1.28552982634e-22
16.2165287354  1.33721586527e-22
16.7096824217  1.38656082311e-22
17.2178331866  1.43490130701e-22
17.7414370999  1.48127166956e-22
18.2809641002  1.52607677089e-22
18.8368984177  1.56942296962e-22
19.4097390079  1.6105513028e-22
20  1.65148e-22

