2 20 101
101
2  0
2.04658598456  5.3464405182e-38
2.0942570961  1.08174156341e-37
2.14303861048  1.64158261312e-37
2.19295639229  2.21446403607e-37
2.2440369086  2.80068958159e-37
2.29630724299  3.40057007422e-37
2.34979510988  4.01442357853e-37
2.40452886923  4.64257556777e-37
2.46053754162  5.28535909646e-37
2.51785082359  5.94311497691e-37
2.57649910339  6.61619196001e-37
2.63651347711  7.30494692009e-37
2.69792576518  8.00974504413e-37
2.76076852921  8.73096002543e-37
2.82507508925  9.46897426173e-37
2.89087954149  1.02241790579e-36
2.95821677634  1.09969748336e-36
3.02712249687  4.29589591708e-34
3.09763323782  1.5434162024e-33
3.16978638492  2.68318716774e-33
3.24362019472  3.84950680938e-33
3.31917381488  5.04299352542e-33
3.39648730492  6.26428011833e-33
3.4756016575  7.51401413043e-33
3.55655882008  8.79285818721e-33
3.63940171722  1.01014903487e-32
3.72417427333  1.14406044691e-32
3.81092143593  1.28109105644e-32
3.89968919952  1.42131351889e-32
3.99052462994  3.39793355961e-32
4.08347588934  7.50620368903e-31
4.17859226171  1.58791203664e-30
4.275924179  2.44470673273e-30
4.3755232479  3.32145874107e-30
4.47744227714  4.21863292716e-30
4.58173530554  5.13670498465e-30
4.68845763064  6.07616168748e-30
4.79766583804  7.03750114805e-30
4.90941783137  8.02123308124e-30
5.02377286302  2.84363738664e-29
5.14079156554  1.23654320658e-28
5.26053598379  2.21323063776e-28
5.38306960785  3.21266804173e-28
5.50845740668  4.23538533344e-28
5.63676586253  5.28192477113e-28
5.76806300625  6.35284124386e-28
5.90241845333  7.44870256572e-28
6.0399034408  1.7650434809e-27
6.18059086503  5.08124837836e-27
6.32455532034  8.47469761089e-27
6.47187313859  1.19471904302e-26
6.62262242965  1.55005679979e-26
6.77688312278  1.9136714362e-26
6.93473700905  2.28575574551e-26
7.09626778467  5.27865308076e-26
7.2615610954  1.01533693484e-25
7.43070458194  1.51416323445e-25
7.60378792641  2.02460869121e-25
7.78090289989  2.54694395004e-25
7.96214341107  3.08855960441e-25
8.14760555608  6.07420432523e-25
8.33738766941  9.77856329303e-25
8.53159037603  1.35692078657e-24
8.7303166448  1.74481478931e-24
8.93367184302  2.14174400406e-24
9.1417637923  3.33408686803e-24
9.35470282574  4.93060153007e-24
9.57260184645  6.56430379582e-24
9.79557638737  8.23605987583e-24
10.0237446725  1.02049594837e-23
10.2572276798  1.39874105689e-23
10.496149205  1.7905859767e-23
10.7406359274  2.19155813719e-23
10.9908174772  2.60790032748e-23
11.2468265038  3.1468714402e-23
11.5087987467  3.70933108523e-23
11.7768731071  4.28489209843e-23
12.0511917215  4.87164697787e-23
12.3319000372  5.46257335827e-23
12.6191468896  6.06720529001e-23
12.9130845807  6.68592090868e-23
13.2138689602  7.26794812708e-23
13.5216595078  7.84228190337e-23
13.8366194184  8.42999363188e-23
14.1589156877  8.9940260601e-23
14.4887192015  9.53188282257e-23
14.826204826  1.00822678785e-22
15.1715515006  1.06114132143e-22
15.5249423326  1.11175749029e-22
15.8865646945  1.16355266119e-22
16.2566103233  1.21243056871e-22
16.6352754221  1.26058162267e-22
17.022760764  1.30929511246e-22
17.4192717991  1.3540568012e-22
17.8250187627  1.39963435761e-22
18.2402167871  1.44321078766e-22
18.6650860159  1.48551926547e-22
19.0998517204  1.52761087168e-22
19.5447444191  1.56657871623e-22
20  1.60645e-22

