2 20 101
101
2  0
2.04658598456  1.6388203993e-37
2.0942570961  3.31581382951e-37
2.14303861048  5.03186945474e-37
2.19295639229  6.78789715041e-37
2.2440369086  8.58482798563e-37
2.29630724299  1.04236147169e-36
2.34979510988  1.23052322934e-36
2.40452886923  1.42306783735e-36
2.46053754162  1.62009738543e-36
2.51785082359  1.82171634125e-36
2.57649910339  2.02803160586e-36
2.63651347711  2.23915257033e-36
2.69792576518  2.45519117379e-36
2.76076852921  2.67626196278e-36
2.82507508925  2.90248215195e-36
2.89087954149  3.13397168624e-36
2.95821677634  3.37085330447e-36
3.02712249687  1.03869355752e-33
3.09763323782  3.72985459632e-33
3.16978638492  6.48370082842e-33
3.24362019472  9.30169237955e-33
3.31917381488  1.21853233861e-32
3.39648730492  1.51361227875e-32
3.4756016575  1.81556551365e-32
3.55655882008  2.12455214293e-32
3.63940171722  2.44073599537e-32
3.72417427333  2.76428471585e-32
3.81092143593  3.09536985417e-32
3.89968919952  3.43416695607e-32
3.99052462994  7.52360401323e-32
4.08347588934  1.53896900683e-30
4.17859226171  3.24905007685e-30
4.275924179  4.99896405203e-30
4.3755232479  6.78963875992e-30
4.47744227714  8.62202363996e-30
4.58173530554  1.04970902469e-29
4.68845763064  1.24158327658e-29
4.79766583804  1.43792685394e-29
4.90941783137  1.63884386073e-29
5.02377286302  5.34470799681e-29
5.14079156554  2.25416069653e-28
5.26053598379  4.0181073397e-28
5.38306960785  5.82314157842e-28
5.50845740668  7.67022046573e-28
5.63676586253  9.5603233473e-28
5.76806300625  1.14944523807e-27
5.90241845333  1.34736330668e-27
6.0399034408  3.05176110322e-27
6.18059086503  8.55414333891e-27
6.32455532034  1.41846925215e-26
6.47187313859  1.99463940428e-26
6.62262242965  2.58423028332e-26
6.77688312278  3.18755449814e-26
6.93473700905  3.80493193925e-26
7.09626778467  8.47316456215e-26
7.2615610954  1.60503289372e-25
7.43070458194  2.38039881436e-25
7.60378792641  3.1738253274e-25
7.78090289989  3.98573311808e-25
7.96214341107  4.82654985594e-25
8.14760555608  9.1039468874e-25
8.33738766941  1.43932901528e-24
8.53159037603  1.98058380501e-24
8.7303166448  2.53444603838e-24
8.93367184302  3.10120938048e-24
9.1417637923  4.61787419965e-24
9.35470282574  6.61833633754e-24
9.57260184645  8.66539522456e-24
9.79557638737  1.07601362384e-23
10.0237446725  1.31533329529e-23
10.2572276798  1.73114956427e-23
10.496149205  2.16128237525e-23
10.7406359274  2.60143426647e-23
10.9908174772  3.05649315125e-23
11.2468265038  3.6093201491e-23
11.5087987467  4.18346401814e-23
11.7768731071  4.77098141588e-23
12.0511917215  5.36734203208e-23
12.3319000372  5.95681479626e-23
12.6191468896  6.55988927558e-23
12.9130845807  7.17701116408e-23
13.2138689602  7.75312672848e-23
13.5216595078  8.31963092881e-23
13.8366194184  8.89933070712e-23
14.1589156877  9.45263097003e-23
14.4887192015  9.9768401333e-23
14.826204826  1.05132596966e-22
15.1715515006  1.10263096914e-22
15.5249423326  1.15141303959e-22
15.8865646945  1.20133139043e-22
16.2566103233  1.24830928996e-22
16.6352754221  1.29452536526e-22
17.022760764  1.34129085313e-22
17.4192717991  1.38435070333e-22
17.8250187627  1.42819977768e-22
18.2402167871  1.47024768094e-22
18.6650860159  1.51117108506e-22
19.0998517204  1.55191749683e-22
19.5447444191  1.5897550654e-22
20  1.62847e-22

