0.2 20 151
151
0.2  0
0.206235454919  1.9156564601e-43
0.212665314327  3.89103786767e-43
0.219295639229  5.92800628382e-43
0.22613267959  8.02848182362e-43
0.233182880236  1.01944444661e-42
0.240452886923  1.24279359206e-42
0.247949552606  1.47310615516e-42
0.255679943893  1.71059923627e-42
0.263651347711  1.95549670439e-42
0.271871278176  2.20802940811e-42
0.280347483669  2.46843539329e-42
0.289087954149  2.73696012737e-42
0.298100928677  3.01385673082e-42
0.307394903187  3.29938621571e-42
0.316978638492  3.59381773176e-42
0.326861168545  3.89742882003e-42
0.33705180895  4.21050567457e-42
0.34756016575  4.53334341217e-42
0.358396144475  4.86624635056e-42
0.369569959484  5.20952829528e-42
0.381092143593  5.56351283545e-42
0.392973557999  5.92853364884e-42
0.405225402524  6.30493481635e-42
0.417859226171  6.69307114642e-42
0.430886938006  7.09330850943e-42
0.444320818391  7.50602418261e-42
0.458173530554  7.93160720567e-42
0.472458132527  8.37045874749e-42
0.487188089458  8.82299248434e-42
0.502377286302  1.56595128444e-35
0.518040040906  1.11456793615e-34
0.534191117512  2.11242989909e-34
0.550845740668  3.14140247846e-34
0.568019609583  4.20245561848e-34
0.585728912925  5.29658950361e-34
0.60399034408  6.42483550132e-34
0.622821116889  7.5882571343e-34
0.642238981873  8.787951083e-34
0.662262242965  1.00250482194e-33
0.682909774767  1.13007146729e-33
0.704201040337  1.26161529297e-33
0.72615610954  1.39726029662e-33
0.748795677965  1.5371343418e-33
0.772141086431  1.6813692785e-33
0.796214341107  1.83010106742e-33
0.821038134255  1.98346990816e-33
0.846635865618  2.14162037137e-33
0.87303166448  2.304701535e-33
0.900250412412  2.47286712485e-33
0.928317766723  2.64627565946e-33
0.957260184645  2.82509059958e-33
0.987104948279  3.00948050219e-33
1.0178801903  3.27447019937e-29
1.0496149205  9.08562898532e-29
1.08233905309  1.50779638644e-28
1.11608343495  2.12571234136e-28
1.15087987467  2.76289323167e-28
1.18676117255  3.41993968556e-28
1.2237611515  4.09747105717e-28
1.26191468896  4.7961260104e-28
1.30125774973  5.51656312095e-28
1.34182741991  6.25946149712e-28
1.38366194184  7.02552141996e-28
1.42680075014  7.81546500337e-28
1.47128450892  8.63003687479e-28
1.51715515006  9.47000487713e-28
1.56445591277  1.03361607925e-27
1.61323138435  1.12293210887e-27
1.66352754221  1.21503276887e-27
1.71539179718  1.31000487644e-27
1.76887303828  1.40793795549e-27
1.82402167871  1.50892432103e-27
1.88088970345  1.61305916622e-27
1.93953071822  1.72044065208e-27
2  3.50517092762e-27
2.06235454919  2.84667780483e-26
2.12665314327  5.59328117626e-26
2.19295639229  8.4255161552e-26
2.2613267959  1.13460525018e-25
2.33182880236  1.4357643212e-25
2.40452886923  1.74631271128e-25
2.47949552606  2.06654315379e-25
2.55679943893  2.39675750873e-25
2.63651347711  2.7372670473e-25
2.71871278176  3.08839274525e-25
2.80347483669  3.45046558551e-25
2.89087954149  3.82382687012e-25
2.98100928677  4.22284397888e-25
3.07394903187  9.46767264154e-25
3.16978638492  1.6177959717e-24
3.26861168545  2.30974552551e-24
3.3705180895  3.02326818058e-24
3.4756016575  3.75903652738e-24
3.58396144475  4.51774412598e-24
3.69569959484  5.30010615971e-24
3.81092143593  6.10686010939e-24
3.92973557999  6.9387664485e-24
4.05225402524  8.60960439551e-24
4.17859226171  1.14598278581e-23
4.30886938006  1.43989135203e-23
4.44320818391  1.74296318632e-23
4.58173530554  2.05548397441e-23
4.72458132527  2.37774830892e-23
4.87188089458  2.71005996708e-23
5.02377286302  3.0629872799e-23
5.18040040906  3.47907874036e-23
5.34191117512  3.90879912985e-23
5.50845740668  4.35191702993e-23
5.68019609583  4.80885013844e-23
5.85728912925  5.28002917596e-23
6.0399034408  5.74702503627e-23
6.22821116889  6.15980228806e-23
6.42238981873  6.58530013809e-23
6.62262242965  7.02406385142e-23
6.82909774767  7.47650702153e-23
7.04201040337  7.92005460133e-23
7.2615610954  8.28365867035e-23
7.48795677965  8.65814882749e-23
7.72141086431  9.04431456709e-23
7.96214341107  9.44155405892e-23
8.21038134255  9.77046453397e-23
8.46635865618  1.00932928828e-22
8.7303166448  1.04261861398e-22
9.00250412412  1.0764454696e-22
9.28317766723  1.10488263586e-22
9.57260184645  1.13375848622e-22
9.87104948279  1.1635346069e-22
10.178801903  1.19003543313e-22
10.496149205  1.21423633837e-22
10.8233905309  1.23919176189e-22
11.1608343495  1.26261242955e-22
11.5087987467  1.28414446645e-22
11.8676117255  1.30634781357e-22
12.237611515  1.32686490928e-22
12.6191468896  1.34665514916e-22
13.0125774973  1.36672277214e-22
13.4182741991  1.38370563813e-22
13.8366194184  1.40100421295e-22
14.2680075014  1.4166739295e-22
14.7128450892  1.43146922767e-22
15.1715515006  1.44591093328e-22
15.6445591277  1.45939638073e-22
16.1323138435  1.47281799901e-22
16.6352754221  1.48531659424e-22
17.1539179718  1.49759534643e-22
17.6887303828  1.5087675777e-22
18.2402167871  1.51942334825e-22
18.8088970345  1.52925582973e-22
19.3953071822  1.53841449937e-22
20  1.54737e-22

