0.2 20000 301
301
0.2  0
0.207824460767  9.2199272633e-42
0.215955032466  1.88005593223e-41
0.22440369086  2.87560077797e-41
0.233182880236  3.91009363165e-41
0.242305531726  4.98505822906e-41
0.251785082359  6.10207791806e-41
0.261635494852  7.26279799073e-41
0.271871278176  8.46892810674e-41
0.282507508925  9.72224481162e-41
0.293559853524  1.10245941534e-40
0.305044591308  1.23778944019e-40
0.316978638492  1.37841388739e-40
0.329379573097  1.52453988693e-40
0.342265660832  1.67638267223e-40
0.355655882008  1.83416589711e-40
0.369569959484  1.99812196525e-40
0.384028387728  2.16849237251e-40
0.399052462994  2.34552806261e-40
0.414664314697  2.52948979676e-40
0.430886938006  2.72064853777e-40
0.447744227714  2.91928584912e-40
0.465261013431  3.12569430973e-40
0.483463096161  3.34017794484e-40
0.502377286302  1.3763381773e-34
0.522031443137  1.2755151446e-33
0.542454515866  2.45791301048e-33
0.563676586253  3.68656900491e-33
0.585728912925  4.96329285247e-33
0.608643977422  6.28996507831e-33
0.632455532034  7.66853977805e-33
0.65719864952  9.10104749606e-33
0.682909774767  1.05895982163e-32
0.709626778467  1.213638447e-32
0.737389012904  1.37436845655e-32
0.766237369911  1.54138659438e-32
0.796214341107  1.71493886653e-32
0.827364080478  1.89528090341e-32
0.859732469416  2.08267833625e-32
0.893367184302  2.2774071884e-32
0.928317766723  2.47975428186e-32
0.964635696448  2.6900176598e-32
1.00237446725  1.47592426485e-29
1.04158966572  2.58035473417e-28
1.08233905309  5.10829230802e-28
1.12468265038  7.73512862371e-28
1.16868282675  1.04647328279e-27
1.21440439138  1.3301125437e-27
1.26191468896  1.62484842597e-27
1.31128369884  1.93111505497e-27
1.36258413812  2.24936354008e-27
1.41589156877  2.58006263913e-27
1.47128450892  2.9236994488e-27
1.52884454851  3.28078012215e-27
1.58865646945  3.6518306141e-27
1.65080837054  4.03739745614e-27
1.71539179718  4.43804856131e-27
1.78250187627  4.85437406076e-27
1.85223745626  5.28698717288e-27
1.9247012528  5.73652510663e-27
2  6.20365e-27
2.07824460767  7.50720068095e-26
2.15955032466  1.46634652399e-25
2.2440369086  2.20996993552e-25
2.33182880236  2.98268560809e-25
2.42305531726  3.78563169799e-25
2.51785082359  4.61999088878e-25
2.61635494852  5.48699213334e-25
2.71871278176  6.38791246402e-25
2.82507508925  7.3240788736e-25
2.93559853524  8.2968702699e-25
3.05044591308  1.39904932791e-24
3.16978638492  2.61189805815e-24
3.29379573097  3.87219622493e-24
3.42265660832  5.18180015951e-24
3.55655882008  6.54263881712e-24
3.69569959484  7.95671661816e-24
3.84028387728  9.42611640059e-24
3.99052462994  1.09530024878e-23
4.14664314697  1.47714256851e-23
4.30886938006  1.88890843787e-23
4.47744227714  2.31678353667e-23
4.65261013431  2.7613980951e-23
4.83463096161  3.22340699937e-23
5.02377286302  3.70542610515e-23
5.22031443137  4.22029229384e-23
5.42454515866  4.75530123399e-23
5.63676586253  5.31124095646e-23
5.85728912925  5.88893032166e-23
6.08643977422  6.4373728712e-23
6.32455532034  6.91832365168e-23
6.5719864952  7.41809033472e-23
6.82909774767  7.93740904179e-23
7.09626778467  8.43030177399e-23
7.37389012904  8.85624940828e-23
7.66237369911  9.29886109534e-23
7.96214341107  9.7587887713e-23
8.27364080478  1.01211675105e-22
8.59732469416  1.04811133823e-22
8.93367184302  1.08551411659e-22
9.28317766723  1.11781246649e-22
9.64635696448  1.14977587644e-22
10.0237446725  1.18256378921e-22
10.4158966572  1.21004187877e-22
10.8233905309  1.2385949745e-22
11.2468265038  1.26411844786e-22
11.6868282675  1.28755734181e-22
12.1440439138  1.31047566103e-22
12.6191468896  1.33104286885e-22
13.1128369884  1.35170271183e-22
13.6258413812  1.37067361428e-22
14.1589156877  1.38936805257e-22
14.7128450892  1.40630167438e-22
15.2884454851  1.4222161413e-22
15.8865646945  1.43701361054e-22
16.5080837054  1.45041862609e-22
17.1539179718  1.46349977724e-22
17.8250187627  1.47579434373e-22
18.5223745626  1.48163791873e-22
19.247012528  1.48727732256e-22
20  1.49516073772e-22
20.7824460767  1.50510744186e-22
21.5955032466  1.51693347481e-22
22.440369086  1.53045107619e-22
23.3182880236  1.54546810404e-22
24.2305531726  1.55872399683e-22
25.1785082359  1.56275528569e-22
26.1635494852  1.56610610084e-22
27.1871278176  1.56879956529e-22
28.2507508925  1.5708578871e-22
29.3559853524  1.57230239642e-22
30.5044591308  1.5731535816e-22
31.6978638492  1.57343112431e-22
32.9379573097  1.57315393386e-22
34.2265660832  1.57234018071e-22
35.5655882008  1.57100732926e-22
36.9569959484  1.56917216987e-22
38.4028387728  1.5668508504e-22
39.9052462994  1.56405890704e-22
41.4664314697  1.56081129473e-22
43.0886938006  1.5571224171e-22
44.7744227714  1.55300615606e-22
46.5261013431  1.54847590111e-22
48.3463096161  1.54354457831e-22
50.2377286302  1.53822467924e-22
52.2031443137  1.53252828974e-22
54.2454515866  1.52646711868e-22
56.3676586253  1.52005252679e-22
58.5728912925  1.51329555564e-22
60.8643977422  1.50620695675e-22
63.2455532034  1.49879722109e-22
65.719864952  1.49107660884e-22
68.2909774767  1.48305517968e-22
70.9626778467  1.47474282352e-22
73.7389012904  1.46614929184e-22
76.6237369911  1.45728422968e-22
79.6214341107  1.44815720833e-22
82.7364080478  1.43877775877e-22
85.9732469416  1.42915540593e-22
89.3367184302  1.41929970378e-22
92.8317766723  1.40922027125e-22
96.4635696448  1.39892682899e-22
100.237446725  1.38842923696e-22
104.158966572  1.37773753273e-22
108.233905309  1.36686197043e-22
112.468265038  1.3558130603e-22
116.868282675  1.34460160845e-22
121.440439138  1.3332387568e-22
126.191468896  1.32173602281e-22
131.128369884  1.31010533863e-22
136.258413812  1.29835908929e-22
141.589156877  1.28651014921e-22
147.128450892  1.27457191676e-22
152.884454851  1.26255834572e-22
158.865646945  1.25048397318e-22
165.080837054  1.23836394272e-22
171.539179718  1.22621402197e-22
178.250187627  1.2140506133e-22
185.223745626  1.20189075652e-22
192.47012528  1.1897521223e-22
200  1.17765299488e-22
207.824460767  1.16561224288e-22
215.955032466  1.15364927672e-22
224.40369086  1.14178399158e-22
233.182880236  1.13003669477e-22
242.305531726  1.11842801659e-22
251.785082359  1.10697880421e-22
261.635494852  1.09570999824e-22
271.871278176  1.08464249241e-22
282.507508925  1.07379697698e-22
293.559853524  1.06319376738e-22
305.044591308  1.0535543569e-22
316.978638492  1.04347722713e-22
329.379573097  1.033700076e-22
342.265660832  1.02423970593e-22
355.655882008  1.01511156028e-22
369.569959484  1.00632952839e-22
384.028387728  9.97905762244e-23
399.052462994  9.89850510253e-23
414.664314697  9.82171972957e-23
430.886938006  9.74876185562e-23
447.744227714  9.67966931419e-23
465.261013431  9.61445689899e-23
483.463096161  9.55311621247e-23
502.377286302  9.49561590068e-23
522.031443137  9.44190228119e-23
542.454515866  9.39190036244e-23
563.676586253  9.34551524597e-23
585.728912925  9.30263389885e-23
608.643977422  9.26312728504e-23
632.455532034  9.22685285253e-23
657.19864952  9.19365739489e-23
682.909774767  9.16338035414e-23
709.626778467  9.13585774613e-23
737.389012904  9.11092722802e-23
766.237369911  9.08868252613e-23
796.214341107  9.07047727566e-23
827.364080478  9.05648580002e-23
859.732469416  9.04663039296e-23
893.367184302  9.00204624965e-23
928.317766723  9.00355455579e-23
964.635696448  9.00857283196e-23
1002.37446725  9.01713824513e-23
1041.58966572  9.02927718281e-23
1082.33905309  9.04500502611e-23
1124.68265038  9.06432603405e-23
1168.68282675  9.08723334146e-23
1214.40439138  9.11370907052e-23
1261.91468896  9.14372455347e-23
1311.28369884  9.17724066145e-23
1362.58413812  9.21420823247e-23
1415.89156877  9.36659184301e-23
1471.28450892  9.46242004979e-23
1528.84454851  9.55012372201e-23
1588.65646945  9.6306149539e-23
1650.80837054  9.70469572932e-23
1715.39179718  9.77307659086e-23
1782.50187627  9.83639136616e-23
1852.23745626  9.89520889811e-23
1924.7012528  9.9500424709e-23
2000  1.00013574445e-22
2078.24460767  1.00495774819e-22
2159.55032466  1.00950896622e-22
2244.0369086  1.01259583187e-22
2331.82880236  1.01614678152e-22
2423.05531726  1.01933063731e-22
2517.85082359  1.02217570377e-22
2616.35494852  1.02470778889e-22
2718.71278176  1.02695050323e-22
2825.07508925  1.02892551477e-22
2935.59853524  1.03065276696e-22
3050.44591308  1.03215066606e-22
3169.78638492  1.03343624265e-22
3293.79573097  1.03452529129e-22
3422.65660832  1.03543249161e-22
3556.55882008  1.03617151361e-22
3695.69959484  1.03675510936e-22
3840.28387728  1.03719519314e-22
3990.52462994  1.03750291153e-22
4146.64314697  1.03768870491e-22
4308.86938006  1.03776236147e-22
4477.44227714  1.03773306489e-22
4652.61013431  1.03760943642e-22
4834.63096161  1.0373995722e-22
5023.77286302  1.03711107649e-22
5220.31443137  1.03675109134e-22
5424.54515866  1.03632632327e-22
5636.76586253  1.03584306731e-22
5857.28912925  1.0353072289e-22
6086.43977422  1.03472434379e-22
6324.55532034  1.03409959648e-22
6571.9864952  1.03343783721e-22
6829.09774767  1.03274359788e-22
7096.26778467  1.03202110692e-22
7373.89012904  1.03127430348e-22
7662.37369911  1.03050685079e-22
7962.14341107  1.02972214907e-22
8273.64080478  1.02892334786e-22
8597.32469416  1.028113358e-22
8933.67184302  1.02729486316e-22
9283.17766723  1.0264703311e-22
9646.35696448  1.02564202463e-22
10023.7446725  1.02481201225e-22
10415.8966572  1.02398217858e-22
10823.3905309  1.02315423446e-22
11246.8265038  1.02232972691e-22
11686.8282675  1.02151004869e-22
12144.0439138  1.02069644772e-22
12619.1468896  1.01989003616e-22
13112.8369884  1.01909179924e-22
13625.8413812  1.01830260379e-22
14158.9156877  1.01752320647e-22
14712.8450892  1.01675426173e-22
15288.4454851  1.01599632944e-22
15886.5646945  1.01524988216e-22
16508.0837054  1.01451531214e-22
17153.9179718  1.01379293801e-22
17825.0187627  1.01308301106e-22
18522.3745626  1.01238572127e-22
19247.012528  1.01170120295e-22
20000  1.01102954013e-22

