1 20000 251
251
1  0
1.04040904696  1.06017726259e-41
1.082450985  2.16319527796e-41
1.12619179768  3.31078520012e-41
1.17170013492  4.50474813733e-41
1.21904742069  5.74695797894e-41
1.26830796516  7.03936433637e-41
1.31955908129  8.383995603e-41
1.37288120617  9.78296213762e-41
1.4283580273  1.12384595766e-40
1.4860766139  1.275277228e-40
1.54612755358  1.43282769165e-40
1.6086050945  1.59674461939e-40
1.6736072933  1.76728527396e-40
1.74123616901  1.94471731384e-40
1.81159786313  2.12931921336e-40
1.88480280626  2.3213806997e-40
1.96096589137  2.52120320767e-40
2.04020665416  1.80132700216e-35
2.12264946065  5.49485220615e-35
2.20842370239  9.33762924355e-35
2.29766399949  1.33356892387e-34
2.39051041194  1.7495307028e-34
2.48710865943  2.18230110078e-34
2.58761035005  2.6325593381e-34
2.6921732182  3.10101208167e-34
2.8009613722  3.58839455416e-34
2.91414555182  4.09547168787e-34
3.03190339627  5.6441383983e-32
3.15441972299  2.7146872264e-31
3.28188681771  4.95185111122e-31
3.41450473624  7.27941665652e-31
3.55248161847  9.70103690725e-31
3.69603401502  1.22205125244e-30
3.8453872271  1.48417977501e-30
4.00077566014  2.07310278847e-30
4.16244319166  6.82615037411e-29
4.33064355406  1.37124514896e-28
4.50564073281  2.08770214702e-28
4.68770938077  2.83311048957e-28
4.87713524927  3.60864007283e-28
5.07421563659  1.81382011639e-27
5.27925985453  5.68909628691e-27
5.49258971391  9.72096867418e-27
5.71454002959  1.39157651821e-26
5.945459146  1.82800694191e-26
6.18570948383  7.54305938161e-26
6.43566810884  1.50965818416e-25
6.69572732367  2.29553349454e-25
6.96629528353  3.11316527725e-25
7.24779663678  8.82795782052e-25
7.54067319143  1.5462020883e-24
7.84538460853  2.23641601114e-24
8.1624091236  4.03914344403e-24
8.49224429718  6.98901614895e-24
8.83540779578  1.00580903985e-23
9.19243820431  1.50772978117e-23
9.56389587139  2.19243146249e-23
9.95036378878  2.9048012862e-23
10.3524485064  3.78593744422e-23
10.7707810842  4.72318984582e-23
11.2060180829  5.67011975493e-23
11.6588425938  6.62267524358e-23
12.1299653117  7.57835168959e-23
12.6201256496  8.47604600298e-23
13.1300928996  9.37598913263e-23
13.6606674402  1.02089259972e-22
14.2126819923  1.10318892781e-22
14.7870029263  1.18156805118e-22
15.384531622  1.25629625619e-22
16.0062058827  1.33002623785e-22
16.6530014079  1.3975885535e-22
17.3259333238  1.46358935172e-22
18.0260577771  1.52603384294e-22
18.7544735924  1.55871642052e-22
19.5123239965  1.6062173386e-22
20.3007984131  1.6682407059e-22
21.1211343295  1.74450257695e-22
21.9746192385  1.83472998314e-22
22.8625926593  1.93865995249e-22
23.7864482397  2.05603851642e-22
24.7476359436  2.11332626578e-22
25.7476643266  2.14856922063e-22
26.7881029035  2.18145417587e-22
27.8705846117  2.21207054166e-22
28.996808374  2.24050412991e-22
30.1685417653  2.26683729774e-22
31.3876237862  2.29114908644e-22
32.6559677498  2.31351535629e-22
33.9755642841  2.33400891719e-22
35.3484844568  2.35269965552e-22
36.7768830251  2.36965465722e-22
38.2630018183  2.38493832741e-22
39.8091732557  2.39861250669e-22
41.4178240072  2.4107365843e-22
43.0914788025  2.42136760839e-22
44.832764393  2.43056039353e-22
46.6444136747  2.43836762577e-22
48.5292699773  2.44483996527e-22
50.4902915267  2.45002614693e-22
52.5305560881  2.45397307906e-22
54.6532657959  2.45672594039e-22
56.8617521799  2.45832827557e-22
59.159481394  2.45882208943e-22
61.5500596558  2.45824794019e-22
64.0372389068  2.45664503181e-22
66.624922701  2.45405130576e-22
69.3171723311  2.4505035323e-22
72.118213203  2.44603740161e-22
75.032441467  2.44068761488e-22
78.0644309178  2.43448797555e-22
81.2189401726  2.42747148091e-22
84.5009201401  2.41967041416e-22
87.9155217902  2.41111643711e-22
91.4681042388  2.40184068359e-22
95.1642431583  2.3918738536e-22
99.009739529  2.38124630825e-22
103.010628743  2.36998816549e-22
107.173190077  2.35812939639e-22
111.503956548  2.34569992189e-22
116.009725165  2.33272970968e-22
120.697567597  2.31924887085e-22
125.574841273  2.30528775569e-22
130.649200932  2.29087704812e-22
135.928610627  2.27604785772e-22
141.421356237  2.26083180854e-22
147.136058463  2.24526112332e-22
153.081686359  2.22936870175e-22
159.267571411  2.21318819111e-22
165.703422184  2.19675404737e-22
172.399339552  2.18010158474e-22
179.36583256  2.16326701109e-22
186.613834911  2.14628744701e-22
194.154722129  2.12920092555e-22
202.000329413  2.11204637005e-22
210.162970211  2.09486354706e-22
218.655455543  2.07769299177e-22
227.491114114  2.06057590326e-22
236.683813228  2.04355400746e-22
246.247980551  2.02666938601e-22
256.198626761  2.00996427007e-22
266.551369101  1.99348079883e-22
277.322455892  1.97726074359e-22
288.528792035  1.96134519961e-22
300.187965542  1.94695776394e-22
312.318275138  1.93174118224e-22
324.938758985  1.91694635438e-22
338.069224556  1.90260793705e-22
351.730279727  1.88875805635e-22
365.943365117  1.87542592806e-22
380.730787743  1.86263749781e-22
396.115756024  1.85041511191e-22
412.122416211  1.83877722986e-22
428.775890281  1.82773818853e-22
446.102315367  1.8173080273e-22
464.128884777  1.80749238149e-22
482.883890678  1.79829244999e-22
502.396768493  1.78970504047e-22
522.698143103  1.78172269397e-22
543.819876914  1.7743338884e-22
565.795119858  1.76752331899e-22
588.658361426  1.76127225328e-22
612.445484796  1.755558958e-22
637.193823152  1.7503591977e-22
662.942218274  1.74564680992e-22
689.731081504  1.74139437383e-22
717.602457167  1.7375740189e-22
746.600088557  1.73415852177e-22
776.769486596  1.73124501952e-22
808.158001257  1.72904464238e-22
840.814895881  1.72755233787e-22
874.791424493  1.72675532259e-22
910.140912246  1.72079013768e-22
946.918839109  1.7218562189e-22
985.182926946  1.72352566421e-22
1024.99323011  1.72580451712e-22
1066.41222967  1.72869664406e-22
1109.50493154  1.73220370964e-22
1154.33896842  1.73632517637e-22
1200.98470601  1.74105832908e-22
1249.51535339  1.74639832313e-22
1300.00707798  1.75233825567e-22
1352.53912504  1.75886925785e-22
1407.19394206  1.7659806062e-22
1464.05730815  1.80023828612e-22
1523.21846867  1.81572418809e-22
1584.7702753  1.82986637595e-22
1648.80933177  1.84282000339e-22
1715.43614549  1.85472115827e-22
1784.75528525  1.8656901545e-22
1856.87554538  1.87583411418e-22
1931.9101165  1.88524901366e-22
2009.97676312  1.89402131972e-22
2091.19800853  1.90222930847e-22
2175.70132706  1.90994413659e-22
2263.61934415  1.91514856167e-22
2355.09004453  1.92108853766e-22
2450.25698873  1.92639255234e-22
2549.26953846  1.9311114721e-22
2652.28309095  1.93529152765e-22
2759.45932292  1.93897488821e-22
2870.96644429  1.94220014753e-22
2986.97946215  1.94500273716e-22
3107.68045551  1.94741527941e-22
3233.25886097  1.94946788994e-22
3363.91177012  1.95118843809e-22
3499.84423881  1.95260277148e-22
3641.26960901  1.95373491042e-22
3788.40984363  1.95460721652e-22
3941.49587491  1.95524053938e-22
4100.76796681  1.95565434448e-22
4266.47609215  1.95586682502e-22
4438.88032492  1.95589499994e-22
4618.25124841  1.95575480009e-22
4804.87037999  1.95546114429e-22
4999.03061281  1.9550280067e-22
5201.0366756  1.95446847671e-22
5411.20561086  1.95379481257e-22
5629.8672725  1.9530184895e-22
5857.36484349  1.95215024331e-22
6094.05537452  1.95120011005e-22
6340.31034432  1.95017746243e-22
6596.51624277  1.94909104341e-22
6863.0751774  1.94794899752e-22
7140.40550453  1.94675890015e-22
7428.94248588  1.94552778526e-22
7729.13897165  1.94426217168e-22
8041.46611132  1.94296808822e-22
8366.41409304  1.94165109782e-22
8704.49291301  1.94031632084e-22
9056.2331759  1.93896845755e-22
9422.18692758  1.93761181002e-22
9802.92852161  1.9362503034e-22
10199.0555206  1.93488750652e-22
10611.1896341  1.9335266521e-22
11039.9776943  1.93217065632e-22
11486.0926714  1.93082213792e-22
11950.2347295  1.92948343667e-22
12433.1323259  1.92815663143e-22
12935.5433539  1.92684355752e-22
13458.2563327  1.92554582358e-22
14002.0916449  1.92426482784e-22
14567.9028237  1.92300177367e-22
15156.577893  1.92175768469e-22
15769.0407609  1.92053341903e-22
16406.2526695  1.91932968308e-22
17069.213704  1.91814704452e-22
17758.9643622  1.91698594471e-22
18476.5871871  1.91584671037e-22
19223.2084664  1.91472956464e-22
20000  1.91363463745e-22

