0.5 20 151
151
0.5  0
0.512448710082  8.82499016704e-39
0.52520736093  1.78696998222e-38
0.538283669269  2.71395994139e-38
0.55168554395  3.66402955907e-38
0.565421090737  4.6377534592e-38
0.579498617203  5.6357205724e-38
0.59392663776  6.65853449212e-38
0.608713878807  7.70681383976e-38
0.623869284008  8.78119263876e-38
0.6394020197  9.88232069814e-38
0.655321480438  1.10108640055e-37
0.67163729468  1.21675051297e-37
0.688359330604  1.3352943634e-37
0.705497702082  1.45678964988e-37
0.723062774796  1.58130985555e-37
0.741065172505  1.70893029311e-37
0.759515783475  1.83972815031e-37
0.778425767058  1.97378253673e-37
0.797806560447  2.11117453153e-37
0.817669885593  2.25198723256e-37
0.83802775629  2.39630580656e-37
0.858892485448  2.54421754074e-37
0.880276692535  2.69581189551e-37
0.90219331121  2.85118055863e-37
0.924655597149  3.01041750063e-37
0.947677136058  3.17361903169e-37
0.971271851895  3.34088385983e-37
0.995454015286  1.32424176142e-33
1.02023825216  2.28862597998e-31
1.04563955259  5.161106548e-31
1.07167327987  8.10510447164e-31
1.0983551798  1.11224003485e-30
1.1257013902  1.42148191087e-30
1.15372845069  1.7384231118e-30
1.18245331269  2.06325533098e-30
1.21189334964  2.3961750344e-30
1.24206636756  2.73738357956e-30
1.27299061578  3.08708733723e-30
1.30468479801  3.44549781629e-30
1.33716808361  3.81283179164e-30
1.37046011922  4.18931143531e-30
1.40458104063  4.57516445086e-30
1.43955148495  4.97062421105e-30
1.47539260312  5.37592989905e-30
1.51212607267  5.79132665307e-30
1.54977411084  6.2170657146e-30
1.58835948804  6.65340458043e-30
1.62790554158  7.10060715833e-30
1.66843618984  7.55894392671e-30
1.70997594668  8.0286920982e-30
1.75254993629  8.51013578728e-30
1.79618390842  9.00356618217e-30
1.84090425388  9.50928172093e-30
1.88673802057  1.00275882719e-29
1.93371292981  1.05587993189e-29
1.9818573931  1.11032361505e-29
2.03120052932  4.82161566e-28
2.08177218234  1.24534807121e-27
2.13360293905  2.0275359515e-27
2.18672414789  2.8291982921e-27
2.24116793778  3.65081995682e-27
2.29696723759  4.49289788135e-27
2.35415579601  5.35594137377e-27
2.41276820199  6.24047242265e-27
2.47283990568  7.14702601269e-27
2.53440723981  8.07615044837e-27
2.59750744173  9.02840768552e-27
2.66217867588  1.00043736712e-26
2.72846005693  1.10046386921e-26
2.79639167337  1.20298077315e-26
2.86601461181  1.30805008352e-26
2.9373709818  1.41573534866e-26
3.01050394131  2.38881627469e-26
3.08545772284  8.08350934461e-26
3.16227766017  1.3992365257e-25
3.24101021575  2.00483364378e-25
3.32170300885  2.62550856775e-25
3.40440484432  3.2616366961e-25
3.48916574214  3.91360277373e-25
3.57603696765  4.58180112473e-25
3.66507106256  5.26663589083e-25
3.75632187674  5.96852127584e-25
3.84984460077  6.68788179619e-25
3.94569579937  7.42515253767e-25
4.04393344553  1.11082987518e-24
4.14461695564  1.85918170096e-24
4.2478072254  2.62616555659e-24
4.35356666667  3.41224533153e-24
4.46195924519  4.2178964649e-24
4.57305051927  5.04360623306e-24
4.68690767949  5.88987404424e-24
4.80359958925  6.75721174069e-24
4.92319682653  7.64614390819e-24
5.04577172647  9.19805745374e-24
5.1713984252  1.18907024263e-23
5.30015290463  1.46503873121e-23
5.43211303844  1.7478781232e-23
5.56735863914  2.03775948637e-23
5.70597150638  2.33485814764e-23
5.84803547643  2.63935379911e-23
5.99363647282  2.95457391484e-23
6.1428625584  3.3402913665e-23
6.29580398853  3.74198438567e-23
6.4525532657  4.15367852471e-23
6.6132051955  4.57562278571e-23
6.77785694388  5.00807237026e-23
6.94660809603  5.45128883382e-23
7.11956071652  5.86142006785e-23
7.29681941106  6.26156933994e-23
7.47849138981  6.67168129658e-23
7.66468653214  7.09200398293e-23
7.85551745316  7.5227916198e-23
8.0510995718  7.93942989471e-23
8.25155118063  8.29435733091e-23
8.45699351738  8.65812154462e-23
8.66755083831  9.0309425488e-23
8.88335049333  9.41304583416e-23
9.10452300303  9.76459580734e-23
9.33120213764  1.00790700376e-22
9.5635249979  1.04013738648e-22
9.80163209803  1.07317022259e-22
10.0456674507  1.10576068144e-22
10.295778654  1.13374326459e-22
10.5521169811  1.16238907264e-22
10.8148374712  1.19174808741e-22
11.0840990237  1.21978100378e-22
11.3600644943  1.24387002971e-22
11.6429007931  1.26855881023e-22
11.9327789861  1.29385935571e-22
12.2298743982  1.31647175242e-22
12.5343667197  1.33864792819e-22
12.8464401144  1.36137623353e-22
13.1662833315  1.38277478506e-22
13.4940898196  1.40291193762e-22
13.8300578436  1.42355045333e-22
14.1743906047  1.44277405476e-22
14.5272963631  1.46054991781e-22
14.8889885645  1.478768354e-22
15.2596859686  1.49552389979e-22
15.6396127818  1.51185695349e-22
16.0289987924  1.5283785787e-22
16.4280795102  1.5435185631e-22
16.8370963082  1.55896712756e-22
17.2562965694  1.57334455691e-22
17.6859338356  1.58713161678e-22
18.1262679613  1.60061418424e-22
18.5775652707  1.6127811597e-22
19.0400987189  1.62506760643e-22
19.5141480567  1.63626276229e-22
20  1.64769e-22

