1 20 101
101
1  0
1.03041055791  1.78280071121e-42
1.06174591785  3.6198173867e-42
1.09403420358  5.51269876418e-42
1.12730439408  7.4631437204e-42
1.16158634964  9.47290279593e-42
1.1969108386  1.15437797662e-41
1.23330956497  1.36776332605e-41
1.27081519692  1.58763784301e-41
1.30946139606  1.8141988667e-41
1.34928284767  2.04764973752e-41
1.39031529185  2.28819997956e-41
1.43259555555  2.53606548867e-41
1.47616158565  2.7914687262e-41
1.52105248304  3.05463891868e-41
1.56730853766  3.32581226354e-41
1.61497126471  3.6052321411e-41
1.66408344188  3.89314933303e-41
1.71468914776  4.1898222474e-41
1.76683380139  4.49551715062e-41
1.82056420303  4.81050840639e-41
1.87592857615  5.13507872198e-41
1.93297661076  5.46951940196e-41
1.99175950792  1.25691909978e-37
2.05233002578  8.08525385957e-36
2.11474252688  1.77282312709e-35
2.17905302696  2.76644570053e-35
2.24531924523  3.79028489078e-35
2.31360065617  4.84525960201e-35
2.3839585429  5.9323166828e-35
2.45645605223  7.05243177589e-35
2.53115825126  8.20661019389e-35
2.60813218585  9.39588782151e-35
2.68744694072  1.06213320453e-34
2.76917370155  1.18840427116e-34
2.85338581877  1.31851531138e-34
2.94015887345  1.45258310092e-34
3.02957074514  2.28931235246e-32
3.12170168173  9.37378149121e-32
3.21663437151  1.6673693289e-31
3.31445401734  2.41955994772e-31
3.41524841318  3.19462510292e-31
3.51910802283  3.99326042191e-31
3.62612606115  4.81618268651e-31
3.73639857773  5.6641304763e-31
3.85002454306  6.53786483145e-31
3.96710593738  7.43816993581e-31
4.08774784223  1.89963463832e-29
4.21205853471  4.48185225468e-29
4.34014958471  7.14259654941e-29
4.472135955  9.88425556261e-29
4.60813610445  1.2709289956e-28
4.74827209431  1.56202352214e-28
4.89266969782  1.86197039564e-28
5.041458513  6.4802304896e-28
5.19477207907  2.27340870884e-27
5.35274799621  3.94822325346e-27
5.51552804914  5.67396984277e-27
5.68325833429  7.45219734868e-27
5.85608939099  9.28450174514e-27
6.03417633655  1.73227111366e-26
6.21767900547  5.13972777509e-26
6.40676209294  8.66525379253e-26
6.6015953026  1.22979930231e-25
6.80235349885  1.60412058804e-25
7.00921686386  2.24562029614e-25
7.22237105921  5.46888232072e-25
7.44200739256  8.92212775004e-25
7.66832298935  1.24803882995e-24
7.9015209697  1.61468575374e-24
8.14181063074  2.78534939676e-24
8.38940763443  4.55895630894e-24
8.64453420113  6.38649959684e-24
8.90741930907  8.26961949572e-24
9.17829889981  1.19120149686e-23
9.45741609003  1.65758117325e-23
9.74502138973  2.13814371581e-23
10.041372927  2.65620899808e-23
10.34673668  3.31793659698e-23
10.661386715  4.00193228256e-23
10.9856054331  4.70580540534e-23
11.3196838233  5.41261072988e-23
11.6639217237  6.13901500688e-23
12.0186280908  6.87976688636e-23
12.3841212763  7.56951929756e-23
12.7607293136  8.27672893424e-23
13.1487902114  8.96970862877e-23
13.5486522576  9.62454630746e-23
13.9606743317  1.02970959648e-22
14.3852262269  1.09156136153e-22
14.8226889821  1.15423665047e-22
15.2734552238  1.21366876805e-22
15.7379295184  1.27146794927e-22
16.2165287354  1.32763183055e-22
16.7096824217  1.38127215701e-22
17.2178331866  1.43340256116e-22
17.7414370999  1.48280459037e-22
18.2809641002  1.53036268042e-22
18.8368984177  1.57619390555e-22
19.4097390079  1.61969845362e-22
20  1.663e-22

