0.5 20 151
151
0.5  0
0.512448710082  9.87501396506e-38
0.52520736093  1.99958903019e-37
0.538283669269  3.03687503494e-37
0.55168554395  4.09998678518e-37
0.565421090737  5.18956727535e-37
0.579498617203  6.30627550878e-37
0.59392663776  7.4507868963e-37
0.608713878807  8.62379366472e-37
0.623869284008  9.82600527551e-37
0.6394020197  1.10581488539e-36
0.655321480438  1.23209696287e-36
0.67163729468  1.36152313829e-36
0.688359330604  1.49417169157e-36
0.705497702082  1.63012285163e-36
0.723062774796  1.76945884484e-36
0.741065172505  1.91226394481e-36
0.759515783475  2.05862452336e-36
0.778425767058  2.20862910273e-36
0.797806560447  2.36236840914e-36
0.817669885593  2.51993542766e-36
0.83802775629  2.68142545844e-36
0.858892485448  2.84693617437e-36
0.880276692535  3.01656768013e-36
0.90219331121  3.19042257277e-36
0.924655597149  3.36860600372e-36
0.947677136058  3.55122574241e-36
0.971271851895  3.73839224147e-36
0.995454015286  3.31688663387e-33
1.02023825216  5.72718088563e-31
1.04563955259  1.29153922822e-30
1.07167327987  2.02825715982e-30
1.0983551798  2.7833174673e-30
1.1257013902  3.5571768285e-30
1.15372845069  4.35030329137e-30
1.18245331269  5.16317655703e-30
1.21189334964  5.99628826993e-30
1.24206636756  6.85014231518e-30
1.27299061578  7.72525512336e-30
1.30468479801  8.62215598282e-30
1.33716808361  9.54138735982e-30
1.37046011922  1.04835052266e-29
1.40458104063  1.14490793978e-29
1.43955148495  1.24386938749e-29
1.47539260312  1.34529471993e-29
1.51212607267  1.4492452815e-29
1.54977411084  1.55578394387e-29
1.58835948804  1.66497514408e-29
1.62790554158  1.77688492349e-29
1.66843618984  1.89158096769e-29
1.70997594668  2.00913264749e-29
1.75254993629  2.12961106086e-29
1.79618390842  2.25308907591e-29
1.84090425388  2.37964137498e-29
1.88673802057  2.50934449981e-29
1.93371292981  2.64227689784e-29
1.9818573931  2.77851896963e-29
2.03120052932  6.27866735424e-28
2.08177218234  1.59968203359e-27
2.13360293905  2.59569302556e-27
2.18672414789  3.61650212169e-27
2.24116793778  4.66272673079e-27
2.29696723759  5.73499963357e-27
2.35415579601  6.83396936534e-27
2.41276820199  7.96030060827e-27
2.47283990568  9.1146745934e-27
2.53440723981  1.02977895127e-26
2.59750744173  1.15103609412e-26
2.66217867588  1.275312227e-26
2.72846005693  1.40268251499e-26
2.79639167337  1.53322399454e-26
2.86601461181  1.66701562017e-26
2.9373709818  1.80413831211e-26
3.01050394131  2.69624684736e-26
3.08545772284  7.70279169652e-26
3.16227766017  1.2897041665e-25
3.24101021575  1.82206150573e-25
3.32170300885  2.36767316932e-25
3.40440484432  2.92686915574e-25
3.48916574214  3.49998767959e-25
3.57603696765  4.08737537613e-25
3.66507106256  4.68938751095e-25
3.75632187674  5.30638819484e-25
3.84984460077  5.93875060399e-25
3.94569579937  6.58685720575e-25
4.04393344553  9.3523474606e-25
4.14461695564  1.48486159768e-24
4.2478072254  2.04817273996e-24
4.35356666667  2.62550887644e-24
4.46195924519  3.21721919328e-24
4.57305051927  3.82366157049e-24
4.68690767949  4.44520279837e-24
4.80359958925  5.08221879936e-24
4.92319682653  5.73509485537e-24
5.04577172647  6.90267005548e-24
5.1713984252  8.95650829006e-24
5.30015290463  1.10614817981e-23
5.43211303844  1.3218863716e-23
5.56735863914  1.5429958878e-23
5.70597150638  1.76961046053e-23
5.84803547643  2.00186715149e-23
5.99363647282  2.24478150349e-23
6.1428625584  2.59090862548e-23
6.29580398853  2.95553628905e-23
6.4525532657  3.32924224077e-23
6.6132051955  3.71225250658e-23
6.77785694388  4.10479873991e-23
6.94660809603  4.50711836175e-23
7.11956071652  4.91529757813e-23
7.29681941106  5.33173674699e-23
7.47849138981  5.75854417681e-23
7.66468653214  6.19597801054e-23
7.85551745316  6.64430281822e-23
8.0510995718  7.08581706672e-23
8.25155118063  7.48624140548e-23
8.45699351738  7.89663527725e-23
8.66755083831  8.31724689767e-23
8.88335049333  8.74833066233e-23
9.10452300303  9.15192721028e-23
9.33120213764  9.52185599732e-23
9.5635249979  9.9009950568e-23
9.80163209803  1.02895737007e-22
10.0456674507  1.06737613163e-22
10.295778654  1.10072475893e-22
10.5521169811  1.13486646071e-22
10.8148374712  1.16985820279e-22
11.0840990237  1.20370865933e-22
11.3600644943  1.23386064664e-22
11.6429007931  1.26476334065e-22
11.9327789861  1.2964316391e-22
12.2298743982  1.32458133429e-22
12.5343667197  1.35213484446e-22
12.8464401144  1.38037436595e-22
13.1662833315  1.4068177402e-22
13.4940898196  1.43155401779e-22
13.8300578436  1.45690616488e-22
14.1743906047  1.48076020574e-22
14.5272963631  1.50308149497e-22
14.8889885645  1.52595852671e-22
15.2596859686  1.54727571257e-22
15.6396127818  1.56819068364e-22
16.0289987924  1.58933978877e-22
16.4280795102  1.6086591516e-22
16.8370963082  1.62836967109e-22
17.2562965694  1.64692807067e-22
17.6859338356  1.66487831565e-22
18.1262679613  1.68260372987e-22
18.5775652707  1.69905802977e-22
19.0400987189  1.7156862809e-22
19.5141480567  1.73093330374e-22
20  1.7465e-22

