0.2 20 151
151
0.2  0
0.206235454919  8.82348048258e-36
0.212665314327  1.7922053039e-35
0.219295639229  2.73042942905e-35
0.22613267959  3.69790482537e-35
0.233182880236  4.69554346779e-35
0.240452886923  5.72428576411e-35
0.247949552606  6.78510144148e-35
0.255679943893  7.87899046052e-35
0.263651347711  9.00698395788e-35
0.271871278176  1.01701452183e-34
0.280347483669  1.13695706766e-34
0.289087954149  1.26063909519e-34
0.298100928677  1.38817719125e-34
0.307394903187  1.51969157755e-34
0.316978638492  1.65530622398e-34
0.326861168545  1.79514896549e-34
0.33705180895  1.93935162255e-34
0.34756016575  2.08805012544e-34
0.358396144475  2.24138464239e-34
0.369569959484  2.39949971168e-34
0.381092143593  2.56254437791e-34
0.392973557999  2.73067233246e-34
0.405225402524  2.90404205842e-34
0.417859226171  3.08281697993e-34
0.430886938006  3.26716561626e-34
0.444320818391  3.45726174064e-34
0.458173530554  3.6532845441e-34
0.472458132527  3.85541880432e-34
0.487188089458  4.06385505988e-34
0.502377286302  5.2039481575e-31
0.518040040906  3.70132359038e-30
0.534191117512  7.01470324326e-30
0.550845740668  1.04313850434e-29
0.568019609583  1.39545896702e-29
0.585728912925  1.75876382152e-29
0.60399034408  2.13339553122e-29
0.622821116889  2.5197072366e-29
0.642238981873  2.91806308811e-29
0.662262242965  3.32883858938e-29
0.682909774767  3.75242095125e-29
0.704201040337  4.18920945673e-29
0.72615610954  4.63961583739e-29
0.748795677965  5.10406466145e-29
0.772141086431  5.58299373403e-29
0.796214341107  6.07685450982e-29
0.821038134255  6.58611251863e-29
0.846635865618  7.11124780422e-29
0.87303166448  7.65275537681e-29
0.900250412412  8.21114567968e-29
0.928317766723  8.78694507035e-29
0.957260184645  9.38069631674e-29
0.987104948279  9.99295910877e-29
1.0178801903  6.74623550924e-27
1.0496149205  1.85377640218e-26
1.08233905309  3.06969202566e-26
1.11608343495  4.32351658441e-26
1.15087987467  5.61643197573e-26
1.18676117255  6.94965694523e-26
1.2237611515  8.32444823569e-26
1.26191468896  9.74210177173e-26
1.30125774973  1.12039538813e-25
1.34182741991  1.27113825556e-25
1.38366194184  1.42658087475e-25
1.42680075014  1.58686977117e-25
1.47128450892  1.75215603853e-25
1.51715515006  1.92259548122e-25
1.56445591277  2.09834876123e-25
1.61323138435  2.27958154951e-25
1.66352754221  2.46646468219e-25
1.71539179718  2.65917432161e-25
1.76887303828  2.85789212239e-25
1.82402167871  3.0628054026e-25
1.88088970345  3.27410732042e-25
1.93953071822  3.49199705615e-25
2  4.02826729156e-25
2.06235454919  8.88488817274e-25
2.12665314327  1.42142269908e-24
2.19295639229  1.97097200687e-24
2.2613267959  2.53765476432e-24
2.33182880236  3.12200514571e-24
2.40452886923  3.7245739794e-24
2.47949552606  4.34592926708e-24
2.55679943893  4.98665671918e-24
2.63651347711  5.647360307e-24
2.71871278176  6.328662832e-24
2.80347483669  7.0312065129e-24
2.89087954149  7.75565359105e-24
2.98100928677  8.50642307676e-24
3.07394903187  1.05690406278e-23
3.16978638492  1.30430253528e-23
3.26861168545  1.55941421789e-23
3.3705180895  1.82247958748e-23
3.4756016575  2.09374661834e-23
3.58396144475  2.3734710159e-23
3.69569959484  2.66191645782e-23
3.81092143593  2.95935484248e-23
3.92973557999  3.26606654534e-23
4.05225402524  3.59701094851e-23
4.17859226171  3.95861498554e-23
4.30886938006  4.33149285092e-23
4.44320818391  4.71599603191e-23
4.58173530554  5.11248697415e-23
4.72458132527  5.52133942337e-23
4.87188089458  5.94293877767e-23
5.02377286302  6.36124659991e-23
5.18040040906  6.70899779755e-23
5.34191117512  7.06653902569e-23
5.50845740668  7.43522741488e-23
5.68019609583  7.81541050322e-23
5.85728912925  8.2074466641e-23
6.0399034408  8.58776404234e-23
6.22821116889  8.89269098096e-23
6.42238981873  9.20693611534e-23
6.62262242965  9.53097855658e-23
6.82909774767  9.86512375798e-23
7.04201040337  1.01905906214e-22
7.2615610954  1.04483542282e-22
7.48795677965  1.07137805285e-22
7.72141086431  1.09874820973e-22
7.96214341107  1.12689810875e-22
8.21038134255  1.1497762912e-22
8.46635865618  1.17212311068e-22
8.7303166448  1.19516664309e-22
9.00250412412  1.21853378428e-22
9.28317766723  1.23754414665e-22
9.57260184645  1.25679374881e-22
9.87104948279  1.2766435011e-22
10.178801903  1.29439432564e-22
10.496149205  1.31067741571e-22
10.8233905309  1.32746816814e-22
11.1608343495  1.34299232416e-22
11.5087987467  1.35697353364e-22
11.8676117255  1.37139063913e-22
12.237611515  1.38430644014e-22
12.6191468896  1.39650412606e-22
13.0125774973  1.40887290537e-22
13.4182741991  1.41934180934e-22
13.8366194184  1.43000542897e-22
14.2680075014  1.43958107145e-22
14.7128450892  1.44856234235e-22
15.1715515006  1.45713227225e-22
15.6445591277  1.4647760755e-22
16.1323138435  1.47225066507e-22
16.6352754221  1.47882940252e-22
17.1539179718  1.48522691296e-22
17.6887303828  1.49087988015e-22
18.2402167871  1.49619022318e-22
18.8088970345  1.50097282406e-22
19.3953071822  1.50516926204e-22
20  1.50913e-22

