0.5 20 151
151
0.5  0
0.512448710082  1.6402569789e-41
0.52520736093  3.32135212498e-41
0.538283669269  5.04430220325e-41
0.55168554395  6.81014929354e-41
0.565421090737  8.61996142078e-41
0.579498617203  1.0474833201e-40
0.59392663776  1.23758865032e-40
0.608713878807  1.43242711283e-40
0.623869284008  1.6321165504e-40
0.6394020197  1.83677773981e-40
0.655321480438  2.04653446483e-40
0.67163729468  2.26151359118e-40
0.688359330604  2.48184514315e-40
0.705497702082  2.70766238236e-40
0.723062774796  2.93910188824e-40
0.741065172505  3.17630364075e-40
0.759515783475  3.41941110496e-40
0.778425767058  3.66857131784e-40
0.797806560447  3.92393497724e-40
0.817669885593  4.18565653295e-40
0.83802775629  4.45389428021e-40
0.858892485448  4.72881045536e-40
0.880276692535  5.01057133404e-40
0.90219331121  5.2993473317e-40
0.924655597149  5.5953131067e-40
0.947677136058  5.89864766596e-40
0.971271851895  6.2095344732e-40
0.995454015286  2.20395850162e-35
1.02023825216  3.80989209095e-33
1.04563955259  8.59173768315e-33
1.07167327987  1.34926388942e-32
1.0983551798  1.85155599019e-32
1.1257013902  2.36635386844e-32
1.15372845069  2.89396888577e-32
1.18245331269  3.43472015586e-32
1.21189334964  3.98893473753e-32
1.24206636756  4.55694783251e-32
1.27299061578  5.13910298816e-32
1.30468479801  5.73575230533e-32
1.33716808361  6.34725665124e-32
1.37046011922  6.97398587778e-32
1.40458104063  7.61631904521e-32
1.43955148495  8.27464465139e-32
1.47539260312  8.94936086679e-32
1.51212607267  9.6408757753e-32
1.54977411084  1.0349607621e-31
1.58835948804  1.10759850613e-31
1.62790554158  1.18204474259e-31
1.66843618984  1.25834449828e-31
1.70997594668  1.33654392105e-31
1.75254993629  1.4166903077e-31
1.79618390842  1.49883213261e-31
1.84090425388  1.58301907706e-31
1.88673802057  1.66930205923e-31
1.93371292981  1.75773326506e-31
1.9818573931  1.84836617977e-31
2.03120052932  1.92654645848e-29
2.08177218234  5.01869327899e-29
2.13360293905  8.1878265781e-29
2.18672414789  1.14358631205e-28
2.24116793778  1.47647673934e-28
2.29696723759  1.81765527947e-28
2.35415579601  2.16732828507e-28
2.41276820199  2.5257072464e-28
2.47283990568  2.89300891931e-28
2.53440723981  3.26945545631e-28
2.59750744173  3.6552745409e-28
2.66217867588  4.05069952535e-28
2.72846005693  4.45596957178e-28
2.79639167337  4.87132979683e-28
2.86601461181  5.29703141993e-28
2.9373709818  5.7333319152e-28
3.01050394131  1.24592816877e-27
3.08545772284  5.35399847252e-27
3.16227766017  9.61702663636e-27
3.24101021575  1.39861932036e-26
3.32170300885  1.84641407466e-26
3.40440484432  2.3053577631e-26
3.48916574214  2.77572796539e-26
3.57603696765  3.25780917224e-26
3.66507106256  3.75189295744e-26
3.75632187674  4.25827815425e-26
3.84984460077  4.77727103606e-26
3.94569579937  5.30918550172e-26
4.04393344553  9.67645561253e-26
4.14461695564  1.89944285321e-25
4.2478072254  2.85443949386e-25
4.35356666667  3.83321308713e-25
4.46195924519  4.83635561779e-25
4.57305051927  5.86447380953e-25
4.68690767949  6.91818949186e-25
4.80359958925  7.99813997627e-25
4.92319682653  9.10497844165e-25
5.04577172647  1.23462246539e-24
5.1713984252  1.92913999606e-24
5.30015290463  2.6409492215e-24
5.43211303844  3.3704806603e-24
5.56735863914  4.11817554986e-24
5.70597150638  4.88448611324e-24
5.84803547643  5.66987583269e-24
5.99363647282  6.5375881401e-24
6.1428625584  8.67793932369e-24
6.29580398853  1.09988255259e-23
6.4525532657  1.33774958071e-23
6.6132051955  1.58153888416e-23
6.77785694388  1.83139791234e-23
6.94660809603  2.08747778573e-23
7.11956071652  2.44028063836e-23
7.29681941106  2.84321801245e-23
7.47849138981  3.25618748765e-23
7.66468653214  3.67943883739e-23
7.85551745316  4.11322805382e-23
8.0510995718  4.56287487835e-23
8.25155118063  5.03837235365e-23
8.45699351738  5.52570848937e-23
8.66755083831  6.02517803763e-23
8.88335049333  6.5370830891e-23
9.10452300303  7.03561389796e-23
9.33120213764  7.51668142458e-23
9.5635249979  8.00972629154e-23
9.80163209803  8.51504670372e-23
10.0456674507  9.01797688374e-23
10.295778654  9.4692811662e-23
10.5521169811  9.93142558959e-23
10.8148374712  1.04050762169e-22
11.0840990237  1.08662427417e-22
11.3600644943  1.12841096572e-22
11.6429007931  1.17123803809e-22
11.9327789861  1.21512659078e-22
12.2298743982  1.25465346693e-22
12.5343667197  1.29352191177e-22
12.8464401144  1.3333580806e-22
13.1662833315  1.37096848481e-22
13.4940898196  1.40646992747e-22
13.8300578436  1.44285526446e-22
14.1743906047  1.47740856999e-22
14.5272963631  1.51008764322e-22
14.8889885645  1.54358034108e-22
15.2596859686  1.5745569717e-22
15.6396127818  1.60483713871e-22
16.0289987924  1.63542418279e-22
16.4280795102  1.6630974862e-22
16.8370963082  1.69131964527e-22
17.2562965694  1.71798392755e-22
17.6859338356  1.74383949822e-22
18.1262679613  1.76940947371e-22
18.5775652707  1.7932469976e-22
19.0400987189  1.81734630203e-22
19.5141480567  1.83951929944e-22
20  1.86216e-22

