1 20000 251
251
1  0
1.04040904696  2.92295824004e-38
1.082450985  5.96403043686e-38
1.12619179768  9.12798946289e-38
1.17170013492  1.24198010578e-37
1.21904742069  1.5844631622e-37
1.26830796516  1.94078563253e-37
1.31955908129  2.3115067543e-37
1.37288120617  2.69720836329e-37
1.4283580273  3.0984958067e-37
1.4860766139  3.51599889327e-37
1.54612755358  3.95037288166e-37
1.6086050945  4.40229950895e-37
1.6736072933  4.87248806054e-37
1.74123616901  5.3616764834e-37
1.81159786313  5.8706325442e-37
1.88480280626  6.40015503437e-37
1.96096589137  6.95107502371e-37
2.04020665416  4.65635700339e-33
2.12264946065  1.42026252287e-32
2.20842370239  2.4134649055e-32
2.29766399949  3.44680164985e-32
2.39051041194  4.52189454722e-32
2.48710865943  5.64043092398e-32
2.58761035005  6.80416628971e-32
2.6921732182  8.01492709248e-32
2.8009613722  9.27461358539e-32
2.91414555182  1.05852028089e-31
3.03190339627  2.71891153256e-30
3.15441972299  1.27154798089e-29
3.28188681771  2.31159998821e-29
3.41450473624  3.39367950594e-29
3.55248161847  4.51948482571e-29
3.69603401502  5.69078286552e-29
3.8453872271  6.90941194282e-29
4.00077566014  8.58461778822e-29
4.16244319166  9.48024293391e-28
4.33064355406  1.84504220486e-27
4.50564073281  2.77830775523e-27
4.68770938077  3.74928567706e-27
4.87713524927  4.75949989133e-27
5.07421563659  1.25665493889e-26
5.27925985453  3.23256852736e-26
5.49258971391  5.28832690081e-26
5.71454002959  7.42715651091e-26
5.945459146  9.65241418717e-26
6.18570948383  2.46603123529e-25
6.43566810884  4.41530124296e-25
6.69572732367  6.44333939391e-25
6.96629528353  8.55332863373e-25
7.24779663678  1.76426386982e-24
7.54067319143  2.80748448314e-24
7.84538460853  3.8928606472e-24
8.1624091236  6.07594431293e-24
8.49224429718  9.39106186551e-24
8.83540779578  1.28401401589e-23
9.19243820431  1.79973175773e-23
9.56389587139  2.4758838676e-23
9.95036378878  3.17935863983e-23
10.3524485064  4.08574287003e-23
10.7707810842  5.05431902829e-23
11.2060180829  6.07509087226e-23
11.6588425938  7.15222495264e-23
12.1299653117  8.25076859076e-23
12.6201256496  9.3333020724e-23
13.1300928996  1.04283711911e-22
13.6606674402  1.1472878963e-22
14.2126819923  1.25090886879e-22
14.7870029263  1.35033331141e-22
15.384531622  1.44559876942e-22
16.0062058827  1.53988775742e-22
16.6530014079  1.62623486301e-22
17.3259333238  1.71095529112e-22
18.0260577771  1.78999153251e-22
18.7544735924  1.78706906261e-22
19.5123239965  1.797821545e-22
20.3007984131  1.82180340374e-22
21.1211343295  1.85857711228e-22
21.9746192385  1.90771186425e-22
22.8625926593  1.96878223128e-22
23.7864482397  2.04136680616e-22
24.7476359436  2.08796395275e-22
25.7476643266  2.12262450273e-22
26.7881029035  2.15471468233e-22
27.8705846117  2.18433317761e-22
28.996808374  2.21157473755e-22
30.1685417653  2.23653034663e-22
31.3876237862  2.25928739259e-22
32.6559677498  2.27992982961e-22
33.9755642841  2.29853833731e-22
35.3484844568  2.31519047579e-22
36.7768830251  2.32996083707e-22
38.2630018183  2.34292119311e-22
39.8091732557  2.35414064086e-22
41.4178240072  2.36368574454e-22
43.0914788025  2.37162067544e-22
44.832764393  2.37800734959e-22
46.6444136747  2.38290556348e-22
48.5292699773  2.38637312828e-22
50.4902915267  2.3884660026e-22
52.5305560881  2.3892384242e-22
54.6532657959  2.38874304089e-22
56.8617521799  2.38703104073e-22
59.159481394  2.38415228178e-22
61.5500596558  2.38015542156e-22
64.0372389068  2.37508804629e-22
66.624922701  2.36899679999e-22
69.3171723311  2.36192751342e-22
72.118213203  2.35392533283e-22
75.032441467  2.3450348482e-22
78.0644309178  2.33530022091e-22
81.2189401726  2.32476531025e-22
84.5009201401  2.31347379834e-22
87.9155217902  2.30146931278e-22
91.4681042388  2.288795546e-22
95.1642431583  2.2754963705e-22
99.009739529  2.26161594844e-22
103.010628743  2.24719883418e-22
107.173190077  2.23229006808e-22
111.503956548  2.21693525933e-22
116.009725165  2.20118065578e-22
120.697567597  2.18507319805e-22
125.574841273  2.1686605554e-22
130.649200932  2.15199114027e-22
135.928610627  2.13511409861e-22
141.421356237  2.11807927286e-22
147.136058463  2.10093713467e-22
153.081686359  2.08373868446e-22
159.267571411  2.06653531549e-22
165.703422184  2.0493786404e-22
172.399339552  2.03232027908e-22
179.36583256  2.01541160749e-22
186.613834911  1.99870346823e-22
194.154722129  1.98224584497e-22
202.000329413  1.96727358079e-22
210.162970211  1.95143390986e-22
218.655455543  1.93598726885e-22
227.491114114  1.92097622888e-22
236.683813228  1.90644050915e-22
246.247980551  1.89241656275e-22
256.198626761  1.87893718155e-22
266.551369101  1.86603113203e-22
277.322455892  1.85372283407e-22
288.528792035  1.84203209378e-22
300.187965542  1.83097390082e-22
312.318275138  1.82055829854e-22
324.938758985  1.81079033405e-22
338.069224556  1.80167009245e-22
351.730279727  1.79319281778e-22
365.943365117  1.78534912098e-22
380.730787743  1.77812527355e-22
396.115756024  1.77150358459e-22
412.122416211  1.76546285959e-22
428.775890281  1.75997894131e-22
446.102315367  1.75502533967e-22
464.128884777  1.75057397207e-22
482.883890678  1.74659607514e-22
502.396768493  1.74306430674e-22
522.698143103  1.74015761219e-22
543.819876914  1.73802059204e-22
565.795119858  1.73664138534e-22
588.658361426  1.73600507917e-22
612.445484796  1.72940640368e-22
637.193823152  1.73079140715e-22
662.942218274  1.73282154697e-22
689.731081504  1.73550473033e-22
717.602457167  1.73884653505e-22
746.600088557  1.74285017754e-22
776.769486596  1.74751650571e-22
808.158001257  1.752844017e-22
840.814895881  1.75882890111e-22
874.791424493  1.76546510668e-22
910.140912246  1.77274443005e-22
946.918839109  1.80112345279e-22
985.182926946  1.81889410781e-22
1024.99323011  1.83517512231e-22
1066.41222967  1.85013642794e-22
1109.50493154  1.86392746139e-22
1154.33896842  1.87668066267e-22
1200.98470601  1.88851422437e-22
1249.51535339  1.89953427341e-22
1300.00707798  1.90983661821e-22
1352.53912504  1.91950815862e-22
1407.19394206  1.9286280321e-22
1464.05730815  1.93726855148e-22
1523.21846867  1.94276178793e-22
1584.7702753  1.94937494205e-22
1648.80933177  1.95530711523e-22
1715.43614549  1.96061088615e-22
1784.75528525  1.96533420094e-22
1856.87554538  1.96952093272e-22
1931.9101165  1.97321135736e-22
2009.97676312  1.97644255974e-22
2091.19800853  1.97924878196e-22
2175.70132706  1.98166172274e-22
2263.61934415  1.98371079582e-22
2355.09004453  1.98542335327e-22
2450.25698873  1.9868248792e-22
2549.26953846  1.98793915804e-22
2652.28309095  1.9887884211e-22
2759.45932292  1.98939347444e-22
2870.96644429  1.98977381082e-22
2986.97946215  1.98994770777e-22
3107.68045551  1.989932314e-22
3233.25886097  1.98974372554e-22
3363.91177012  1.98939705333e-22
3499.84423881  1.98890648331e-22
3641.26960901  1.98828533022e-22
3788.40984363  1.98754608603e-22
3941.49587491  1.98670046378e-22
4100.76796681  1.98575943764e-22
4266.47609215  1.98473327968e-22
4438.88032492  1.98363159392e-22
4618.25124841  1.98246334816e-22
4804.87037999  1.98123690385e-22
4999.03061281  1.97996004446e-22
5201.0366756  1.97864000244e-22
5411.20561086  1.97728348513e-22
5629.8672725  1.97589669971e-22
5857.36484349  1.97448537735e-22
6094.05537452  1.97305479665e-22
6340.31034432  1.97160980649e-22
6596.51624277  1.97015484823e-22
6863.0751774  1.96869397747e-22
7140.40550453  1.96723088517e-22
7428.94248588  1.9657689184e-22
7729.13897165  1.96431110042e-22
8041.46611132  1.96286015034e-22
8366.41409304  1.96141850216e-22
8704.49291301  1.95998832331e-22
9056.2331759  1.95857153252e-22
9422.18692758  1.95716981715e-22
9802.92852161  1.95578464985e-22
10199.0555206  1.95441730455e-22
10611.1896341  1.95306887189e-22
11039.9776943  1.95174027379e-22
11486.0926714  1.95043227749e-22
11950.2347295  1.94914550884e-22
12433.1323259  1.94788046483e-22
12935.5433539  1.94663752553e-22
13458.2563327  1.94541696525e-22
14002.0916449  1.94421896307e-22
14567.9028237  1.94304361264e-22
15156.577893  1.94189093139e-22
15769.0407609  1.94076086905e-22
16406.2526695  1.93965331558e-22
17069.213704  1.93856810844e-22
17758.9643622  1.93750503941e-22
18476.5871871  1.93897172602e-22
19223.2084664  1.93827554466e-22
20000  1.93758743354e-22

