0.1981576 20000 301
301
0.1981576  0
0.205916334045  2.35951005735e-26
0.213978856357  4.81163398354e-26
0.222357061571  7.35976925317e-26
0.23106331005  1.00076751289e-25
0.240110446119  1.27592580651e-25
0.249511817011  1.56185774707e-25
0.259281292566  1.85898516982e-25
0.269433285685  2.16774642669e-25
0.2799827736  2.48859703304e-25
0.290945319964  2.82201033959e-25
0.302337097817  3.16847823083e-25
0.314174913443  3.52851185069e-25
0.326476231166  3.90264235657e-25
0.339259199115  4.29142170305e-25
0.352542675994  4.69542345608e-25
0.366346258912  5.11524363928e-25
0.380690312287  5.55150161314e-25
0.395595997895  6.00484098884e-25
0.411085306086  7.90919677854e-25
0.427181088229  1.04798234623e-24
0.443907090423  1.31511013892e-24
0.461287988532  1.59269714942e-24
0.479349424586  1.88115290171e-24
0.498118044612  2.18090295443e-24
0.517621537947  2.49238952868e-24
0.537888678086  2.81607216044e-24
0.558949365129  3.15242837856e-24
0.580834669899  3.5019544092e-24
0.603576879774  3.91100933434e-24
0.627209546326  4.59133250896e-24
0.651767534817  5.2982933022e-24
0.677287075635  6.03293469298e-24
0.703805817745  6.79634049739e-24
0.731362884236  7.58963696763e-24
0.759998930035  8.41399445361e-24
0.789756201884  9.27062912952e-24
0.820678600674  1.02678448375e-23
0.852811746204  1.13592077448e-23
0.886203044489  1.24933022685e-23
0.920901757693  1.36718015376e-23
0.956959076812  1.48964441916e-23
0.994428197192  1.61690369451e-23
1.03336439701  1.73259793961e-23
1.07382511881  1.84995046286e-23
1.1158700543  1.97189784908e-23
1.15956123232  2.09862000718e-23
1.20496311048  2.23030389031e-23
1.25214267012  2.36714377162e-23
1.30116951523  2.50934153094e-23
1.3521159751  2.65710695255e-23
1.405057211  2.81065803469e-23
1.46007132713  2.97022131121e-23
1.51723948577  3.12632236063e-23
1.57664602709  3.2651658058e-23
1.63837859353  3.40944557724e-23
1.7025282591  3.55937453081e-23
1.76918966379  3.71517385664e-23
1.83846115313  3.87707340539e-23
1.91044492331  4.04531202738e-23
1.98524717196  4.22013792498e-23
2.0629782548  4.36128510416e-23
2.14375284845  4.49809428729e-23
2.22769011963  4.64026014645e-23
2.31491390096  4.78799241887e-23
2.40555287365  4.9415090539e-23
2.49974075732  5.10103653454e-23
2.59761650731  5.21220973668e-23
2.69932451967  5.32758517298e-23
2.80501484418  5.44747806067e-23
2.91484340572  5.57206527767e-23
3.02897223432  5.70483579646e-23
3.14756970419  5.8528999462e-23
3.27081078211  6.006761453e-23
3.39887728558  6.16664730864e-23
3.53195815106  6.32830682872e-23
3.67024971267  6.4815436809e-23
3.81395599191  6.64078042399e-23
3.96328899856  6.80625197988e-23
4.11846904354  6.98938976745e-23
4.2797250639  7.18330063705e-23
4.44729496056  7.38480396268e-23
4.62142594931  7.57286314565e-23
4.80237492552  7.75866310898e-23
4.99040884311  7.95173795101e-23
5.18580510844  8.44092755278e-23
5.38885198953  8.96474931801e-23
5.59984904133  9.29980931814e-23
5.8191075477  9.40591429236e-23
6.0469509806  9.51233163465e-23
6.28371547734  9.60753324822e-23
6.52975033646  9.7034027287e-23
6.78541853308  9.77991105856e-23
7.05109725436  9.85446209591e-23
7.32717845598  9.91031805635e-23
7.61406944041  9.96185854519e-23
7.91219345779  1.00051797227e-22
8.22199033032  1.00394111289e-22
8.54391710118  1.00695726036e-22
8.87844870878  1.00944889051e-22
9.22607868744  1.01188137516e-22
9.5873198955  1.01421556951e-22
9.96270527194  1.01629567606e-22
10.3527886226  1.01809620774e-22
10.7581454373  1.01992757886e-22
11.1793737387  1.0215784394e-22
11.6170949648  1.02294055226e-22
12.0719548854  1.02425416257e-22
12.5446245551  1.02505607625e-22
13.0358013034  1.0258050011e-22
13.546209763  1.02546785717e-22
14.0766029392  1.02499334985e-22
14.627763321  1.02373593321e-22
15.2005040348  1.02212420532e-22
15.7956700448  1.01986081648e-22
16.4141393992  1.02071186217e-22
17.0568245254  1.02261313036e-22
17.7246735765  1.01788941913e-22
18.41867183  1.01366047163e-22
19.139843141  1.0086864628e-22
19.8892514533  1.00212364497e-22
20.6680023686  9.93810796276e-23
21.4772447777  9.83578923869e-23
22.3181725556  9.71250807553e-23
23.1920263226  9.56640526602e-23
24.1000952748  9.4080642273e-23
25.0437190857  9.34031860979e-23
26.0242898833  9.27092698786e-23
27.043254303  9.19993068914e-23
28.1021156227  9.12736999669e-23
29.2024359799  9.05328427075e-23
30.3458386766  8.9777120724e-23
31.5340105744  8.90069128947e-23
32.7687045826  8.82225926513e-23
34.0517422448  8.74245292936e-23
35.3850164257  8.66130893372e-23
36.7704941041  8.57886378988e-23
38.2102192746  8.49515401197e-23
39.7063159629  8.41021626333e-23
41.2609913599  8.32408750786e-23
42.8765390774  8.23680516618e-23
44.5553425321  8.14840727695e-23
46.2998784619  8.05893266346e-23
48.1127205799  7.96842110571e-23
49.9965433712  7.87691351795e-23
51.9541260385  7.78445213173e-23
53.9883566027  7.69108068428e-23
56.1022361632  7.5968446121e-23
58.2988833253  7.50179124917e-23
60.5815388016  7.40597002937e-23
62.9535701926  7.30943269234e-23
65.4184769551  7.2122334917e-23
67.9798955648  7.11442940442e-23
70.6416048814  7.01608033989e-23
73.4075317232  6.91724934663e-23
76.2817566609  6.81800281458e-23
79.268520037  6.7184106702e-23
82.3722282222  6.61854656139e-23
85.5974601156  6.51848802864e-23
88.9489739002  6.41831665849e-23
92.4317140627  6.3181182146e-23
96.050818688  6.21798274166e-23
99.8116270394  6.11800463648e-23
103.719687435  6.01828268035e-23
107.780765436  5.91892002648e-23
112.000852347  5.82002413567e-23
116.386174062  5.72170665363e-23
120.943200242  5.62408322297e-23
125.678653866  5.52727322324e-23
130.599521148  5.43139943287e-23
135.71306184  5.33658760719e-23
141.026819945  5.2429659682e-23
146.54863485  5.15066460258e-23
152.286652884  5.05981476644e-23
158.249339343  4.97054809727e-23
164.445490975  4.88299573571e-23
170.88424896  4.79728736281e-23
177.575112394  4.71355016109e-23
184.527952306  4.63190771088e-23
191.753026215  4.55247883676e-23
199.260993271  4.47537642168e-23
207.062929973  4.40533207756e-23
215.170346515  4.33305685629e-23
223.595203764  4.26340613623e-23
232.349930909  4.19645668182e-23
241.447443794  4.13227371468e-23
250.901163975  4.07091003292e-23
260.725038521  4.01240526925e-23
270.933560589  3.95678530979e-23
281.541790808  3.90406189169e-23
292.565379493  3.85423239408e-23
304.020589741  3.80727983207e-23
315.924321416  3.76317305873e-23
328.294136089  3.72186717548e-23
341.148282942  3.68330414672e-23
354.50572569  3.64741361128e-23
368.386170562  3.61411388059e-23
382.810095373  3.58331311281e-23
397.798779731  3.55491065389e-23
413.374336436  3.52879854114e-23
429.559744097  3.50486317595e-23
446.37888104  3.48298719322e-23
463.856560529  3.4630516005e-23
482.018567376  3.44493837425e-23
500.891695981  3.42853412078e-23
520.503789861  3.41432552147e-23
540.883782729  3.40285489833e-23
562.061741178  3.39406299531e-23
584.068909041  3.38788438812e-23
606.93775348  3.36038454028e-23
630.702012892  3.36127668131e-23
655.396746677  3.36439731975e-23
681.058386963  3.36976815624e-23
707.724792356  3.37740599936e-23
735.43530379  3.38732264319e-23
764.23080257  3.39952478213e-23
794.153770682  3.41401396433e-23
825.248353464  3.43078658435e-23
857.560424741  3.44983391507e-23
891.137654495  3.47114217833e-23
926.029579197  3.49469265297e-23
962.287674886  3.60744174275e-23
999.965433114  3.66480240284e-23
1039.11843986  3.71772612284e-23
1079.80445753  3.76666970649e-23
1122.0835102  3.81204577052e-23
1166.01797212  3.85422889375e-23
1211.67265978  3.8935606444e-23
1259.11492753  3.93035371776e-23
1308.41476693  3.96489536235e-23
1359.64490999  3.99745023279e-23
1412.88093652  4.02826277726e-23
1468.20138561  4.05755924517e-23
1525.6878715  4.07521010538e-23
1585.42520395  4.09747134012e-23
1647.50151344  4.11743691552e-23
1712.00838111  4.13527365052e-23
1779.04097391  4.15113525611e-23
1848.69818499  4.16516372963e-23
1921.08277961  4.17749056365e-23
1996.30154671  4.1882377974e-23
2074.46545652  4.19751893348e-23
2155.6898242  4.20543973898e-23
2240.09448004  4.21209894706e-23
2327.80394617  4.21758887226e-23
2418.94762032  4.22199595129e-23
2513.65996673  4.22540121888e-23
2612.08071446  4.22788072732e-23
2714.35506359  4.22950591688e-23
2820.63389943  4.23034394365e-23
2931.07401509  4.23045797022e-23
3045.83834282  4.22990742416e-23
3165.09619437  4.22874822862e-23
3289.0235108  4.2270330088e-23
3417.80312201  4.22481127754e-23
3551.6250165  4.2221296031e-23
3690.68662165  4.21903176155e-23
3835.19309498  4.21555887613e-23
3985.35762682  4.21174954543e-23
4141.40175482  4.20763996217e-23
4303.55569081  4.20326402403e-23
4472.05866043  4.19865343775e-23
4647.159256  4.19383781762e-23
4829.11580337  4.1888447792e-23
5018.19674292  4.18370002911e-23
5214.6810257  4.17842745142e-23
5418.85852485  4.17304919113e-23
5631.03046334  4.16758573522e-23
5851.50985834  4.16205599152e-23
6080.62198298  4.15647736554e-23
6318.70484627  4.15086583561e-23
6566.10969175  4.14523602618e-23
6823.20151566  4.13960127958e-23
7090.35960544  4.13397372605e-23
7367.97809931  4.12836435215e-23
7656.46656767  4.12278306746e-23
7956.25061743  4.11723876952e-23
8267.77251986  4.11173940693e-23
8591.49186306  4.10629204063e-23
8927.88623003  4.10090290315e-23
9277.45190321  4.09557745584e-23
9640.70459666  4.090320444e-23
10018.1802169  4.08513594992e-23
10410.4356536  4.08002744361e-23
10818.0496009  4.07499783138e-23
11241.6234115  4.0700495021e-23
11681.7819836  4.06518437117e-23
12139.1746831  4.06040392229e-23
12614.476301  4.0557092468e-23
13108.3880497  4.05110108093e-23
13621.6385969  4.04657984064e-23
14154.9851409  4.04214565444e-23
14709.2145275  4.03779839394e-23
15285.1444112  4.03353770237e-23
15883.6244611  4.02936302105e-23
16505.5376143  4.02527361395e-23
17151.8013792  4.02126859031e-23
17823.3691883  4.01734692548e-23
18521.2318052  4.02281718593e-23
19246.4187865  4.02020805202e-23
20000  4.01763228248e-23

