1 20 101
101
1  0
1.03041055791  5.02394580917e-37
1.06174591785  1.02006726133e-36
1.09403420358  1.55348265677e-36
1.12730439408  2.10311951199e-36
1.16158634964  2.66947113062e-36
1.1969108386  3.25304581795e-36
1.23330956497  3.8543673371e-36
1.27081519692  4.47397537913e-36
1.30946139606  5.11242604741e-36
1.34928284767  5.77029235671e-36
1.39031529185  6.4481647475e-36
1.43259555555  7.14665161589e-36
1.47616158565  7.86637985965e-36
1.52105248304  8.60799544084e-36
1.56730853766  9.37216396561e-36
1.61497126471  1.01595712816e-35
1.66408344188  1.09709240933e-35
1.71468914776  1.18069505967e-35
1.76683380139  1.26684011325e-35
1.82056420303  1.35560488597e-35
1.87592857615  1.44706904495e-35
1.93297661076  1.54131468003e-35
1.99175950792  7.65109335912e-34
2.05233002578  4.82017715848e-32
2.11474252688  1.0567092047e-31
2.17905302696  1.64887738236e-31
2.24531924523  2.25905372467e-31
2.31360065617  2.88778586998e-31
2.3839585429  3.5356381106e-31
2.45645605223  4.20319189931e-31
2.53115825126  4.89104637117e-31
2.60813218585  5.59981888127e-31
2.68744694072  6.33014555884e-31
2.76917370155  7.08268187814e-31
2.85338581877  7.85810324675e-31
2.94015887345  8.6571056118e-31
3.02957074514  1.23017693831e-29
3.12170168173  4.77604045315e-29
3.21663437151  8.42973565575e-29
3.31445401734  1.21945417679e-28
3.41524841318  1.60738377344e-28
3.51910802283  2.00711052554e-28
3.62612606115  2.4189931912e-28
3.73639857773  2.84340143851e-28
3.85002454306  3.2807161774e-28
3.96710593738  3.73132990148e-28
4.08774784223  2.000854074e-27
4.21205853471  4.28888025681e-27
4.34014958471  6.64648659235e-27
4.472135955  9.07578905189e-27
4.60813610445  1.15789679546e-26
4.74827209431  1.41582699242e-26
4.89266969782  1.68160099058e-26
5.041458513  2.98132664108e-26
5.19477207907  7.05717546064e-26
5.35274799621  1.12569731168e-25
5.51552804914  1.55844889627e-25
5.68325833429  2.004360698e-25
5.85608939099  2.46383292639e-25
6.03417633655  3.46667621496e-25
6.21767900547  6.72014415624e-25
6.40676209294  1.0084987366e-24
6.6015953026  1.3552157335e-24
6.80235349885  1.71247658771e-24
7.00921686386  2.17097292932e-24
7.22237105921  3.54864245319e-24
7.44200739256  5.01482918921e-24
7.66832298935  6.52560348188e-24
7.9015209697  8.08232126367e-24
8.14181063074  1.08679260235e-23
8.38940763443  1.45837083447e-23
8.64453420113  1.84124896794e-23
8.90741930907  2.23577063906e-23
9.17829889981  2.76352641082e-23
9.45741609003  3.37219726753e-23
9.74502138973  3.99937814458e-23
10.041372927  4.65457901518e-23
10.34673668  5.37970364189e-23
10.661386715  6.12771802359e-23
10.9856054331  6.89661135635e-23
11.3196838233  7.65149948612e-23
11.6639217237  8.42550807813e-23
12.0186280908  9.21499872501e-23
12.3841212763  9.95199768887e-23
12.7607293136  1.07077483355e-22
13.1487902114  1.14489673049e-22
13.5486522576  1.21505652511e-22
13.9606743317  1.28710464151e-22
14.3852262269  1.35304707901e-22
14.8226889821  1.41981701934e-22
15.2734552238  1.48325774843e-22
15.7379295184  1.54504676384e-22
16.2165287354  1.60512260595e-22
16.7096824217  1.66254542118e-22
17.2178331866  1.71868661496e-22
17.7414370999  1.77237696022e-22
18.2809641002  1.82439311138e-22
18.8368984177  1.87485526937e-22
19.4097390079  1.9227382301e-22
20  1.97039e-22

