1 20 101
101
1  0
1.03041055791  1.32909647457e-36
1.06174591785  2.69861151444e-36
1.09403420358  4.10977427075e-36
1.12730439408  5.56385127378e-36
1.16158634964  7.06214756972e-36
1.1969108386  8.60600789193e-36
1.23330956497  1.01968178679e-35
1.27081519692  1.18360052627e-35
1.30946139606  1.35250412608e-35
1.34928284767  1.52654417859e-35
1.39031529185  1.70587688619e-35
1.43259555555  1.89066320148e-35
1.47616158565  2.08106897172e-35
1.52105248304  2.27726508766e-35
1.56730853766  2.47942763694e-35
1.61497126471  2.68773806214e-35
1.66408344188  2.90238332358e-35
1.71468914776  3.12355606718e-35
1.76683380139  3.35145479731e-35
1.82056420303  3.58628405497e-35
1.87592857615  3.82825460136e-35
1.93297661076  4.07758360707e-35
1.99175950792  1.50288202776e-33
2.05233002578  9.39748608851e-32
2.11474252688  2.06003820869e-31
2.17905302696  3.21439644027e-31
2.24531924523  4.40385934971e-31
2.31360065617  5.62949448984e-31
2.3839585429  6.89240187838e-31
2.45645605223  8.19371498519e-31
2.53115825126  9.5346017496e-31
2.60813218585  1.09162656286e-30
2.68744694072  1.2339946677e-30
2.76917370155  1.38069226604e-30
2.85338581877  1.53185102019e-30
2.94015887345  1.68760659638e-30
3.02957074514  2.07500444682e-29
3.12170168173  7.98065257663e-29
3.21663437151  1.40658947609e-28
3.31445401734  2.0336192555e-28
3.41524841318  2.67971736033e-28
3.51910802283  3.34546366899e-28
3.62612606115  4.03145569433e-28
3.73639857773  4.73830911988e-28
3.85002454306  5.46665835246e-28
3.96710593738  6.21715709156e-28
4.08774784223  3.07467971101e-27
4.21205853471  6.51987584244e-27
4.34014958471  1.00698423103e-26
4.472135955  1.37277652391e-26
4.60813610445  1.74969276449e-26
4.74827209431  2.13807123824e-26
4.89266969782  2.53826051805e-26
5.041458513  4.37279768622e-26
5.19477207907  1.00569104132e-25
5.35274799621  1.59138801795e-25
5.51552804914  2.1948963664e-25
5.68325833429  2.81675774044e-25
5.85608939099  3.4575302658e-25
6.03417633655  4.79863483934e-25
6.21767900547  9.03577353755e-25
6.40676209294  1.3417758963e-24
6.6015953026  1.793300301e-24
6.80235349885  2.25855581476e-24
7.00921686386  2.84422256696e-24
7.22237105921  4.5121128805e-24
7.44200739256  6.28554449052e-24
7.66832298935  8.11290714522e-24
7.9015209697  9.99584091776e-24
8.14181063074  1.31655339253e-23
8.38940763443  1.73113971939e-23
8.64453420113  2.15833384775e-23
8.90741930907  2.59851918789e-23
9.17829889981  3.15889541677e-23
9.45741609003  3.79345718404e-23
9.74502138973  4.44731632869e-23
10.041372927  5.12581881493e-23
10.34673668  5.85155022703e-23
10.661386715  6.59979744976e-23
10.9856054331  7.36826593712e-23
11.3196838233  8.10941526221e-23
11.6639217237  8.86790251153e-23
12.0186280908  9.64093485304e-23
12.3841212763  1.03565597846e-22
12.7607293136  1.10900751161e-22
13.1487902114  1.18083440453e-22
13.5486522576  1.24862301722e-22
13.9606743317  1.31823224761e-22
14.3852262269  1.38181063024e-22
14.8226889821  1.44616577616e-22
15.2734552238  1.50724679955e-22
15.7379295184  1.56669021977e-22
16.2165287354  1.62446606136e-22
16.7096824217  1.67966475346e-22
17.2178331866  1.73360349889e-22
17.7414370999  1.78514706811e-22
18.2809641002  1.83505792492e-22
18.8368984177  1.88345200726e-22
19.4097390079  1.92938428616e-22
20  1.9751e-22

