1 20 101
101
1  0
1.03041055791  5.46803118635e-35
1.06174591785  1.11023482517e-34
1.09403420358  1.69080080426e-34
1.12730439408  2.28902211867e-34
1.16158634964  2.905435677e-34
1.1969108386  3.54059471555e-34
1.23330956497  4.19506929482e-34
1.27081519692  4.86944681119e-34
1.30946139606  5.56433252407e-34
1.34928284767  6.28035009916e-34
1.39031529185  7.01814216819e-34
1.43259555555  7.77837090566e-34
1.47616158565  8.56171862318e-34
1.52105248304  9.36888838182e-34
1.56730853766  1.02006046232e-33
1.61497126471  1.10576138194e-33
1.66408344188  1.19406851435e-33
1.71468914776  1.28506111592e-33
1.76683380139  1.37882085326e-33
1.82056420303  1.47543187654e-33
1.87592857615  1.57498089492e-33
1.93297661076  1.6775572545e-33
1.99175950792  2.01052407924e-32
2.05233002578  1.18100820491e-30
2.11474252688  2.58741786644e-30
2.17905302696  4.03659723044e-30
2.24531924523  5.52984694741e-30
2.31360065617  7.06850722137e-30
2.3839585429  8.65395901271e-30
2.45645605223  1.02876252776e-29
2.53115825126  1.1970972245e-29
2.60813218585  1.37055107328e-29
2.68744694072  1.54927975038e-29
2.76917370155  1.73344366626e-29
2.85338581877  1.92320810957e-29
2.94015887345  2.11874339547e-29
3.02957074514  1.54547515942e-28
3.12170168173  5.65844348666e-28
3.21663437151  9.8964894754e-28
3.31445401734  1.42634168071e-27
3.41524841318  1.87631448353e-27
3.51910802283  2.33997121034e-27
3.62612606115  2.81772799688e-27
3.73639857773  3.31001363385e-27
3.85002454306  3.81726995169e-27
3.96710593738  4.33995221716e-27
4.08774784223  1.60130231138e-26
4.21205853471  3.23420032977e-26
4.34014958471  4.91675568791e-26
4.472135955  6.65047849321e-26
4.60813610445  8.43692477628e-26
4.74827209431  1.02776978875e-25
4.89266969782  1.2174449936e-25
5.041458513  1.89344672068e-25
5.19477207907  3.87193836001e-25
5.35274799621  5.91059703391e-25
5.51552804914  8.01125245548e-25
5.68325833429  1.01757899804e-24
5.85608939099  1.24061522991e-24
6.03417633655  1.63377639958e-24
6.21767900547  2.7238993141e-24
6.40676209294  3.85101036269e-24
6.6015953026  5.0123974871e-24
6.80235349885  6.20910304191e-24
7.00921686386  7.60424456599e-24
7.22237105921  1.06649738334e-23
7.44200739256  1.39023782452e-23
7.66832298935  1.72382339314e-23
7.9015209697  2.06755348501e-23
8.14181063074  2.5225080858e-23
8.38940763443  3.06340602409e-23
8.64453420113  3.62075297046e-23
8.90741930907  4.19504914841e-23
9.17829889981  4.81583527144e-23
9.45741609003  5.47102938142e-23
9.74502138973  6.14614830982e-23
10.041372927  6.83379117249e-23
10.34673668  7.49760136369e-23
10.661386715  8.18084818218e-23
10.9856054331  8.88090453458e-23
11.3196838233  9.52284833768e-23
11.6639217237  1.01761671218e-22
12.0186280908  1.08404069399e-22
12.3841212763  1.14398872077e-22
12.7607293136  1.20535323436e-22
13.1487902114  1.2651081377e-22
13.5486522576  1.32092088211e-22
13.9606743317  1.37822217478e-22
14.3852262269  1.43020493116e-22
14.8226889821  1.4827660812e-22
15.2734552238  1.53252848514e-22
15.7379295184  1.58086632498e-22
16.2165287354  1.62778781745e-22
16.7096824217  1.67253658294e-22
17.2178331866  1.71622169999e-22
17.7414370999  1.75790580752e-22
18.2809641002  1.79819963163e-22
18.8368984177  1.837198424e-22
19.4097390079  1.87413396107e-22
20  1.91086e-22

