0.2 20 151
151
0.2  0
0.206235454919  2.20009712863e-36
0.212665314327  4.46878728958e-36
0.219295639229  6.80820902663e-36
0.22613267959  9.22056755758e-36
0.233182880236  1.17081368529e-35
0.240452886923  1.42732617791e-35
0.247949552606  1.69183603096e-35
0.255679943893  1.96459258033e-35
0.263651347711  2.24585293553e-35
0.271871278176  2.53588222206e-35
0.280347483669  2.83495383129e-35
0.289087954149  3.14334967822e-35
0.298100928677  3.46136046714e-35
0.307394903187  3.78928596575e-35
0.316978638492  4.12743528768e-35
0.326861168545  4.47612718387e-35
0.33705180895  4.83569034306e-35
0.34756016575  5.2064637016e-35
0.358396144475  5.58879676294e-35
0.369569959484  5.98304992713e-35
0.381092143593  6.38959483048e-35
0.392973557999  6.80881469591e-35
0.405225402524  7.2411046942e-35
0.417859226171  7.68687231647e-35
0.430886938006  8.1465377583e-35
0.444320818391  8.62053431584e-35
0.458173530554  9.10930879421e-35
0.472458132527  9.6133219287e-35
0.487188089458  1.01330488191e-34
0.502377286302  2.30543765935e-31
0.518040040906  1.64025203897e-30
0.534191117512  3.10865928172e-30
0.550845740668  4.62284746028e-30
0.568019609583  6.18424389948e-30
0.585728912925  7.79432042421e-30
0.60399034408  9.45459474686e-30
0.622821116889  1.1166631898e-29
0.642238981873  1.29320457015e-29
0.662262242965  1.47525002959e-29
0.682909774767  1.66297117031e-29
0.704201040337  1.85654494457e-29
0.72615610954  2.05615382156e-29
0.748795677965  2.26198595931e-29
0.772141086431  2.47423538214e-29
0.796214341107  2.69310216351e-29
0.821038134255  2.91879261462e-29
0.846635865618  3.1515194789e-29
0.87303166448  3.39150213253e-29
0.900250412412  3.63896679126e-29
0.928317766723  3.89414672359e-29
0.957260184645  4.15728247075e-29
0.987104948279  4.42862207336e-29
1.0178801903  4.45291730999e-27
1.0496149205  1.22755137497e-26
1.08233905309  2.03419974267e-26
1.11608343495  2.86599720803e-26
1.15087987467  3.72372785137e-26
1.18676117255  4.60820019851e-26
1.2237611515  5.52024798288e-26
1.26191468896  6.46073093147e-26
1.30125774973  7.43053557519e-26
1.34182741991  8.4305760846e-26
1.38366194184  9.46179513157e-26
1.42680075014  1.05251647779e-25
1.47128450892  1.16216873918e-25
1.51715515006  1.27523965922e-25
1.56445591277  1.39183582239e-25
1.61323138435  1.51206713615e-25
1.66352754221  1.6360469346e-25
1.71539179718  1.76389208527e-25
1.76887303828  1.8957230993e-25
1.82402167871  2.03166424506e-25
1.88088970345  2.17184366525e-25
1.93953071822  2.31639349772e-25
2  2.71977219635e-25
2.06235454919  6.6484151416e-25
2.12665314327  1.0961793736e-24
2.19295639229  1.54096517193e-24
2.2613267959  1.99961817923e-24
2.33182880236  2.47257073728e-24
2.40452886923  2.9602686671e-24
2.47949552606  3.4631716892e-24
2.55679943893  3.98175385692e-24
2.63651347711  4.51650400327e-24
2.71871278176  5.06792620178e-24
2.80347483669  5.63654024158e-24
2.89087954149  6.22288211744e-24
2.98100928677  6.83124599817e-24
3.07394903187  8.74886006981e-24
3.16978638492  1.10738166566e-23
3.26861168545  1.34712590533e-23
3.3705180895  1.59434471699e-23
3.4756016575  1.84927113743e-23
3.58396144475  2.11214546888e-23
3.69569959484  2.38321550555e-23
3.81092143593  2.66273676718e-23
3.92973557999  2.95097273994e-23
4.05225402524  3.27378601632e-23
4.17859226171  3.64214788562e-23
4.30886938006  4.02199427406e-23
4.44320818391  4.41368323767e-23
4.58173530554  4.81758399564e-23
4.72458132527  5.23407727846e-23
4.87188089458  5.66355568672e-23
5.02377286302  6.09131557906e-23
5.18040040906  6.45556498486e-23
5.34191117512  6.83020374269e-23
5.50845740668  7.21652271595e-23
5.68019609583  7.61488606192e-23
5.85728912925  8.02566929132e-23
6.0399034408  8.42476773723e-23
6.22821116889  8.74705520439e-23
6.42238981873  9.07919778494e-23
6.62262242965  9.42169566592e-23
6.82909774767  9.77487169738e-23
7.04201040337  1.0119201755e-22
7.2615610954  1.03933143737e-22
7.48795677965  1.06755845129e-22
7.72141086431  1.09666550656e-22
7.96214341107  1.12660348186e-22
8.21038134255  1.15107696697e-22
8.46635865618  1.17501852511e-22
8.7303166448  1.19970651579e-22
9.00250412412  1.22473956889e-22
9.28317766723  1.24508375458e-22
9.57260184645  1.26568207341e-22
9.87104948279  1.28692259169e-22
10.178801903  1.30589298023e-22
10.496149205  1.32327409196e-22
10.8233905309  1.34119709938e-22
11.1608343495  1.35779391875e-22
11.5087987467  1.37277378605e-22
11.8676117255  1.38822068478e-22
12.237611515  1.40206057051e-22
12.6191468896  1.41513197244e-22
13.0125774973  1.42838459757e-22
13.4182741991  1.43957797193e-22
13.8366194184  1.45097787915e-22
14.2680075014  1.46125648308e-22
14.7128450892  1.47092725224e-22
15.1715515006  1.48019102193e-22
15.6445591277  1.48852068624e-22
16.1323138435  1.49667605738e-22
16.6352754221  1.5038834968e-22
17.1539179718  1.5108785175e-22
17.6887303828  1.5170235121e-22
18.2402167871  1.52312948277e-22
18.8088970345  1.52911768577e-22
19.3953071822  1.53469962385e-22
20  1.54016e-22

