1 20 101
101
1  0
1.03041055791  5.5587458806e-38
1.06174591785  1.12865363247e-37
1.09403420358  1.71885120718e-37
1.12730439408  2.32699701942e-37
1.16158634964  2.9536368851e-37
1.1969108386  3.5993332187e-37
1.23330956497  4.26466553805e-37
1.27081519692  4.95023098443e-37
1.30946139606  5.65664485851e-37
1.34928284767  6.38454117263e-37
1.39031529185  7.13457321975e-37
1.43259555555  7.90741415988e-37
1.47616158565  8.70375762418e-37
1.52105248304  9.52431833752e-37
1.56730853766  1.03698327599e-36
1.61497126471  1.12410597477e-36
1.66408344188  1.21387812342e-36
1.71468914776  1.30638029319e-36
1.76683380139  1.40169550556e-36
1.82056420303  1.49990930671e-36
1.87592857615  1.60110984435e-36
1.93297661076  1.7053879468e-36
1.99175950792  1.76355100106e-34
2.05233002578  1.12346339296e-32
2.11474252688  2.46316752698e-32
2.17905302696  3.84361281116e-32
2.24531924523  5.26603820659e-32
2.31360065617  6.73172035188e-32
2.3839585429  8.24197470894e-32
2.45645605223  9.79815674358e-32
2.53115825126  1.14016631421e-31
2.60813218585  1.30539330648e-31
2.68744694072  1.47564494377e-31
2.76917370155  1.65107402833e-31
2.85338581877  1.83183800923e-31
2.94015887345  2.01809912364e-31
3.02957074514  4.04363313645e-30
3.12170168173  1.59732392461e-29
3.21663437151  2.82656313333e-29
3.31445401734  4.09318419219e-29
3.41524841318  5.39832390411e-29
3.51910802283  6.74315364283e-29
3.62612606115  8.12888040419e-29
3.73639857773  9.55674788948e-29
3.85002454306  1.10280376216e-28
3.96710593738  1.25440700954e-28
4.08774784223  8.06410481814e-28
4.21205853471  1.76509329913e-27
4.34014958471  2.75293019579e-27
4.472135955  3.7708077636e-27
4.60813610445  4.81963955613e-27
4.74827209431  5.90036690862e-27
4.89266969782  7.01395978286e-27
5.041458513  1.3250753585e-26
5.19477207907  3.32534687634e-26
5.35274799621  5.386447767e-26
5.51552804914  7.51022788567e-26
5.68325833429  9.69859334263e-26
5.85608939099  1.1953508214e-25
6.03417633655  1.73182309492e-25
6.21767900547  3.56000671746e-25
6.40676209294  5.45093024286e-25
6.6015953026  7.39935780765e-25
6.80235349885  9.40703814173e-25
7.00921686386  1.20898559662e-24
7.22237105921  2.10054178352e-24
7.44200739256  3.05089062704e-24
7.66832298935  4.03014010909e-24
7.9015209697  5.03916911422e-24
8.14181063074  7.09125516613e-24
8.38940763443  9.93015784296e-24
8.64453420113  1.28553931341e-23
8.90741930907  1.58695864624e-23
9.17829889981  2.04009392295e-23
9.45741609003  2.58327830449e-23
9.74502138973  3.14298122612e-23
10.041372927  3.73841701087e-23
10.34673668  4.45652810409e-23
10.661386715  5.19823060609e-23
10.9856054331  5.96246969292e-23
11.3196838233  6.74956951293e-23
11.6639217237  7.56056646734e-23
12.0186280908  8.38962594805e-23
12.3841212763  9.18121993736e-23
12.7607293136  9.99388735663e-23
13.1487902114  1.07944785778e-22
13.5486522576  1.15584550033e-22
13.9606743317  1.23431224388e-22
14.3852262269  1.30656687038e-22
14.8226889821  1.37979813561e-22
15.2734552238  1.44955486305e-22
15.7379295184  1.51762357092e-22
16.2165287354  1.58389508296e-22
16.7096824217  1.64735903084e-22
17.2178331866  1.70943971002e-22
17.7414370999  1.76885828209e-22
18.2809641002  1.82644813064e-22
18.8368984177  1.88234176691e-22
19.4097390079  1.93542803076e-22
20  1.98828e-22

