0.2 20 151
151
0.2  0
0.206235454919  1.89055875405e-41
0.212665314327  3.84005997751e-41
0.219295639229  5.85034133593e-41
0.22613267959  7.92329778827e-41
0.233182880236  1.00608833731e-40
0.240452886923  1.22651130508e-40
0.247949552606  1.45380646023e-40
0.255679943893  1.68818805885e-40
0.263651347711  1.92987703693e-40
0.271871278176  2.17910121865e-40
0.280347483669  2.43609553111e-40
0.289087954149  2.70110222583e-40
0.298100928677  2.97437110703e-40
0.307394903187  3.25615976718e-40
0.316978638492  3.54673382976e-40
0.326861168545  3.84636719969e-40
0.33705180895  4.15534232146e-40
0.34756016575  4.47395044545e-40
0.358396144475  4.80249190241e-40
0.369569959484  5.14127638659e-40
0.381092143593  5.49062324766e-40
0.392973557999  5.85086179174e-40
0.405225402524  6.22233159183e-40
0.417859226171  6.60538280789e-40
0.430886938006  7.00037651688e-40
0.444320818391  7.40768505321e-40
0.458173530554  7.82769235962e-40
0.472458132527  8.26079434915e-40
0.487188089458  8.70739927833e-40
0.502377286302  1.96702398151e-34
0.518040040906  1.40002711536e-33
0.534191117512  2.65345722768e-33
0.550845740668  3.94596587478e-33
0.568019609583  5.2787714189e-33
0.585728912925  6.65313020744e-33
0.60399034408  8.07033775732e-33
0.622821116889  9.53172997614e-33
0.642238981873  1.10386844215e-32
0.662262242965  1.25926215993e-32
0.682909774767  1.41950063033e-32
0.704201040337  1.58473489951e-32
0.72615610954  1.75512072288e-32
0.748795677965  1.93081871185e-32
0.772141086431  2.11199448527e-32
0.796214341107  2.29881882553e-32
0.821038134255  2.49146783954e-32
0.846635865618  2.69012312476e-32
0.87303166448  2.89497194036e-32
0.900250412412  3.10620738374e-32
0.928317766723  3.32402857253e-32
0.957260184645  3.54864083234e-32
0.987104948279  3.78025589026e-32
1.0178801903  9.32634549117e-29
1.0496149205  2.58723615921e-28
1.08233905309  4.29342373804e-28
1.11608343495  6.05280559552e-28
1.15087987467  7.86704018429e-28
1.18676117255  9.737837663e-28
1.2237611515  1.16669615084e-27
1.26191468896  1.36562301777e-27
1.30125774973  1.57075188225e-27
1.34182741991  1.78227610567e-27
1.38366194184  2.00039507788e-27
1.42680075014  2.22531440518e-27
1.47128450892  2.45724610411e-27
1.51715515006  2.69640880131e-27
1.56445591277  2.94302793959e-27
1.61323138435  3.19733599046e-27
1.66352754221  3.45957267327e-27
1.71539179718  3.72998518115e-27
1.76887303828  4.00882841403e-27
1.82402167871  4.29636521896e-27
1.88088970345  4.59286663781e-27
1.93953071822  4.89861216281e-27
2  7.64431198677e-27
2.06235454919  4.40445064646e-26
2.12665314327  8.40857557214e-26
2.19295639229  1.25375382001e-25
2.2613267959  1.67952306297e-25
2.33182880236  2.11856663054e-25
2.40452886923  2.57129837997e-25
2.47949552606  3.03814507146e-25
2.55679943893  3.51954677045e-25
2.63651347711  4.0159572624e-25
2.71871278176  4.52784448057e-25
2.80347483669  5.0556909471e-25
2.89087954149  5.59999422786e-25
2.98100928677  6.17505283561e-25
3.07394903187  1.15220926317e-24
3.16978638492  1.8316411815e-24
3.26861168545  2.53225593532e-24
3.3705180895  3.2547139477e-24
3.4756016575  3.99969623192e-24
3.58396144475  4.76790503337e-24
3.69569959484  5.56006449158e-24
3.81092143593  6.37692132274e-24
3.92973557999  7.21924552362e-24
4.05225402524  8.81824794727e-24
4.17859226171  1.14798939046e-23
4.30886938006  1.42245227288e-23
4.44320818391  1.70547215995e-23
4.58173530554  1.99731583576e-23
4.72458132527  2.29825840199e-23
4.87188089458  2.60858353724e-23
5.02377286302  2.94315308705e-23
5.18040040906  3.36225812893e-23
5.34191117512  3.79536216897e-23
5.50845740668  4.2419692126e-23
5.68019609583  4.70250024665e-23
5.85728912925  5.17738938322e-23
6.0399034408  5.6533515387e-23
6.22821116889  6.09410782788e-23
6.42238981873  6.54849751922e-23
6.62262242965  7.01705384273e-23
6.82909774767  7.50021847541e-23
7.04201040337  7.97713255671e-23
7.2615610954  8.38202185289e-23
7.48795677965  8.79911741385e-23
7.72141086431  9.22921687764e-23
7.96214341107  9.67172635301e-23
8.21038134255  1.00445208049e-22
8.46635865618  1.04120351134e-22
8.7303166448  1.07910075164e-22
9.00250412412  1.11758485511e-22
9.28317766723  1.14960952492e-22
9.57260184645  1.18210028328e-22
9.87104948279  1.21560401494e-22
10.178801903  1.24612389476e-22
10.496149205  1.27459946816e-22
10.8233905309  1.30396283234e-22
11.1608343495  1.33163132469e-22
11.5087987467  1.35720670789e-22
11.8676117255  1.38357946182e-22
12.237611515  1.40754292975e-22
12.6191468896  1.43039689869e-22
13.0125774973  1.45363119465e-22
13.4182741991  1.47396058302e-22
13.8366194184  1.49471468935e-22
14.2680075014  1.51396643198e-22
14.7128450892  1.53246722726e-22
15.1715515006  1.55042631113e-22
15.6445591277  1.56701468861e-22
16.1323138435  1.58342692195e-22
16.6352754221  1.59843026584e-22
17.1539179718  1.61325491762e-22
17.6887303828  1.62696215971e-22
18.2402167871  1.64025119316e-22
18.8088970345  1.65282471343e-22
19.3953071822  1.66456478953e-22
20  1.67606e-22

