0.2 20000 301
301
0.2  0
0.207824460767  7.43892297682e-39
0.215955032466  1.51688737585e-38
0.22440369086  2.32012380234e-38
0.233182880236  3.15478468835e-38
0.242305531726  4.02209943114e-38
0.251785082359  4.92334552482e-38
0.261635494852  5.85985044201e-38
0.271871278176  6.83299358912e-38
0.282507508925  7.8442083381e-38
0.293559853524  8.89498413773e-38
0.305044591308  9.98686870745e-38
0.316978638492  1.11214703171e-37
0.329379573097  1.23004601556e-37
0.342265660832  1.35255747928e-37
0.355655882008  1.47986187371e-37
0.369569959484  1.61214670933e-37
0.384028387728  1.74960683249e-37
0.399052462994  1.89244471235e-37
0.414664314697  2.04087073915e-37
0.430886938006  2.19510353406e-37
0.447744227714  2.35537027124e-37
0.465261013431  2.5219070124e-37
0.483463096161  2.69495905455e-37
0.502377286302  5.83908529813e-33
0.522031443137  5.41112233274e-32
0.542454515866  1.04271878607e-31
0.563676586253  1.56394934284e-31
0.585728912925  2.10557163981e-31
0.608643977422  2.66838344885e-31
0.632455532034  3.25321375249e-31
0.65719864952  3.86092396495e-31
0.682909774767  4.492409201e-31
0.709626778467  5.14859959431e-31
0.737389012904  5.83046166757e-31
0.766237369911  6.53899975602e-31
0.796214341107  7.27525748686e-31
0.827364080478  8.04031931634e-31
0.859732469416  8.83531212717e-31
0.893367184302  9.66140688828e-31
0.928317766723  1.05198203796e-30
0.964635696448  1.14118169844e-30
1.00237446725  8.07723159497e-29
1.04158966572  1.3944752505e-27
1.08233905309  2.7595732704e-27
1.12468265038  4.17807706981e-27
1.16868282675  5.65207600585e-27
1.21440439138  7.18374117611e-27
1.26191468896  8.77532861654e-27
1.31128369884  1.04291826244e-26
1.36258413812  1.21477392112e-26
1.41589156877  1.3933529691e-26
1.47128450892  1.57891844086e-26
1.52884454851  1.77174366138e-26
1.58865646945  1.97211264876e-26
1.65080837054  2.18032053255e-26
1.71539179718  2.39667398843e-26
1.78250187627  2.62149168995e-26
1.85223745626  2.85510477789e-26
1.9247012528  3.09785734804e-26
2  3.35010695799e-26
2.07824460767  1.86909242979e-25
2.15955032466  3.46319097548e-25
2.2440369086  5.11965432882e-25
2.33182880236  6.84092234476e-25
2.42305531726  8.629530331e-25
2.51785082359  1.04881127823e-24
2.61635494852  1.2419407261e-24
2.71871278176  1.44262584291e-24
2.82507508925  1.65116222383e-24
2.93559853524  1.86785702841e-24
3.05044591308  2.66175659204e-24
3.16978638492  4.24118258571e-24
3.29379573097  5.88239936298e-24
3.42265660832  7.58782432167e-24
3.55655882008  9.35996943377e-24
3.69569959484  1.12014449454e-23
3.84028387728  1.31149632215e-23
3.99052462994  1.51033427409e-23
4.14664314697  1.89721607344e-23
4.30886938006  2.31133711211e-23
4.47744227714  2.74165951988e-23
4.65261013431  3.18881713163e-23
4.83463096161  3.65346857933e-23
5.02377286302  4.13613717388e-23
5.22031443137  4.63652447296e-23
5.42454515866  5.15648807599e-23
5.63676586253  5.69679385307e-23
5.85728912925  6.25823763693e-23
6.08643977422  6.79776597317e-23
6.32455532034  7.28312167847e-23
6.5719864952  7.78746561714e-23
6.82909774767  8.31154065262e-23
7.09626778467  8.80953814113e-23
7.37389012904  9.24108973282e-23
7.66237369911  9.68952461699e-23
7.96214341107  1.0155503307e-22
8.27364080478  1.05410394593e-22
8.59732469416  1.09274738391e-22
8.93367184302  1.13290264221e-22
9.28317766723  1.16696479639e-22
9.64635696448  1.20049417011e-22
10.0237446725  1.23486210605e-22
10.4158966572  1.2632514812e-22
10.8233905309  1.29275151411e-22
11.2468265038  1.31981295422e-22
11.6868282675  1.34526187775e-22
12.1440439138  1.37011564107e-22
12.6191468896  1.39234785212e-22
13.1128369884  1.41447967907e-22
13.6258413812  1.43407471574e-22
14.1589156877  1.45337172612e-22
14.7128450892  1.47081900192e-22
15.2884454851  1.48741411569e-22
15.8865646945  1.50307082177e-22
16.5080837054  1.51709974114e-22
17.1539179718  1.53058963996e-22
17.8250187627  1.54272056459e-22
18.5223745626  1.53876046254e-22
19.247012528  1.5301911558e-22
20  1.52253598029e-22
20.7824460767  1.51555378347e-22
21.5955032466  1.50899707482e-22
22.440369086  1.50261133466e-22
23.3182880236  1.49613430232e-22
24.2305531726  1.49138921657e-22
25.1785082359  1.49233257089e-22
26.1635494852  1.49261086185e-22
27.1871278176  1.49224668176e-22
28.2507508925  1.49126177287e-22
29.3559853524  1.48967706909e-22
30.5044591308  1.48751273702e-22
31.6978638492  1.48478821631e-22
32.9379573097  1.48152225955e-22
34.2265660832  1.47773297173e-22
35.5655882008  1.47343784932e-22
36.9569959484  1.46865381909e-22
38.4028387728  1.4633972768e-22
39.9052462994  1.45768412575e-22
41.4664314697  1.45152981541e-22
43.0886938006  1.44494938009e-22
44.7744227714  1.43795747781e-22
46.5261013431  1.4305684295e-22
48.3463096161  1.42279625844e-22
50.2377286302  1.41465473024e-22
52.2031443137  1.40615739326e-22
54.2454515866  1.39731761963e-22
56.3676586253  1.38814864684e-22
58.5728912925  1.37866362002e-22
60.8643977422  1.36887563488e-22
63.2455532034  1.3587977813e-22
65.719864952  1.3484431876e-22
68.2909774767  1.33782506537e-22
70.9626778467  1.32695675479e-22
73.7389012904  1.31585177038e-22
76.6237369911  1.30452384683e-22
79.6214341107  1.29298698486e-22
82.7364080478  1.28125549669e-22
85.9732469416  1.26934405079e-22
89.3367184302  1.25726771545e-22
92.8317766723  1.24504200068e-22
96.4635696448  1.23268289768e-22
100.237446725  1.22020691533e-22
104.158966572  1.20763111271e-22
108.233905309  1.19497312679e-22
112.468265038  1.18225119419e-22
116.868282675  1.16948416591e-22
121.440439138  1.15669151376e-22
126.191468896  1.14389332717e-22
131.128369884  1.13111029906e-22
136.258413812  1.11836369929e-22
141.589156877  1.10567533455e-22
147.128450892  1.0930674931e-22
152.884454851  1.08056287358e-22
158.865646945  1.06818449661e-22
165.080837054  1.05595559886e-22
171.539179718  1.04389950902e-22
178.250187627  1.03203950603e-22
185.223745626  1.02039866013e-22
192.47012528  1.00899965816e-22
200  9.98596352033e-23
207.824460767  9.87728382826e-23
215.955032466  9.77167020245e-23
224.40369086  9.66931342804e-23
233.182880236  9.57039025232e-23
242.305531726  9.47506132185e-23
251.785082359  9.38346922428e-23
261.635494852  9.29573668836e-23
271.871278176  9.21196499491e-23
282.507508925  9.13223264885e-23
293.559853524  9.05659435727e-23
305.044591308  8.98508035171e-23
316.978638492  8.91769608463e-23
329.379573097  8.85442232049e-23
342.265660832  8.79521563222e-23
355.655882008  8.74000930456e-23
369.569959484  8.6887146381e-23
384.028387728  8.64122264217e-23
399.052462994  8.59740610371e-23
414.664314697  8.55712202412e-23
430.886938006  8.52021443124e-23
447.744227714  8.48651760903e-23
465.261013431  8.45585986622e-23
483.463096161  8.42806817379e-23
502.377286302  8.40297943643e-23
522.031443137  8.38157782254e-23
542.454515866  8.3646491888e-23
563.676586253  8.35211415945e-23
585.728912925  8.3438791156e-23
608.643977422  8.29980544011e-23
632.455532034  8.3032847049e-23
657.19864952  8.31046517027e-23
682.909774767  8.32138383888e-23
709.626778467  8.33606675215e-23
737.389012904  8.35452879168e-23
766.237369911  8.37677358766e-23
796.214341107  8.40279353598e-23
827.364080478  8.43256992381e-23
859.732469416  8.46607316086e-23
893.367184302  8.50326311156e-23
928.317766723  8.54408952129e-23
964.635696448  8.73654428267e-23
1002.37446725  8.83189172104e-23
1041.58966572  8.91955521803e-23
1082.33905309  9.00037694456e-23
1124.68265038  9.07510541015e-23
1168.68282675  9.14441025593e-23
1214.40439138  9.20889408064e-23
1261.91468896  9.26910197451e-23
1311.28369884  9.32552926397e-23
1362.58413812  9.37862784613e-23
1415.89156877  9.42881140212e-23
1471.28450892  9.47645971206e-23
1528.84454851  9.5050399544e-23
1588.65646945  9.54118036326e-23
1650.80837054  9.57360095185e-23
1715.39179718  9.6025809508e-23
1782.50187627  9.62837597905e-23
1852.23745626  9.6512207689e-23
1924.7012528  9.67133150116e-23
2000  9.68890781369e-23
2078.24460767  9.70413453499e-23
2159.55032466  9.71718318488e-23
2244.0369086  9.72821327701e-23
2331.82880236  9.73737345215e-23
2423.05531726  9.74480246621e-23
2517.85082359  9.75063005353e-23
2616.35494852  9.75497768259e-23
2718.71278176  9.75795921882e-23
2825.07508925  9.75968150732e-23
2935.59853524  9.76024488614e-23
3050.44591308  9.75974363975e-23
3169.78638492  9.75826640078e-23
3293.79573097  9.75589650724e-23
3422.65660832  9.75271232135e-23
3556.55882008  9.74878751547e-23
3695.69959484  9.74419132988e-23
3840.28387728  9.7389888065e-23
3990.52462994  9.73324100208e-23
4146.64314697  9.72700518412e-23
4308.86938006  9.72033501212e-23
4477.44227714  9.71328070637e-23
4652.61013431  9.70588920645e-23
4834.63096161  9.69820432096e-23
5023.77286302  9.69026686987e-23
5220.31443137  9.68211482075e-23
5424.54515866  9.67378341978e-23
5636.76586253  9.66530531818e-23
5857.28912925  9.65671069496e-23
6086.43977422  9.64802737606e-23
6324.55532034  9.63928095057e-23
6571.9864952  9.63049488406e-23
6829.09774767  9.6216906292e-23
7096.26778467  9.61288773385e-23
7373.89012904  9.60410394655e-23
7662.37369911  9.59535531933e-23
7962.14341107  9.58665630802e-23
8273.64080478  9.57801986971e-23
8597.32469416  9.56945755743e-23
8933.67184302  9.56097961192e-23
9283.17766723  9.55259505034e-23
9646.35696448  9.54431175188e-23
10023.7446725  9.53613654015e-23
10415.8966572  9.52807526225e-23
10823.3905309  9.52013286455e-23
11246.8265038  9.51231346492e-23
11686.8282675  9.50462042164e-23
12144.0439138  9.4970563988e-23
12619.1468896  9.48962342821e-23
13112.8369884  9.48232296789e-23
13625.8413812  9.47515595714e-23
14158.9156877  9.46812286824e-23
14712.8450892  9.4612237549e-23
15288.4454851  9.45445829738e-23
15886.5646945  9.44782584461e-23
16508.0837054  9.44132545319e-23
17153.9179718  9.4349559235e-23
17825.0187627  9.42871583299e-23
18522.3745626  9.43759499053e-23
19247.012528  9.43346146932e-23
20000  9.42937840408e-23

