1 20000 251
251
1  0
1.04040904696  8.06552454609e-40
1.082450985  1.64569692523e-39
1.12619179768  2.51875042418e-39
1.17170013492  3.42708318296e-39
1.21904742069  4.37212080284e-39
1.26830796516  5.35534649229e-39
1.31955908129  6.37830339479e-39
1.37288120617  7.4425970108e-39
1.4283580273  8.54989771753e-39
1.4860766139  9.70194339051e-39
1.54612755358  1.09005421312e-38
1.6086050945  1.21475751047e-38
1.6736072933  1.34449994921e-38
1.74123616901  1.47948515626e-38
1.81159786313  1.61992498688e-38
1.88480280626  1.7660398572e-38
1.96096589137  1.91805909019e-38
2.04020665416  4.51933908575e-34
2.12264946065  1.3785729195e-33
2.20842370239  2.34265652972e-33
2.29766399949  3.34569783983e-33
2.39051041194  4.38927109334e-33
2.48710865943  5.47501414746e-33
2.58761035005  6.60463104364e-33
2.6921732182  7.77989468202e-33
2.8009613722  9.00264960396e-33
2.91414555182  1.0274814887e-32
3.03190339627  4.85412328328e-31
3.15441972299  2.30634311293e-30
3.28188681771  4.20085597511e-30
3.41450473624  6.17192429651e-30
3.55248161847  8.22264161027e-30
3.69603401502  1.03562264563e-29
3.8453872271  1.25760274325e-29
4.00077566014  1.59583457235e-29
4.16244319166  2.41963896435e-28
4.33064355406  4.77102116058e-28
4.50564073281  7.21742047041e-28
4.68770938077  9.76267644482e-28
4.87713524927  1.24107837874e-27
5.07421563659  3.80778954137e-27
5.27925985453  1.04245994666e-26
5.49258971391  1.73087883747e-26
5.71454002959  2.44711607958e-26
5.945459146  3.19229578603e-26
6.18570948383  9.23102397915e-26
6.43566810884  1.71220502985e-25
6.69572732367  2.5331945471e-25
6.96629528353  3.38735946831e-25
7.24779663678  7.75488809042e-25
7.54067319143  1.27912100182e-24
7.84538460853  1.80310449153e-24
8.1624091236  3.03064621106e-24
8.49224429718  4.98368108346e-24
8.83540779578  7.01563623374e-24
9.19243820431  1.05706507028e-23
9.56389587139  1.55515648207e-23
9.95036378878  2.07337529312e-23
10.3524485064  2.8699095436e-23
10.7707810842  3.73634240886e-23
11.2060180829  4.7059847544e-23
11.6588425938  5.79375345506e-23
12.1299653117  6.92212773637e-23
12.6201256496  8.08694917481e-23
13.1300928996  9.2738718577e-23
13.6606674402  1.04329034524e-22
14.2126819923  1.15888445876e-22
14.7870029263  1.27086210856e-22
15.384531622  1.37898687801e-22
16.0062058827  1.48652113282e-22
16.6530014079  1.58481723597e-22
17.3259333238  1.68114460426e-22
18.0260577771  1.77085658196e-22
18.7544735924  1.76723233652e-22
19.5123239965  1.77966266935e-22
20.3007984131  1.80767221847e-22
21.1211343295  1.85079677336e-22
21.9746192385  1.90858186707e-22
22.8625926593  1.98058135845e-22
23.7864482397  2.06635600293e-22
24.7476359436  2.12179776462e-22
25.7476643266  2.16331437441e-22
26.7881029035  2.20191239543e-22
27.8705846117  2.23770446385e-22
28.996808374  2.27079871631e-22
30.1685417653  2.3012989855e-22
31.3876237862  2.32930499001e-22
32.6559677498  2.35491251902e-22
33.9755642841  2.37821361199e-22
35.3484844568  2.39929673372e-22
36.7768830251  2.4182469452e-22
38.2630018183  2.43514607037e-22
39.8091732557  2.45007285942e-22
41.4178240072  2.46310314864e-22
43.0914788025  2.47431001736e-22
44.832764393  2.48376394226e-22
46.6444136747  2.49153294923e-22
48.5292699773  2.4976827633e-22
50.4902915267  2.50227695676e-22
52.5305560881  2.50537709581e-22
54.6532657959  2.50704288606e-22
56.8617521799  2.50733231696e-22
59.159481394  2.50630180557e-22
61.5500596558  2.50400633973e-22
64.0372389068  2.50049962065e-22
66.624922701  2.4958342053e-22
69.3171723311  2.49006164828e-22
72.118213203  2.48323264325e-22
75.032441467  2.47539716382e-22
78.0644309178  2.46660460346e-22
81.2189401726  2.45690391414e-22
84.5009201401  2.44634374312e-22
87.9155217902  2.43497256719e-22
91.4681042388  2.42283882341e-22
95.1642431583  2.40999103529e-22
99.009739529  2.39647793304e-22
103.010628743  2.38234856626e-22
107.173190077  2.3676524074e-22
111.503956548  2.35243944358e-22
116.009725165  2.33676025466e-22
120.697567597  2.32066607483e-22
125.574841273  2.3042088348e-22
130.649200932  2.28744118154e-22
135.928610627  2.27041647254e-22
141.421356237  2.25318874111e-22
147.136058463  2.23581262976e-22
153.081686359  2.21834328858e-22
159.267571411  2.20083623606e-22
165.703422184  2.1833471802e-22
172.399339552  2.16593179868e-22
179.36583256  2.14864547765e-22
186.613834911  2.13154300983e-22
194.154722129  2.11467825422e-22
202.000329413  2.0993491584e-22
210.162970211  2.08308685798e-22
218.655455543  2.06721583499e-22
227.491114114  2.05178204346e-22
236.683813228  2.03682841004e-22
246.247980551  2.02239439727e-22
256.198626761  2.00851558647e-22
266.551369101  1.99522329279e-22
277.322455892  1.98254422504e-22
288.528792035  1.97050020224e-22
300.187965542  1.95910793784e-22
312.318275138  1.94837890073e-22
324.938758985  1.93831926027e-22
338.069224556  1.92892992034e-22
351.730279727  1.92020664493e-22
365.943365117  1.91214027574e-22
380.730787743  1.9047170405e-22
396.115756024  1.89791894967e-22
412.122416211  1.89172427968e-22
428.775890281  1.88610814319e-22
446.102315367  1.88104315368e-22
464.128884777  1.87650020685e-22
482.883890678  1.87244944303e-22
502.396768493  1.86886246414e-22
522.698143103  1.86592819383e-22
543.819876914  1.86379939901e-22
565.795119858  1.86246398205e-22
588.658361426  1.86190659476e-22
612.445484796  1.85506069525e-22
637.193823152  1.85662444021e-22
662.942218274  1.85886417876e-22
689.731081504  1.86178847933e-22
717.602457167  1.86540343451e-22
746.600088557  1.86971262759e-22
776.769486596  1.87471712545e-22
808.158001257  1.88041549826e-22
840.814895881  1.88680386538e-22
874.791424493  1.89387596657e-22
910.140912246  1.90162325685e-22
946.918839109  1.93160910477e-22
985.182926946  1.95040912902e-22
1024.99323011  1.96763603669e-22
1066.41222967  1.98346920877e-22
1109.50493154  1.99806636522e-22
1154.33896842  2.01156726823e-22
1200.98470601  2.02409663135e-22
1249.51535339  2.03576642735e-22
1300.00707798  2.04667773564e-22
1352.53912504  2.05692223278e-22
1407.19394206  2.06658340373e-22
1464.05730815  2.07573753256e-22
1523.21846867  2.08157342458e-22
1584.7702753  2.08858765555e-22
1648.80933177  2.09488262028e-22
1715.43614549  2.10051378744e-22
1784.75528525  2.10553173909e-22
1856.87554538  2.10998276132e-22
1931.9101165  2.11390934632e-22
2009.97676312  2.11735062104e-22
2091.19800853  2.12034271452e-22
2175.70132706  2.12291907382e-22
2263.61934415  2.12511073642e-22
2355.09004453  2.12694656591e-22
2450.25698873  2.12845345616e-22
2549.26953846  2.1296565088e-22
2652.28309095  2.13057918777e-22
2759.45932292  2.13124345414e-22
2870.96644429  2.13166988411e-22
2986.97946215  2.13187777245e-22
3107.68045551  2.13188522353e-22
3233.25886097  2.13170923166e-22
3363.91177012  2.13136575227e-22
3499.84423881  2.13086976527e-22
3641.26960901  2.13023533178e-22
3788.40984363  2.12947564514e-22
3941.49587491  2.12860307716e-22
4100.76796681  2.12762922028e-22
4266.47609215  2.12656492637e-22
4438.88032492  2.12542034261e-22
4618.25124841  2.12420494503e-22
4804.87037999  2.12292756998e-22
4999.03061281  2.12159644404e-22
5201.0366756  2.12021921244e-22
5411.20561086  2.11880296634e-22
5629.8672725  2.11735426916e-22
5857.36484349  2.11587918203e-22
6094.05537452  2.11438328848e-22
6340.31034432  2.11287171851e-22
6596.51624277  2.11134917205e-22
6863.0751774  2.10981994182e-22
7140.40550453  2.10828793568e-22
7428.94248588  2.10675669843e-22
7729.13897165  2.10522943304e-22
8041.46611132  2.10370902132e-22
8366.41409304  2.10219804407e-22
8704.49291301  2.10069880056e-22
9056.2331759  2.0992133274e-22
9422.18692758  2.09774341685e-22
9802.92852161  2.09629063431e-22
10199.0555206  2.09485633532e-22
10611.1896341  2.09344168164e-22
11039.9776943  2.09204765683e-22
11486.0926714  2.0906750809e-22
11950.2347295  2.08932462442e-22
12433.1323259  2.08799682169e-22
12935.5433539  2.08669208339e-22
13458.2563327  2.0854107083e-22
14002.0916449  2.08415289444e-22
14567.9028237  2.08291874942e-22
15156.577893  2.08170830015e-22
15769.0407609  2.08052150183e-22
16406.2526695  2.07935824632e-22
17069.213704  2.07821836985e-22
17758.9643622  2.07710166015e-22
18476.5871871  2.07865176752e-22
19223.2084664  2.07792153834e-22
20000  2.0771996679e-22

