1 20 101
101
1  0
1.03041055791  1.22362657762e-37
1.06174591785  2.48446432214e-37
1.09403420358  3.78364484591e-37
1.12730439408  5.12233417423e-37
1.16158634964  6.50173379189e-37
1.1969108386  7.92308172151e-37
1.23330956497  9.38765363466e-37
1.27081519692  1.08967639968e-36
1.30946139606  1.2451767247e-36
1.34928284767  1.40540590136e-36
1.39031529185  1.57050773667e-36
1.43259555555  1.74063041091e-36
1.47616158565  1.91592661058e-36
1.52105248304  2.09655366549e-36
1.56730853766  2.28267368991e-36
1.61497126471  2.47445372811e-36
1.66408344188  2.67206590427e-36
1.71468914776  2.87568757696e-36
1.76683380139  3.08550149831e-36
1.82056420303  3.30169597807e-36
1.87592857615  3.52446505258e-36
1.93297661076  3.75400865893e-36
1.99175950792  2.91886253978e-34
2.05233002578  1.85318343876e-32
2.11474252688  4.06294158117e-32
2.17905302696  6.33989970154e-32
2.24531924523  8.68610138869e-32
2.31360065617  1.11036523781e-31
2.3839585429  1.35947224419e-31
2.45645605223  1.61615473362e-31
2.53115825126  1.88064308075e-31
2.60813218585  2.15317466608e-31
2.68744694072  2.43399408897e-31
2.76917370155  2.72335338718e-31
2.85338581877  3.02151226308e-31
2.94015887345  3.32873831675e-31
3.02957074514  5.86441969942e-30
3.12170168173  2.30325534585e-29
3.21663437151  4.07227797436e-29
3.31445401734  5.89509756795e-29
3.41524841318  7.77335012236e-29
3.51910802283  9.70872138484e-29
3.62612606115  1.17029483672e-28
3.73639857773  1.37578209047e-28
3.85002454306  1.58751832624e-28
3.96710593738  1.80569357908e-28
4.08774784223  1.08884342852e-27
4.21205853471  2.36689421331e-27
4.34014958471  3.68381123551e-27
4.472135955  5.04077643908e-27
4.60813610445  6.43900771156e-27
4.74827209431  7.87975997712e-27
4.89266969782  9.36432632288e-27
5.041458513  1.7313064832e-26
5.19477207907  4.26268517015e-26
5.35274799621  6.87104449526e-26
5.51552804914  9.55872548269e-26
5.68325833429  1.23281403484e-25
5.85608939099  1.51817746653e-25
6.03417633655  2.17834368933e-25
6.21767900547  4.39399641944e-25
6.40676209294  6.68562860547e-25
6.6015953026  9.04695060481e-25
6.80235349885  1.14800817236e-24
7.00921686386  1.46884204199e-24
7.22237105921  2.50182691689e-24
7.44200739256  3.60240042333e-24
7.66832298935  4.73644298411e-24
7.9015209697  5.90497241187e-24
8.14181063074  8.18219934631e-24
8.38940763443  1.12965883533e-23
8.64453420113  1.45056876676e-23
8.90741930907  1.78123774824e-23
9.17829889981  2.2582460352e-23
9.45741609003  2.82267681726e-23
9.74502138973  3.40427225431e-23
10.041372927  4.01876558626e-23
10.34673668  4.73695071474e-23
10.661386715  5.47840149671e-23
10.9856054331  6.24167945259e-23
11.3196838233  7.01374778218e-23
11.6639217237  7.80781546089e-23
12.0186280908  8.61887957552e-23
12.3841212763  9.38669610296e-23
12.7607293136  1.01746124654e-22
13.1487902114  1.09494798756e-22
13.5486522576  1.16865855716e-22
13.9606743317  1.24436059495e-22
14.3852262269  1.3139045361e-22
14.8226889821  1.38436228746e-22
15.2734552238  1.45141429186e-22
15.7379295184  1.51679833831e-22
16.2165287354  1.58042913354e-22
16.7096824217  1.64132868225e-22
17.2178331866  1.7008867857e-22
17.7414370999  1.75787059958e-22
18.2809641002  1.81310617782e-22
18.8368984177  1.8667204834e-22
19.4097390079  1.91760970426e-22
20  1.96826e-22

