0.5 20000 301
301
0.5  0
0.51797667599  9.69130816517e-43
0.536599673739  1.9731051344e-42
0.555892230681  3.0131756943e-42
0.575878419714  4.09064027713e-42
0.596583179235  5.20684332336e-42
0.618032344264  6.36317761058e-42
0.640252678672  7.56108599144e-42
0.663271908584  8.80206319396e-42
0.687118756972  1.00876576866e-41
0.711822979493  1.14194736106e-41
0.737415401622  1.27991727813e-41
0.763927957112  1.42284767619e-41
0.791393727841  1.57091690115e-41
0.819846985093  1.72430971108e-41
0.849323232317  1.8832175067e-41
0.879859249433  2.04783857022e-41
0.911493138721  2.21837831279e-41
0.944264372364  2.39504953074e-41
0.978213841706  2.57807267118e-41
1.01338390827  4.53288207689e-34
1.04981845661  1.68725886887e-33
1.0875629491  2.96559491157e-33
1.12666448261  4.28989141996e-33
1.16717184731  5.66180082685e-33
1.20913558756  7.08303497552e-33
1.25260806493  8.55536725579e-33
1.29764352358  1.00806348168e-32
1.34429815793  1.16607408592e-32
1.39263018277  1.32976570104e-32
1.44269990591  1.49934257841e-32
1.49456980343  1.67501631294e-32
1.54830459763  1.85700610708e-32
1.6039713378  2.04553904435e-32
1.66163948387  2.24085037267e-32
1.7213809931  2.44318379792e-32
1.78327040983  2.65279178803e-32
1.84738495855  2.86993588798e-32
1.91380464021  3.09488704619e-32
1.98261233206  3.32792595257e-32
2.05389389107  9.76666485634e-30
2.12773826107  2.31023551715e-29
2.20423758369  3.69175082545e-29
2.28348731338  5.1229362399e-29
2.3655863365  6.60557756729e-29
2.4506370947  8.1415248202e-29
2.53874571274  9.7326945253e-29
2.63002213093  1.13810721149e-28
2.72458024232  1.30887144041e-28
2.82253803477  1.48577521577e-28
2.92401773821  1.66903927482e-28
3.02914597715  8.12191666382e-28
3.13805392866  3.17212473361e-27
3.25087748609  5.61690530506e-27
3.36775742859  8.14958393291e-27
3.48883959681  1.07733208469e-26
3.61427507483  1.34913898977e-26
3.74422037875  1.63071826418e-26
3.87883765192  1.92242125734e-26
4.01829486729  3.00346230319e-26
4.16276603701  9.46695436935e-26
4.31243142955  1.61628306408e-25
4.46747779462  2.30994461086e-25
4.62809859623  3.02854561539e-25
4.79449425406  3.77298273477e-25
4.96687239354  4.54418486393e-25
5.14544810495  9.46372352812e-25
5.33044421176  1.55323987923e-24
5.52209154871  2.18192632743e-24
5.72062924983  2.83321616079e-24
5.92630504679  3.50792204677e-24
6.13937557808  5.32422524251e-24
6.36010670917  7.81786578052e-24
6.58877386432  1.04011610545e-23
6.82566237018  1.30773344528e-23
7.07106781187  1.65224877638e-23
7.32529640178  2.18012069194e-23
7.58866536167  2.72697137229e-23
7.86150331847  3.29348316763e-23
8.14415071437  3.93538822209e-23
8.43696023158  4.65513966257e-23
8.74029723243  5.40076857994e-23
9.05454021523  6.16658410139e-23
9.38008128661  6.92727144895e-23
9.7173266507  7.71530805647e-23
10.0666971161  8.51212595546e-23
10.4286286208  9.25175149917e-23
10.8035727762  1.00179690604e-22
11.1919974309  1.07538364896e-22
11.5943872539  1.14547970986e-22
12.0112443398  1.21779809837e-22
12.4430888353  1.28158565447e-22
12.8904595879  1.34766658702e-22
13.3539148186  1.40830187133e-22
13.8340328184  1.46860932908e-22
14.3314126696  1.52510637841e-22
14.8466749937  1.58053300285e-22
15.3804627255  1.63232156559e-22
15.9334419155  1.68362131067e-22
16.5063025609  1.73060377416e-22
17.0997594668  1.77742672016e-22
17.7145531376  1.82075727295e-22
18.3514507018  1.83682343194e-22
19.0112468682  1.83407877333e-22
19.6947649184  1.83712879403e-22
20.4028577337  1.84570945489e-22
21.1364088592  1.8595565401e-22
21.8963336065  1.8784050206e-22
22.6835801957  1.90198840677e-22
23.4991309386  1.93003808976e-22
24.3440034645  1.95569937051e-22
25.2192519896  1.9718351478e-22
26.1259686331  1.98661373031e-22
27.0652847792  2.00008068075e-22
28.0383724893  2.01227994261e-22
29.0464459643  2.02325390516e-22
30.0907630598  2.03304346696e-22
31.1726268555  2.04168809796e-22
32.2933872809  2.0492259003e-22
33.4544428005  2.05569366786e-22
34.6572421578  2.06112694475e-22
35.9032861837  2.06556008272e-22
37.1941296691  2.06902629764e-22
38.5313833047  2.07155772516e-22
39.9167156909  2.07318547566e-22
41.35185542  2.07393968849e-22
42.8385932329  2.07384958567e-22
44.3787842538  2.07294352523e-22
45.9743503045  2.07124905402e-22
47.627282303  2.0687929604e-22
49.3396427475  2.06560132664e-22
51.1135682897  2.06169958125e-22
52.9512724014  2.05711255128e-22
54.8550481358  2.05186451464e-22
56.8272709893  2.04597925258e-22
58.8704018652  2.03948010223e-22
60.9869901447  2.03239000941e-22
63.1796768676  2.02473158163e-22
65.4511980279  2.0165271413e-22
67.8043879881  2.00779877918e-22
70.2421830153  1.99856840801e-22
72.767624945  1.98885781614e-22
75.3838649774  1.97868872133e-22
78.0941676085  1.96808282426e-22
80.9019147041  1.95706186178e-22
83.8106097193  1.94564765962e-22
86.8238820702  1.93386218426e-22
89.9454916625  1.92172759353e-22
93.1793335833  1.90926628573e-22
96.5294429608  1.89650094657e-22
100  1.88345459348e-22
103.595335198  1.87015061667e-22
107.319934748  1.85661281609e-22
111.178446136  1.84286543362e-22
115.175683943  1.82893317949e-22
119.316635847  1.81484125206e-22
123.606468853  1.80061534977e-22
128.050535734  1.78628167437e-22
132.654381717  1.77186692406e-22
137.423751394  1.75739827561e-22
142.364595899  1.7429033541e-22
147.483080324  1.72841018948e-22
152.785591422  1.71394715857e-22
158.278745568  1.69954291204e-22
163.969397019  1.68522628544e-22
169.864646463  1.67102619394e-22
175.971849887  1.65697151073e-22
182.298627744  1.64309092931e-22
188.852874473  1.62941281034e-22
195.642768341  1.61596501424e-22
202.676781654  1.60379305968e-22
209.963691323  1.59086469209e-22
217.51258982  1.57824639905e-22
225.332896521  1.565962055e-22
233.434369463  1.55403406079e-22
241.827117512  1.54248314429e-22
250.521612986  1.53132816884e-22
259.528704717  1.52058595367e-22
268.859631586  1.51027111105e-22
278.526036554  1.50039590435e-22
288.539981181  1.49097013117e-22
298.913960685  1.48200103512e-22
309.660919525  1.47349324929e-22
320.794267559  1.46544877381e-22
332.327896774  1.45786698912e-22
344.276198619  1.45074470592e-22
356.654081967  1.44407625187e-22
369.476991711  1.4378535948e-22
382.760928042  1.43206650141e-22
396.522466412  1.42670273076e-22
410.778778215  1.42174826172e-22
425.547652214  1.41718755492e-22
440.847516738  1.4130038519e-22
456.697462677  1.40917951898e-22
473.117267301  1.40569645462e-22
490.127418939  1.40253661069e-22
507.749142548  1.39969994223e-22
526.004426187  1.39735255331e-22
544.916048465  1.39553489287e-22
564.507606954  1.39423890505e-22
584.803547643  1.39345495812e-22
605.82919543  1.38734070888e-22
627.610785733  1.38800947198e-22
650.175497219  1.38911930955e-22
673.551485719  1.39067517622e-22
697.767919361  1.39268082272e-22
722.855014966  1.39513877389e-22
748.84407575  1.39805031704e-22
775.767530383  1.40141550063e-22
803.658973457  1.40523314341e-22
832.553207402  1.40950085385e-22
862.486285909  1.41421505956e-22
893.495558925  1.41937104601e-22
925.619719247  1.42496300409e-22
958.898850812  1.45106835728e-22
993.374478709  1.46407853172e-22
1029.08962099  1.47611370532e-22
1066.08884235  1.48727357194e-22
1104.41830974  1.49764715597e-22
1144.12584997  1.50731443704e-22
1185.26100936  1.51634766242e-22
1227.87511562  1.52481241554e-22
1272.02134183  1.53276849204e-22
1317.75477286  1.54027062256e-22
1365.13247404  1.54736907282e-22
1414.21356237  1.55411014413e-22
1465.05928036  1.56053659323e-22
1517.73307233  1.56444306927e-22
1572.30066369  1.5694409877e-22
1628.83014287  1.57397406582e-22
1687.39204632  1.57807465156e-22
1748.05944649  1.58177251128e-22
1810.90804305  1.58509511232e-22
1876.01625732  1.58806786721e-22
1943.46533014  1.59071434548e-22
2013.33942322  1.59305645799e-22
2085.72572415  1.59511461784e-22
2160.71455525  1.59690788112e-22
2238.39948618  1.5984540703e-22
2318.87745078  1.59976988277e-22
2402.24886796  1.60087098626e-22
2488.61776706  1.60177210315e-22
2578.09191758  1.60248708485e-22
2670.78296373  1.60302897768e-22
2766.80656368  1.6034100813e-22
2866.28253393  1.60364200055e-22
2969.33499874  1.60373569167e-22
3076.0925451  1.60370150354e-22
3186.68838309  1.6035492145e-22
3301.26051218  1.60328806549e-22
3419.95189335  1.60292678988e-22
3542.91062753  1.60247364036e-22
3670.29014035  1.6019364135e-22
3802.24937364  1.60132247205e-22
3938.95298368  1.60063876546e-22
4080.57154674  1.59989184879e-22
4227.28177184  1.5990879003e-22
4379.2667213  1.59823273783e-22
4536.71603914  1.59733183424e-22
4699.82618773  1.59639033194e-22
4868.8006929  1.59541305681e-22
5043.85039793  1.59440453139e-22
5225.19372662  1.59336898762e-22
5413.05695583  1.59231037915e-22
5607.67449785  1.59123239317e-22
5809.28919286  1.59013846202e-22
6018.15261197  1.5890317744e-22
6234.52537109  1.58791528639e-22
6458.67745619  1.58679173213e-22
6690.88856009  1.58566363437e-22
6931.44843155  1.58453331471e-22
7180.65723674  1.58340290365e-22
7438.82593382  1.58227435042e-22
7706.27666093  1.5811494326e-22
7983.34313818  1.58002976544e-22
8270.371084  1.57891681107e-22
8567.71864659  1.57781188732e-22
8875.75685075  1.57671617642e-22
9194.87006089  1.57563073334e-22
9525.4564606  1.57455649394e-22
9867.9285495  1.57349428277e-22
10222.7136579  1.57244482069e-22
10590.2544803  1.57140873205e-22
10971.0096272  1.57038655176e-22
11365.4541979  1.56937873191e-22
11774.080373  1.56838564818e-22
12197.3980289  1.56740760593e-22
12635.9353735  1.56644484594e-22
13090.2396056  1.56549754997e-22
13560.8775976  1.56456584589e-22
14048.4366031  1.56364981262e-22
14553.524989  1.56274948472e-22
15076.7729955  1.56186485675e-22
15618.8335217  1.56099588733e-22
16180.3829408  1.56014250292e-22
16762.1219439  1.55930460138e-22
17364.776414  1.55848205524e-22
17989.0983325  1.5576747148e-22
18635.8667167  1.55907342859e-22
19305.8885922  1.55853922415e-22
20000  1.55801078979e-22

