0.2 20000 301
301
0.2  0
0.207824460767  3.41712458771e-38
0.215955032466  6.96793496179e-38
0.22440369086  1.06576612182e-37
0.233182880236  1.44917380663e-37
0.242305531726  1.84758128337e-37
0.251785082359  2.26157537847e-37
0.261635494852  2.69176587634e-37
0.271871278176  3.13878641758e-37
0.282507508925  3.60329543226e-37
0.293559853524  4.08597710974e-37
0.305044591308  4.58754240646e-37
0.316978638492  5.10873009311e-37
0.329379573097  5.6503078428e-37
0.342265660832  6.21307336176e-37
0.355655882008  6.79785556434e-37
0.369569959484  7.40551579393e-37
0.384028387728  8.03694909164e-37
0.399052462994  8.69308551469e-37
0.414664314697  9.37489150623e-37
0.430886938006  1.00833713189e-36
0.447744227714  1.08195684941e-36
0.465261013431  1.15845673989e-36
0.483463096161  1.23794948232e-36
0.502377286302  1.5069970894e-32
0.522031443137  1.39649757905e-31
0.542454515866  2.69103393196e-31
0.563676586253  4.03621552938e-31
0.585728912925  5.43402372998e-31
0.608643977422  6.8865174077e-31
0.632455532034  8.3958359844e-31
0.65719864952  9.96420258104e-31
0.682909774767  1.15939272922e-30
0.709626778467  1.32874105887e-30
0.737389012904  1.50471468532e-30
0.766237369911  1.68757280546e-30
0.796214341107  1.87758475653e-30
0.827364080478  2.07503041288e-30
0.859732469416  2.28020059819e-30
0.893367184302  2.49339751383e-30
0.928317766723  2.71493518398e-30
0.964635696448  2.94513991817e-30
1.00237446725  1.40242856013e-28
1.04158966572  2.4040629584e-27
1.08233905309  4.75644891866e-27
1.12468265038  7.2008656372e-27
1.16868282675  9.7409135693e-27
1.21440439138  1.23803340284e-26
1.26191468896  1.51230146966e-26
1.31128369884  1.79729953512e-26
1.36258413812  2.09344738149e-26
1.41589156877  2.40118121389e-26
1.47128450892  2.72095430278e-26
1.52884454851  3.05323765161e-26
1.58865646945  3.39852069057e-26
1.65080837054  3.7573119975e-26
1.71539179718  4.13014004694e-26
1.78250187627  4.51755398862e-26
1.85223745626  4.92012445623e-26
1.9247012528  5.33844440799e-26
2  5.77313e-26
2.07824460767  2.76854439617e-25
2.15955032466  5.04550181279e-25
2.2440369086  7.41153904928e-25
2.33182880236  9.87014111343e-25
2.42305531726  1.24249293545e-24
2.51785082359  1.50796667974e-24
2.61635494852  1.78382636852e-24
2.71871278176  2.07047832386e-24
2.82507508925  2.36834476408e-24
2.93559853524  2.67786442569e-24
3.05044591308  3.67490805627e-24
3.16978638492  5.60695630433e-24
3.29379573097  7.61459073098e-24
3.42265660832  9.70076844166e-24
3.55655882008  1.18685622306e-23
3.69569959484  1.41211651068e-23
3.84028387728  1.64618949971e-23
3.99052462994  1.88941996334e-23
4.14664314697  2.30506792904e-23
4.30886938006  2.74791472239e-23
4.47744227714  3.20808670255e-23
4.65261013431  3.68626167073e-23
4.83463096161  4.18314394531e-23
5.02377286302  4.69480377849e-23
5.22031443137  5.19278508104e-23
5.42454515866  5.71024855941e-23
5.63676586253  6.24795640121e-23
5.85728912925  6.80670061256e-23
6.08643977422  7.33872243842e-23
6.32455532034  7.80821247955e-23
6.5719864952  8.29607005272e-23
6.82909774767  8.8030137381e-23
7.09626778467  9.28287219814e-23
7.37389012904  9.69495259634e-23
7.66237369911  1.01231545291e-22
7.96214341107  1.05681087079e-22
8.27364080478  1.09341982114e-22
8.59732469416  1.13007702161e-22
8.93367184302  1.16816833622e-22
9.28317766723  1.20028530751e-22
9.64635696448  1.23184195664e-22
10.0237446725  1.26417608965e-22
10.4158966572  1.29070124989e-22
10.8233905309  1.31826413551e-22
11.2468265038  1.34348679764e-22
11.6868282675  1.36715449251e-22
12.1440439138  1.39023998235e-22
12.6191468896  1.41082144326e-22
13.1128369884  1.43128622014e-22
13.6258413812  1.44931832455e-22
14.1589156877  1.46705312843e-22
14.7128450892  1.48302845237e-22
15.2884454851  1.49818077145e-22
15.8865646945  1.51242797102e-22
16.5080837054  1.5250986023e-22
17.1539179718  1.53721884427e-22
17.8250187627  1.54798330095e-22
18.5223745626  1.54451735918e-22
19.247012528  1.53699482379e-22
20  1.53028085794e-22
20.7824460767  1.52413660635e-22
21.5955032466  1.51831671493e-22
22.440369086  1.51256864304e-22
23.3182880236  1.50663195482e-22
24.2305531726  1.50210821244e-22
25.1785082359  1.5025770079e-22
26.1635494852  1.50240069219e-22
27.1871278176  1.50160104996e-22
28.2507508925  1.50019904774e-22
29.3559853524  1.49821487444e-22
30.5044591308  1.49566798118e-22
31.6978638492  1.49257712057e-22
32.9379573097  1.48896038547e-22
34.2265660832  1.48483524744e-22
35.5655882008  1.48021859475e-22
36.9569959484  1.47512677028e-22
38.4028387728  1.46957560927e-22
39.9052462994  1.46358047693e-22
41.4664314697  1.45715630624e-22
43.0886938006  1.45031763575e-22
44.7744227714  1.4430786477e-22
46.5261013431  1.43545320634e-22
48.3463096161  1.42745489675e-22
50.2377286302  1.41909706401e-22
52.2031443137  1.41039285298e-22
54.2454515866  1.4013552486e-22
56.3676586253  1.39199711689e-22
58.5728912925  1.3823312466e-22
60.8643977422  1.37237039153e-22
63.2455532034  1.36212731358e-22
65.719864952  1.35161482644e-22
68.2909774767  1.3408458399e-22
70.9626778467  1.32983340469e-22
73.7389012904  1.31859075764e-22
76.6237369911  1.30713136714e-22
79.6214341107  1.2954689785e-22
82.7364080478  1.28361765892e-22
85.9732469416  1.27159184192e-22
89.3367184302  1.25940637039e-22
92.8317766723  1.24707653813e-22
96.4635696448  1.23461812897e-22
100.237446725  1.2220474528e-22
104.158966572  1.20938137779e-22
108.233905309  1.19663735769e-22
112.468265038  1.18383345324e-22
116.868282675  1.17098834662e-22
121.440439138  1.15812134748e-22
126.191468896  1.14525238949e-22
131.128369884  1.13240201585e-22
136.258413812  1.11959135253e-22
141.589156877  1.10684206773e-22
147.128450892  1.09417631652e-22
152.884454851  1.0816166692e-22
158.865646945  1.06918602279e-22
165.080837054  1.05690749475e-22
171.539179718  1.04480429875e-22
178.250187627  1.03289960271e-22
185.223745626  1.0212163696e-22
192.47012528  1.00977718253e-22
200  9.99336335353e-23
207.824460767  9.88432253798e-23
215.955032466  9.77836692033e-23
224.40369086  9.67568637308e-23
233.182880236  9.5764567596e-23
242.305531726  9.48083787047e-23
251.785082359  9.38897146457e-23
261.635494852  9.30097946859e-23
271.871278176  9.21696238769e-23
282.507508925  9.13699797732e-23
293.559853524  9.06114022125e-23
305.044591308  8.9894186539e-23
316.978638492  8.92183805697e-23
329.379573097  8.85837855071e-23
342.265660832  8.79899609056e-23
355.655882008  8.74362337075e-23
369.569959484  8.69217112851e-23
384.028387728  8.64452983706e-23
399.052462994  8.60057177462e-23
414.664314697  8.56015346113e-23
430.886938006  8.52311847026e-23
447.744227714  8.4893006588e-23
465.261013431  8.45852793522e-23
483.463096161  8.43062689694e-23
502.377286302  8.40543410335e-23
522.031443137  8.38393372324e-23
542.454515866  8.366911533e-23
563.676586253  8.35428783568e-23
585.728912925  8.345968708e-23
608.643977422  8.30180559773e-23
632.455532034  8.30521026248e-23
657.19864952  8.31231976782e-23
682.909774767  8.32317092357e-23
709.626778467  8.33778958615e-23
737.389012904  8.35619045989e-23
766.237369911  8.37837700531e-23
796.214341107  8.40434145611e-23
827.364080478  8.43406494462e-23
859.732469416  8.46751773297e-23
893.367184302  8.50465954514e-23
928.317766723  8.54543999303e-23
964.635696448  8.73787336561e-23
1002.37446725  8.83318492357e-23
1041.58966572  8.92081230181e-23
1082.33905309  9.00159789443e-23
1124.68265038  9.07629039534e-23
1168.68282675  9.14555959766e-23
1214.40439138  9.21000822488e-23
1261.91468896  9.27018146904e-23
1311.28369884  9.32657473895e-23
1362.58413812  9.3796399976e-23
1415.89156877  9.42979097794e-23
1471.28450892  9.47740749996e-23
1528.84454851  9.50595514625e-23
1588.65646945  9.54206479207e-23
1650.80837054  9.57445532643e-23
1715.39179718  9.60340600609e-23
1782.50187627  9.629172469e-23
1852.23745626  9.65198946034e-23
1924.7012528  9.6720731686e-23
2000  9.68962323488e-23
2078.24460767  9.70482448717e-23
2159.55032466  9.71784844156e-23
2244.0369086  9.72885460531e-23
2331.82880236  9.73799161046e-23
2423.05531726  9.74539820233e-23
2517.85082359  9.75120410307e-23
2616.35494852  9.75553076765e-23
2718.71278176  9.75849204695e-23
2825.07508925  9.76019477062e-23
2935.59853524  9.7607392606e-23
3050.44591308  9.76021978473e-23
3169.78638492  9.75872495865e-23
3293.79573097  9.75633810307e-23
3422.65660832  9.75313756278e-23
3556.55882008  9.74919699266e-23
3695.69959484  9.74458561548e-23
3840.28387728  9.73936845573e-23
3990.52462994  9.73360655289e-23
4146.64314697  9.72735715738e-23
4308.86938006  9.72067391178e-23
4477.44227714  9.71360701979e-23
4652.61013431  9.70620340467e-23
4834.63096161  9.69850685901e-23
5023.77286302  9.6905581871e-23
5220.31443137  9.68239534121e-23
5424.54515866  9.67405355255e-23
5636.76586253  9.66556545781e-23
5857.28912925  9.65696122177e-23
6086.43977422  9.64826865661e-23
6324.55532034  9.639513338e-23
6571.9864952  9.6307187185e-23
6829.09774767  9.62190623819e-23
7096.26778467  9.6130954327e-23
7373.89012904  9.60430403871e-23
7662.37369911  9.59554809684e-23
7962.14341107  9.58684205183e-23
8273.64080478  9.57819885008e-23
8597.32469416  9.56963003429e-23
8933.67184302  9.56114583522e-23
9283.17766723  9.55275526042e-23
9646.35696448  9.54446617979e-23
10023.7446725  9.536285408e-23
10415.8966572  9.52821878355e-23
10823.3905309  9.52027124448e-23
11246.8265038  9.51244690067e-23
11686.8282675  9.50474910273e-23
12144.0439138  9.49718050731e-23
12619.1468896  9.48974313911e-23
13112.8369884  9.48243844928e-23
13625.8413812  9.47526737054e-23
14158.9156877  9.46823036884e-23
14712.8450892  9.46132749176e-23
15288.4454851  9.45455841372e-23
15886.5646945  9.44792247803e-23
16508.0837054  9.44141873586e-23
17153.9179718  9.43504598239e-23
17825.0187627  9.42880279008e-23
18522.3745626  9.43767909659e-23
19247.012528  9.43354271479e-23
20000  9.42945689556e-23

