1 20 101
101
1  0
1.03041055791  9.77520014555e-35
1.06174591785  1.98476695812e-34
1.09403420358  3.0226448432e-34
1.12730439408  4.0920851738e-34
1.16158634964  5.19404778151e-34
1.1969108386  6.32952168692e-34
1.23330956497  7.49952598729e-34
1.27081519692  8.70511077119e-34
1.30946139606  9.94735806097e-34
1.34928284767  1.12273827839e-33
1.39031529185  1.25463337728e-33
1.43259555555  1.39053947971e-33
1.47616158565  1.53057856254e-33
1.52105248304  1.67487631201e-33
1.56730853766  1.82356223655e-33
1.61497126471  1.976769783e-33
1.66408344188  2.13463645642e-33
1.71468914776  2.29730394346e-33
1.76683380139  2.46491823952e-33
1.82056420303  2.63762977985e-33
1.87592857615  2.81559357447e-33
1.93297661076  2.99896934738e-33
1.99175950792  3.16197725573e-32
2.05233002578  1.83312139539e-30
2.11474252688  4.01559828206e-30
2.17905302696  6.26444550848e-30
2.24531924523  8.58168143371e-30
2.31360065617  1.09693857962e-29
2.3839585429  1.34297015806e-29
2.45645605223  1.59648369405e-29
2.53115825126  1.85770671812e-29
2.60813218585  2.12687368008e-29
2.68744694072  2.40422615953e-29
2.76917370155  2.69001308262e-29
2.85338581877  2.98449094548e-29
2.94015887345  3.28792404445e-29
3.02957074514  2.18547553592e-28
3.12170168173  7.90498176865e-28
3.21663437151  1.37984213769e-27
3.31445401734  1.98710837716e-27
3.41524841318  2.61284192178e-27
3.51910802283  3.2576043726e-27
3.62612606115  3.92197440926e-27
3.73639857773  4.6065483094e-27
3.85002454306  5.31194048377e-27
3.96710593738  6.03878402771e-27
4.08774784223  2.10413143908e-26
4.21205853471  4.2005816554e-26
4.34014958471  6.36078609244e-26
4.472135955  8.58668355161e-26
4.60813610445  1.08802717944e-25
4.74827209431  1.32436093352e-25
4.89266969782  1.56788172892e-25
5.041458513  2.39597903137e-25
5.19477207907  4.78891403503e-25
5.35274799621  7.2546195272e-25
5.51552804914  9.79530849903e-25
5.68325833429  1.241326124e-24
5.85608939099  1.51108273844e-24
6.03417633655  1.97404480375e-24
6.21767900547  3.22692526453e-24
6.40676209294  4.52225219106e-24
6.6015953026  5.8569707321e-24
6.80235349885  7.23227880863e-24
7.00921686386  8.82103871313e-24
7.22237105921  1.2177280195e-23
7.44200739256  1.57241280405e-23
7.66832298935  1.93788375078e-23
7.9015209697  2.31446887291e-23
8.14181063074  2.80046000834e-23
8.38940763443  3.37132213601e-23
8.64453420113  3.95954449948e-23
8.90741930907  4.56565503319e-23
9.17829889981  5.21126374141e-23
9.45741609003  5.88777682238e-23
9.74502138973  6.58486304357e-23
10.041372927  7.29377498641e-23
10.34673668  7.97186607617e-23
10.661386715  8.66970007029e-23
10.9856054331  9.38455932287e-23
11.3196838233  1.00371966469e-22
11.6639217237  1.07010663226e-22
12.0186280908  1.13758962949e-22
12.3841212763  1.19836147e-22
12.7607293136  1.26056205343e-22
13.1487902114  1.32111298428e-22
13.5486522576  1.37763748313e-22
13.9606743317  1.4356686297e-22
14.3852262269  1.48828350919e-22
14.8226889821  1.54147898023e-22
15.2734552238  1.59182116231e-22
15.7379295184  1.64070708181e-22
16.2165287354  1.68814351975e-22
16.7096824217  1.73336078124e-22
17.2178331866  1.77749814487e-22
17.7414370999  1.81960637157e-22
18.2809641002  1.86029506794e-22
18.8368984177  1.89966077695e-22
19.4097390079  1.93694980447e-22
20  1.97403e-22

