1 20 101
101
1  0
1.03041055791  9.55481483237e-37
1.06174591785  1.94001969145e-36
1.09403420358  2.95449825587e-36
1.12730439408  3.99982767941e-36
1.16158634964  5.07694615393e-36
1.1969108386  6.18682040219e-36
1.23330956497  7.33044654555e-36
1.27081519692  8.50885099798e-36
1.30946139606  9.72309138725e-36
1.34928284767  1.09742575042e-35
1.39031529185  1.22634722808e-35
1.43259555555  1.3591892798e-35
1.47616158565  1.49607113243e-35
1.52105248304  1.63711563857e-35
1.56730853766  1.78244938683e-35
1.61497126471  1.93220281545e-35
1.66408344188  2.08651032939e-35
1.71468914776  2.24551042092e-35
1.76683380139  2.40934579394e-35
1.82056420303  2.57816349206e-35
1.87592857615  2.75211503056e-35
1.93297661076  2.9313565324e-35
1.99175950792  1.22494985196e-33
2.05233002578  7.68596724704e-32
2.11474252688  1.68490497375e-31
2.17905302696  2.62907866787e-31
2.24531924523  3.60196521079e-31
2.31360065617  4.60443777626e-31
2.3839585429  5.63739609175e-31
2.45645605223  6.7017672459e-31
2.53115825126  7.79850652068e-31
2.60813218585  8.92859824869e-31
2.68744694072  1.00930566966e-30
2.76917370155  1.12929269756e-30
2.85338581877  1.25292859793e-30
2.94015887345  1.380324335e-30
3.02957074514  1.78738466568e-29
3.12170168173  6.89875209085e-29
3.21663437151  1.21655590511e-28
3.31445401734  1.75925325494e-28
3.41524841318  2.31845433396e-28
3.51910802283  2.89466102978e-28
3.62612606115  3.48839049269e-28
3.73639857773  4.10017559981e-28
3.85002454306  4.73056543336e-28
3.96710593738  5.38012577345e-28
4.08774784223  2.7261115267e-27
4.21205853471  5.80009591636e-27
4.34014958471  8.96756188632e-27
4.472135955  1.22313522636e-26
4.60813610445  1.55943963271e-26
4.74827209431  1.90597124369e-26
4.89266969782  2.2630410743e-26
5.041458513  3.92931864385e-26
5.19477207907  9.1097303815e-26
5.35274799621  1.44476813303e-25
5.51552804914  1.99479623456e-25
5.68325833429  2.56155099752e-25
5.85608939099  3.14554108902e-25
6.03417633655  4.38237042353e-25
6.21767900547  8.32013470732e-25
6.40676209294  1.23925665378e-24
6.6015953026  1.65888432923e-24
6.80235349885  2.0912731164e-24
7.00921686386  2.63877569387e-24
7.22237105921  4.22428941326e-24
7.44200739256  5.91062203893e-24
7.66832298935  7.64823698057e-24
7.9015209697  9.43869376202e-24
8.14181063074  1.25124536813e-23
8.38940763443  1.65590057917e-23
8.64453420113  2.07286158094e-23
8.90741930907  2.5025025994e-23
9.17829889981  3.05827392227e-23
9.45741609003  3.69144010359e-23
9.74502138973  4.34386122174e-23
10.041372927  5.02232648004e-23
10.34673668  5.75609196585e-23
10.661386715  6.51275293051e-23
10.9856054331  7.29007509972e-23
11.3196838233  8.04403039536e-23
11.6639217237  8.81609094509e-23
12.0186280908  9.60315034837e-23
12.3841212763  1.03336181557e-22
12.7607293136  1.108244637e-22
13.1487902114  1.18160087992e-22
13.5486522576  1.25088497667e-22
13.9606743317  1.32203108703e-22
14.3852262269  1.38705499036e-22
14.8226889821  1.45288001114e-22
15.2734552238  1.51537989977e-22
15.7379295184  1.57622138762e-22
16.2165287354  1.63535553193e-22
16.7096824217  1.69185121823e-22
17.2178331866  1.74707412021e-22
17.7414370999  1.79986910278e-22
18.2809641002  1.85100480738e-22
18.8368984177  1.90059970784e-22
19.4097390079  1.9476504981e-22
20  1.99447e-22

