0.05 20 201
201
0.05  0
0.0515205278956  4.77844137515e-41
0.0530872958927  9.70219781847e-41
0.0547017101788  1.47756884422e-40
0.0563652197041  2.00034667465e-40
0.0580793174821  2.53902247055e-40
0.0598455419298  3.09407969795e-40
0.0616654782484  3.6660165253e-40
0.0635407598458  4.25534627066e-40
0.0654730698028  4.86259786237e-40
0.0674641423837  5.48831631378e-40
0.0695157645926  6.13306321239e-40
0.0716297777775  6.7974172239e-40
0.0738080792827  7.48197461155e-40
0.0760526241521  8.18734977128e-40
0.0783654268832  8.91417578315e-40
0.0807485632356  9.66310497955e-40
0.0832041720942  1.04348095307e-39
0.0857344573881  1.12299820477e-39
0.0883416900695  1.20493362046e-39
0.0910282101513  1.28936073786e-39
0.0937964288077  1.376355331e-39
0.0966488305378  1.46599547825e-39
0.0995879753959  1.82972171875e-36
0.102616501289  1.17653557255e-34
0.105737126344  2.57973662073e-34
0.108952651348  4.02560979564e-34
0.112265962262  5.51545278048e-34
0.115680032808  7.05060272168e-34
0.119197927145  8.63243742907e-34
0.122822802612  1.02623766124e-33
0.126557912563  1.19418831557e-33
0.130406609292  1.367246443e-33
0.134372347036  1.54556736464e-33
0.138458685077  1.72931112499e-33
0.142669290938  1.9186426356e-33
0.147007943673  2.11373182308e-33
0.151478537257  2.3147537816e-33
0.156085084087  2.52188893003e-33
0.160831718575  2.73532317388e-33
0.165722700867  2.95524807217e-33
0.170762420659  3.18186100931e-33
0.175955401141  3.4153653723e-33
0.181306303058  3.65597073324e-33
0.186819928886  3.90389303745e-33
0.192501227153  4.15935479725e-33
0.198355296869  4.42258529168e-33
0.204387392112  2.36466244051e-29
0.210602926736  5.71399754884e-29
0.217007479236  9.16518780644e-29
0.22360679775  1.27213306852e-28
0.230406805222  1.6385617853e-28
0.237413604716  2.01613380379e-28
0.244633484891  2.40518799801e-28
0.25207292565  2.80607354733e-28
0.259738603953  3.21915024987e-28
0.267637399811  3.64478884539e-28
0.275776402457  4.08337134807e-28
0.284162916714  4.53529138935e-28
0.292804469549  5.00095457122e-28
0.301708816827  5.48077883024e-28
0.310883950274  5.97519481268e-28
0.320338104647  6.48464626099e-28
0.33007976513  7.00959041206e-28
0.340117674943  7.55049840765e-28
0.350460843193  8.10785571716e-28
0.361118552961  8.6821625734e-28
0.372100369628  9.27393442156e-28
0.383416149468  9.88370238178e-28
0.395076048485  1.05120137259e-27
0.407090531537  1.11594323685e-27
0.419470381721  1.18265393732e-27
0.432226710057  1.25139334741e-27
0.445370965454  1.32222316131e-27
0.458914944991  1.39520694937e-27
0.472870804502  1.47041021515e-27
0.487251069486  1.54790045419e-27
0.502068646352  4.71271967896e-27
0.517336833998  2.52134665607e-26
0.533069335748  4.66267040935e-26
0.549280271653  6.86911301263e-26
0.565984191164  9.14265476648e-26
0.583196086186  1.14853361935e-25
0.600931404538  1.38992598697e-25
0.619206063817  1.63865923117e-25
0.63803646568  1.89495659209e-25
0.657439510569  2.15904809875e-25
0.677432612878  2.43117077547e-25
0.698033716583  2.71156885461e-25
0.719261311345  3.00049399577e-25
0.741134449107  3.29820551167e-25
0.763672761192  3.60497060086e-25
0.786896475921  3.92106458757e-25
0.810826436772  4.24677116876e-25
0.835484121084  4.5823826688e-25
0.860891659332  4.9282003018e-25
0.887071854993  5.28453444195e-25
0.914048205011  5.65170490211e-25
0.941844920883  6.03004122081e-25
0.970486950393  6.41988295804e-25
1  7.24151499791e-25
1.03041055791  1.38885806832e-24
1.06174591785  2.11704927999e-24
1.09403420358  2.86738519268e-24
1.12730439408  3.64053923909e-24
1.16158634964  4.43720533141e-24
1.1969108386  5.25809848406e-24
1.23330956497  6.10395545547e-24
1.27081519692  6.97553540929e-24
1.30946139606  7.87362059577e-24
1.34928284767  8.79901705383e-24
1.39031529185  9.75255533446e-24
1.43259555555  1.07350912462e-23
1.47616158565  1.17475066232e-23
1.52105248304  1.27907101166e-23
1.56730853766  1.38656380103e-23
1.61497126471  1.49732550609e-23
1.66408344188  1.6114555364e-23
1.71468914776  1.72905632461e-23
1.76683380139  1.8502334184e-23
1.82056420303  1.97509557521e-23
1.87592857615  2.10375485988e-23
1.93297661076  2.23632674517e-23
1.99175950792  2.37407712602e-23
2.05233002578  2.58749758517e-23
2.11474252688  2.82056646041e-23
2.17905302696  3.06072309018e-23
2.24531924523  3.30818301704e-23
2.31360065617  3.56316833834e-23
2.3839585429  3.82590790552e-23
2.45645605223  4.09663752953e-23
2.53115825126  4.37560019244e-23
2.60813218585  4.66304626557e-23
2.68744694072  4.95923373416e-23
2.76917370155  5.26442842891e-23
2.85338581877  5.57890426459e-23
2.94015887345  5.9029434859e-23
3.02957074514  6.19660680906e-23
3.12170168173  6.4153127542e-23
3.21663437151  6.64066966914e-23
3.31445401734  6.8728798136e-23
3.41524841318  7.11215159811e-23
3.51910802283  7.35869977107e-23
3.62612606115  7.61274561153e-23
3.73639857773  7.87451712773e-23
3.85002454306  8.14424926178e-23
3.96710593738  8.42218410052e-23
4.08774784223  8.62435431145e-23
4.21205853471  8.800142186e-23
4.34014958471  8.98127586789e-23
4.472135955  9.1679179261e-23
4.60813610445  9.36023587343e-23
4.74827209431  9.55840231684e-23
4.89266969782  9.76259511235e-23
5.041458513  9.95154390505e-23
5.19477207907  1.00890092945e-22
5.35274799621  1.02306550831e-22
5.51552804914  1.03766083992e-22
5.68325833429  1.0527000237e-22
5.85608939099  1.06819655746e-22
6.03417633655  1.08312203426e-22
6.21767900547  1.09413026527e-22
6.40676209294  1.10544877888e-22
6.6015953026  1.11711149481e-22
6.80235349885  1.12912888044e-22
7.00921686386  1.14109954832e-22
7.22237105921  1.14930558585e-22
7.44200739256  1.15754853744e-22
7.66832298935  1.16604216179e-22
7.9015209697  1.17479408199e-22
8.14181063074  1.18214871427e-22
8.38940763443  1.18853671697e-22
8.64453420113  1.19511898239e-22
8.90741930907  1.20190141817e-22
9.17829889981  1.20737635396e-22
9.45741609003  1.21220787252e-22
9.74502138973  1.21718632026e-22
10.041372927  1.22202079681e-22
10.34673668  1.22535169088e-22
10.661386715  1.22875620426e-22
10.9856054331  1.23220144247e-22
11.3196838233  1.23449474801e-22
11.6639217237  1.23672885199e-22
12.0186280908  1.23893625339e-22
12.3841212763  1.24031204266e-22
12.7607293136  1.24168666199e-22
13.1487902114  1.24280252804e-22
13.5486522576  1.24345430318e-22
13.9606743317  1.24410924656e-22
14.3852262269  1.2442208181e-22
14.8226889821  1.24425581512e-22
15.2734552238  1.24397193381e-22
15.7379295184  1.24346565682e-22
16.2165287354  1.24276643012e-22
16.7096824217  1.24182450657e-22
17.2178331866  1.24066442374e-22
17.7414370999  1.23920880486e-22
18.2809641002  1.23755719919e-22
18.8368984177  1.23571149725e-22
19.4097390079  1.23365806306e-22
20  1.23148e-22

