1 20000 251
251
1  0
1.04040904696  1.08824239763e-34
1.082450985  2.2204596334e-34
1.12619179768  3.39842868863e-34
1.17170013492  4.62399835073e-34
1.21904742069  5.89909211485e-34
1.26830796516  7.22571120277e-34
1.31955908129  8.60593770371e-34
1.37288120617  1.00419378421e-33
1.4283580273  1.15359653776e-33
1.4860766139  1.30903651419e-33
1.54612755358  1.47075767193e-33
1.6086050945  1.63901382752e-33
1.6736072933  1.81406905401e-33
1.74123616901  1.99619809536e-33
1.81159786313  2.1856867977e-33
1.88480280626  2.38283255792e-33
1.96096589137  2.58794479041e-33
2.04020665416  1.22289795855e-30
2.12264946065  3.72489962801e-30
2.20842370239  6.32800480042e-30
2.29766399949  9.03629897199e-30
2.39051041194  1.18540327299e-29
2.48710865943  1.47856284236e-29
2.58761035005  1.78356871053e-29
2.6921732182  2.10089957516e-29
2.8009613722  2.43105347759e-29
2.91414555182  2.77454858457e-29
3.03190339627  2.07612256609e-28
3.15441972299  8.88335862464e-28
3.28188681771  1.59656686047e-27
3.41450473624  2.33341679814e-27
3.55248161847  3.10004213954e-27
3.69603401502  3.89764608037e-27
3.8453872271  4.72748043629e-27
4.00077566014  5.70647648661e-27
4.16244319166  3.07047651887e-26
4.33064355406  5.67132109129e-26
4.50564073281  8.37726331417e-26
4.68770938077  1.11925500834e-25
4.87713524927  1.41215999079e-25
5.07421563659  2.68455575818e-25
5.27925985453  5.67506404552e-25
5.49258971391  8.78641592269e-25
5.71454002959  1.2023494564e-24
5.945459146  1.53913804681e-24
6.18570948383  2.82766754371e-24
6.43566810884  4.45491779113e-24
6.69572732367  6.14792367021e-24
6.96629528353  7.90934230337e-24
7.24779663678  1.1994753937e-23
7.54067319143  1.65640581177e-23
7.84538460853  2.13180035255e-23
8.1624091236  2.7397431315e-23
8.49224429718  3.48451150262e-23
8.83540779578  4.25937525383e-23
9.19243820431  5.09162902197e-23
9.56389587139  5.98071961708e-23
9.95036378878  6.9057375158e-23
10.3524485064  7.79976059397e-23
10.7707810842  8.71989191271e-23
11.2060180829  9.61888958528e-23
11.6588425938  1.0486710577e-22
12.1299653117  1.1354050297e-22
12.6201256496  1.21593516364e-22
13.1300928996  1.29664518455e-22
13.6606674402  1.37127696298e-22
14.2126819923  1.44474916651e-22
14.7870029263  1.51425933713e-22
15.384531622  1.58033079379e-22
16.0062058827  1.64538812355e-22
16.6530014079  1.70445133773e-22
17.3259333238  1.76224290744e-22
18.0260577771  1.81590760211e-22
18.7544735924  1.81171072736e-22
19.5123239965  1.81621951137e-22
20.3007984131  1.82904921258e-22
21.1211343295  1.8498167671e-22
21.9746192385  1.87813962711e-22
22.8625926593  1.91363457966e-22
23.7864482397  1.95591654493e-22
24.7476359436  1.9837263742e-22
25.7476643266  2.00445808145e-22
26.7881029035  2.02333963134e-22
27.8705846117  2.04044090496e-22
28.996808374  2.05582900814e-22
30.1685417653  2.06956839644e-22
31.3876237862  2.08172099695e-22
32.6559677498  2.09234632705e-22
33.9755642841  2.10150161043e-22
35.3484844568  2.10924189054e-22
36.7768830251  2.11562014179e-22
38.2630018183  2.12068737857e-22
39.8091732557  2.1244927625e-22
41.4178240072  2.12708370803e-22
43.0914788025  2.12850598661e-22
44.832764393  2.12880382974e-22
46.6444136747  2.12802003104e-22
48.5292699773  2.12619604756e-22
50.4902915267  2.12337210063e-22
52.5305560881  2.11958727627e-22
54.6532657959  2.11487962554e-22
56.8617521799  2.10928626481e-22
59.159481394  2.1028434762e-22
61.5500596558  2.09558680826e-22
64.0372389068  2.08755117695e-22
66.624922701  2.07877096693e-22
69.3171723311  2.06928013314e-22
72.118213203  2.05911230259e-22
75.032441467  2.04830087609e-22
78.0644309178  2.03687912982e-22
81.2189401726  2.02488031609e-22
84.5009201401  2.01233776313e-22
87.9155217902  1.99928497288e-22
91.4681042388  1.98575571638e-22
95.1642431583  1.97178412539e-22
99.009739529  1.95740477947e-22
103.010628743  1.94265278676e-22
107.173190077  1.92756385723e-22
111.503956548  1.9121743664e-22
116.009725165  1.89652140751e-22
120.697567597  1.88064283007e-22
125.574841273  1.86457726225e-22
130.649200932  1.84836411461e-22
135.928610627  1.83204356256e-22
141.421356237  1.81565650487e-22
147.136058463  1.79924449561e-22
153.081686359  1.78284964719e-22
159.267571411  1.76651450242e-22
165.703422184  1.75028187383e-22
172.399339552  1.73419464956e-22
179.36583256  1.71829556537e-22
186.613834911  1.70262694373e-22
194.154722129  1.68723040196e-22
202.000329413  1.67319843416e-22
210.162970211  1.65844127923e-22
218.655455543  1.64407482616e-22
227.491114114  1.63013433512e-22
236.683813228  1.61665259697e-22
246.247980551  1.60365957017e-22
256.198626761  1.59118203554e-22
266.551369101  1.5792432794e-22
277.322455892  1.56786281513e-22
288.528792035  1.55705615314e-22
300.187965542  1.54683462771e-22
312.318275138  1.53720528836e-22
324.938758985  1.52817086106e-22
338.069224556  1.51972978334e-22
351.730279727  1.51187631499e-22
365.943365117  1.50460072447e-22
380.730787743  1.49788954976e-22
396.115756024  1.49172593145e-22
412.122416211  1.48609001662e-22
428.775890281  1.4809594338e-22
446.102315367  1.47630984499e-22
464.128884777  1.47211559387e-22
482.883890678  1.46835050365e-22
502.396768493  1.46498972057e-22
522.698143103  1.46218981817e-22
543.819876914  1.46007711037e-22
565.795119858  1.45864037512e-22
588.658361426  1.45786578008e-22
612.445484796  1.45186153731e-22
637.193823152  1.45288037077e-22
662.942218274  1.45447348438e-22
689.731081504  1.45664737677e-22
717.602457167  1.45940654389e-22
746.600088557  1.46275345037e-22
776.769486596  1.46668852233e-22
808.158001257  1.47121016173e-22
840.814895881  1.47631478213e-22
874.791424493  1.48199686484e-22
910.140912246  1.4882490344e-22
946.918839109  1.51303901397e-22
985.182926946  1.52851884867e-22
1024.99323011  1.54269621016e-22
1066.41222967  1.55571973663e-22
1109.50493154  1.56772020849e-22
1154.33896842  1.57881358257e-22
1200.98470601  1.58910337914e-22
1249.51535339  1.59868257838e-22
1300.00707798  1.60763514023e-22
1352.53912504  1.6160372322e-22
1407.19394206  1.62395822817e-22
1464.05730815  1.63146152618e-22
1523.21846867  1.63620096564e-22
1584.7702753  1.64192857039e-22
1648.80933177  1.64706065518e-22
1715.43614549  1.65164331441e-22
1784.75528525  1.65571858232e-22
1856.87554538  1.65932492241e-22
1931.9101165  1.66249764379e-22
2009.97676312  1.66526925682e-22
2091.19800853  1.66766977807e-22
2175.70132706  1.66972699267e-22
2263.61934415  1.67146668071e-22
2355.09004453  1.67291281303e-22
2450.25698873  1.67408772111e-22
2549.26953846  1.67501224461e-22
2652.28309095  1.67570585995e-22
2759.45932292  1.67618679255e-22
2870.96644429  1.67647211503e-22
2986.97946215  1.67657783331e-22
3107.68045551  1.67651896246e-22
3233.25886097  1.67630959359e-22
3363.91177012  1.67596295315e-22
3499.84423881  1.67549145572e-22
3641.26960901  1.6749067513e-22
3788.40984363  1.67421976783e-22
3941.49587491  1.67344074974e-22
4100.76796681  1.67257929309e-22
4266.47609215  1.67164437793e-22
4438.88032492  1.67064439825e-22
4618.25124841  1.66958718989e-22
4804.87037999  1.66848005689e-22
4999.03061281  1.66732979632e-22
5201.0366756  1.66614272206e-22
5411.20561086  1.66492468756e-22
5629.8672725  1.66368110777e-22
5857.36484349  1.66241698034e-22
6094.05537452  1.66113690628e-22
6340.31034432  1.65984510999e-22
6596.51624277  1.65854545882e-22
6863.0751774  1.65724148212e-22
7140.40550453  1.6559363899e-22
7428.94248588  1.65463309096e-22
7729.13897165  1.65333421059e-22
8041.46611132  1.65204210782e-22
8366.41409304  1.65075889215e-22
8704.49291301  1.6494864398e-22
9056.2331759  1.64822640943e-22
9422.18692758  1.64698025737e-22
9802.92852161  1.6457492522e-22
10199.0555206  1.6445344888e-22
10611.1896341  1.64333690189e-22
11039.9776943  1.64215727882e-22
11486.0926714  1.6409962719e-22
11950.2347295  1.63985440999e-22
12433.1323259  1.63873210958e-22
12935.5433539  1.63762968519e-22
13458.2563327  1.63654735917e-22
14002.0916449  1.63548527093e-22
14567.9028237  1.63444348557e-22
15156.577893  1.63342200188e-22
15769.0407609  1.63242075983e-22
16406.2526695  1.63143964752e-22
17069.213704  1.63047850757e-22
17758.9643622  1.62953714301e-22
18476.5871871  1.63081792401e-22
19223.2084664  1.63019937927e-22
20000  1.62958820905e-22

