1 20000 251
251
1  0
1.04040904696  1.21625985528e-36
1.082450985  2.48166761217e-36
1.12619179768  3.79820929053e-36
1.17170013492  5.1679511634e-36
1.21904742069  6.59304299993e-36
1.26830796516  8.07572143941e-36
1.31955908129  9.61831350157e-36
1.37288120617  1.12232402388e-35
1.4283580273  1.28930205359e-35
1.4860766139  1.46302750635e-35
1.54612755358  1.64377303909e-35
1.6086050945  1.83182232655e-35
1.6736072933  2.02747050649e-35
1.74123616901  2.23102464292e-35
1.81159786313  2.44280420802e-35
1.88480280626  2.6631415835e-35
1.96096589137  2.89238258234e-35
2.04020665416  5.69041115907e-32
2.12264946065  1.73522948388e-31
2.20842370239  2.94854241239e-31
2.29766399949  4.21088416e-31
2.39051041194  5.52423593456e-31
2.48710865943  6.89065900266e-31
2.58761035005  8.31229792469e-31
2.6921732182  9.79138392068e-31
2.8009613722  1.13302383721e-30
2.91414555182  1.29312764654e-30
3.03190339627  1.85666725227e-29
3.15441972299  8.44346536426e-29
3.28188681771  1.52964297105e-28
3.41450473624  2.24263158148e-28
3.55248161847  2.98443138215e-28
3.69603401502  3.7562066058e-28
3.8453872271  4.5591685307e-28
4.00077566014  5.57728668178e-28
4.16244319166  4.45277731381e-27
4.33064355406  8.50522116307e-27
4.50564073281  1.27214204061e-26
4.68770938077  1.71079922424e-26
4.87713524927  2.1671821266e-26
5.07421563659  4.9181273314e-26
5.27925985453  1.17006431869e-25
5.49258971391  1.87572340441e-25
5.71454002959  2.60989750126e-25
5.945459146  3.37373887367e-25
6.18570948383  7.48611821558e-25
6.43566810884  1.27784121282e-24
6.69572732367  1.82845625941e-24
6.96629528353  2.40132113528e-24
7.24779663678  4.3506596137e-24
7.54067319143  6.57028338366e-24
7.84538460853  8.87960003479e-24
8.1624091236  1.26824458265e-23
8.49224429718  1.80258451015e-23
8.83540779578  2.35851660487e-23
9.19243820431  3.05936807477e-23
9.56389587139  3.89750791467e-23
9.95036378878  4.76951618671e-23
10.3524485064  5.72629898728e-23
10.7707810842  6.72900287403e-23
11.2060180829  7.73944968061e-23
11.6588425938  8.75278770098e-23
12.1299653117  9.77421828631e-23
12.6201256496  1.07471936316e-22
13.1300928996  1.17263558343e-22
13.6606674402  1.26444350237e-22
14.2126819923  1.35512266973e-22
14.7870029263  1.44143415245e-22
15.384531622  1.52375658553e-22
16.0062058827  1.60499496742e-22
16.6530014079  1.67901593546e-22
17.3259333238  1.75155471055e-22
18.0260577771  1.81906762361e-22
18.7544735924  1.81475908813e-22
19.5123239965  1.82180748575e-22
20.3007984131  1.8397926913e-22
21.1211343295  1.8682996033e-22
21.9746192385  1.90691688583e-22
22.8625926593  1.95523569404e-22
23.7864482397  2.01284838211e-22
24.7476359436  2.0505501501e-22
25.7476643266  2.07878356594e-22
26.7881029035  2.10477534682e-22
27.8705846117  2.12861101332e-22
28.996808374  2.15037267998e-22
30.1685417653  2.17013920614e-22
31.3876237862  2.18798634269e-22
32.6559677498  2.20398687511e-22
33.9755642841  2.21821076275e-22
35.3484844568  2.23072527504e-22
36.7768830251  2.24159512448e-22
38.2630018183  2.25088259699e-22
39.8091732557  2.25864767971e-22
41.4178240072  2.2649481866e-22
43.0914788025  2.26983988202e-22
44.832764393  2.27337660268e-22
46.6444136747  2.27561037807e-22
48.5292699773  2.2765915497e-22
50.4902915267  2.27636888942e-22
52.5305560881  2.27498971694e-22
54.6532657959  2.27250001682e-22
56.8617521799  2.2689445552e-22
59.159481394  2.26436699623e-22
61.5500596558  2.25881001855e-22
64.0372389068  2.25231543173e-22
66.624922701  2.24492429288e-22
69.3171723311  2.2366770232e-22
72.118213203  2.22761352457e-22
75.032441467  2.21777329595e-22
78.0644309178  2.20719554921e-22
81.2189401726  2.19591932413e-22
84.5009201401  2.18398360203e-22
87.9155217902  2.17142741724e-22
91.4681042388  2.15828996573e-22
95.1642431583  2.14461070976e-22
99.009739529  2.13042947737e-22
103.010628743  2.11578655518e-22
107.173190077  2.10072277296e-22
111.503956548  2.0852795779e-22
116.009725165  2.06949909648e-22
120.697567597  2.05342418158e-22
125.574841273  2.03709844225e-22
130.649200932  2.02056625331e-22
135.928610627  2.00387274201e-22
141.421356237  1.98706374889e-22
147.136058463  1.97018575991e-22
153.081686359  1.95328580731e-22
159.267571411  1.93641133696e-22
165.703422184  1.91961004023e-22
172.399339552  1.90292964952e-22
179.36583256  1.88641769692e-22
186.613834911  1.870121237e-22
194.154722129  1.8540865357e-22
202.000329413  1.83948691168e-22
210.162970211  1.82408296742e-22
218.655455543  1.8090726874e-22
227.491114114  1.79449539546e-22
236.683813228  1.78038773234e-22
246.247980551  1.76678326354e-22
256.198626761  1.75371210575e-22
266.551369101  1.74120058304e-22
277.322455892  1.72927092416e-22
288.528792035  1.71794101141e-22
300.187965542  1.70722419063e-22
312.318275138  1.69712915056e-22
324.938758985  1.68765987765e-22
338.069224556  1.67881569065e-22
351.730279727  1.6705913571e-22
365.943365117  1.6629772919e-22
380.730787743  1.65595983669e-22
396.115756024  1.64952161791e-22
412.122416211  1.64364198166e-22
428.775890281  1.63829750602e-22
446.102315367  1.63346259718e-22
464.128884777  1.62911018974e-22
482.883890678  1.62521260912e-22
502.396768493  1.62174356149e-22
522.698143103  1.61887228202e-22
543.819876914  1.61673542793e-22
565.795119858  1.61532138696e-22
588.658361426  1.61461568768e-22
612.445484796  1.60826524244e-22
637.193823152  1.60948295311e-22
662.942218274  1.61131545465e-22
689.731081504  1.613770024e-22
717.602457167  1.61685175103e-22
746.600088557  1.62056350799e-22
776.769486596  1.6249059423e-22
808.158001257  1.62987749305e-22
840.814895881  1.63547443067e-22
874.791424493  1.64169091904e-22
910.140912246  1.6485190985e-22
946.918839109  1.67533716216e-22
985.182926946  1.69210943296e-22
1024.99323011  1.70747328863e-22
1066.41222967  1.72158944555e-22
1109.50493154  1.73459926429e-22
1154.33896842  1.74662804755e-22
1200.98470601  1.757787633e-22
1249.51535339  1.76817845191e-22
1300.00707798  1.77789117817e-22
1352.53912504  1.78700805958e-22
1407.19394206  1.79560400043e-22
1464.05730815  1.80374744745e-22
1523.21846867  1.80890998481e-22
1584.7702753  1.81513544515e-22
1648.80933177  1.82071710607e-22
1715.43614549  1.82570473349e-22
1784.75528525  1.83014370845e-22
1856.87554538  1.83407555639e-22
1931.9101165  1.8375383972e-22
2009.97676312  1.84056732963e-22
2091.19800853  1.84319476076e-22
2175.70132706  1.84545068944e-22
2263.61934415  1.84736295077e-22
2355.09004453  1.8489574276e-22
2450.25698873  1.85025823389e-22
2549.26953846  1.85128787401e-22
2652.28309095  1.85206738157e-22
2759.45932292  1.85261644049e-22
2870.96644429  1.85295349099e-22
2986.97946215  1.85309582253e-22
3107.68045551  1.85305965561e-22
3233.25886097  1.85286021393e-22
3363.91177012  1.85251178836e-22
3499.84423881  1.85202779392e-22
3641.26960901  1.85142082072e-22
3788.40984363  1.85070267983e-22
3941.49587491  1.84988444486e-22
4100.76796681  1.84897648986e-22
4266.47609215  1.84798852418e-22
4438.88032492  1.84692962478e-22
4618.25124841  1.84580826631e-22
4804.87037999  1.84463234947e-22
4999.03061281  1.84340922787e-22
5201.0366756  1.84214573356e-22
5411.20561086  1.84084820164e-22
5629.8672725  1.83952249383e-22
5857.36484349  1.83817402138e-22
6094.05537452  1.83680776732e-22
6340.31034432  1.83542830802e-22
6596.51624277  1.8340398343e-22
6863.0751774  1.832646172e-22
7140.40550453  1.83125080203e-22
7428.94248588  1.82985687996e-22
7729.13897165  1.82846725511e-22
8041.46611132  1.82708448911e-22
8366.41409304  1.82571087399e-22
8704.49291301  1.82434844969e-22
9056.2331759  1.822999021e-22
9422.18692758  1.82166417399e-22
9802.92852161  1.82034529174e-22
10199.0555206  1.81904356955e-22
10611.1896341  1.81776002944e-22
11039.9776943  1.81649553406e-22
11486.0926714  1.81525079993e-22
11950.2347295  1.81402640996e-22
12433.1323259  1.81282282544e-22
12935.5433539  1.81164039723e-22
13458.2563327  1.81047937635e-22
14002.0916449  1.80933992398e-22
14567.9028237  1.80822212068e-22
15156.577893  1.80712597516e-22
15769.0407609  1.80605143229e-22
16406.2526695  1.80499838061e-22
17069.213704  1.80396665926e-22
17758.9643622  1.80295606434e-22
18476.5871871  1.80434178168e-22
19223.2084664  1.80367898076e-22
20000  1.80302396009e-22

