0.5 20000 301
301
0.5  0
0.51797667599  1.59371711062e-35
0.536599673739  3.24473369347e-35
0.555892230681  4.95510985665e-35
0.575878419714  6.72697977605e-35
0.596583179235  8.56255435832e-35
0.618032344264  1.04641239996e-34
0.640252678672  1.24340614436e-34
0.663271908584  1.44748247418e-34
0.687118756972  1.65889603212e-34
0.711822979493  1.87791061612e-34
0.737415401622  2.10479950855e-34
0.763927957112  2.33984581719e-34
0.791393727841  2.5833428285e-34
0.819846985093  2.83559437356e-34
0.849323232317  3.0969152072e-34
0.879859249433  3.36763140076e-34
0.911493138721  3.64808074891e-34
0.944264372364  3.93861319119e-34
0.978213841706  4.23959124863e-34
1.01338390827  5.69871991673e-30
1.04981845661  2.12109403889e-29
1.0875629491  3.72808771837e-29
1.12666448261  5.39285820723e-29
1.16717184731  7.11748277545e-29
1.20913558756  8.9041133778e-29
1.25260806493  1.07549793391e-28
1.29764352358  1.26723901357e-28
1.34429815793  1.46587382776e-28
1.39263018277  1.67165022934e-28
1.44269990591  1.88482498231e-28
1.49456980343  2.10566408221e-28
1.54830459763  2.334443088e-28
1.6039713378  2.57144746591e-28
1.66163948387  2.81697294564e-28
1.7213809931  3.07132588937e-28
1.78327040983  3.334823674e-28
1.84738495855  3.60779508724e-28
1.91380464021  3.89058073777e-28
1.98261233206  4.18353348033e-28
2.05389389107  6.94301367152e-27
2.12773826107  1.58728340816e-26
2.20423758369  2.5123711468e-26
2.28348731338  3.47071889052e-26
2.3655863365  4.46352244798e-26
2.4506370947  5.4920206212e-26
2.53874571274  6.55749675125e-26
2.63002213093  7.66128031962e-26
2.72458024232  8.80474860714e-26
2.82253803477  9.98932841248e-26
2.92401773821  1.12164978325e-25
3.02914597715  1.93188696771e-25
3.13805392866  4.61611427349e-25
3.25087748609  7.3968485484e-25
3.36775742859  1.02775595415e-24
3.48883959681  1.32618417508e-24
3.61427507483  1.63534189088e-24
3.74422037875  1.95561486286e-24
3.87883765192  2.28740272172e-24
4.01829486729  2.81238844929e-24
4.16276603701  4.59991046138e-24
4.31243142955  6.45169988155e-24
4.46747779462  8.37006733853e-24
4.62809859623  1.03574065359e-23
4.79449425406  1.2416197239e-23
4.96687239354  1.45490083688e-23
5.14544810495  1.83894910742e-23
5.33044421176  2.27528860229e-23
5.52209154871  2.72731596459e-23
5.72062924983  3.19559522576e-23
5.92630504679  3.68071069602e-23
6.13937557808  4.20839332473e-23
6.36010670917  4.7688107586e-23
6.58877386432  5.34937707772e-23
6.82566237018  5.95081670206e-23
7.07106781187  6.5493035425e-23
7.32529640178  7.10685123995e-23
7.58866536167  7.68444464601e-23
7.86150331847  8.28280447109e-23
8.14415071437  8.84152386174e-23
8.43696023158  9.35946380445e-23
8.74029723243  9.89602542422e-23
9.05454021523  1.04324561848e-22
9.38008128661  1.08923669345e-22
9.7173266507  1.13688130172e-22
10.0666971161  1.18441760282e-22
10.4286286208  1.22566654299e-22
10.8035727762  1.26839852082e-22
11.1919974309  1.30857462153e-22
11.5943872539  1.34585801195e-22
12.0112443398  1.384298382e-22
12.4430888353  1.41726412721e-22
12.8904595879  1.45141510145e-22
13.3539148186  1.48232237101e-22
13.8340328184  1.51290710998e-22
14.3314126696  1.54124123475e-22
14.8466749937  1.5688559894e-22
15.3804627255  1.59439831376e-22
15.9334419155  1.61957926409e-22
16.5063025609  1.64239510223e-22
17.0997594668  1.66505164145e-22
17.7145531376  1.68578393372e-22
18.3514507018  1.69165240831e-22
19.0112468682  1.68666115037e-22
19.6947649184  1.6839120183e-22
20.4028577337  1.68319297204e-22
21.1364088592  1.68428860713e-22
21.8963336065  1.6869796387e-22
22.6835801957  1.69104237297e-22
23.4991309386  1.69624816588e-22
24.3440034645  1.70198584245e-22
25.2192519896  1.70682633447e-22
26.1259686331  1.71087258378e-22
27.0652847792  1.71415023911e-22
28.0383724893  1.71668404822e-22
29.0464459643  1.71849789635e-22
30.0907630598  1.71961484404e-22
31.1726268555  1.72005716419e-22
32.2933872809  1.71984637863e-22
33.4544428005  1.71900329405e-22
34.6572421578  1.71754803751e-22
35.9032861837  1.71550009151e-22
37.1941296691  1.71287832873e-22
38.5313833047  1.70970104649e-22
39.9167156909  1.70598600095e-22
41.35185542  1.7017504412e-22
42.8385932329  1.69701114323e-22
44.3787842538  1.69178444392e-22
45.9743503045  1.68608627496e-22
47.627282303  1.67993219701e-22
49.3396427475  1.67333743387e-22
51.1135682897  1.66631690698e-22
52.9512724014  1.65888527005e-22
54.8550481358  1.65105694412e-22
56.8272709893  1.64284615285e-22
58.8704018652  1.63426695823e-22
60.9869901447  1.62533329666e-22
63.1796768676  1.61605901544e-22
65.4511980279  1.60645790958e-22
67.8043879881  1.59654375902e-22
70.2421830153  1.58633036616e-22
72.767624945  1.57583159352e-22
75.3838649774  1.5650614017e-22
78.0941676085  1.55403388716e-22
80.9019147041  1.54276331999e-22
83.8106097193  1.53126418119e-22
86.8238820702  1.51955119938e-22
89.9454916625  1.50763938658e-22
93.1793335833  1.49554407268e-22
96.5294429608  1.48328093825e-22
100  1.47086604511e-22
103.595335198  1.45831586427e-22
107.319934748  1.44564730049e-22
111.178446136  1.43287771287e-22
115.175683943  1.42002493072e-22
119.316635847  1.40710726391e-22
123.606468853  1.39414350683e-22
128.050535734  1.38115293513e-22
132.654381717  1.36815529429e-22
137.423751394  1.35517077913e-22
142.364595899  1.34222000333e-22
147.483080324  1.32932395816e-22
152.785591422  1.31650395958e-22
158.278745568  1.30378158328e-22
163.969397019  1.29117858685e-22
169.864646463  1.2787168192e-22
175.971849887  1.26641811692e-22
182.298627744  1.25430418814e-22
188.852874473  1.2423964843e-22
195.642768341  1.23071606113e-22
202.676781654  1.22011986482e-22
209.963691323  1.20893624947e-22
217.51258982  1.19804006049e-22
225.332896521  1.18744914e-22
233.434369463  1.17718014064e-22
241.827117512  1.1672483657e-22
250.521612986  1.15766761622e-22
259.528704717  1.14845004886e-22
268.859631586  1.13960604781e-22
278.526036554  1.13114411432e-22
288.539981181  1.12307077695e-22
298.913960685  1.11539052528e-22
309.660919525  1.1081057694e-22
320.794267559  1.1012168269e-22
332.327896774  1.09472193853e-22
344.276198619  1.08861731316e-22
356.654081967  1.08289720198e-22
369.476991711  1.07755400148e-22
382.760928042  1.07257838459e-22
396.522466412  1.06795945906e-22
410.778778215  1.06368495254e-22
425.547652214  1.05974142484e-22
440.847516738  1.05611450942e-22
456.697462677  1.05278919043e-22
473.117267301  1.0497501305e-22
490.127418939  1.04698209003e-22
507.749142548  1.04448446604e-22
526.004426187  1.0423912614e-22
544.916048465  1.04073462824e-22
564.507606954  1.03950746905e-22
584.803547643  1.0387014672e-22
605.82919543  1.03358833923e-22
627.610785733  1.03397069845e-22
650.175497219  1.03471535835e-22
673.551485719  1.03582603902e-22
697.767919361  1.03730552205e-22
722.855014966  1.03915563266e-22
748.84407575  1.04137722976e-22
775.767530383  1.04397020396e-22
803.658973457  1.04693348377e-22
832.553207402  1.05026504958e-22
862.486285909  1.05396195559e-22
893.495558925  1.05802035882e-22
925.619719247  1.06243555511e-22
958.898850812  1.08346244182e-22
993.374478709  1.09389695512e-22
1029.08962099  1.10354792621e-22
1066.08884235  1.11249525342e-22
1104.41830974  1.12081037624e-22
1144.12584997  1.12855754943e-22
1185.26100936  1.13579487444e-22
1227.87511562  1.14257514083e-22
1272.02134183  1.14894651741e-22
1317.75477286  1.15495312352e-22
1365.13247404  1.16063550396e-22
1414.21356237  1.16603102585e-22
1465.05928036  1.17117421191e-22
1517.73307233  1.17427379891e-22
1572.30066369  1.17826240689e-22
1628.83014287  1.18187605962e-22
1687.39204632  1.18514087617e-22
1748.05944649  1.18808089931e-22
1810.90804305  1.19071832138e-22
1876.01625732  1.19307367968e-22
1943.46533014  1.19516602617e-22
2013.33942322  1.19701307522e-22
2085.72572415  1.19863133271e-22
2160.71455525  1.20003620903e-22
2238.39948618  1.20124211825e-22
2318.87745078  1.20226256534e-22
2402.24886796  1.20311022299e-22
2488.61776706  1.20379699943e-22
2578.09191758  1.20433409831e-22
2670.78296373  1.20473207186e-22
2766.80656368  1.2050008679e-22
2866.28253393  1.20514987173e-22
2969.33499874  1.20518794336e-22
3076.0925451  1.20512345084e-22
3186.68838309  1.20496429995e-22
3301.26051218  1.20471796106e-22
3419.95189335  1.20439149312e-22
3542.91062753  1.20399156553e-22
3670.29014035  1.2035244779e-22
3802.24937364  1.2029961782e-22
3938.95298368  1.20241227929e-22
4080.57154674  1.20177807432e-22
4227.28177184  1.20109855092e-22
4379.2667213  1.20037840453e-22
4536.71603914  1.19962205091e-22
4699.82618773  1.19883363795e-22
4868.8006929  1.19801705692e-22
5043.85039793  1.19717595326e-22
5225.19372662  1.19631373688e-22
5413.05695583  1.19543359218e-22
5607.67449785  1.19453848765e-22
5809.28919286  1.19363118533e-22
6018.15261197  1.19271424991e-22
6234.52537109  1.19179005768e-22
6458.67745619  1.19086080524e-22
6690.88856009  1.18992851804e-22
6931.44843155  1.18899505874e-22
7180.65723674  1.18806213536e-22
7438.82593382  1.18713130927e-22
7706.27666093  1.18620400299e-22
7983.34313818  1.18528150782e-22
8270.371084  1.18436499122e-22
8567.71864659  1.1834555041e-22
8875.75685075  1.18255398777e-22
9194.87006089  1.18166128079e-22
9525.4564606  1.18077812553e-22
9867.9285495  1.17990517456e-22
10222.7136579  1.17904299675e-22
10590.2544803  1.17819208319e-22
10971.0096272  1.17735285283e-22
11365.4541979  1.17652565791e-22
11774.080373  1.17571078915e-22
12197.3980289  1.17490848064e-22
12635.9353735  1.17411891455e-22
13090.2396056  1.1733422256e-22
13560.8775976  1.1725785052e-22
14048.4366031  1.1718278055e-22
14553.524989  1.17109014305e-22
15076.7729955  1.17036550235e-22
15618.8335217  1.16965383915e-22
16180.3829408  1.16895508347e-22
16762.1219439  1.16826914251e-22
17364.776414  1.16759590329e-22
17989.0983325  1.16693523513e-22
18635.8667167  1.16806351232e-22
19305.8885922  1.16762471882e-22
20000  1.16719081177e-22

