1 20 101
101
1  0
1.03041055791  6.47836115183e-35
1.06174591785  1.31537328806e-34
1.09403420358  2.0032106388e-34
1.12730439408  2.71196550712e-34
1.16158634964  3.44227400641e-34
1.1969108386  4.19479159462e-34
1.23330956497  4.97019366251e-34
1.27081519692  5.7691761399e-34
1.30946139606  6.59245612019e-34
1.34928284767  7.44077250399e-34
1.39031529185  8.31488666231e-34
1.43259555555  9.21558311986e-34
1.47616158565  1.01436702592e-33
1.52105248304  1.10999810462e-33
1.56730853766  1.20853737778e-33
1.61497126471  1.31007328522e-33
1.66408344188  1.41469695624e-33
1.71468914776  1.52250229148e-33
1.76683380139  1.6335860471e-33
1.82056420303  1.74804792171e-33
1.87592857615  1.86599064578e-33
1.93297661076  1.98752007389e-33
1.99175950792  2.28324770593e-32
2.05233002578  1.33566522734e-30
2.11474252688  2.92613358432e-30
2.17905302696  4.56496897138e-30
2.24531924523  6.25364225688e-30
2.31360065617  7.99366903913e-30
2.3839585429  9.7866110066e-30
2.45645605223  1.16340773396e-29
2.53115825126  1.35377261545e-29
2.60813218585  1.5499265992e-29
2.68744694072  1.75204573502e-29
2.76917370155  1.96031142654e-29
2.85338581877  2.17491059392e-29
2.94015887345  2.39603584171e-29
3.02957074514  1.69816697525e-28
3.12170168173  6.1949717633e-28
3.21663437151  1.08285268938e-27
3.31445401734  1.56029910209e-27
3.41524841318  2.05226492658e-27
3.51910802283  2.55919170627e-27
3.62612606115  3.08153441215e-27
3.73639857773  3.61976185114e-27
3.85002454306  4.17435708683e-27
3.96710593738  4.74581787305e-27
4.08774784223  1.72199044859e-26
4.21205853471  3.46642536563e-26
4.34014958471  5.26390952175e-26
4.472135955  7.11605617388e-26
4.60813610445  9.02452763905e-26
4.74827209431  1.09910367862e-25
4.89266969782  1.30173485737e-25
5.041458513  2.01456682189e-25
5.19477207907  4.09364442565e-25
5.35274799621  6.23594793927e-25
5.51552804914  8.44340009796e-25
5.68325833429  1.07179821084e-24
5.85608939099  1.30617354267e-24
6.03417633655  1.71637635388e-24
6.21767900547  2.84652769818e-24
6.40676209294  4.01501031539e-24
6.6015953026  5.2190271409e-24
6.80235349885  6.45965878981e-24
7.00921686386  7.9025355962e-24
7.22237105921  1.10372271207e-23
7.44200739256  1.43521190113e-23
7.66832298935  1.77678186137e-23
7.9015209697  2.12873915466e-23
8.14181063074  2.59153585323e-23
8.38940763443  3.14005977923e-23
8.64453420113  3.70526462385e-23
8.90741930907  4.28765766313e-23
9.17829889981  4.91479171287e-23
9.45741609003  5.57545931094e-23
9.74502138973  6.25621817927e-23
10.041372927  6.94932392428e-23
10.34673668  7.61681521375e-23
10.661386715  8.30382241481e-23
10.9856054331  9.00769298865e-23
11.3196838233  9.65235615814e-23
11.6639217237  1.03083527689e-22
12.0186280908  1.09752792327e-22
12.3841212763  1.15768382868e-22
12.7607293136  1.21925924277e-22
13.1487902114  1.2792150933e-22
13.5486522576  1.33520777563e-22
13.9606743317  1.39269361874e-22
14.3852262269  1.44483746487e-22
14.8226889821  1.49756047613e-22
15.2734552238  1.54747052171e-22
15.7379295184  1.59594770384e-22
16.2165287354  1.64299978435e-22
16.7096824217  1.68786690672e-22
17.2178331866  1.73166744496e-22
17.7414370999  1.77346150931e-22
18.2809641002  1.81385458589e-22
18.8368984177  1.85294232775e-22
19.4097390079  1.88996951931e-22
20  1.92679e-22

