1 20000 251
251
1  0
1.04040904696  7.453570638e-36
1.082450985  1.52083329619e-35
1.12619179768  2.32764578408e-35
1.17170013492  3.16706079567e-35
1.21904742069  4.04039576789e-35
1.26830796516  4.94902137401e-35
1.31955908129  5.89436367492e-35
1.37288120617  6.87790635726e-35
1.4283580273  7.90119306204e-35
1.4860766139  8.96582980733e-35
1.54612755358  1.00734875088e-34
1.6086050945  1.12259046024e-34
1.6736072933  1.24248897725e-34
1.74123616901  1.36723247906e-34
1.81159786313  1.49701674689e-34
1.88480280626  1.6320454733e-34
1.96096589137  1.77253058185e-34
2.04020665416  1.94307216414e-31
2.12264946065  5.92351414693e-31
2.20842370239  1.00648019967e-30
2.29766399949  1.43734353417e-30
2.39051041194  1.88561764539e-30
2.48710865943  2.35200608621e-30
2.58761035005  2.83724083945e-30
2.6921732182  3.34208346661e-30
2.8009613722  3.86732630321e-30
2.91414555182  4.41379370225e-30
3.03190339627  4.83882915545e-29
3.15441972299  2.15668568531e-28
3.28188681771  3.89708482076e-28
3.41450473624  5.7078118266e-28
3.55248161847  7.59170858505e-28
3.69603401502  9.55173181608e-28
3.8453872271  1.15909577179e-27
4.00077566014  1.4095465371e-27
4.16244319166  9.61045747897e-27
4.33064355406  1.81427594162e-26
4.50564073281  2.70198435431e-26
4.68770938077  3.62556421793e-26
4.87713524927  4.58646506364e-26
5.07421563659  9.68874535014e-26
5.27925985453  2.2063469029e-25
5.49258971391  3.49382434981e-25
5.71454002959  4.83332753333e-25
5.945459146  6.2269587639e-25
6.18570948383  1.28446586639e-24
6.43566810884  2.13088157542e-24
6.69572732367  3.01150013659e-24
6.96629528353  3.92770365455e-24
7.24779663678  6.6371857148e-24
7.54067319143  9.70469011297e-24
7.84538460853  1.28961494404e-23
8.1624091236  1.76321293447e-23
8.49224429718  2.39615686252e-23
8.83540779578  3.05467745149e-23
9.19243820431  3.82661088117e-23
9.56389587139  4.70697968354e-23
9.95036378878  5.62292335019e-23
10.3524485064  6.56887943803e-23
10.7707810842  7.55203504741e-23
11.2060180829  8.52784944048e-23
11.6588425938  9.48860896213e-23
12.1299653117  1.04532076439e-22
12.6201256496  1.13612407944e-22
13.1300928996  1.22734747373e-22
13.6606674402  1.3123859985e-22
14.2126819923  1.39626513485e-22
14.7870029263  1.47590502247e-22
15.384531622  1.55173628923e-22
16.0062058827  1.62648768818e-22
16.6530014079  1.69449621707e-22
17.3259333238  1.76107150228e-22
18.0260577771  1.8229462126e-22
18.7544735924  1.81873280998e-22
19.5123239965  1.82479943849e-22
20.3007984131  1.84073984355e-22
21.1211343295  1.866151414e-22
21.9746192385  1.90063396119e-22
22.8625926593  1.94378848071e-22
23.7864482397  1.99521589501e-22
24.7476359436  2.02889712884e-22
25.7476643266  2.05406762357e-22
26.7881029035  2.07715451702e-22
27.8705846117  2.09823700586e-22
28.996808374  2.11739113582e-22
30.1685417653  2.13468994209e-22
31.3876237862  2.15020358601e-22
32.6559677498  2.16399948832e-22
33.9755642841  2.17614245905e-22
35.3484844568  2.18669482457e-22
36.7768830251  2.19571655177e-22
38.2630018183  2.20326536986e-22
39.8091732557  2.20939688984e-22
41.4178240072  2.21416472209e-22
43.0914788025  2.21762059216e-22
44.832764393  2.21981445503e-22
46.6444136747  2.22079460828e-22
48.5292699773  2.22060780404e-22
50.4902915267  2.21929936034e-22
52.5305560881  2.21691327173e-22
54.6532657959  2.21349231968e-22
56.8617521799  2.20907818262e-22
59.159481394  2.20371154604e-22
61.5500596558  2.19743221262e-22
64.0372389068  2.19027921253e-22
66.624922701  2.1822909139e-22
69.3171723311  2.17350513338e-22
72.118213203  2.16395924692e-22
75.032441467  2.15369030024e-22
78.0644309178  2.14273511903e-22
81.2189401726  2.13113041833e-22
84.5009201401  2.11891291057e-22
87.9155217902  2.10611941173e-22
91.4681042388  2.09278694464e-22
95.1642431583  2.07895283849e-22
99.009739529  2.06465482341e-22
103.010628743  2.04993111851e-22
107.173190077  2.03482051193e-22
111.503956548  2.01936243094e-22
116.009725165  2.00359699997e-22
120.697567597  1.98756508429e-22
125.574841273  1.9713083168e-22
130.649200932  1.95486910528e-22
135.928610627  1.93829061733e-22
141.421356237  1.92161674017e-22
147.136058463  1.90489201261e-22
153.081686359  1.88816152666e-22
159.267571411  1.87147079652e-22
165.703422184  1.85486559327e-22
172.399339552  1.8383917442e-22
179.36583256  1.82209489656e-22
186.613834911  1.80602024648e-22
194.154722129  1.79021223511e-22
202.000329413  1.77581334007e-22
210.162970211  1.76064110858e-22
218.655455543  1.74586221105e-22
227.491114114  1.73151437666e-22
236.683813228  1.71763273474e-22
246.247980551  1.70424943372e-22
256.198626761  1.69139327839e-22
266.551369101  1.67908939632e-22
277.322455892  1.6673589445e-22
288.528792035  1.65621886615e-22
300.187965542  1.64568170726e-22
312.318275138  1.63575550046e-22
324.938758985  1.62644372227e-22
338.069224556  1.61774532793e-22
351.730279727  1.6096548656e-22
365.943365117  1.60216267033e-22
380.730787743  1.59525513627e-22
396.115756024  1.58891506522e-22
412.122416211  1.5831220896e-22
428.775890281  1.57785317044e-22
446.102315367  1.57308317659e-22
464.128884777  1.56878556514e-22
482.883890678  1.56493321897e-22
502.396768493  1.56150038077e-22
522.698143103  1.55865143238e-22
543.819876914  1.55651906318e-22
565.795119858  1.55509179642e-22
588.658361426  1.55435539217e-22
612.445484796  1.54813315059e-22
637.193823152  1.54927080428e-22
662.942218274  1.55100790936e-22
689.731081504  1.55335143541e-22
717.602457167  1.5563062359e-22
746.600088557  1.55987501836e-22
776.769486596  1.56405833719e-22
808.158001257  1.56885460928e-22
840.814895881  1.57426015225e-22
874.791424493  1.58026924424e-22
910.140912246  1.58687420403e-22
946.918839109  1.61291346718e-22
985.182926946  1.62918848724e-22
1024.99323011  1.6440956916e-22
1066.41222967  1.6577911795e-22
1109.50493154  1.67041226611e-22
1154.33896842  1.68208067982e-22
1200.98470601  1.69290507661e-22
1249.51535339  1.70298303678e-22
1300.00707798  1.71240266472e-22
1352.53912504  1.72124388067e-22
1407.19394206  1.72957947141e-22
1464.05730815  1.73747595018e-22
1523.21846867  1.74247468898e-22
1584.7702753  1.74850778504e-22
1648.80933177  1.75391562676e-22
1715.43614549  1.7587465737e-22
1784.75528525  1.7630447246e-22
1856.87554538  1.76685043154e-22
1931.9101165  1.77020073704e-22
2009.97676312  1.77312974753e-22
2091.19800853  1.77566895347e-22
2175.70132706  1.7778475047e-22
2263.61934415  1.77969244802e-22
2355.09004453  1.78122893274e-22
2450.25698873  1.7824803888e-22
2549.26953846  1.78346868169e-22
2652.28309095  1.78421424726e-22
2759.45932292  1.7847362095e-22
2870.96644429  1.78505248348e-22
2986.97946215  1.78517986577e-22
3107.68045551  1.78513411384e-22
3233.25886097  1.78493001633e-22
3363.91177012  1.78458145516e-22
3499.84423881  1.78410146092e-22
3641.26960901  1.78350226244e-22
3788.40984363  1.78279533135e-22
3941.49587491  1.78199142252e-22
4100.76796681  1.7811006109e-22
4266.47609215  1.78013232541e-22
4438.88032492  1.77909538035e-22
4618.25124841  1.77799800468e-22
4804.87037999  1.77684786957e-22
4999.03061281  1.77565211451e-22
5201.0366756  1.77441737215e-22
5411.20561086  1.7731497922e-22
5629.8672725  1.7718550644e-22
5857.36484349  1.77053844076e-22
6094.05537452  1.76920475717e-22
6340.31034432  1.76785845443e-22
6596.51624277  1.76650359872e-22
6863.0751774  1.76514390159e-22
7140.40550453  1.76378273951e-22
7428.94248588  1.76242317288e-22
7729.13897165  1.76106796457e-22
8041.46611132  1.75971959801e-22
8366.41409304  1.75838029473e-22
8704.49291301  1.75705203139e-22
9056.2331759  1.75573655631e-22
9422.18692758  1.75443540532e-22
9802.92852161  1.75314991716e-22
10199.0555206  1.75188124821e-22
10611.1896341  1.75063038658e-22
11039.9776943  1.74939816566e-22
11486.0926714  1.74818527695e-22
11950.2347295  1.74699228228e-22
12433.1323259  1.74581962539e-22
12935.5433539  1.74466764285e-22
13458.2563327  1.74353657436e-22
14002.0916449  1.74242657243e-22
14567.9028237  1.74133771137e-22
15156.577893  1.74026999579e-22
15769.0407609  1.73922336839e-22
16406.2526695  1.73819771727e-22
17069.213704  1.73719288262e-22
17758.9643622  1.73620866294e-22
18476.5871871  1.73755402724e-22
19223.2084664  1.73690804398e-22
20000  1.73626969099e-22

