0.55 20 151
151
0.55  0
0.563335523281  1.38728354401e-24
0.576994385073  2.80820372802e-24
0.590984425172  4.26357611966e-24
0.605313673464  5.94954413728e-24
0.619990354527  8.0157997076e-24
0.635022892357  1.01321545493e-23
0.650419915202  1.22729231172e-23
0.666190260514  1.41620433486e-23
0.68234298002  1.60789259585e-23
0.698887344921  1.80320250366e-23
0.715832851209  1.97758397134e-23
0.733189225123  2.1531458026e-23
0.750966428724  2.33059020492e-23
0.769174665621  2.49009988017e-23
0.787824386822  2.65244140678e-23
0.806926296733  2.81074773548e-23
0.826491359308  2.95853988896e-23
0.846530804332  3.10978090353e-23
0.867056133875  3.2487494907e-23
0.888079128892  3.38757230979e-23
0.90961185598  3.52213520442e-23
0.93166667431  3.65027363649e-23
0.954256242719  3.77860163138e-23
0.977393526975  3.89763320883e-23
1.00109180722  4.01775177567e-23
1.02536468558  4.12369569394e-23
1.05022609401  4.23134842477e-23
1.07569030224  4.34161134741e-23
1.101771926  4.45227665119e-23
1.1284859354  4.54616012295e-23
1.15584766352  4.6415268203e-23
1.1838728152  4.7392058173e-23
1.21257747609  4.83121636816e-23
1.24197812184  4.91490296531e-23
1.27209162758  5.00061866168e-23
1.30293527761  5.08656979166e-23
1.33452677529  5.16128541696e-23
1.36688425326  5.23740971689e-23
1.40002628377  5.31030783173e-23
1.43397188941  5.31531792222e-23
1.46874055398  5.31531792222e-23
1.50435223371  5.31531792222e-23
1.54082736868  5.31531792222e-23
1.57818689458  5.31531792222e-23
1.61645225472  5.31531792222e-23
1.65564541231  5.31531792222e-23
1.69578886311  5.31531792222e-23
1.73690564831  5.31531792222e-23
1.77901936779  5.31531792222e-23
1.8221541936  5.31531792222e-23
1.8663348839  5.31531792222e-23
1.91158679717  5.31531792222e-23
1.95793590669  5.31531792222e-23
2.00540881553  5.31531792222e-23
2.0540327718  5.31531792222e-23
2.10383568425  5.31531792222e-23
2.15484613833  5.31531792222e-23
2.2070934126  5.31531792222e-23
2.26060749548  5.31531792222e-23
2.31541910254  5.31531792222e-23
2.37155969408  5.31531792222e-23
2.42906149319  5.31531792222e-23
2.48795750427  5.31531792222e-23
2.54828153194  5.31531792222e-23
2.61006820048  5.31531792222e-23
2.67335297366  5.31531792222e-23
2.73817217515  5.31531792222e-23
2.80456300931  5.31531792222e-23
2.87256358259  5.31531792222e-23
2.94221292537  5.31531792222e-23
3.0135510144  5.31531792222e-23
3.08661879569  5.31531792222e-23
3.16145820807  5.31531792222e-23
3.23811220722  5.31531792222e-23
3.31662479036  5.31531792222e-23
3.39704102146  5.31531792222e-23
3.47940705714  5.31531792222e-23
3.56377017317  5.31531792222e-23
3.65017879155  5.31531792222e-23
3.73868250837  5.31531792222e-23
3.82933212224  5.31531792222e-23
3.92217966345  5.31531792222e-23
4.01727842384  5.31531792222e-23
4.11468298738  5.31531792222e-23
4.21444926151  5.31531792222e-23
4.31663450922  5.31531792222e-23
4.42129738193  5.31531792222e-23
4.52849795315  5.31531792222e-23
4.63829775293  5.31531792222e-23
4.75075980323  5.31531792222e-23
4.86594865406  5.31531792222e-23
4.98393042054  5.31531792222e-23
5.10477282081  5.31531792222e-23
5.22854521498  5.31531792222e-23
5.35531864487  5.31531792222e-23
5.48516587481  5.31531792222e-23
5.61816143339  5.31531792222e-23
5.75438165628  5.31531792222e-23
5.89390473  5.31531792222e-23
6.0368107368  5.31531792222e-23
6.18318170065  5.31531792222e-23
6.33310163432  5.31531792222e-23
6.48665658757  5.31531792222e-23
6.64393469654  5.31531792222e-23
6.8050262344  5.31531792222e-23
6.97002366308  5.31531792222e-23
7.1390216864  5.31531792222e-23
7.3121173044  5.31531792222e-23
7.48940986902  5.31531792222e-23
7.67100114115  5.31531792222e-23
7.85699534897  5.31531792222e-23
8.04749924787  5.31531792222e-23
8.24262218163  5.31531792222e-23
8.44247614526  5.31531792222e-23
8.64717584923  5.31531792222e-23
8.85683878532  5.31531792222e-23
9.07158529407  5.31531792222e-23
9.29153863386  5.31531792222e-23
9.51682505161  5.31531792222e-23
9.74757385531  5.31531792222e-23
9.98391748818  5.31531792222e-23
10.2259916047  5.31531792222e-23
10.4739351486  5.31531792222e-23
10.7278904322  5.31531792222e-23
10.9880032188  5.31531792222e-23
11.2544228056  5.31531792222e-23
11.5273021098  5.31531792222e-23
11.8067977564  5.31531792222e-23
12.093070168  5.31531792222e-23
12.3862836566  5.31531792222e-23
12.6866065186  5.31531792222e-23
12.9942111305  5.31531792222e-23
13.3092740488  5.31531792222e-23
13.6319761105  5.31531792222e-23
13.9625025374  5.31531792222e-23
14.3010430422  5.31531792222e-23
14.6477919375  5.31531792222e-23
15.0029482473  5.31531792222e-23
15.3667158212  5.31531792222e-23
15.7393034513  5.31531792222e-23
16.1209249924  5.31531792222e-23
16.5117994843  5.31531792222e-23
16.9121512778  5.31531792222e-23
17.3222101634  5.31531792222e-23
17.7422115033  5.31531792222e-23
18.1723963661  5.31531792222e-23
18.6130116657  5.31531792222e-23
19.0643103028  5.31531792222e-23
19.5265513098  5.31531792222e-23
20  5.31531792222e-23

