0.5 20000 301
301
0.5  0
0.51797667599  3.31281159779e-43
0.536599673739  6.744729877e-43
0.555892230681  1.03000371221e-42
0.575878419714  1.39831695799e-42
0.596583179235  1.77987229954e-42
0.618032344264  2.17514583458e-42
0.640252678672  2.58463077816e-42
0.663271908584  3.00883807804e-42
0.687118756972  3.44829705229e-42
0.711822979493  3.90355604972e-42
0.737415401622  4.37518313413e-42
0.763927957112  4.86376679311e-42
0.791393727841  5.36991667235e-42
0.819846985093  5.89426433635e-42
0.849323232317  6.43746405648e-42
0.879859249433  7.00019362733e-42
0.911493138721  7.58315521252e-42
0.944264372364  8.18707622078e-42
0.978213841706  8.81271021361e-42
1.01338390827  2.35654476745e-34
1.04981845661  8.77168443951e-34
1.0875629491  1.54174698862e-33
1.12666448261  2.23021935962e-33
1.16717184731  2.94344462011e-33
1.20913558756  3.68231271943e-33
1.25260806493  4.44774560359e-33
1.29764352358  5.24069836565e-33
1.34429815793  6.06216043746e-33
1.39263018277  6.91315682429e-33
1.44269990591  7.79474938374e-33
1.49456980343  8.70803815079e-33
1.54830459763  9.65416271033e-33
1.6039713378  1.06343036192e-32
1.66163948387  1.16496838791e-32
1.7213809931  1.27015704629e-32
1.78327040983  1.37912758953e-32
1.84738495855  1.49201598907e-32
1.91380464021  1.60896310497e-32
1.98261233206  1.73011486169e-32
2.05389389107  6.11461510878e-30
2.12773826107  1.44686176058e-29
2.20423758369  2.31229744951e-29
2.28348731338  3.20884845237e-29
2.3655863365  4.13763346901e-29
2.4506370947  5.09981142026e-29
2.53874571274  6.09658289406e-29
2.63002213093  7.12919164351e-29
2.72458024232  8.19892613878e-29
2.82253803477  9.30712117488e-29
2.92401773821  1.04551595372e-28
3.02914597715  5.56212699588e-28
3.13805392866  2.21178690396e-27
3.25087748609  3.92688455044e-27
3.36775742859  5.70364570627e-27
3.48883959681  7.54428738133e-27
3.61427507483  9.4511062944e-27
3.74422037875  1.1426481739e-26
3.87883765192  1.34728785523e-26
4.01829486729  2.15424923864e-26
4.16276603701  7.07219037204e-26
4.31243142955  1.2166947974e-25
4.46747779462  1.74448791893e-25
4.62809859623  2.29125697233e-25
4.79449425406  2.85768420596e-25
4.96687239354  3.44447639729e-25
5.14544810495  7.44481606477e-25
5.33044421176  1.23894340799e-24
5.52209154871  1.75118276869e-24
5.72062924983  2.28183885142e-24
5.92630504679  2.83157379908e-24
6.13937557808  4.4042159785e-24
6.36010670917  6.58288240951e-24
6.58877386432  8.83987920156e-24
6.82566237018  1.11780225937e-23
7.07106781187  1.42772288571e-23
7.32529640178  1.92083287036e-23
7.58866536167  2.43167181186e-23
7.86150331847  2.96087712562e-23
8.14415071437  3.57607972564e-23
8.43696023158  4.28005808608e-23
8.74029723243  5.00934682829e-23
9.05454021523  5.76131456191e-23
9.38008128661  6.52284886151e-23
9.7173266507  7.31176287183e-23
10.0666971161  8.1109285236e-23
10.4286286208  8.85930335904e-23
10.8035727762  9.63458477835e-23
11.1919974309  1.03807974296e-22
11.5943872539  1.10934878848e-22
12.0112443398  1.18288154897e-22
12.4430888353  1.24789778916e-22
12.8904595879  1.31525158111e-22
13.3539148186  1.3771162862e-22
13.8340328184  1.43866876487e-22
14.3314126696  1.49636455337e-22
14.8466749937  1.55298578254e-22
15.3804627255  1.60592337281e-22
15.9334419155  1.65837649799e-22
16.5063025609  1.70644434782e-22
17.0997594668  1.75435965774e-22
17.7145531376  1.79873398233e-22
18.3514507018  1.81588077046e-22
19.0112468682  1.81439364215e-22
19.6947649184  1.81891941216e-22
20.4028577337  1.82919430661e-22
21.1364088592  1.84495463329e-22
21.8963336065  1.86593614455e-22
22.6835801957  1.89187338978e-22
23.4991309386  1.92249905684e-22
24.3440034645  1.95004905962e-22
25.2192519896  1.96677280345e-22
26.1259686331  1.98211463936e-22
27.0652847792  1.99612103073e-22
28.0383724893  2.00883678906e-22
29.0464459643  2.02030514022e-22
30.0907630598  2.03056778904e-22
31.1726268555  2.03966498252e-22
32.2933872809  2.04763557165e-22
33.4544428005  2.05451707208e-22
34.6572421578  2.06034572349e-22
35.9032861837  2.06515654803e-22
37.1941296691  2.06898340773e-22
38.5313833047  2.07185906103e-22
39.9167156909  2.07381521862e-22
41.35185542  2.07488259856e-22
42.8385932329  2.07509098077e-22
44.3787842538  2.07446926117e-22
45.9743503045  2.07304550528e-22
47.627282303  2.07084700168e-22
49.3396427475  2.06790031509e-22
51.1135682897  2.06423133947e-22
52.9512724014  2.059865351e-22
54.8550481358  2.05482706108e-22
56.8272709893  2.04914066941e-22
58.8704018652  2.04282991726e-22
60.9869901447  2.03591814087e-22
63.1796768676  2.02842832504e-22
65.4511980279  2.02038315699e-22
67.8043879881  2.01180508035e-22
70.2421830153  2.00271634936e-22
72.767624945  1.9931390831e-22
75.3838649774  1.9830953198e-22
78.0941676085  1.97260707091e-22
80.9019147041  1.96169637486e-22
83.8106097193  1.95038535029e-22
86.8238820702  1.93869624841e-22
89.9454916625  1.92665150411e-22
93.1793335833  1.91427378554e-22
96.5294429608  1.90158604151e-22
100  1.88861154627e-22
103.595335198  1.87537394097e-22
107.319934748  1.86189727106e-22
111.178446136  1.84820601886e-22
115.175683943  1.83432513037e-22
119.316635847  1.82028003537e-22
123.606468853  1.8060966597e-22
128.050535734  1.79180142878e-22
132.654381717  1.77742126102e-22
137.423751394  1.76298355011e-22
142.364595899  1.748516135e-22
147.483080324  1.73404725647e-22
152.785591422  1.71960549933e-22
158.278745568  1.70521971937e-22
163.969397019  1.69091895428e-22
169.864646463  1.6767323184e-22
175.971849887  1.6626888809e-22
182.298627744  1.64881752781e-22
188.852874473  1.63514680866e-22
195.642768341  1.62170476863e-22
202.676781654  1.60953966646e-22
209.963691323  1.59661427393e-22
217.51258982  1.58399783853e-22
225.332896521  1.57171439847e-22
233.434369463  1.55978651174e-22
241.827117512  1.5482350562e-22
250.521612986  1.53707903734e-22
259.528704717  1.52633540821e-22
268.859631586  1.51601890596e-22
278.526036554  1.50614190945e-22
288.539981181  1.49671432193e-22
298.913960685  1.48774348246e-22
309.660919525  1.47923410914e-22
320.794267559  1.47118827648e-22
332.327896774  1.46360542866e-22
344.276198619  1.45648242955e-22
356.654081967  1.44981364958e-22
369.476991711  1.4435910893e-22
382.760928042  1.43780453855e-22
396.522466412  1.43244177049e-22
410.778778215  1.42748876975e-22
425.547652214  1.42292999525e-22
440.847516738  1.41874868027e-22
456.697462677  1.41492717742e-22
473.117267301  1.41144736738e-22
490.127418939  1.4082911818e-22
507.749142548  1.40545860642e-22
526.004426187  1.40311626811e-22
544.916048465  1.40130476863e-22
564.507606954  1.40001605943e-22
584.803547643  1.39924050913e-22
605.82919543  1.39311824297e-22
627.610785733  1.39379896998e-22
650.175497219  1.39492175961e-22
673.551485719  1.39649160159e-22
697.767919361  1.39851227684e-22
722.855014966  1.40098633546e-22
748.84407575  1.40391508503e-22
775.767530383  1.4072985893e-22
803.658973457  1.41113567743e-22
832.553207402  1.41542396347e-22
862.486285909  1.42015987593e-22
893.495558925  1.42533869668e-22
925.619719247  1.43095460867e-22
958.898850812  1.45714637474e-22
993.374478709  1.47020276406e-22
1029.08962099  1.48228098752e-22
1066.08884235  1.49348104995e-22
1104.41830974  1.50389225302e-22
1144.12584997  1.51359482519e-22
1185.26100936  1.52266123851e-22
1227.87511562  1.53115728051e-22
1272.02134183  1.53914293302e-22
1317.75477286  1.54667309737e-22
1365.13247404  1.55379819622e-22
1414.21356237  1.56056467577e-22
1465.05928036  1.56701542678e-22
1517.73307233  1.57093837525e-22
1572.30066369  1.57595595337e-22
1628.83014287  1.58050713555e-22
1687.39204632  1.58462437131e-22
1748.05944649  1.58833752074e-22
1810.90804305  1.59167413789e-22
1876.01625732  1.59465971571e-22
1943.46533014  1.59731789855e-22
2013.33942322  1.59967066707e-22
2085.72572415  1.60173849956e-22
2160.71455525  1.60354051316e-22
2238.39948618  1.60509458764e-22
2318.87745078  1.60641747421e-22
2402.24886796  1.60752489132e-22
2488.61776706  1.60843160912e-22
2578.09191758  1.60915152414e-22
2670.78296373  1.6096977253e-22
2766.80656368  1.61008255259e-22
2866.28253393  1.610317649e-22
2969.33499874  1.61041400694e-22
3076.0925451  1.61038200951e-22
3186.68838309  1.61023146753e-22
3301.26051218  1.60997165275e-22
3419.95189335  1.60961132771e-22
3542.91062753  1.60915877279e-22
3670.29014035  1.60862181079e-22
3802.24937364  1.60800782934e-22
3938.95298368  1.60732380143e-22
4080.57154674  1.60657630442e-22
4227.28177184  1.60577153768e-22
4379.2667213  1.60491533897e-22
4536.71603914  1.60401319998e-22
4699.82618773  1.60307028092e-22
4868.8006929  1.6020914244e-22
5043.85039793  1.60108116873e-22
5225.19372662  1.6000437607e-22
5413.05695583  1.59898316786e-22
5607.67449785  1.59790309047e-22
5809.28919286  1.5968069731e-22
6018.15261197  1.59569801589e-22
6234.52537109  1.59457918555e-22
6458.67745619  1.5934532262e-22
6690.88856009  1.59232266981e-22
6931.44843155  1.59118984656e-22
7180.65723674  1.5900568949e-22
7438.82593382  1.5889257714e-22
7706.27666093  1.5877982604e-22
7983.34313818  1.58667598339e-22
8270.371084  1.5855604082e-22
8567.71864659  1.5844528579e-22
8875.75685075  1.58335451949e-22
9194.87006089  1.58226645228e-22
9525.4564606  1.58118959606e-22
9867.9285495  1.58012477895e-22
10222.7136579  1.57907272499e-22
10590.2544803  1.57803406141e-22
10971.0096272  1.57700932568e-22
11365.4541979  1.57599897215e-22
11774.080373  1.57500337852e-22
12197.3980289  1.57402285187e-22
12635.9353735  1.57305763455e-22
13090.2396056  1.57210790959e-22
13560.8775976  1.57117380601e-22
14048.4366031  1.57025540366e-22
14553.524989  1.56935273789e-22
15076.7729955  1.56846580388e-22
15618.8335217  1.56759456074e-22
16180.3829408  1.56673893531e-22
16762.1219439  1.56589882571e-22
17364.776414  1.56507410463e-22
17989.0983325  1.56426462244e-22
18635.8667167  1.56566807416e-22
19305.8885922  1.56513255549e-22
20000  1.56460281231e-22

