0.5 20 151
151
0.5  0
0.512448710082  2.26692006496e-41
0.52520736093  4.59028059125e-41
0.538283669269  6.97148680077e-41
0.55168554395  9.41197890178e-41
0.565421090737  1.191323296e-40
0.579498617203  1.44767617915e-40
0.59392663776  1.71041158774e-40
0.608713878807  1.97968843019e-40
0.623869284008  2.25566957133e-40
0.6394020197  2.5385219309e-40
0.655321480438  2.8284165845e-40
0.67163729468  3.1255288671e-40
0.688359330604  3.43003847904e-40
0.705497702082  3.74212959473e-40
0.723062774796  4.06199097406e-40
0.741065172505  4.38981607654e-40
0.759515783475  4.72580317834e-40
0.778425767058  5.07015549218e-40
0.797806560447  5.42308129026e-40
0.817669885593  5.78479403023e-40
0.83802775629  6.15551248426e-40
0.858892485448  6.53546087141e-40
0.880276692535  6.92486899319e-40
0.90219331121  7.32397237259e-40
0.924655597149  7.73301239652e-40
0.947677136058  8.1522364618e-40
0.971271851895  8.58189812476e-40
0.995454015286  2.67312380905e-35
1.02023825216  4.62089981633e-33
1.04563955259  1.04206517144e-32
1.07167327987  1.63648024722e-32
1.0983551798  2.2456947249e-32
1.1257013902  2.87007707141e-32
1.15372845069  3.51000492753e-32
1.18245331269  4.16586533637e-32
1.21189334964  4.83805497737e-32
1.24206636756  5.5269804063e-32
1.27299061578  6.23305830109e-32
1.30468479801  6.9567157139e-32
1.33716808361  7.69839032937e-32
1.37046011922  8.45853072937e-32
1.40458104063  9.23759666429e-32
1.43955148495  1.00360593311e-31
1.47539260312  1.08544016585e-31
1.51212607267  1.16931185986e-31
1.54977411084  1.25527174267e-31
1.58835948804  1.34337180481e-31
1.62790554158  1.43366533121e-31
1.66843618984  1.52620693347e-31
1.70997594668  1.62105258289e-31
1.75254993629  1.71825964429e-31
1.79618390842  1.81788691075e-31
1.84090425388  1.91999463911e-31
1.88673802057  2.02464458649e-31
1.93371292981  2.13190004759e-31
1.9818573931  2.24182589296e-31
2.03120052932  2.17563992863e-29
2.08177218234  5.66503682875e-29
2.13360293905  9.24131070961e-29
2.18672414789  1.29066245839e-28
2.24116793778  1.66631953178e-28
2.29696723759  2.05132949716e-28
2.35415579601  2.44592521741e-28
2.41276820199  2.85034535311e-28
2.47283990568  3.26483450685e-28
2.53440723981  3.6896433712e-28
2.59750744173  4.12502888034e-28
2.66217867588  4.57125436544e-28
2.72846005693  5.02858971392e-28
2.79639167337  5.49731153273e-28
2.86601461181  5.97770331561e-28
2.9373709818  6.47005561454e-28
3.01050394131  1.37880496862e-27
3.08545772284  5.83863583507e-27
3.16227766017  1.04666676319e-26
3.24101021575  1.52099254809e-26
3.32170300885  2.00712782135e-26
3.40440484432  2.50536660876e-26
3.48916574214  3.01601025661e-26
3.57603696765  3.53936761391e-26
3.66507106256  4.07575521924e-26
3.75632187674  4.62549749214e-26
3.84984460077  5.1889269294e-26
3.94569579937  5.76638430608e-26
4.04393344553  1.0405936378e-25
4.14461695564  2.02887738937e-25
4.2478072254  3.04176685675e-25
4.35356666667  4.07987465878e-25
4.46195924519  5.14382866692e-25
4.57305051927  6.23427238505e-25
4.68690767949  7.35186533859e-25
4.80359958925  8.49728347347e-25
4.92319682653  9.67121956492e-25
5.04577172647  1.30635242063e-24
5.1713984252  2.03050365638e-24
5.30015290463  2.77268438971e-24
5.43211303844  3.5333435086e-24
5.56735863914  4.31294107717e-24
5.70597150638  5.11194861396e-24
5.84803547643  5.93084937712e-24
5.99363647282  6.83405352053e-24
6.1428625584  9.03363012675e-24
6.29580398853  1.14175404335e-23
6.4525532657  1.38608039568e-23
6.6132051955  1.63648984386e-23
6.77785694388  1.89313384129e-23
6.94660809603  2.15616761215e-23
7.11956071652  2.51533493811e-23
7.29681941106  2.92444623254e-23
7.47849138981  3.34374334276e-23
7.66468653214  3.7734798693e-23
7.85551745316  4.21391572671e-23
8.0510995718  4.66965366148e-23
8.25155118063  5.14930449411e-23
8.45699351738  5.64089739505e-23
8.66755083831  6.144729691e-23
8.88335049333  6.66110611132e-23
9.10452300303  7.16335510482e-23
9.33120213764  7.64724455999e-23
9.5635249979  8.14318161424e-23
9.80163209803  8.65146622171e-23
10.0456674507  9.1572497931e-23
10.295778654  9.61068753833e-23
10.5521169811  1.00750136572e-22
10.8148374712  1.05509002986e-22
11.0840990237  1.10142062052e-22
11.3600644943  1.14339220893e-22
11.6429007931  1.18640878162e-22
11.9327789861  1.23049152239e-22
12.2298743982  1.27018300162e-22
12.5343667197  1.30920978246e-22
12.8464401144  1.34920822946e-22
13.1662833315  1.3869633353e-22
13.4940898196  1.4225926225e-22
13.8300578436  1.45910898702e-22
14.1743906047  1.49378437498e-22
14.5272963631  1.52657637806e-22
14.8889885645  1.56018481742e-22
15.2596859686  1.59126189319e-22
15.6396127818  1.6216370419e-22
16.0289987924  1.6523193436e-22
16.4280795102  1.6800731021e-22
16.8370963082  1.70837706453e-22
17.2562965694  1.73512006093e-22
17.6859338356  1.76105296631e-22
18.1262679613  1.78669841391e-22
18.5775652707  1.81060363239e-22
19.0400987189  1.83477018364e-22
19.5141480567  1.85699585573e-22
20  1.87969e-22

