0.02 20 201
201
0.02  0
0.0207028433336  9.24290525511e-34
0.0214303861048  1.88106262273e-33
0.0221834963052  2.87145776446e-33
0.0229630724299  3.89665753735e-33
0.0237700445487  4.95788505153e-33
0.0246053754162  6.0564063999e-33
0.0254700616203  7.19353216859e-33
0.0263651347711  8.37061900058e-33
0.0272916627318  9.58907121422e-33
0.0282507508925  1.08503424786e-32
0.0292435434891  1.21559375481e-32
0.0302712249687  1.3507414057e-32
0.0313350214022  1.49063843787e-32
0.0324362019472  1.63545175487e-32
0.0335760803625  1.78535412558e-32
0.034756016575  1.9405243904e-32
0.0359774183026  2.10114767452e-32
0.0372417427333  2.26741560887e-32
0.0385504982638  2.43952655868e-32
0.0399052462994  2.61768586017e-32
0.0413076031162  2.80210606554e-32
0.04275924179  2.9930071965e-32
0.0442618941921  3.19061700682e-32
0.0458173530554  3.39517125404e-32
0.0474274741132  3.6069139807e-32
0.0490941783137  3.82609780556e-32
0.050819454111  3.15732017942e-30
0.0526053598379  9.95235385559e-30
0.0544540261616  1.69861797378e-29
0.0563676586253  2.42671895016e-29
0.05834854028  3.1804069724e-29
0.060399034408  3.96058122475e-29
0.0625215873425  4.76817249072e-29
0.0647187313859  5.60414426356e-29
0.0669930878316  6.46949389578e-29
0.0693473700905  7.36525378901e-29
0.071784386929  8.29249262572e-29
0.0743070458194  9.25231664418e-29
0.0769183564091  1.02458709583e-28
0.0796214341107  1.12743409237e-28
0.0824195038195  1.2338953552e-28
0.0853159037603  1.34409789748e-28
0.0883140894707  1.45817319587e-28
0.091417637923  1.57625734741e-28
0.0946302517923  1.69849123188e-28
0.0979557638737  1.8250206799e-28
0.101398141655  1.03596443546e-27
0.10496149205  3.19130395811e-27
0.108650066298  5.42238678151e-27
0.112468265038  7.73187468937e-27
0.116420643554  1.01225230062e-26
0.120511917215  1.25971838847e-26
0.124746967096  1.51588097083e-26
0.129130845807  1.78104566135e-26
0.133668783514  2.05552881362e-26
0.138366194184  2.33965789858e-26
0.143228682043  2.63377189521e-26
0.14826204826  2.93822169492e-26
0.153472297872  3.25337052024e-26
0.158865646945  3.57959435811e-26
0.164448529989  3.91728240847e-26
0.17022760764  4.26683754858e-26
0.176209774602  4.62867681368e-26
0.182402167871  5.00323189455e-26
0.188812175257  5.3909496525e-26
0.195447444191  5.79229265253e-26
0.202315890852  1.10731596354e-25
0.20942570961  2.64401166626e-25
0.216785382804  4.2347101855e-25
0.22440369086  5.88130929724e-25
0.232289722768  7.58577346942e-25
0.240452886923  9.35013620564e-25
0.248902922354  1.11765024712e-24
0.257649910339  1.30670512045e-24
0.266704286433  1.50240379165e-24
0.276076852921  1.70497973817e-24
0.285778791702  1.91467464237e-24
0.295821677634  2.13173867985e-24
0.306217492336  2.35643081791e-24
0.316978638492  2.58901912454e-24
0.32811795464  2.8297810882e-24
0.339648730492  3.07900394893e-24
0.351584722792  3.33698504096e-24
0.363940171722  3.60403214754e-24
0.376729817898  3.88046386804e-24
0.389968919952  4.16660999814e-24
0.403673272736  4.46281192324e-24
0.417859226171  4.76942302576e-24
0.432543704745  5.08680910675e-24
0.447744227714  5.4153488223e-24
0.463478929994  5.7554341353e-24
0.479766583804  6.10747078305e-24
0.496626621059  6.47442318323e-24
0.514079156554  7.44051466903e-24
0.53214501196  8.58987559079e-24
0.550845740668  9.77962754563e-24
0.570203653501  1.1011189962e-23
0.590241845333  1.228603215e-23
0.610984222643  1.36056750548e-23
0.632455532034  1.49716930704e-23
0.654681389758  1.63857159188e-23
0.677688312278  1.78494305939e-23
0.701503747905  1.9364583374e-23
0.72615610954  2.09329819057e-23
0.751674808577  2.255649736e-23
0.778090289989  2.42370666651e-23
0.805434068651  2.59766948167e-23
0.833738766941  2.77774572708e-23
0.863038153656  2.96415024192e-23
0.893367184302  3.15710541529e-23
0.924762042799  3.35684145153e-23
0.957260184645  3.56359664484e-23
0.99090038161  3.77761766362e-23
1.02572276798  3.93545481181e-23
1.06176888846  4.07551060713e-23
1.09908174772  4.22048826656e-23
1.13770586169  4.37056075506e-23
1.17768731071  4.52590711596e-23
1.21907379448  4.68671268458e-23
1.26191468896  4.85316930928e-23
1.30626110529  5.02547558044e-23
1.35216595078  5.2038370673e-23
1.399683992  5.38846656326e-23
1.44887192015  5.57958433974e-23
1.49978841866  5.77741840897e-23
1.55249423326  5.98220479605e-23
1.60705224437  6.19418782047e-23
1.66352754221  6.41362038766e-23
1.72198750437  6.64076429071e-23
1.78250187627  6.87589052266e-23
1.84514285431  7.11927959985e-23
1.90998517204  7.37122189655e-23
1.97710618931  7.63201799144e-23
2.04658598456  7.7762265897e-23
2.11850745035  7.86153256836e-23
2.19295639229  7.94983638393e-23
2.27002163134  8.04124338692e-23
2.34979510988  8.13586263003e-23
2.43237200129  8.23380699836e-23
2.51785082359  8.33519334401e-23
2.6063335569  8.44014262551e-23
2.69792576518  8.54878005216e-23
2.79273672211  8.66123523336e-23
2.89087954149  8.77764233328e-23
2.99247131219  8.89539697062e-23
3.09763323782  8.94427314527e-23
3.20649078138  8.98575331224e-23
3.31917381488  9.02869118216e-23
3.43581677432  9.07313798185e-23
3.55655882008  9.11914673839e-23
3.68154400294  9.16677234232e-23
3.81092143593  9.21607161316e-23
3.94484547223  9.26710336719e-23
4.08347588934  9.30258144654e-23
4.22697807967  9.3274419095e-23
4.3755232479  9.35317602299e-23
4.52928861519  9.37981448898e-23
4.68845763064  9.40738908839e-23
4.85322019016  9.43593271896e-23
5.02377286302  9.46281753445e-23
5.20031912633  9.47571186221e-23
5.38306960785  9.48880410671e-23
5.57224233726  9.50235644104e-23
5.76806300625  9.51638503377e-23
5.97076523784  9.53143219823e-23
6.18059086503  9.58161949209e-23
6.39779021938  9.64009368507e-23
6.62262242965  9.70062278789e-23
6.85535573093  9.76327901452e-23
7.09626778467  9.79944267441e-23
7.34564600996  9.79224811261e-23
7.60378792641  9.78480071832e-23
7.87100150912  9.77709160646e-23
8.14760555608  9.76871614442e-23
8.43393006857  9.75968861887e-23
8.7303166448  9.75034384651e-23
9.0371188875  9.74016353084e-23
9.35470282574  9.7264646325e-23
9.68344735168  9.7122135573e-23
10.0237446725  9.69698048815e-23
10.3760007786  9.67712249975e-23
10.7406359274  9.65639991961e-23
11.1180851454  9.66439375219e-23
11.5087987467  9.73961393472e-23
11.9132428706  9.817229462e-23
12.3319000372  9.8011695542e-23
12.7652697238  9.75806703854e-23
13.2138689602  9.71432217858e-23
13.6782329456  9.67003114165e-23
14.1589156877  9.62557874253e-23
14.6564906628  9.58248825211e-23
15.1715515006  9.53824561372e-23
15.7047126922  9.49319882464e-23
16.2566103233  9.44768011649e-23
16.8279028329  9.40188530891e-23
17.4192717991  9.35604547566e-23
18.0314227521  9.30936696591e-23
18.6650860159  9.26207883751e-23
19.3210175798  9.21377912128e-23
20  9.16443e-23

