1 20 101
101
1  0
1.03041055791  2.4753555518e-35
1.06174591785  5.02598804697e-35
1.09403420358  7.65418669934e-35
1.12730439408  1.0362310339e-34
1.16158634964  1.31527895295e-34
1.1969108386  1.6028128749e-34
1.23330956497  1.89909086383e-34
1.27081519692  2.2043788317e-34
1.30946139606  2.518950777e-34
1.34928284767  2.84308903066e-34
1.39031529185  3.17708450946e-34
1.43259555555  3.5212369771e-34
1.47616158565  3.8758553133e-34
1.52105248304  4.24125779094e-34
1.56730853766  4.61777236178e-34
1.61497126471  5.00573695079e-34
1.66408344188  5.40549975941e-34
1.71468914776  5.81741957806e-34
1.76683380139  6.24186610821e-34
1.82056420303  6.67922029415e-34
1.87592857615  7.12987466489e-34
1.93297661076  7.59423368646e-34
1.99175950792  1.13598947823e-32
2.05233002578  6.79973254051e-31
2.11474252688  1.48998678589e-30
2.17905302696  2.32463328114e-30
2.24531924523  3.18466184198e-30
2.31360065617  4.07084435117e-30
2.3839585429  4.98397616488e-30
2.45645605223  5.92487682648e-30
2.53115825126  6.89439080215e-30
2.60813218585  7.89338823872e-30
2.68744694072  8.92276574468e-30
2.76917370155  9.98344719491e-30
2.85338581877  1.10763845598e-29
2.94015887345  1.22025587597e-29
3.02957074514  9.89192017217e-29
3.12170168173  3.66674809895e-28
3.21663437151  6.42573015497e-28
3.31445401734  9.26861439458e-28
3.41524841318  1.219795233e-27
3.51910802283  1.52163730663e-27
3.62612606115  1.83265856613e-27
3.73639857773  2.15313815564e-27
3.85002454306  2.48336370828e-27
3.96710593738  2.8236316042e-27
4.08774784223  1.10894210605e-26
4.21205853471  2.26639747203e-26
4.34014958471  3.45905170144e-26
4.472135955  4.68797521137e-26
4.60813610445  5.95427097086e-26
4.74827209431  7.25907549089e-26
4.89266969782  8.60355984433e-26
5.041458513  1.36782450594e-25
5.19477207907  2.87488289351e-25
5.35274799621  4.42777176745e-25
5.51552804914  6.02788485842e-25
5.68325833429  7.67665828121e-25
5.85608939099  9.37557182366e-25
6.03417633655  1.24924992062e-24
6.21767900547  2.14342462418e-24
6.40676209294  3.06800121446e-24
6.6015953026  4.02069469468e-24
6.80235349885  5.00236011515e-24
7.00921686386  6.16628661323e-24
7.22237105921  8.89225338043e-24
7.44200739256  1.17797441678e-23
7.66832298935  1.47550451609e-23
7.9015209697  1.78208267172e-23
8.14181063074  2.2093636694e-23
8.38940763443  2.72933718491e-23
8.64453420113  3.26512338512e-23
8.90741930907  3.8172031426e-23
9.17829889981  4.43294851727e-23
9.45741609003  5.09249964658e-23
9.74502138973  5.77210809371e-23
10.041372927  6.46650738943e-23
10.34673668  7.14918466725e-23
10.661386715  7.85207194093e-23
10.9856054331  8.57252587505e-23
11.3196838233  9.23868591766e-23
11.6639217237  9.91728553318e-23
12.0186280908  1.06075170015e-22
12.3841212763  1.12332287032e-22
12.7607293136  1.18738766354e-22
13.1487902114  1.24984759261e-22
13.5486522576  1.30831941962e-22
13.9606743317  1.3683535683e-22
14.3852262269  1.42291243626e-22
14.8226889821  1.47809398821e-22
15.2734552238  1.53036779783e-22
15.7379295184  1.58116735143e-22
16.2165287354  1.63048900665e-22
16.7096824217  1.67754079985e-22
17.2178331866  1.72348352938e-22
17.7414370999  1.76733535711e-22
18.2809641002  1.80973357952e-22
18.8368984177  1.85077821018e-22
19.4097390079  1.88967839197e-22
20  1.92837e-22

