0.5 20 151
151
0.5  0
0.512448710082  1.30883497038e-35
0.52520736093  2.65025655494e-35
0.538283669269  4.02507607631e-35
0.55168554395  5.43412505695e-35
0.565421090737  6.8782557221e-35
0.579498617203  8.35834151519e-35
0.59392663776  9.87527762615e-35
0.608713878807  1.14299815328e-34
0.623869284008  1.30233935559e-34
0.6394020197  1.46564774276e-34
0.655321480438  1.63302208746e-34
0.67163729468  1.80456362155e-34
0.688359330604  1.98037609729e-34
0.705497702082  2.1605658501e-34
0.723062774796  2.34524186291e-34
0.741065172505  2.53451583199e-34
0.759515783475  2.72850223461e-34
0.778425767058  2.92731839821e-34
0.797806560447  3.13108457136e-34
0.817669885593  3.33992399654e-34
0.83802775629  3.55396298464e-34
0.858892485448  3.77333099135e-34
0.880276692535  3.9981606955e-34
0.90219331121  4.22858807926e-34
0.924655597149  4.46475251041e-34
0.947677136058  4.70679682663e-34
0.971271851895  4.95486742189e-34
0.995454015286  5.6552873318e-32
1.02023825216  9.68684610912e-30
1.04563955259  2.18442761622e-29
1.07167327987  3.43043948594e-29
1.0983551798  4.70747383671e-29
1.1257013902  6.01630304828e-29
1.15372845069  7.35771873065e-29
1.18245331269  8.73253220288e-29
1.21189334964  1.01415749838e-28
1.24206636756  1.15856992948e-28
1.27299061578  1.30657785756e-28
1.30468479801  1.45827080121e-28
1.33716808361  1.61374050782e-28
1.37046011922  1.77308100903e-28
1.40458104063  1.93638867765e-28
1.43955148495  2.10376228592e-28
1.47539260312  2.27530306523e-28
1.51212607267  2.4511147674e-28
1.54977411084  2.63130372739e-28
1.58835948804  2.81597892763e-28
1.62790554158  3.00525206392e-28
1.66843618984  3.19923761301e-28
1.70997594668  3.39805290182e-28
1.75254993629  3.60181817841e-28
1.79618390842  3.81065668471e-28
1.84090425388  4.02469473104e-28
1.88673802057  4.24406177255e-28
1.93371292981  4.46889048746e-28
1.9818573931  4.69931685735e-28
2.03120052932  4.60430420481e-27
2.08177218234  1.1291463925e-26
2.13360293905  1.81451166705e-26
2.18672414789  2.5169407688e-26
2.24116793778  3.23685854303e-26
2.29696723759  3.97470041258e-26
2.35415579601  4.73091264116e-26
2.41276820199  5.50595260334e-26
2.47283990568  6.30028906109e-26
2.53440723981  7.11440244739e-26
2.59750744173  7.94878515673e-26
2.66217867588  8.80394184296e-26
2.72846005693  9.68038972451e-26
2.79639167337  1.05786588972e-25
2.86601461181  1.14992926549e-25
2.9373709818  1.24428478182e-25
3.01050394131  1.6282636477e-25
3.08545772284  3.58597835058e-25
3.16227766017  5.61653670793e-25
3.24101021575  7.69765072988e-25
3.32170300885  9.83057912204e-25
3.40440484432  1.20166119286e-24
3.48916574214  1.42570713124e-24
3.57603696765  1.65533123548e-24
3.66507106256  1.89067238753e-24
3.75632187674  2.13187292712e-24
3.84984460077  2.37907873789e-24
3.94569579937  2.6324393356e-24
4.04393344553  3.34748031812e-24
4.14461695564  4.65720363637e-24
4.2478072254  5.99953568637e-24
4.35356666667  7.37528834142e-24
4.46195924519  8.78529368837e-24
4.57305051927  1.02304045309e-23
4.68690767949  1.17114949052e-23
4.80359958925  1.32294606089e-23
4.92319682653  1.47852197425e-23
5.04577172647  1.68985760636e-23
5.1713984252  1.99568575428e-23
5.30015290463  2.3091282341e-23
5.43211303844  2.63037462303e-23
5.56735863914  2.95961921829e-23
5.70597150638  3.29706115457e-23
5.84803547643  3.64290452452e-23
5.99363647282  3.99837968688e-23
6.1428625584  4.38305846219e-23
6.29580398853  4.77938491952e-23
6.4525532657  5.18557888317e-23
6.6132051955  5.6018860286e-23
6.77785694388  6.02855814796e-23
6.94660809603  6.46585330234e-23
7.11956071652  6.86947187292e-23
7.29681941106  7.26274315315e-23
7.47849138981  7.66580587367e-23
7.66468653214  8.07890381611e-23
7.85551745316  8.50228683158e-23
8.0510995718  8.91399448215e-23
8.25155118063  9.27157208907e-23
8.45699351738  9.63805245591e-23
8.66755083831  1.00136572384e-22
8.88335049333  1.0398613611e-22
9.10452300303  1.07555198517e-22
9.33120213764  1.10782656036e-22
9.5635249979  1.1409046892e-22
9.80163209803  1.17480637812e-22
10.0456674507  1.20825783584e-22
10.295778654  1.23699651612e-22
10.5521169811  1.26641646592e-22
10.8148374712  1.29656889657e-22
11.0840990237  1.32566559792e-22
11.3600644943  1.35141041667e-22
11.6429007931  1.37779621499e-22
11.9327789861  1.40483563963e-22
12.2298743982  1.42878734122e-22
12.5343667197  1.45220280074e-22
12.8464401144  1.4762012448e-22
13.1662833315  1.49867707572e-22
13.4940898196  1.51970586193e-22
13.8300578436  1.54125821067e-22
14.1743906047  1.56156662922e-22
14.5272963631  1.58060236583e-22
14.8889885645  1.60011204317e-22
15.2596859686  1.6180040048e-22
15.6396127818  1.63541984992e-22
16.0289987924  1.65299733208e-22
16.4280795102  1.66877636714e-22
16.8370963082  1.6848629978e-22
17.2562965694  1.69996101667e-22
17.6859338356  1.71453001636e-22
18.1262679613  1.72888722734e-22
18.5775652707  1.74213731635e-22
19.0400987189  1.75551731107e-22
19.5141480567  1.76770733173e-22
20  1.78015e-22

