0.2 20 151
151
0.2  0
0.206235454919  1.14105707283e-37
0.212665314327  2.31768919535e-37
0.219295639229  3.53100550064e-37
0.22613267959  4.78214970156e-37
0.233182880236  6.07230116878e-37
0.240452886923  7.40267604256e-37
0.247949552606  8.7745283791e-37
0.255679943893  1.01891513326e-36
0.263651347711  1.16478783744e-36
0.271871278176  1.31520845498e-36
0.280347483669  1.47031877741e-36
0.289087954149  1.63026501695e-36
0.298100928677  1.79519794433e-36
0.307394903187  1.96527303087e-36
0.316978638492  2.14065059509e-36
0.326861168545  2.32149595378e-36
0.33705180895  2.50797957788e-36
0.34756016575  2.70027725314e-36
0.358396144475  2.89857024582e-36
0.369569959484  3.10304547359e-36
0.381092143593  3.31389568167e-36
0.392973557999  3.5313196246e-36
0.405225402524  3.75552225349e-36
0.417859226171  3.98671490931e-36
0.430886938006  4.22511552205e-36
0.444320818391  4.47094881615e-36
0.458173530554  4.72444652236e-36
0.472458132527  4.98584759618e-36
0.487188089458  5.25539844304e-36
0.502377286302  3.78825347413e-32
0.518040040906  2.6959602388e-31
0.534191117512  5.1095785836e-31
0.550845740668  7.59844697031e-31
0.568019609583  1.01649114901e-30
0.585728912925  1.2811391379e-30
0.60399034408  1.55403812981e-30
0.622821116889  1.83544536853e-30
0.642238981873  2.125626118e-30
0.662262242965  2.42485391238e-30
0.682909774767  2.73341081386e-30
0.704201040337  3.0515876786e-30
0.72615610954  3.37968443081e-30
0.748795677965  3.71801034557e-30
0.772141086431  4.06688434027e-30
0.796214341107  4.4266352753e-30
0.821038134255  4.79760226401e-30
0.846635865618  5.1801349924e-30
0.87303166448  5.5745940487e-30
0.900250412412  5.98135126332e-30
0.928317766723  6.40079005931e-30
0.957260184645  6.83330581381e-30
0.987104948279  7.27930623076e-30
1.0178801903  1.63603063964e-27
1.0496149205  4.52648470319e-27
1.08233905309  7.50705524676e-27
1.11608343495  1.05805518566e-26
1.15087987467  1.37498717143e-26
1.18676117255  1.70180023274e-26
1.2237611515  2.0388024346e-26
1.26191468896  2.38631144665e-26
1.30125774973  2.74465484259e-26
1.34182741991  3.11417040898e-26
1.38366194184  3.49520646366e-26
1.42680075014  3.88812218404e-26
1.47128450892  4.29328794573e-26
1.51715515006  4.71108567162e-26
1.56445591277  5.14190919194e-26
1.61323138435  5.58616461546e-26
1.66352754221  6.0442707123e-26
1.71539179718  6.51665930872e-26
1.76887303828  7.00377569412e-26
1.82402167871  7.50607904083e-26
1.88088970345  8.02404283691e-26
1.93953071822  8.55815533248e-26
2  1.05165034338e-25
2.06235454919  3.19773935478e-25
2.12665314327  5.5558843775e-25
2.19295639229  7.98754993511e-25
2.2613267959  1.04950281975e-24
2.33182880236  1.30806827983e-24
2.40452886923  1.57469510625e-24
2.47949552606  1.84963463046e-24
2.55679943893  2.13314601971e-24
2.63651347711  2.42549652139e-24
2.71871278176  2.72696171494e-24
2.80347483669  3.03782577161e-24
2.89087954149  3.35838172233e-24
2.98100928677  3.69205946017e-24
3.07394903187  5.11476974897e-24
3.16978638492  6.87238080201e-24
3.26861168545  8.68478937748e-24
3.3705180895  1.05537039128e-23
3.4756016575  1.24808861097e-23
3.58396144475  1.44681525952e-23
3.69569959484  1.65173766336e-23
3.81092143593  1.86304898926e-23
3.92973557999  2.08094842639e-23
4.05225402524  2.35532596441e-23
4.17859226171  2.70715015856e-23
4.30886938006  3.06994327221e-23
4.44320818391  3.44404728639e-23
4.58173530554  3.82981484415e-23
4.72458132527  4.22760958298e-23
4.87188089458  4.63780647762e-23
5.02377286302  5.0525448667e-23
5.18040040906  5.43826496204e-23
5.34191117512  5.83548292497e-23
5.50845740668  6.24508506141e-23
5.68019609583  6.66745747612e-23
5.85728912925  7.10299831159e-23
6.0399034408  7.52896726235e-23
6.22821116889  7.88384996829e-23
6.42238981873  8.24961458205e-23
6.62262242965  8.62678273961e-23
6.82909774767  9.01570997239e-23
7.04201040337  9.39635857795e-23
7.2615610954  9.70569092662e-23
7.48795677965  1.00242681416e-22
7.72141086431  1.03527777259e-22
7.96214341107  1.06906989468e-22
8.21038134255  1.09697607696e-22
8.46635865618  1.1243477311e-22
8.7303166448  1.15257275883e-22
9.00250412412  1.18120431693e-22
9.28317766723  1.20463056871e-22
9.57260184645  1.22836335141e-22
9.87104948279  1.25283605759e-22
10.178801903  1.27479968122e-22
10.496149205  1.29501470436e-22
10.8233905309  1.31585997682e-22
11.1608343495  1.335233743e-22
11.5087987467  1.3528094247e-22
11.8676117255  1.37093306826e-22
12.237611515  1.38727177974e-22
12.6191468896  1.40276974666e-22
13.0125774973  1.41850070065e-22
13.4182741991  1.43198867292e-22
13.8366194184  1.44573968028e-22
14.2680075014  1.45829796119e-22
14.7128450892  1.47022850529e-22
15.1715515006  1.48172471919e-22
15.6445591277  1.49218764791e-22
16.1323138435  1.50246208137e-22
16.6352754221  1.51163107094e-22
17.1539179718  1.52057491696e-22
17.6887303828  1.52854897001e-22
18.2402167871  1.53610142746e-22
18.8088970345  1.54299383206e-22
19.3953071822  1.5492235411e-22
20  1.55521e-22

