0.5 20000 301
301
0.5  0
0.51797667599  1.61783781178e-37
0.536599673739  3.29384231586e-37
0.555892230681  5.0301047998e-37
0.575878419714  6.82879173994e-37
0.596583179235  8.69214750475e-37
0.618032344264  1.06224971552e-36
0.640252678672  1.26222493461e-36
0.663271908584  1.46938993314e-36
0.687118756972  1.68400320779e-36
0.711822979493  1.90633254903e-36
0.737415401622  2.13665537533e-36
0.763927957112  2.37525907928e-36
0.791393727841  2.62244138618e-36
0.819846985093  2.87851072556e-36
0.849323232317  3.14378661603e-36
0.879859249433  3.41860006397e-36
0.911493138721  3.70329397652e-36
0.944264372364  3.99822358952e-36
0.978213841706  4.30375691071e-36
1.01338390827  4.1036136035e-31
1.04981845661  1.52746158054e-30
1.0875629491  2.68472529813e-30
1.12666448261  3.8835965255e-30
1.16717184731  5.12557119209e-30
1.20913558756  6.41219901102e-30
1.25260806493  7.74508541278e-30
1.29764352358  9.1258935485e-30
1.34429815793  1.05563463651e-29
1.39263018277  1.20382287554e-29
1.44269990591  1.35733897848e-29
1.49456980343  1.5163744999e-29
1.54830459763  1.68112788141e-29
1.6039713378  1.85180469923e-29
1.66163948387  2.02861792075e-29
1.7213809931  2.21178817026e-29
1.78327040983  2.40154400423e-29
1.84738495855  2.59812219649e-29
1.91380464021  2.80176803368e-29
1.98261233206  3.01273562133e-29
2.05389389107  1.12916673251e-27
2.12773826107  2.63431882413e-27
2.20423758369  4.19358617868e-27
2.28348731338  5.80891442126e-27
2.3655863365  7.48231912871e-27
2.4506370947  9.21588834461e-27
2.53874571274  1.10117851847e-26
2.63002213093  1.2872250536e-26
2.72458024232  1.4799605853e-26
2.82253803477  1.6796256054e-26
2.92401773821  1.88646925225e-26
3.02914597715  4.10627860466e-26
3.13805392866  1.18221978993e-25
3.25087748609  1.98155303562e-25
3.36775742859  2.80962499084e-25
3.48883959681  3.66746890853e-25
3.61427507483  4.55615519054e-25
3.74422037875  5.47679272325e-25
3.87883765192  6.43053026121e-25
4.01829486729  8.32541990902e-25
4.16276603701  1.65102916102e-24
4.31243142955  2.49894368847e-24
4.46747779462  3.37734358536e-24
4.62809859623  4.28732490293e-24
4.79449425406  5.2300230991e-24
4.96687239354  6.20661445533e-24
5.14544810495  8.83426197588e-24
5.33044421176  1.19376662609e-23
5.52209154871  1.51526483326e-23
5.72062924983  1.84832197863e-23
5.92630504679  2.19335364478e-23
6.13937557808  2.65451449389e-23
6.36010670917  3.18907167958e-23
6.58877386432  3.74284798791e-23
6.82566237018  4.31653441078e-23
7.07106781187  4.90749918237e-23
7.32529640178  5.51120381143e-23
7.58866536167  6.13661364552e-23
7.86150331847  6.7845090595e-23
8.14415071437  7.40410348573e-23
8.43696023158  7.99462086898e-23
8.74029723243  8.60636933157e-23
9.05454021523  9.22013276637e-23
9.38008128661  9.75740703655e-23
9.7173266507  1.03139981177e-22
10.0666971161  1.08706462541e-22
10.4286286208  1.13596977668e-22
10.8035727762  1.18663323206e-22
11.1919974309  1.23451178559e-22
11.5943872539  1.27922959316e-22
12.0112443398  1.3253437659e-22
12.4430888353  1.36521635251e-22
12.8904595879  1.40652249226e-22
13.3539148186  1.44397827272e-22
13.8340328184  1.48106996164e-22
14.3314126696  1.51546394523e-22
14.8466749937  1.54900311394e-22
15.3804627255  1.58015240122e-22
15.9334419155  1.61092044703e-22
16.5063025609  1.63889876825e-22
17.0997594668  1.66670542461e-22
17.7145531376  1.69219473393e-22
18.3514507018  1.70153923727e-22
19.0112468682  1.69955536306e-22
19.6947649184  1.70070056405e-22
20.4028577337  1.70475430279e-22
21.1364088592  1.71149351108e-22
21.8963336065  1.72069205095e-22
22.6835801957  1.73212016376e-22
23.4991309386  1.74554390697e-22
24.3440034645  1.75765027996e-22
25.2192519896  1.76502356935e-22
26.1259686331  1.77147621856e-22
27.0652847792  1.77703835445e-22
28.0383724893  1.7817390411e-22
29.0464459643  1.78560632435e-22
30.0907630598  1.78866727532e-22
31.1726268555  1.79094803317e-22
32.2933872809  1.79247384706e-22
33.4544428005  1.79326911743e-22
34.6572421578  1.79335743667e-22
35.9032861837  1.79276162923e-22
37.1941296691  1.79150379123e-22
38.5313833047  1.78960532969e-22
39.9167156909  1.78708700143e-22
41.35185542  1.78396895163e-22
42.8385932329  1.78027075232e-22
44.3787842538  1.77601144063e-22
45.9743503045  1.77120955704e-22
47.627282303  1.76588318365e-22
49.3396427475  1.76004998247e-22
51.1135682897  1.75372723393e-22
52.9512724014  1.74693187549e-22
54.8550481358  1.73968054056e-22
56.8272709893  1.73198959766e-22
58.8704018652  1.72387518993e-22
60.9869901447  1.71535327498e-22
63.1796768676  1.70643966504e-22
65.4511980279  1.69715006751e-22
67.8043879881  1.68750012582e-22
70.2421830153  1.67750546054e-22
72.767624945  1.66718171074e-22
75.3838649774  1.65654457538e-22
78.0941676085  1.64560985474e-22
80.9019147041  1.63439349161e-22
83.8106097193  1.6229116121e-22
86.8238820702  1.61118056573e-22
89.9454916625  1.59921696458e-22
93.1793335833  1.58703772106e-22
96.5294429608  1.57466008393e-22
100  1.56210167195e-22
103.595335198  1.54938050484e-22
107.319934748  1.53651503062e-22
111.178446136  1.52352414884e-22
115.175683943  1.5104272289e-22
119.316635847  1.49724412251e-22
123.606468853  1.4839951695e-22
128.050535734  1.4707011961e-22
132.654381717  1.45738350456e-22
137.423751394  1.44406385327e-22
142.364595899  1.43076442643e-22
147.483080324  1.41750779231e-22
152.785591422  1.40431684931e-22
158.278745568  1.39121475915e-22
163.969397019  1.3782248667e-22
169.864646463  1.36537060601e-22
175.971849887  1.35267539283e-22
182.298627744  1.34016250352e-22
188.852874473  1.32785494134e-22
195.642768341  1.315775291e-22
202.676781654  1.30482267159e-22
209.963691323  1.29324482223e-22
217.51258982  1.28195943922e-22
225.332896521  1.27098572285e-22
233.434369463  1.26034162068e-22
241.827117512  1.25004365877e-22
250.521612986  1.24010678e-22
259.528704717  1.2305441935e-22
268.859631586  1.2213672386e-22
278.526036554  1.21258526731e-22
288.539981181  1.20420554832e-22
298.913960685  1.19623319571e-22
309.660919525  1.18867112479e-22
320.794267559  1.18152003684e-22
332.327896774  1.17477843424e-22
344.276198619  1.16844266641e-22
356.654081967  1.16250700676e-22
369.476991711  1.15696376025e-22
382.760928042  1.15180340061e-22
396.522466412  1.14701473656e-22
410.778778215  1.14258510648e-22
425.547652214  1.13850060174e-22
440.847516738  1.13474632117e-22
456.697462677  1.13130666315e-22
473.117267301  1.12816567119e-22
490.127418939  1.12530747627e-22
507.749142548  1.12273160096e-22
526.004426187  1.12057925172e-22
544.916048465  1.11888444353e-22
564.507606954  1.11763986462e-22
584.803547643  1.11683690355e-22
605.82919543  1.11149724357e-22
627.610785733  1.11194209417e-22
650.175497219  1.11276698826e-22
673.551485719  1.11397592133e-22
697.767919361  1.11557189053e-22
722.855014966  1.11755687588e-22
748.84407575  1.11993182994e-22
775.767530383  1.12269667601e-22
803.658973457  1.12585031489e-22
832.553207402  1.12939064029e-22
862.486285909  1.13331456224e-22
893.495558925  1.13761803848e-22
925.619719247  1.14229611297e-22
958.898850812  1.16446133006e-22
993.374478709  1.1754725619e-22
1029.08962099  1.18565728935e-22
1066.08884235  1.19509986233e-22
1104.41830974  1.20387567336e-22
1144.12584997  1.21205251087e-22
1185.26100936  1.2196916541e-22
1227.87511562  1.22684876581e-22
1272.02134183  1.2335746252e-22
1317.75477286  1.23991573334e-22
1365.13247404  1.2459148164e-22
1414.21356237  1.25161124586e-22
1465.05928036  1.25704139132e-22
1517.73307233  1.26032117875e-22
1572.30066369  1.26453537606e-22
1628.83014287  1.26835448916e-22
1687.39204632  1.27180603404e-22
1748.05944649  1.27491533686e-22
1810.90804305  1.27770577252e-22
1876.01625732  1.28019897111e-22
1943.46533014  1.28241499701e-22
2013.33942322  1.28437250496e-22
2085.72572415  1.28608887623e-22
2160.71455525  1.28758033793e-22
2238.39948618  1.2888620676e-22
2318.87745078  1.28994828522e-22
2402.24886796  1.29085233422e-22
2488.61776706  1.29158675299e-22
2578.09191758  1.29216333809e-22
2670.78296373  1.29259320013e-22
2766.80656368  1.29288681349e-22
2866.28253393  1.29305406036e-22
2969.33499874  1.29310427001e-22
3076.0925451  1.29304625389e-22
3186.68838309  1.29288833695e-22
3301.26051218  1.29263838586e-22
3419.95189335  1.29230383437e-22
3542.91062753  1.29189170624e-22
3670.29014035  1.29140863614e-22
3802.24937364  1.29086088866e-22
3938.95298368  1.29025437584e-22
4080.57154674  1.28959467323e-22
4227.28177184  1.28888703494e-22
4379.2667213  1.28813640761e-22
4536.71603914  1.28734744356e-22
4699.82618773  1.28652451327e-22
4868.8006929  1.28567171717e-22
5043.85039793  1.28479289699e-22
5225.19372662  1.28389164661e-22
5413.05695583  1.28297132257e-22
5607.67449785  1.28203505422e-22
5809.28919286  1.28108575358e-22
6018.15261197  1.28012612499e-22
6234.52537109  1.27915867448e-22
6458.67745619  1.27818571894e-22
6690.88856009  1.27720939511e-22
6931.44843155  1.27623166833e-22
7180.65723674  1.27525434115e-22
7438.82593382  1.27427906173e-22
7706.27666093  1.27330733201e-22
7983.34313818  1.27234051576e-22
8270.371084  1.27137984638e-22
8567.71864659  1.27042643447e-22
8875.75685075  1.26948127522e-22
9194.87006089  1.26854525558e-22
9525.4564606  1.26761916121e-22
9867.9285495  1.26670368309e-22
10222.7136579  1.26579942409e-22
10590.2544803  1.26490690506e-22
10971.0096272  1.26402657086e-22
11365.4541979  1.26315879603e-22
11774.080373  1.26230389024e-22
12197.3980289  1.26146210349e-22
12635.9353735  1.26063363102e-22
13090.2396056  1.259818618e-22
13560.8775976  1.25901716396e-22
14048.4366031  1.25822932697e-22
14553.524989  1.25745512756e-22
15076.7729955  1.25669455243e-22
15618.8335217  1.2559475579e-22
16180.3829408  1.25521407314e-22
16762.1219439  1.2544940032e-22
17364.776414  1.25378723181e-22
17989.0983325  1.25309362394e-22
18635.8667167  1.25428248206e-22
19305.8885922  1.25382224611e-22
20000  1.25336709648e-22

