1 20 101
101
1  0
1.03041055791  2.04175877605e-36
1.06174591785  4.1456085756e-36
1.09403420358  6.31343762132e-36
1.12730439408  8.54719155777e-36
1.16158634964  1.08488751977e-35
1.1969108386  1.32205543212e-35
1.23330956497  1.566435753e-35
1.27081519692  1.81824781579e-35
1.30946139606  2.07771762389e-35
1.34928284767  2.34507805362e-35
1.39031529185  2.62056906318e-35
1.43259555555  2.90443790805e-35
1.47616158565  3.19693936285e-35
1.52105248304  3.49833595009e-35
1.56730853766  3.8088981757e-35
1.61497126471  4.12890477185e-35
1.66408344188  4.45864294713e-35
1.71468914776  4.79840864429e-35
1.76683380139  5.14850680585e-35
1.82056420303  5.50925164783e-35
1.87592857615  5.88096694172e-35
1.93297661076  6.26398630508e-35
1.99175950792  2.01126360586e-33
2.05233002578  1.25220825728e-31
2.11474252688  2.74487990126e-31
2.17905302696  4.28294452271e-31
2.24531924523  5.8677825474e-31
2.31360065617  7.50081638062e-31
2.3839585429  9.1835116838e-31
2.45645605223  1.09173786899e-30
2.53115825126  1.27039735591e-30
2.60813218585  1.4544899775e-30
2.68744694072  1.64418095841e-30
2.76917370155  1.83964054789e-30
2.85338581877  2.04104417253e-30
2.94015887345  2.24857259377e-30
3.02957074514  2.59414561773e-29
3.12170168173  9.9313364937e-29
3.21663437151  1.74916554377e-28
3.31445401734  2.52818878988e-28
3.41524841318  3.33090256753e-28
3.51910802283  4.158027319e-28
3.62612606115  5.01030539562e-28
3.73639857773  5.88850172406e-28
3.85002454306  6.79340449279e-28
3.96710593738  7.72582585958e-28
4.08774784223  3.69202024634e-27
4.21205853471  7.79081987155e-27
4.34014958471  1.20142662801e-26
4.472135955  1.63661500503e-26
4.60813610445  2.08503770339e-26
4.74827209431  2.54709718618e-26
4.89266969782  3.02320815564e-26
5.041458513  5.14673216696e-26
5.19477207907  1.16908312795e-25
5.35274799621  1.84339400971e-25
5.51552804914  2.53821106159e-25
5.68325833429  3.25415788766e-25
5.85608939099  3.99187705615e-25
6.03417633655  5.50815354621e-25
6.21767900547  1.02414792958e-24
6.40676209294  1.51365093459e-24
6.6015953026  2.01803999908e-24
6.80235349885  2.53776781643e-24
7.00921686386  3.18649498573e-24
7.22237105921  4.98879582386e-24
7.44200739256  6.90430139248e-24
7.66832298935  8.87805855412e-24
7.9015209697  1.09118387722e-23
8.14181063074  1.4243863219e-23
8.38940763443  1.85619302036e-23
8.64453420113  2.30113120144e-23
8.90741930907  2.75960020083e-23
9.17829889981  3.33113677163e-23
9.45741609003  3.97308956211e-23
9.74502138973  4.63456449509e-23
10.041372927  5.31912531949e-23
10.34673668  6.04110159543e-23
10.661386715  6.7853118582e-23
10.9856054331  7.54936880594e-23
11.3196838233  8.28093400758e-23
11.6639217237  9.02902871469e-23
12.0186280908  9.79122283685e-23
12.3841212763  1.04944489315e-22
12.7607293136  1.12151294611e-22
13.1487902114  1.19203637264e-22
13.5486522576  1.25851343782e-22
13.9606743317  1.32677467376e-22
14.3852262269  1.38908036061e-22
14.8226889821  1.45214061678e-22
15.2734552238  1.5119666741e-22
15.7379295184  1.57016994795e-22
16.2165287354  1.62673072297e-22
16.7096824217  1.68075570929e-22
17.2178331866  1.73353733587e-22
17.7414370999  1.78396039272e-22
18.2809641002  1.83277847385e-22
18.8368984177  1.8801051623e-22
19.4097390079  1.92501543768e-22
20  1.96971e-22

