1 20 101
101
1  0
1.03041055791  1.76131565205e-35
1.06174591785  3.57619389573e-35
1.09403420358  5.44626359935e-35
1.12730439408  7.37320316599e-35
1.16158634964  9.3587420399e-35
1.1969108386  1.14046622587e-34
1.23330956497  1.35128000529e-34
1.27081519692  1.56850474935e-34
1.30946139606  1.79233541906e-34
1.34928284767  2.02297290433e-34
1.39031529185  2.26062420419e-34
1.43259555555  2.50550261267e-34
1.47616158565  2.75782791018e-34
1.52105248304  3.01782656075e-34
1.56730853766  3.28573191535e-34
1.61497126471  3.56178442125e-34
1.66408344188  3.84623183786e-34
1.71468914776  4.13932945911e-34
1.76683380139  4.44134034255e-34
1.82056420303  4.75253554544e-34
1.87592857615  5.07319436808e-34
1.93297661076  5.40360460441e-34
1.99175950792  9.45851657037e-33
2.05233002578  5.72348596232e-31
2.11474252688  1.25428136526e-30
2.17905302696  1.95695209026e-30
2.24531924523  2.68099142403e-30
2.31360065617  3.42704919789e-30
2.3839585429  4.19579500488e-30
2.45645605223  4.98791880076e-30
2.53115825126  5.80413152321e-30
2.60813218585  6.64516572992e-30
2.68744694072  7.51177625608e-30
2.76917370155  8.40474089183e-30
2.85338581877  9.32486108035e-30
2.94015887345  1.02729626372e-29
3.02957074514  8.69059671908e-29
3.12170168173  3.23627490488e-28
3.21663437151  5.67547847377e-28
3.31445401734  8.18885958406e-28
3.41524841318  1.07786740162e-27
3.51910802283  1.344724615e-27
3.62612606115  1.61969710513e-27
3.73639857773  1.90303166209e-27
3.85002454306  2.19498258101e-27
3.96710593738  2.49581189025e-27
4.08774784223  9.95089164631e-27
4.21205853471  2.03926255845e-26
4.34014958471  3.11518984774e-26
4.472135955  4.22383668616e-26
4.60813610445  5.36619809347e-26
4.74827209431  6.54329934851e-26
4.89266969782  7.75619690943e-26
5.041458513  1.23993359733e-25
5.19477207907  2.62357565274e-25
5.35274799621  4.04929503501e-25
5.51552804914  5.51837133912e-25
5.68325833429  7.03212307325e-25
5.85608939099  8.59190884215e-25
6.03417633655  1.14927884352e-24
6.21767900547  1.99070827742e-24
6.40676209294  2.86076483934e-24
6.6015953026  3.75728030672e-24
6.80235349885  4.68105930964e-24
7.00921686386  5.78463815298e-24
7.22237105921  8.4414014801e-24
7.44200739256  1.12572227355e-23
7.66832298935  1.41586746862e-23
7.9015209697  1.71483614095e-23
8.14181063074  2.14226316324e-23
8.38940763443  2.66810225177e-23
8.64453420113  3.20993240034e-23
8.90741930907  3.76823990603e-23
9.17829889981  4.40112174806e-23
9.45741609003  5.08406568909e-23
9.74502138973  5.78777833639e-23
10.041372927  6.50802520606e-23
10.34673668  7.22298222269e-23
10.661386715  7.95922554658e-23
10.9856054331  8.71403888291e-23
11.3196838233  9.41538264006e-23
11.6639217237  1.01302132946e-22
12.0186280908  1.0857489347e-22
12.3841212763  1.15186348185e-22
12.7607293136  1.2195663087e-22
13.1487902114  1.28561867633e-22
13.5486522576  1.34753331556e-22
13.9606743317  1.41110304888e-22
14.3852262269  1.46890163296e-22
14.8226889821  1.52736415557e-22
15.2734552238  1.58274252223e-22
15.7379295184  1.636556514e-22
16.2165287354  1.68881105515e-22
16.7096824217  1.73866889283e-22
17.2178331866  1.78733309033e-22
17.7414370999  1.83375581327e-22
18.2809641002  1.87868229869e-22
18.8368984177  1.92221751509e-22
19.4097390079  1.9634463741e-22
20  2.00444e-22

