0.2 20 151
151
0.2  0
0.206235454919  1.76277973337e-41
0.212665314327  3.58051813454e-41
0.219295639229  5.45492866497e-41
0.22613267959  7.38777820722e-41
0.233182880236  9.38088873039e-41
0.240452886923  1.14361390076e-40
0.247949552606  1.35554663871e-40
0.255679943893  1.57408686183e-40
0.263651347711  1.79944057349e-40
0.271871278176  2.0318201997e-40
0.280347483669  2.27144478933e-40
0.289087954149  2.51854022059e-40
0.298100928677  2.77333941395e-40
0.307394903187  3.03608255174e-40
0.316978638492  3.30701730448e-40
0.326861168545  3.5863990644e-40
0.33705180895  3.87449118617e-40
0.34756016575  4.17156523513e-40
0.358396144475  4.47790124328e-40
0.369569959484  4.79378797328e-40
0.381092143593  5.1195231906e-40
0.392973557999  5.45541394424e-40
0.405225402524  5.80177685613e-40
0.417859226171  6.15893841964e-40
0.430886938006  6.52723530729e-40
0.444320818391  6.90701468814e-40
0.458173530554  7.29863455502e-40
0.472458132527  7.70246406204e-40
0.487188089458  8.11888387248e-40
0.502377286302  1.83750036919e-34
0.518040040906  1.30783883907e-33
0.534191117512  2.47873372169e-33
0.550845740668  3.6861339156e-33
0.568019609583  4.93117755689e-33
0.585728912925  6.21503826567e-33
0.60399034408  7.53892625231e-33
0.622821116889  8.90408945823e-33
0.642238981873  1.03118147323e-32
0.662262242965  1.17634290438e-32
0.682909774767  1.32603007333e-32
0.704201040337  1.48038408024e-32
0.72615610954  1.63955042442e-32
0.748795677965  1.80367914141e-32
0.772141086431  1.97292494448e-32
0.796214341107  2.14744737043e-32
0.821038134255  2.32741092997e-32
0.846635865618  2.51298526283e-32
0.87303166448  2.70434529762e-32
0.900250412412  2.90167141676e-32
0.928317766723  3.1051496265e-32
0.957260184645  3.31497173226e-32
0.987104948279  3.53133551943e-32
1.0178801903  8.7397673493e-29
1.0496149205  2.42451462862e-28
1.08233905309  4.02339406798e-28
1.11608343495  5.67212221067e-28
1.15087987467  7.37225320339e-28
1.18676117255  9.12538964691e-28
1.2237611515  1.09331841067e-27
1.26191468896  1.27973406708e-27
1.30125774973  1.4719616556e-27
1.34182741991  1.67018237643e-27
1.38366194184  1.87458307911e-27
1.42680075014  2.08535643861e-27
1.47128450892  2.30270113703e-27
1.51715515006  2.52682205079e-27
1.56445591277  2.75793044382e-27
1.61323138435  2.99624416667e-27
1.66352754221  3.24198786191e-27
1.71539179718  3.49539317581e-27
1.76887303828  3.75669897677e-27
1.82402167871  4.02615158043e-27
1.88088970345  4.30400498191e-27
1.93953071822  4.59052109519e-27
2  7.17039488399e-27
2.06235454919  4.13830871821e-26
2.12665314327  7.90180850083e-26
2.19295639229  1.17826439496e-25
2.2613267959  1.57844732708e-25
2.33182880236  1.99110687237e-25
2.40452886923  2.41663201761e-25
2.47949552606  2.85542387715e-25
2.55679943893  3.30789607098e-25
2.63651347711  3.77447511465e-25
2.71871278176  4.25560082128e-25
2.80347483669  4.75172671618e-25
2.89087954149  5.26332046434e-25
2.98100928677  5.80390029084e-25
3.07394903187  1.08569290321e-24
3.16978638492  1.72784514542e-24
3.26861168545  2.39001794441e-24
3.3705180895  3.07283548658e-24
3.4756016575  3.77694141877e-24
3.58396144475  4.50299945494e-24
3.69569959484  5.25169400188e-24
3.81092143593  6.0237308043e-24
3.92973557999  6.8198376101e-24
4.05225402524  8.34643048986e-24
4.17859226171  1.08990895041e-23
4.30886938006  1.35313334694e-23
4.44320818391  1.62456436276e-23
4.58173530554  1.90445785789e-23
4.72458132527  2.19307766938e-23
4.87188089458  2.49069585998e-23
5.02377286302  2.81276340239e-23
5.18040040906  3.22203408335e-23
5.34191117512  3.64503562497e-23
5.50845740668  4.08122520181e-23
5.68019609583  4.53101398086e-23
5.85728912925  4.99482594818e-23
6.0399034408  5.46096435263e-23
6.22821116889  5.89741689534e-23
6.42238981873  6.34738125525e-23
6.62262242965  6.81137427756e-23
6.82909774767  7.28983333774e-23
7.04201040337  7.76259315504e-23
7.2615610954  8.16604432138e-23
7.48795677965  8.58167057435e-23
7.72141086431  9.01025492113e-23
7.96214341107  9.45121644464e-23
8.21038134255  9.82361826469e-23
8.46635865618  1.01909713075e-22
8.7303166448  1.0569777417e-22
9.00250412412  1.09545007185e-22
9.28317766723  1.12753182401e-22
9.57260184645  1.16008625569e-22
9.87104948279  1.19365564582e-22
10.178801903  1.22416455834e-22
10.496149205  1.25257031534e-22
10.8233905309  1.28186168642e-22
11.1608343495  1.30925650654e-22
11.5087987467  1.33432386172e-22
11.8676117255  1.36017274871e-22
12.237611515  1.38359364082e-22
12.6191468896  1.40588675276e-22
13.0125774973  1.42853883171e-22
13.4182741991  1.44822552704e-22
13.8366194184  1.46831446447e-22
14.2680075014  1.48685349931e-22
14.7128450892  1.50460251906e-22
15.1715515006  1.52177952703e-22
15.6445591277  1.53754960132e-22
16.1323138435  1.55310611076e-22
16.6352754221  1.56719406457e-22
17.1539179718  1.58105785593e-22
17.6887303828  1.59373291007e-22
18.2402167871  1.60595036826e-22
18.8088970345  1.61740927525e-22
19.3953071822  1.62801579974e-22
20  1.63835e-22

