0.1 20000 301
301
0.1  0
0.10415259619  1.07102099888e-37
0.108477632931  2.18651717496e-37
0.112982270983  3.34833540273e-37
0.117673968462  4.55839924997e-37
0.122560493193  5.81871216242e-37
0.127649935564  7.13136078085e-37
0.132950721924  8.4985183958e-37
0.138471628537  9.92244854577e-37
0.144221796108  1.14055087649e-36
0.150210744918  1.29501544862e-36
0.156448390588  1.45589431068e-36
0.162945060494  1.62345382224e-36
0.169711510868  1.7979714037e-36
0.176758944602  1.97973599559e-36
0.1840990298  2.169048537e-36
0.191743919097  2.36622246379e-36
0.199706269776  2.57158422755e-36
0.207999264725  7.79117562512e-31
0.216636634267  1.620382886e-30
0.225632678887  2.49658256127e-30
0.235002292913  3.40916727086e-30
0.244760989175  4.35964793833e-30
0.254924924685  5.34959822978e-30
0.265510927395  6.38065715931e-30
0.276536524049  7.45453180267e-30
0.28801996921  8.57300012355e-30
0.299980275477  9.73791391731e-30
0.312437244967  1.09512018769e-29
0.325411502097  1.2214872786e-29
0.338924527734  1.35310188452e-29
0.352998694759  1.49018191355e-29
0.367657305107  1.63295432264e-29
0.382924628351  1.78165549335e-29
0.398825941877  1.93653162321e-29
0.415387572744  2.09783913334e-29
0.432636941262  2.26584509298e-29
0.450602606401  2.44082766171e-29
0.469314313065  2.62307654991e-29
0.488803041347  2.81289349851e-29
0.509101057818  1.29834727808e-27
0.530241968947  4.24641310789e-27
0.552260776746  7.31690020702e-27
0.575193936719  1.05148922364e-26
0.599079418219  1.3845683961e-26
0.623956767313  1.73147900158e-26
0.649867172259  2.09279540365e-26
0.676853531693  2.46911581687e-26
0.70496052566  2.86106329722e-26
0.734234689588  3.26928677371e-26
0.764724491332  3.69446212273e-26
0.796480411421  4.13729328709e-26
0.829555026638  4.59851344151e-26
0.864003097066  5.07888620649e-26
0.899881656755  5.5792069126e-26
0.937250108145  6.1003039173e-26
0.976170320425  6.64303997635e-26
1.01670673196  2.24017819403e-25
1.05892645697  6.13860725909e-25
1.10289939667  1.0198922341e-24
1.148698355  1.44278459122e-24
1.19639915912  1.88323796026e-24
1.24608078501  2.34198157911e-24
1.29782548821  2.819774968e-24
1.35171893999  3.31740918696e-24
1.40785036919  3.83570814553e-24
1.46631270998  4.3755299669e-24
1.5272027557  4.93776840867e-24
1.59062131914  5.52335434254e-24
1.65667339944  6.13325729559e-24
1.7254683559  6.76848705542e-24
1.7971200891  7.43009534207e-24
1.87174722945  8.11917754921e-24
1.94947333358  8.83687455783e-24
2.03042708895  1.02958059525e-23
2.11474252688  1.30457690531e-23
2.20255924448  1.59099270167e-23
2.29402263574  1.88930218947e-23
2.3892841323  2.1999992657e-23
2.48850145414  2.52359833687e-23
2.59183887071  2.86063517074e-23
2.6994674729  3.21166778334e-23
2.81156545633  3.57727736283e-23
2.92831841634  3.95806923179e-23
3.04991965532  4.33920140697e-23
3.17657050272  4.71302037528e-23
3.30848064838  5.10236253582e-23
3.44586848972  5.50787250408e-23
3.58896149333  5.93022166384e-23
3.73799657156  6.37010927871e-23
3.89322047476  6.82826364991e-23
4.05489019986  7.25216623542e-23
4.2232734158  7.58572648248e-23
4.39864890674  7.93313813965e-23
4.58130703365  8.29497640006e-23
4.77155021497  8.67184034229e-23
4.96969342739  9.06435392222e-23
5.1760647273  9.34827566788e-23
5.39100579394  9.62159687764e-23
5.61487249513  9.90626801353e-23
5.84803547643  1.02027603922e-22
6.0908807748  1.04732850109e-22
6.34381045777  1.06883764133e-22
6.60724328913  1.09123996931e-22
6.8816154222  1.1145725755e-22
7.16738112202  1.13444016469e-22
7.4650135174  1.15186654144e-22
7.77500538429  1.17001656525e-22
8.09786996163  1.1872682413e-22
8.43414180111  1.20128068885e-22
8.78437765219  1.21587501677e-22
9.14915738387  1.2292616344e-22
9.52908494479  1.24047329672e-22
9.92478936312  1.25215053411e-22
10.3369257881  1.26153641151e-22
10.7661765745  1.27066657574e-22
11.2132524127  1.27896034007e-22
11.6788935051  1.28621037187e-22
12.1638707918  1.29302896579e-22
12.6689872269  1.29863575822e-22
13.1950791077  1.30379260122e-22
13.74301746  1.3079569327e-22
14.3137094794  1.31148482159e-22
14.9081000339  1.31446866217e-22
15.5271732278  1.3165958674e-22
16.1719540317  1.31838576093e-22
16.8435099786  1.31954083716e-22
17.5429529322  1.32016291941e-22
18.2714409272  1.32874403886e-22
19.030180087  1.35137136287e-22
19.8204266202  1.37398217855e-22
20.6434889008  1.39634705769e-22
21.5007296344  1.41822665872e-22
22.3935681139  1.43937090254e-22
23.3234825702  1.45951811782e-22
24.2920126187  1.47106442291e-22
25.3007618091  1.4644872719e-22
26.35140028  1.45747282918e-22
27.445667524  1.45003497304e-22
28.5853752678  1.44218707818e-22
29.772410472  1.43394205043e-22
31.0087384549  1.42531236141e-22
32.2964061465  1.41631008324e-22
33.6375454776  1.40694692338e-22
35.0343769094  1.39723425967e-22
36.48921311  1.38718317579e-22
38.0044627833  1.37680449708e-22
39.5826346568  1.36610882694e-22
41.2263416354  1.35510658389e-22
42.9383051273  1.34380803934e-22
44.72135955  1.33222335619e-22
46.5784570227  1.32036262843e-22
48.5126722543  1.30823592169e-22
50.5272076339  1.29585331484e-22
52.6253985329  1.28322494281e-22
54.8107188272  1.27036104051e-22
57.0867866488  1.25727198797e-22
59.457370376  1.24396835666e-22
61.9263948728  1.23046095688e-22
64.4979479868  1.21676088627e-22
67.1762873173  1.20287957911e-22
69.9658472649  1.18882885645e-22
72.8712463726  1.17462097652e-22
75.8972949729  1.16026868538e-22
79.0490031521  1.14578526707e-22
82.331589045  1.13118459305e-22
85.7504874747  1.11648116993e-22
89.3113589503  1.10169018507e-22
93.0200990391  1.08682754887e-22
96.8828481275  1.07190993287e-22
100.906001587  1.05695480238e-22
105.096220365  1.04198044232e-22
109.460442007  1.0270059749e-22
114.005892151  1.0120513673e-22
118.740096485  9.97137427827e-23
123.670893207  9.82285788689e-23
128.806446006  9.67518873476e-23
134.155257575  9.52859847615e-23
139.72618369  9.38332550003e-23
145.52844787  9.23961404281e-23
151.571656651  9.0977130842e-23
157.86581549  8.95787501716e-23
164.421345329  8.82035408744e-23
171.24909985  8.6854046043e-23
178.360383446  8.55327893146e-23
185.766969933  8.42422527488e-23
193.481122048  8.29848529359e-23
201.51561175  8.18355549736e-23
209.883741365  8.06492224345e-23
218.599365612  7.95027391294e-23
227.67691454  7.83979885984e-23
237.131417418  7.73366585214e-23
246.978527622  7.6320216595e-23
257.23454855  7.53498886637e-23
267.916460612  7.44266397972e-23
279.041949347  7.35511589602e-23
290.629434703  7.27238478355e-23
302.698101535  7.19448142613e-23
315.267931366  7.12138706145e-23
328.359735471  7.05305373392e-23
341.995189335  6.98940516804e-23
356.196868537  6.9303381561e-23
370.988286128  6.87572444385e-23
386.393931562  6.8254130924e-23
402.439311242  6.77923329532e-23
419.150990746  6.73699764108e-23
436.556638818  6.69850583965e-23
454.685073167  6.66354899664e-23
473.566308191  6.6319146729e-23
493.231604661  6.60339344255e-23
513.713521483  6.57819600387e-23
535.045969603  6.55777846771e-23
557.26426815  6.54220393607e-23
580.405202916  6.5313599827e-23
604.507087258  6.48615025495e-23
629.60982553  6.48793320717e-23
655.754979155  6.49374068189e-23
682.985835434  6.50361420235e-23
711.347479213  6.51758351865e-23
740.886867531  6.53566634426e-23
771.652907362  6.55786821007e-23
803.696536592  6.58418243914e-23
837.070808348  6.61459024242e-23
871.830978841  6.64906093321e-23
908.03459885  6.6875522558e-23
945.741609003  6.84455732092e-23
985.014439024  6.94551676808e-23
1025.91811109  7.03789470237e-23
1068.52034748  7.12266157219e-23
1112.89168271  7.2006777009e-23
1159.10558033  7.27271106065e-23
1207.23855449  7.33945139185e-23
1257.37029671  7.4015215195e-23
1309.58380774  7.45948649535e-23
1363.96553504  7.51386103703e-23
1420.60551588  7.56511562055e-23
1479.5975264  7.61368149986e-23
1541.03923691  7.64207779114e-23
1605.03237354  7.67812846497e-23
1671.68288673  7.7102051969e-23
1741.10112659  7.73861883942e-23
1813.40202564  7.76365353727e-23
1888.70528906  7.78556984555e-23
1967.13559293  7.80460739441e-23
2048.82279061  7.82098717472e-23
2133.90212774  7.83491350503e-23
2222.51446619  7.84657572893e-23
2314.80651723  7.85614968354e-23
2410.93108447  7.86379897276e-23
2511.04731682  7.86967607369e-23
2615.32097202  7.87392329991e-23
2723.92469106  7.876673642e-23
2837.03828399  7.87805150267e-23
2954.84902768  7.87817334116e-23
3077.55197581  7.87714824008e-23
3205.3502819  7.87507840544e-23
3338.45553557  7.87205960987e-23
3477.08811294  7.86818158713e-23
3621.47754143  7.86352838523e-23
3771.86287983  7.85817868467e-23
3928.49311406  7.85220608685e-23
4091.62756943  7.84567937783e-23
4261.53633998  7.83866277101e-23
4438.50073566  7.83121613256e-23
4622.81374809  7.82339519222e-23
4814.78053566  7.81525174206e-23
5014.71892873  7.8068338253e-23
5222.95995589  7.79818591661e-23
5439.84839201  7.78934909544e-23
5665.74332907  7.78036121346e-23
5901.01877067  7.77125705668e-23
6146.0642513  7.76206850315e-23
6401.28548122  7.75282467648e-23
6667.10501821  7.74355209551e-23
6943.96296717  7.73427482033e-23
7232.31770876  7.72501459465e-23
7532.64665837  7.71579098454e-23
7845.44705649  7.70662151342e-23
8171.23679203  7.6975217933e-23
8510.55525972  7.68850565195e-23
8863.96425316  7.679585256e-23
9232.048895  7.67077122978e-23
9615.41860565  7.66207276969e-23
10014.7081123  7.65349775397e-23
10430.5784998  7.64505284786e-23
10863.7183051  7.63674360392e-23
11314.8446575  7.62857455749e-23
11784.7044657  7.62054931727e-23
12274.0756543  7.61267065097e-23
12783.7684522  7.60494056605e-23
13314.6267339  7.5973603856e-23
13867.5294163  7.58993081939e-23
14443.3919145  7.58265203027e-23
15043.1676568  7.57552369588e-23
15667.8496638  7.56854506591e-23
16318.4721919  7.56171501511e-23
16996.1124464  7.55503209197e-23
17701.8923642  7.54849456358e-23
18436.9804721  7.55651679315e-23
19202.5938207  7.55218747432e-23
20000  7.54791554425e-23

