0.2 20000 301
301
0.2  0
0.207824460767  1.01624063809e-40
0.215955032466  2.07223895119e-40
0.22440369086  3.16955035115e-40
0.233182880236  4.3097911011e-40
0.242305531726  5.49464069611e-40
0.251785082359  6.72584433698e-40
0.261635494852  8.00521550077e-40
0.271871278176  9.33463861195e-40
0.282507508925  1.0716071818e-39
0.293559853524  1.21515498737e-39
0.305044591308  1.3643187138e-39
0.316978638492  1.51931806886e-39
0.329379573097  1.68038135578e-39
0.342265660832  1.84774580955e-39
0.355655882008  2.02165794633e-39
0.369569959484  2.20237392656e-39
0.384028387728  2.39015993229e-39
0.399052462994  2.58529255918e-39
0.414664314697  2.78805922399e-39
0.430886938006  2.99875858787e-39
0.447744227714  3.21770099629e-39
0.465261013431  3.44520893612e-39
0.483463096161  3.68161751071e-39
0.502377286302  4.45581422479e-34
0.522031443137  4.12938281085e-33
0.542454515866  7.9573029964e-33
0.563676586253  1.19349802385e-32
0.585728912925  1.60682733782e-32
0.608643977422  2.0363270468e-32
0.632455532034  2.48262977389e-32
0.65719864952  2.94639289188e-32
0.682909774767  3.42829949147e-32
0.709626778467  3.92905938747e-32
0.737389012904  4.44941016427e-32
0.766237369911  4.99011826226e-32
0.796214341107  5.55198010675e-32
0.827364080478  6.13582328103e-32
0.859732469416  6.74250774537e-32
0.893367184302  7.37292710365e-32
0.928317766723  8.02800991961e-32
0.964635696448  8.70872108453e-32
1.00237446725  2.01654991962e-29
1.04158966572  3.51658374666e-28
1.08233905309  6.9612001513e-28
1.12468265038  1.05405778855e-27
1.16868282675  1.4259989123e-27
1.21440439138  1.8124912297e-27
1.26191468896  2.21410401697e-27
1.31128369884  2.63142882173e-27
1.36258413812  3.06508033429e-27
1.41589156877  3.5156972931e-27
1.47128450892  3.98394342547e-27
1.52884454851  4.47050842531e-27
1.58865646945  4.97610896891e-27
1.65080837054  5.50148977059e-27
1.71539179718  6.04742467962e-27
1.78250187627  6.61471782004e-27
1.85223745626  7.20420477507e-27
1.9247012528  7.81675381785e-27
2  8.4532671904e-27
2.07824460767  7.45940057413e-26
2.15955032466  1.43322322362e-25
2.2440369086  2.14739449067e-25
2.33182880236  2.88950578302e-25
2.42305531726  3.66065017883e-25
2.51785082359  4.46196352e-25
2.61635494852  5.29462608516e-25
2.71871278176  6.1598643282e-25
2.82507508925  7.05895268466e-25
2.93559853524  7.99321544898e-25
3.05044591308  1.2810262763e-24
3.16978638492  2.29181362162e-24
3.29379573097  3.34214529658e-24
3.42265660832  4.43356836646e-24
3.55655882008  5.56769042129e-24
3.69569959484  6.74618194374e-24
3.84028387728  7.97077876959e-24
3.99052462994  9.24328464454e-24
4.14664314697  1.26280511428e-23
4.30886938006  1.62837185213e-23
4.47744227714  2.00824040298e-23
4.65261013431  2.40297028669e-23
4.83463096161  2.81314291285e-23
5.02377286302  3.24950601157e-23
5.22031443137  3.77626198133e-23
5.42454515866  4.32362585819e-23
5.63676586253  4.89240387094e-23
5.85728912925  5.48343378993e-23
6.08643977422  6.06267946099e-23
6.32455532034  6.60470144157e-23
6.5719864952  7.16792857076e-23
6.82909774767  7.75319044282e-23
7.09626778467  8.31286042343e-23
7.37389012904  8.80497731572e-23
7.66237369911  9.31634695459e-23
7.96214341107  9.84772255184e-23
8.27364080478  1.02916812731e-22
8.59732469416  1.07374534437e-22
8.93367184302  1.12006652485e-22
9.28317766723  1.15969268568e-22
9.64635696448  1.19879852946e-22
10.0237446725  1.23890828633e-22
10.4158966572  1.27244676121e-22
10.8233905309  1.3072973385e-22
11.2468265038  1.33937749237e-22
11.6868282675  1.36963911633e-22
12.1440439138  1.39921494695e-22
12.6191468896  1.42572383458e-22
13.1128369884  1.45215203437e-22
13.6258413812  1.47569379036e-22
14.1589156877  1.49893161823e-22
14.7128450892  1.52008168594e-22
15.2884454851  1.54025120737e-22
15.8865646945  1.55933949458e-22
16.5080837054  1.57658125095e-22
17.1539179718  1.59326883172e-22
17.8250187627  1.60852674871e-22
18.5223745626  1.60777950911e-22
19.247012528  1.60297895838e-22
20  1.59971564416e-22
20.7824460767  1.59773792613e-22
21.5955032466  1.59678825664e-22
22.440369086  1.59660245136e-22
23.3182880236  1.59690893891e-22
24.2305531726  1.59798589551e-22
25.1785082359  1.60027343037e-22
26.1635494852  1.60179957702e-22
27.1871278176  1.60259048321e-22
28.2507508925  1.60267130773e-22
29.3559853524  1.60206626797e-22
30.5044591308  1.60079868647e-22
31.6978638492  1.59889103689e-22
32.9379573097  1.59636498917e-22
34.2265660832  1.59324145417e-22
35.5655882008  1.58954062788e-22
36.9569959484  1.58528203518e-22
38.4028387728  1.58048457341e-22
39.9052462994  1.57516655569e-22
41.4664314697  1.56934575421e-22
43.0886938006  1.56303944353e-22
44.7744227714  1.55626444403e-22
46.5261013431  1.54903716552e-22
48.3463096161  1.54137365122e-22
50.2377286302  1.53328962212e-22
52.2031443137  1.52480052176e-22
54.2454515866  1.51592156167e-22
56.3676586253  1.50666776729e-22
58.5728912925  1.49705402466e-22
60.8643977422  1.48709512766e-22
63.2455532034  1.47680582609e-22
65.719864952  1.46620087425e-22
68.2909774767  1.45529508027e-22
70.9626778467  1.44410335589e-22
73.7389012904  1.43264076661e-22
76.6237369911  1.42092258213e-22
79.6214341107  1.40896432665e-22
82.7364080478  1.39678182888e-22
85.9732469416  1.38439127134e-22
89.3367184302  1.37180923835e-22
92.8317766723  1.35905276234e-22
96.4635696448  1.34613936769e-22
100.237446725  1.33308711139e-22
104.158966572  1.31991461954e-22
108.233905309  1.30664111879e-22
112.468265038  1.2932864616e-22
116.868282675  1.27987114395e-22
121.440439138  1.26641631441e-22
126.191468896  1.2529437729e-22
131.128369884  1.23947595784e-22
136.258413812  1.22603592022e-22
141.589156877  1.21264728292e-22
147.128450892  1.19933418414e-22
152.884454851  1.18612120348e-22
158.865646945  1.17303326973e-22
165.080837054  1.16009554961e-22
171.539179718  1.1473333171e-22
178.250187627  1.13477180336e-22
185.223745626  1.12243602812e-22
192.47012528  1.11035061365e-22
200  1.09932185434e-22
207.824460767  1.08778912931e-22
215.955032466  1.07657717128e-22
224.40369086  1.06570679347e-22
233.182880236  1.05519731712e-22
242.305531726  1.04506634858e-22
251.785082359  1.03532956713e-22
261.635494852  1.02600052921e-22
271.871278176  1.01709049501e-22
282.507508925  1.00860828266e-22
293.559853524  1.0005601551e-22
305.044591308  9.92949743814e-23
316.978638492  9.85778012764e-23
329.379573097  9.79043264826e-23
342.265660832  9.72741192025e-23
355.655882008  9.66864969817e-23
369.569959484  9.61405394811e-23
384.028387728  9.56351064755e-23
399.052462994  9.51688599402e-23
414.664314697  9.47402901414e-23
430.886938006  9.43477458082e-23
447.744227714  9.39894688353e-23
465.261013431  9.36636348214e-23
483.463096161  9.33684029751e-23
502.377286302  9.3102037305e-23
522.031443137  9.28751223134e-23
542.454515866  9.26961146972e-23
563.676586253  9.25641773975e-23
585.728912925  9.24783179681e-23
608.643977422  9.20073196823e-23
632.455532034  9.20470981897e-23
657.19864952  9.21265537771e-23
682.909774767  9.22460876751e-23
709.626778467  9.24059817593e-23
737.389012904  9.26063964278e-23
766.237369911  9.28473696524e-23
796.214341107  9.3128817226e-23
827.364080478  9.34505341988e-23
859.732469416  9.38121974735e-23
893.367184302  9.42133695058e-23
928.317766723  9.4653503031e-23
964.635696448  9.67214591167e-23
1002.37446725  9.77464085571e-23
1041.58966572  9.8688645504e-23
1082.33905309  9.95572585765e-23
1124.68265038  1.00360319523e-22
1168.68282675  1.01105044708e-22
1214.40439138  1.01797924062e-22
1261.91468896  1.02444824948e-22
1311.28369884  1.03051076448e-22
1362.58413812  1.0362153825e-22
1415.89156877  1.04160657296e-22
1471.28450892  1.04672514639e-22
1528.84454851  1.04979934566e-22
1588.65646945  1.05368320881e-22
1650.80837054  1.05716784189e-22
1715.39179718  1.06028324584e-22
1782.50187627  1.06305687707e-22
1852.23745626  1.06551394212e-22
1924.7012528  1.06767765006e-22
2000  1.06956942945e-22
2078.24460767  1.07120911552e-22
2159.55032466  1.07261511216e-22
2244.0369086  1.07380453239e-22
2331.82880236  1.07479332067e-22
2423.05531726  1.07559635932e-22
2517.85082359  1.07622756166e-22
2616.35494852  1.07669995334e-22
2718.71278176  1.0770257438e-22
2825.07508925  1.077216389e-22
2935.59853524  1.07728264666e-22
3050.44591308  1.07723462508e-22
3169.78638492  1.07708182637e-22
3293.79573097  1.07683318483e-22
3422.65660832  1.0764971013e-22
3556.55882008  1.07608147383e-22
3695.69959484  1.07559372543e-22
3840.28387728  1.07504082914e-22
3990.52462994  1.07442933095e-22
4146.64314697  1.07376537082e-22
4308.86938006  1.07305470212e-22
4477.44227714  1.07230270976e-22
4652.61013431  1.07151442715e-22
4834.63096161  1.07069455229e-22
5023.77286302  1.069847463e-22
5220.31443137  1.06897723153e-22
5424.54515866  1.06808763859e-22
5636.76586253  1.06718218686e-22
5857.28912925  1.06626411418e-22
6086.43977422  1.0653364063e-22
6324.55532034  1.06440180928e-22
6571.9864952  1.06346284165e-22
6829.09774767  1.06252180628e-22
7096.26778467  1.06158080189e-22
7373.89012904  1.06064173437e-22
7662.37369911  1.05970632781e-22
7962.14341107  1.0587761352e-22
8273.64080478  1.05785254888e-22
8597.32469416  1.05693681067e-22
8933.67184302  1.05603002171e-22
9283.17766723  1.05513315192e-22
9646.35696448  1.05424704924e-22
10023.7446725  1.05337244837e-22
10415.8966572  1.05250997929e-22
10823.3905309  1.05166017535e-22
11246.8265038  1.05082348104e-22
11686.8282675  1.05000025934e-22
12144.0439138  1.04919079874e-22
12619.1468896  1.04839531987e-22
13112.8369884  1.04761398176e-22
13625.8413812  1.04684688776e-22
14158.9156877  1.04609409108e-22
14712.8450892  1.04535559995e-22
15288.4454851  1.04463138251e-22
15886.5646945  1.04392137128e-22
16508.0837054  1.04322546735e-22
17153.9179718  1.04254354427e-22
17825.0187627  1.04187545162e-22
18522.3745626  1.04282829684e-22
19247.012528  1.04238598796e-22
20000  1.04194905111e-22

