1 20 101
101
1  0
1.03041055791  3.26606350911e-38
1.06174591785  6.63144983171e-38
1.09403420358  1.009917943e-37
1.12730439408  1.367236462e-37
1.16158634964  1.73542123652e-37
1.1969108386  2.11480271544e-37
1.23330956497  2.5057213968e-37
1.27081519692  2.90852813336e-37
1.30946139606  3.3235844475e-37
1.34928284767  3.75126285573e-37
1.39031529185  4.19194720295e-37
1.43259555555  4.64603300704e-37
1.47616158565  5.11392781377e-37
1.52105248304  5.59605156262e-37
1.56730853766  6.09283696365e-37
1.61497126471  6.60472988589e-37
1.66408344188  7.13218975748e-37
1.71468914776  7.67568997804e-37
1.76683380139  8.23571834354e-37
1.82056420303  8.81277748408e-37
1.87592857615  9.40738531503e-37
1.93297661076  1.00200755019e-36
1.99175950792  1.11606947242e-34
2.05233002578  7.11507547265e-33
2.11474252688  1.55997383171e-32
2.17905302696  2.43424244922e-32
2.24531924523  3.33509806317e-32
2.31360065617  4.26334919893e-32
2.3839585429  5.21982896961e-32
2.45645605223  6.20539582374e-32
2.53115825126  7.22093431577e-32
2.60813218585  8.26735589993e-32
2.68744694072  9.34559974827e-32
2.76917370155  1.04566335936e-31
2.85338581877  1.1601454598e-31
2.94015887345  1.27810902479e-31
3.02957074514  2.73817021213e-30
3.12170168173  1.08456883941e-29
3.21663437151  1.91997607273e-29
3.31445401734  2.7807885061e-29
3.41524841318  3.66777872583e-29
3.51910802283  4.581742813e-29
3.62612606115  5.52350105797e-29
3.73639857773  6.49389869658e-29
3.85002454306  7.49380666879e-29
3.96710593738  8.52412240028e-29
4.08774784223  5.79365352671e-28
4.21205853471  1.27528073789e-27
4.34014958471  1.99235929824e-27
4.472135955  2.73124461768e-27
4.60813610445  3.49259985191e-27
4.74827209431  4.27710832358e-27
4.89266969782  5.08547413556e-27
5.041458513  9.84974602839e-27
5.19477207907  2.52460569936e-26
5.35274799621  4.11105783651e-26
5.51552804914  5.74575486824e-26
5.68325833429  7.43016394872e-26
5.85608939099  9.1657968491e-26
6.03417633655  1.34342828834e-25
6.21767900547  2.8233206065e-25
6.40676209294  4.35404293019e-25
6.6015953026  5.93131537375e-25
6.80235349885  7.5565535523e-25
7.00921686386  9.75874235778e-25
7.22237105921  1.73120371371e-24
7.44200739256  2.53671774796e-24
7.66832298935  3.36672791339e-24
7.9015209697  4.22197915102e-24
8.14181063074  6.02650569018e-24
8.38940763443  8.54656037358e-24
8.64453420113  1.11432513259e-23
8.90741930907  1.38189090987e-23
9.17829889981  1.79758043544e-23
9.45741609003  2.3008091912e-23
9.74502138973  2.81934141418e-23
10.041372927  3.37406206162e-23
10.34673668  4.05976230858e-23
10.661386715  4.76822832739e-23
10.9856054331  5.49878880209e-23
11.3196838233  6.26256291655e-23
11.6639217237  7.05069214724e-23
12.0186280908  7.85698328451e-23
12.3841212763  8.63266405341e-23
12.7607293136  9.42929550245e-23
13.1487902114  1.02152467747e-22
13.5486522576  1.09672593277e-22
13.9606743317  1.17396755574e-22
14.3852262269  1.24521855459e-22
14.8226889821  1.31745240473e-22
15.2734552238  1.38631264365e-22
15.7379295184  1.45354529779e-22
16.2165287354  1.51902895101e-22
16.7096824217  1.58177289451e-22
17.2178331866  1.64316395353e-22
17.7414370999  1.70194372883e-22
18.2809641002  1.75894278582e-22
18.8368984177  1.81429160646e-22
19.4097390079  1.86686975261e-22
20  1.91922e-22

