1 20 101
101
1  0
1.03041055791  1.25279942582e-35
1.06174591785  2.54369718114e-35
1.09403420358  3.8738518574e-35
1.12730439408  5.24445727947e-35
1.16158634964  6.6567435771e-35
1.1969108386  8.11197828898e-35
1.23330956497  9.61146750033e-35
1.27081519692  1.11565570152e-34
1.30946139606  1.27486335642e-34
1.34928284767  1.43891260493e-34
1.39031529185  1.60795068262e-34
1.43259555555  1.78212930255e-34
1.47616158565  1.96160479149e-34
1.52105248304  2.14653823019e-34
1.56730853766  2.33709559793e-34
1.61497126471  2.53344792153e-34
1.66408344188  2.73577142885e-34
1.71468914776  2.9442477069e-34
1.76683380139  3.15906386488e-34
1.82056420303  3.38041270207e-34
1.87592857615  3.60849288089e-34
1.93297661076  3.8435091052e-34
1.99175950792  7.12519204333e-33
2.05233002578  4.32683566307e-31
2.11474252688  9.48241347494e-31
2.17905302696  1.47947752844e-30
2.24531924523  2.02686889804e-30
2.31360065617  2.59090674457e-30
2.3839585429  3.17209729671e-30
2.45645605223  3.77096217779e-30
2.53115825126  4.38803887401e-30
2.60813218585  5.02388121684e-30
2.68744694072  5.67905988007e-30
2.76917370155  6.35416289197e-30
2.85338581877  7.04979616311e-30
2.94015887345  7.76658403012e-30
3.02957074514  6.89586729549e-29
3.12170168173  2.5806931432e-28
3.21663437151  4.52930915797e-28
3.31445401734  6.53718367289e-28
3.41524841318  8.60611877204e-28
3.51910802283  1.07379713418e-27
3.62612606115  1.29346547376e-27
3.73639857773  1.51981405011e-27
3.85002454306  1.75304601294e-27
3.96710593738  1.99337068989e-27
4.08774784223  8.22766093569e-27
4.21205853471  1.69640075614e-26
4.34014958471  2.59660313621e-26
4.472135955  3.5241811729e-26
4.60813610445  4.47996737518e-26
4.74827209431  5.46481956912e-26
4.89266969782  6.47962166774e-26
5.041458513  1.04847443216e-25
5.19477207907  2.25062877877e-25
5.35274799621  3.48934130975e-25
5.51552804914  4.76572377989e-25
5.68325833429  6.08092175306e-25
5.85608939099  7.43611563035e-25
6.03417633655  1.00035577177e-24
6.21767900547  1.75600291225e-24
6.40676209294  2.53738045156e-24
6.6015953026  3.34252011778e-24
6.80235349885  4.17214453045e-24
7.00921686386  5.17028861136e-24
7.22237105921  7.63410047404e-24
7.44200739256  1.02467603174e-23
7.66832298935  1.29388726043e-23
7.9015209697  1.57128535278e-23
8.14181063074  1.97611839037e-23
8.38940763443  2.47841347981e-23
8.64453420113  2.99598364316e-23
8.90741930907  3.52929340393e-23
9.17829889981  4.14191426076e-23
9.45741609003  4.80692213114e-23
9.74502138973  5.49215326188e-23
10.041372927  6.19449482023e-23
10.34673668  6.897362808e-23
10.661386715  7.62125611802e-23
10.9856054331  8.36353693633e-23
11.3196838233  9.05583004168e-23
11.6639217237  9.76173116509e-23
12.0186280908  1.04800507396e-22
12.3841212763  1.11342901627e-22
12.7607293136  1.18043135218e-22
13.1487902114  1.24582739423e-22
13.5486522576  1.30717422935e-22
13.9606743317  1.37016232929e-22
14.3852262269  1.42747788411e-22
14.8226889821  1.48545919769e-22
15.2734552238  1.54040735074e-22
15.7379295184  1.59382189462e-22
16.2165287354  1.64569298918e-22
16.7096824217  1.69519082466e-22
17.2178331866  1.74351239042e-22
17.7414370999  1.78962095101e-22
18.2809641002  1.83424338771e-22
18.8368984177  1.87748395893e-22
19.4097390079  1.91844199154e-22
20  1.95917e-22

