0.5 20 151
151
0.5  0
0.512448710082  4.86689789894e-40
0.52520736093  9.85496899978e-40
0.538283669269  1.49672302026e-39
0.55168554395  2.02067735206e-39
0.565421090737  2.55767679501e-39
0.579498617203  3.10804613871e-39
0.59392663776  3.67211825921e-39
0.608713878807  4.2502343203e-39
0.623869284008  4.84274397987e-39
0.6394020197  5.45000560138e-39
0.655321480438  6.07238647063e-39
0.67163729468  6.71026301789e-39
0.688359330604  7.36402104555e-39
0.705497702082  8.03405596152e-39
0.723062774796  8.72077301831e-39
0.741065172505  9.4245875582e-39
0.759515783475  1.01459252644e-38
0.778425767058  1.08852224186e-38
0.797806560447  1.16429261646e-38
0.817669885593  1.24194947792e-38
0.83802775629  1.32153979488e-38
0.858892485448  1.40311170541e-38
0.880276692535  1.48671454607e-38
0.90219331121  1.57239888177e-38
0.924655597149  1.66021653639e-38
0.947677136058  1.75022062405e-38
0.971271851895  1.8424655813e-38
0.995454015286  1.59833583837e-34
1.02023825216  2.76272571747e-32
1.04563955259  6.2302571898e-32
1.07167327987  9.78412125012e-32
1.0983551798  1.34264673572e-31
1.1257013902  1.71594984856e-31
1.15372845069  2.09854724586e-31
1.18245331269  2.49067033131e-31
1.21189334964  2.89255626997e-31
1.24206636756  3.30444813171e-31
1.27299061578  3.72659503819e-31
1.30468479801  4.15925231357e-31
1.33716808361  4.60268163893e-31
1.37046011922  5.05715121051e-31
1.40458104063  5.52293590197e-31
1.43955148495  6.00031743059e-31
1.47539260312  6.48958452772e-31
1.51212607267  6.99103311333e-31
1.54977411084  7.50496647508e-31
1.58835948804  8.03169545166e-31
1.62790554158  8.57153862089e-31
1.66843618984  9.12482249232e-31
1.70997594668  9.69188170478e-31
1.75254993629  1.02730592287e-30
1.79618390842  1.08687065736e-30
1.84090425388  1.14791840008e-30
1.88673802057  1.21048607409e-30
1.93371292981  1.27461152178e-30
1.9818573931  1.34033352767e-30
2.03120052932  7.79120075074e-29
2.08177218234  2.01983737388e-28
2.13360293905  3.29144533257e-28
2.18672414789  4.5947130489e-28
2.24116793778  5.93042876915e-28
2.29696723759  7.29940036491e-28
2.35415579601  8.70245582168e-28
2.41276820199  1.01404437397e-27
2.47283990568  1.1614233847e-27
2.53440723981  1.3124717526e-27
2.59750744173  1.46728083517e-27
2.66217867588  1.62594426451e-27
2.72846005693  1.78855800393e-27
2.79639167337  1.95522040593e-27
2.86601461181  2.12603227179e-27
2.9373709818  2.30109691243e-27
3.01050394131  4.23351608309e-27
3.08545772284  1.57589151143e-26
3.16227766017  2.77183389821e-26
3.24101021575  3.99755216509e-26
3.32170300885  5.25378765466e-26
3.40440484432  6.54130016704e-26
3.48916574214  7.86086841941e-26
3.57603696765  9.21329051699e-26
3.66507106256  1.05993844358e-25
3.75632187674  1.20199885173e-25
3.84984460077  1.34759619754e-25
3.94569579937  1.49681854165e-25
4.04393344553  2.45480258786e-25
4.14461695564  4.45649547972e-25
4.2478072254  6.50802536055e-25
4.35356666667  8.6106330428e-25
4.46195924519  1.0765590232e-24
4.57305051927  1.29742002957e-24
4.68690767949  1.52377990522e-24
4.80359958925  1.7557755578e-24
4.92319682653  1.99354730361e-24
5.04577172647  2.56890344574e-24
5.1713984252  3.72896048208e-24
5.30015290463  4.91789994586e-24
5.43211303844  6.13644093502e-24
5.56735863914  7.38532045118e-24
5.70597150638  8.66529384539e-24
5.84803547643  9.97713527499e-24
5.99363647282  1.13891010021e-23
6.1428625584  1.41808204422e-23
6.29580398853  1.71788089439e-23
6.4525532657  2.0251439625e-23
6.6132051955  2.34005708831e-23
6.77785694388  2.66281073854e-23
6.94660809603  2.993600122e-23
7.11956071652  3.38731716189e-23
7.29681941106  3.81586841735e-23
7.47849138981  4.25508949348e-23
7.66468653214  4.70524604128e-23
7.85551745316  5.1666103258e-23
8.0510995718  5.63267133075e-23
8.25155118063  6.09065935802e-23
8.45699351738  6.56005010563e-23
8.66755083831  7.04112747191e-23
8.88335049333  7.5341824235e-23
9.10452300303  8.00570186133e-23
9.33120213764  8.45028742135e-23
9.5635249979  8.90594201486e-23
9.80163209803  9.37294123223e-23
10.0456674507  9.83629478813e-23
10.295778654  1.02457459887e-22
10.5521169811  1.06649873226e-22
10.8148374712  1.10946666842e-22
11.0840990237  1.15117569336e-22
11.3600644943  1.18866836219e-22
11.6429007931  1.22709450175e-22
11.9327789861  1.26647287712e-22
12.2298743982  1.30174901782e-22
12.5343667197  1.33637283969e-22
12.8464401144  1.37185870541e-22
13.1662833315  1.40527654849e-22
13.4940898196  1.43673285909e-22
13.8300578436  1.46897235067e-22
14.1743906047  1.49953468802e-22
14.5272963631  1.52838120472e-22
14.8889885645  1.55794592526e-22
15.2596859686  1.58524476128e-22
15.6396127818  1.61190802503e-22
16.0289987924  1.63883532304e-22
16.4280795102  1.66314589911e-22
16.8370963082  1.68793640724e-22
17.2562965694  1.71132708107e-22
17.6859338356  1.73398615049e-22
18.1262679613  1.75638610517e-22
18.5775652707  1.77724506681e-22
19.0400987189  1.79833111465e-22
19.5141480567  1.81771639183e-22
20  1.83751e-22

