6.672776 20 51
51
6.672776  0
6.82088951939  3.29200766027e-29
6.9722906682  6.65708698373e-29
7.12705242089  1.00968599192e-28
7.28524937175  2.27386719078e-25
7.44695777079  6.60839869236e-25
7.61225556052  1.10039001196e-24
7.78122241354  1.33519149278e-24
7.95393977088  1.58925144416e-24
8.13049088132  1.87557472753e-24
8.31096084147  2.1762983058e-24
8.49543663682  2.48431257989e-24
8.68400718363  2.80871873614e-24
8.87676337182  3.14111471156e-24
9.07379810876  3.46491439332e-24
9.27520636405  3.76977418648e-24
9.48108521533  4.08047402391e-24
9.69153389499  4.37101696828e-24
9.9066538381  4.66449265838e-24
10.1265487312  5.00956841802e-24
10.3513245624  5.3949283803e-24
10.5810896724  5.78884205698e-24
10.8159548065  6.1914993122e-24
11.0560331685  6.61071859369e-24
11.3014404747  7.06342574011e-24
11.5522950101  7.52618809983e-24
11.808717685  7.99922225075e-24
12.0708320937  8.45107305158e-24
12.3387645739  8.82980016014e-24
12.6126442675  9.21693375573e-24
12.8926031828  9.61266043452e-24
13.1787762585  9.98241972405e-24
13.4713014284  1.03399421972e-23
13.7703196879  1.07054004847e-23
14.075975162  1.10720325138e-23
14.388415175  1.14264737048e-23
14.7077903211  1.17887823159e-23
15.0342545374  1.21499310392e-23
15.3679651776  1.24601075547e-23
15.7090830884  1.27757861174e-23
16.0577726867  1.30834648572e-23
16.4142020387  1.33297269727e-23
16.7785429415  1.3580903067e-23
17.1509710053  1.38292563625e-23
17.5316657381  1.40710430971e-23
17.9208106327  1.43180826229e-23
18.3185932547  1.45475808104e-23
18.725205333  1.47765131144e-23
19.1408428522  1.49957129431e-23
19.5657061474  1.51915245308e-23
20  1.53911626982e-23

