0.5 20 151
151
0.5  0
0.512448710082  2.297860089e-39
0.52520736093  4.65293096611e-39
0.538283669269  7.06663703237e-39
0.55168554395  9.54043815271e-39
0.565421090737  1.2075830539e-38
0.579498617203  1.46743476547e-38
0.59392663776  1.73375611429e-38
0.608713878807  2.00670817763e-38
0.623869284008  2.28645604318e-38
0.6394020197  2.57316890887e-38
0.655321480438  2.86702018525e-38
0.67163729468  3.16818760032e-38
0.688359330604  3.47685330707e-38
0.705497702082  3.79320399361e-38
0.723062774796  4.1174309961e-38
0.741065172505  4.44973041451e-38
0.759515783475  4.79030323116e-38
0.778425767058  5.13935543232e-38
0.797806560447  5.4970981328e-38
0.817669885593  5.8637477036e-38
0.83802775629  6.23952590281e-38
0.858892485448  6.62466000974e-38
0.880276692535  7.01938296235e-38
0.90219331121  7.42393349816e-38
0.924655597149  7.83855629864e-38
0.947677136058  8.26350213719e-38
0.971271851895  8.69902803083e-38
0.995454015286  3.7339945878e-34
1.02023825216  6.45342098504e-32
1.04563955259  1.4553184222e-31
1.07167327987  2.28546106674e-31
1.0983551798  3.13627212151e-31
1.1257013902  4.00826617659e-31
1.15372845069  4.90197063403e-31
1.18245331269  5.81792602686e-31
1.21189334964  6.75668634596e-31
1.24206636756  7.71881937515e-31
1.27299061578  8.70490703462e-31
1.30468479801  9.71554573288e-31
1.33716808361  1.07513467274e-30
1.37046011922  1.18129364946e-30
1.40458104063  1.29009571082e-30
1.43955148495  1.40160666281e-30
1.47539260312  1.51589394983e-30
1.51212607267  1.63302669546e-30
1.54977411084  1.75307574427e-30
1.58835948804  1.87611370469e-30
1.62790554158  2.0022149929e-30
1.66843618984  2.13145587787e-30
1.70997594668  2.26391452745e-30
1.75254993629  2.39967105569e-30
1.79618390842  2.53880757125e-30
1.84090425388  2.68140822711e-30
1.88673802057  2.8275592714e-30
1.93371292981  2.97734909965e-30
1.9818573931  3.13086830819e-30
2.03120052932  1.36735449572e-28
2.08177218234  3.53195843563e-28
2.13360293905  5.75045542933e-28
2.18672414789  8.02418727481e-28
2.24116793778  1.03545291774e-27
2.29696723759  1.27428905815e-27
2.35415579601  1.51907160229e-27
2.41276820199  1.76994860028e-27
2.47283990568  2.02707178831e-27
2.53440723981  2.29059668038e-27
2.59750744173  2.56068266241e-27
2.66217867588  2.83749308861e-27
2.72846005693  3.12119538031e-27
2.79639167337  3.41196112716e-27
2.86601461181  3.70996619098e-27
2.9373709818  4.01539081208e-27
3.01050394131  6.88728557165e-27
3.08545772284  2.37634231537e-26
3.16227766017  4.127441571e-26
3.24101021575  5.92213868055e-26
3.32170300885  7.7615191181e-26
3.40440484432  9.64669538325e-26
3.48916574214  1.1578807674e-25
3.57603696765  1.35590245762e-25
3.66507106256  1.55885437706e-25
3.75632187674  1.76685927572e-25
3.84984460077  1.98004295973e-25
3.94569579937  2.1985343675e-25
4.04393344553  3.44448476036e-25
4.14461695564  6.01618123535e-25
4.2478072254  8.65190631802e-25
4.35356666667  1.13532541555e-24
4.46195924519  1.41218585851e-24
4.57305051927  1.69593941225e-24
4.68690767949  1.98675769743e-24
4.80359958925  2.28481660766e-24
4.92319682653  2.59029641581e-24
5.04577172647  3.2695736374e-24
5.1713984252  4.59551696061e-24
5.30015290463  5.95447285184e-24
5.43211303844  7.34726323889e-24
5.56735863914  8.7747305134e-24
5.70597150638  1.02377380404e-23
5.84803547643  1.17371706805e-23
5.99363647282  1.3337041393e-23
6.1428625584  1.62345096815e-23
6.29580398853  1.93320477601e-23
6.4525532657  2.25067065456e-23
6.6132051955  2.57604061449e-23
6.77785694388  2.90951144702e-23
6.94660809603  3.25128484297e-23
7.11956071652  3.63943717612e-23
7.29681941106  4.05458590168e-23
7.47849138981  4.4800707595e-23
7.66468653214  4.91614909259e-23
7.85551745316  5.36308465117e-23
8.0510995718  5.81114603294e-23
8.25155118063  6.24137933e-23
8.45699351738  6.68232432622e-23
8.66755083831  7.13424771528e-23
8.88335049333  7.59742283085e-23
9.10452300303  8.03772407948e-23
9.33120213764  8.44963429561e-23
9.5635249979  8.87180001346e-23
9.80163209803  9.30447656856e-23
10.0456674507  9.73339860146e-23
10.295778654  1.01107560383e-22
10.5521169811  1.04971242888e-22
10.8148374712  1.0893112112e-22
11.0840990237  1.12770462529e-22
11.3600644943  1.1621092405e-22
11.6429007931  1.19737044187e-22
11.9327789861  1.23350534296e-22
12.2298743982  1.26575556002e-22
12.5343667197  1.29736795284e-22
12.8464401144  1.32976741268e-22
13.1662833315  1.36018163834e-22
13.4940898196  1.388710637e-22
13.8300578436  1.41794993413e-22
14.1743906047  1.44555247772e-22
14.5272963631  1.4714804638e-22
14.8889885645  1.49805398984e-22
15.2596859686  1.52245855106e-22
15.6396127818  1.54623057176e-22
16.0289987924  1.57021970883e-22
16.4280795102  1.59172506175e-22
16.8370963082  1.61364836212e-22
17.2562965694  1.63420808668e-22
17.6859338356  1.65403584651e-22
18.1262679613  1.67357945577e-22
18.5775652707  1.69162683518e-22
19.0400987189  1.70984943182e-22
19.5141480567  1.72643805978e-22
20  1.74337e-22

