0.02 20000 351
351
0.02  0
0.0208052458838  1.16082469705e-33
0.0216429128143  2.36838685956e-33
0.0225143061372  3.6245682451e-33
0.0234207837545  4.93132637516e-33
0.0243637582402  6.29069758548e-33
0.0253446990421  7.70480019938e-33
0.0263651347711  9.17583782875e-33
0.0274266555837  1.07061028079e-32
0.0285309156595  1.22979797659e-32
0.0296796357794  1.39539493422e-32
0.0308746060066  1.56765920528e-32
0.0321176884767  1.7468592311e-32
0.0334108202989  1.93327426108e-32
0.034756016575  2.12719478784e-32
0.0361553735393  2.3289229999e-32
0.0376110718253  2.53877325257e-32
0.039125379864  2.75707255786e-32
0.0407006574185  2.984161094e-32
0.0423393592613  3.22039273559e-32
0.0440440389997  3.46613560502e-32
0.0458173530554  3.72177264617e-32
0.0476620648032  3.98770222107e-32
0.0495810488781  4.26433873075e-32
0.0515772956543  6.60584996804e-30
0.0536539159056  1.52459761771e-29
0.0558141456523  2.42339736895e-29
0.0580613512047  3.35838486019e-29
0.060399034408  4.33101709287e-29
0.0628308381003  5.34280973064e-29
0.0653605517882  6.39533946126e-29
0.0679921175528  7.49024645353e-29
0.0707296361925  8.62923691324e-29
0.073577373613  9.81408574192e-29
0.0765397674752  1.10466393027e-28
0.0796214341107  1.23288182976e-28
0.0828271757148  1.36626207603e-28
0.0861619878306  1.50501251703e-28
0.0896310671328  1.64934936909e-28
0.0932398195264  1.79949755396e-28
0.0969938685706  1.95569104922e-28
0.100899064242  7.99708233642e-28
0.10496149205  3.47299965815e-27
0.109187482522  6.25392392845e-27
0.113583621065  9.14681458985e-27
0.118156758232  1.21561796661e-26
0.122914020392  1.52867086844e-26
0.127862820842  1.8543279983e-26
0.133010871351  2.19309683133e-26
0.138366194184  2.54550527478e-26
0.1439371346  2.91210249066e-26
0.149732373859  3.29345975148e-26
0.155760942745  3.69017133054e-26
0.162032235645  4.1028554279e-26
0.168556025186  4.5321551338e-26
0.175342477459  4.97873943076e-26
0.182402167871  5.44330423606e-26
0.189746097615  5.92657348622e-26
0.197385710819  6.4293002651e-26
0.205332912377  1.89210381673e-25
0.213600086503  3.80192588329e-25
0.222200116025  5.78864176775e-25
0.231146402466  7.85534739162e-25
0.240452886923  1.00052633253e-24
0.250134071796  1.22417398069e-24
0.260205043382  1.45682619624e-24
0.270681495389  1.69884552375e-24
0.281579753389  1.95060910462e-24
0.292916800258  2.21250926484e-24
0.304710302644  2.48495412637e-24
0.316978638492  2.76836824307e-24
0.329740925688  3.0631932623e-24
0.343017051845  3.3698886132e-24
0.356827705299  3.68893222255e-24
0.371194407346  4.02082125955e-24
0.386139545777  4.3660729106e-24
0.401686409768  4.72522518519e-24
0.417859226171  5.09883775433e-24
0.434683197266  5.48749282263e-24
0.452184540034  5.89179603564e-24
0.470390527014  6.31237742355e-24
0.489329528798  6.74989238303e-24
0.509031058243  7.59986479334e-24
0.529525816463  8.96936012468e-24
0.550845740668  1.039399448e-23
0.573024053933  1.18759878828e-23
0.596095316971  1.34176497399e-23
0.62009548199  1.50213824403e-23
0.645061948712  1.66896850985e-23
0.671033622664  1.84251574492e-23
0.698050975792  2.02305038981e-23
0.72615610954  2.21085377369e-23
0.755392820452  2.40621855267e-23
0.785806668419  2.60944916585e-23
0.817445047681  2.82086230976e-23
0.850357260677  3.04078743188e-23
0.884594594874  3.26956724395e-23
0.920210402694  3.50755825613e-23
0.957260184645  3.75513133246e-23
0.995801675818  4.01267226882e-23
1.03589493585  4.19494021509e-23
1.07760244251  4.37412655182e-23
1.12098918907  4.56052734155e-23
1.16612278558  4.75443305471e-23
1.21307356424  4.95614585675e-23
1.26191468896  5.16598007896e-23
1.31272226941  5.38426270836e-23
1.36557547962  5.6113338972e-23
1.42055668132  5.84754749305e-23
1.47775155234  6.09327159018e-23
1.53724922008  6.34888910321e-23
1.59914240042  6.61479836374e-23
1.66352754221  6.89141374115e-23
1.73050497751  7.17916628826e-23
1.80017907801  7.47850441308e-23
1.87265841765  7.78989457755e-23
1.94805594178  8.11382202442e-23
2.02648914321  8.37368989615e-23
2.10808024527  8.48674031042e-23
2.19295639229  8.60434239372e-23
2.2812498477  8.7266794067e-23
2.3730982002  8.85394198849e-23
2.46864457808  8.98632845378e-23
2.56803787234  9.12404510189e-23
2.67143296865  9.2673065382e-23
2.77899098875  9.4163360086e-23
2.89087954149  9.57136574738e-23
3.00727298406  9.72558947907e-23
3.12835269366  9.7760223613e-23
3.25430735015  9.82848578708e-23
3.38533323008  9.88306151074e-23
3.52163451252  9.93983457824e-23
3.6634235973  9.99889345968e-23
3.81092143593  1.00603301872e-22
3.96435787592  1.01242404983e-22
4.123972019  1.01620985198e-22
4.29001259367  1.01929195788e-22
4.46273834281  1.02249815644e-22
4.64241842687  1.0258334439e-22
4.82933284333  1.02930301769e-22
5.02377286302  1.03259020379e-22
5.22604148398  1.03360440212e-22
5.43645390367  1.0346594344e-22
5.6553380101  1.0357569447e-22
5.88303489282  1.03689864328e-22
6.11989937441  1.03765208075e-22
6.36630056345  1.0379951964e-22
6.62262242965  1.03835212668e-22
6.88926440224  1.03872342778e-22
7.16664199237  1.03760866506e-22
7.45518744063  1.03541141888e-22
7.75535039062  1.03312570653e-22
8.06759858961  1.03064960602e-22
8.39241861745  1.02770349905e-22
8.7303166448  1.02463877506e-22
9.08181922194  1.02137701539e-22
9.44747409926  1.01773142347e-22
9.82785108081  1.01393905165e-22
10.2235429123  1.00994476343e-22
10.6351662047  1.00575022045e-22
11.0633623952  1.00173267217e-22
11.5087987467  9.9962507136e-23
11.9721693877  9.97432613711e-23
12.4541963937  9.92703465218e-23
12.9556309128  9.87627844679e-23
13.4772543361  9.82423306698e-23
14.019879515  9.77017697798e-23
14.5843520286  9.71426725179e-23
15.1715515006  9.66464879809e-23
15.7823929704  9.63456289551e-23
16.4178283193  9.58120478063e-23
17.0788477531  9.51409672952e-23
17.7664813458  9.44697802408e-23
18.4818006444  9.42006311934e-23
19.2259203392  9.40181123933e-23
20  9.36769123122e-23
20.8052458838  9.31608174536e-23
21.6429128143  9.24527869802e-23
22.5143061372  9.15349036057e-23
23.4207837545  9.03883226228e-23
24.3637582402  8.92932354033e-23
25.3446990421  8.85944154182e-23
26.3651347711  8.78804899341e-23
27.4266555837  8.71518296486e-23
28.5309156595  8.6408796953e-23
29.6796357794  8.56517471865e-23
30.8746060066  8.48810299155e-23
32.1176884767  8.40969902437e-23
33.4108202989  8.32999701566e-23
34.756016575  8.24903099025e-23
36.1553735393  8.16683494167e-23
37.6110718253  8.08344297898e-23
39.125379864  7.99888947856e-23
40.7006574185  7.91320924111e-23
42.3393592613  7.8264376542e-23
44.0440389997  7.73861086059e-23
45.8173530554  7.64976593263e-23
47.6620648032  7.5599410528e-23
49.5810488781  7.46917570055e-23
51.5772956543  7.37751084528e-23
53.6539159056  7.28498914554e-23
55.8141456523  7.19165515393e-23
58.0613512047  7.09755552737e-23
60.399034408  7.00273924207e-23
62.8308381003  6.90725781234e-23
65.3605517882  6.81116551194e-23
67.9921175528  6.71451959674e-23
70.7296361925  6.61738052667e-23
73.577373613  6.51981218481e-23
76.5397674752  6.42188209117e-23
79.6214341107  6.32366160771e-23
82.8271757148  6.22522613132e-23
86.1619878306  6.12665527042e-23
89.6310671328  6.02803300049e-23
93.2398195264  5.92944779331e-23
96.9938685706  5.83099271388e-23
100.899064242  5.73276547881e-23
104.96149205  5.63486846907e-23
109.187482522  5.53740868997e-23
113.583621065  5.44049767059e-23
118.156758232  5.344251295e-23
122.914020392  5.24878955763e-23
127.862820842  5.15423623542e-23
133.010871351  5.06071846995e-23
138.366194184  4.96836625404e-23
143.9371346  4.87731181825e-23
149.732373859  4.78768891481e-23
155.760942745  4.69963199857e-23
162.032235645  4.61327530718e-23
168.556025186  4.52875184589e-23
175.342477459  4.4461922853e-23
182.402167871  4.36572378455e-23
189.746097615  4.28746875538e-23
197.385710819  4.21154358672e-23
205.332912377  4.14247315059e-23
213.600086503  4.0713925649e-23
222.200116025  4.00294916535e-23
231.146402466  3.93722191717e-23
240.452886923  3.8742776959e-23
250.134071796  3.81417033245e-23
260.205043382  3.75693981112e-23
270.681495389  3.70261164518e-23
281.579753389  3.65119645066e-23
292.916800258  3.60268973436e-23
304.710302644  3.55707190675e-23
316.978638492  3.51430852478e-23
329.740925688  3.47435076441e-23
343.017051845  3.43713611755e-23
356.827705299  3.40258930409e-23
371.194407346  3.3706233874e-23
386.139545777  3.34114108091e-23
401.686409768  3.31403623611e-23
417.859226171  3.28919550898e-23
434.683197266  3.26650021672e-23
452.184540034  3.245828426e-23
470.390527014  3.22705738149e-23
489.329528798  3.21006657264e-23
509.031058243  3.19483757707e-23
529.525816463  3.18216295539e-23
550.845740668  3.17219659745e-23
573.024053933  3.16487417517e-23
596.095316971  3.13659717436e-23
620.09548199  3.13645195533e-23
645.061948712  3.13851958685e-23
671.033622664  3.14282435305e-23
698.050975792  3.14938552556e-23
726.15610954  3.15821721621e-23
755.392820452  3.16932826925e-23
785.806668419  3.18272219487e-23
817.445047681  3.19839714507e-23
850.357260677  3.21634593214e-23
884.594594874  3.23655608941e-23
920.210402694  3.25900997309e-23
957.260184645  3.3615752607e-23
995.801675818  3.41783550648e-23
1035.89493585  3.46962499533e-23
1077.60244251  3.51741443769e-23
1120.98918907  3.56162797295e-23
1166.12278558  3.60264979341e-23
1213.07356424  3.6408295336e-23
1261.91468896  3.67648668596e-23
1312.72226941  3.70991424161e-23
1365.57547962  3.74138170989e-23
1420.55668132  3.77113763575e-23
1477.75155234  3.7994117091e-23
1537.24922008  3.81587126225e-23
1599.14240042  3.83703086977e-23
1663.52754221  3.85593523776e-23
1730.50497751  3.87275205502e-23
1800.17907801  3.88763564019e-23
1872.65841765  3.90072838316e-23
1948.05594178  3.91216199177e-23
2026.48914321  3.92205857354e-23
2108.08024527  3.93053157642e-23
2192.95639229  3.9376866089e-23
2281.2498477  3.94362215644e-23
2373.0982002  3.94843020831e-23
2468.64457808  3.95219680702e-23
2568.03787234  3.9550025308e-23
2671.43296865  3.95692291793e-23
2778.99098875  3.95802884067e-23
2890.87954149  3.95838683559e-23
3007.27298406  3.95805939607e-23
3128.35269366  3.95710523217e-23
3254.30735015  3.95557950232e-23
3385.33323008  3.95353402082e-23
3521.63451252  3.95101744462e-23
3663.4235973  3.94807544232e-23
3810.92143593  3.94475084816e-23
3964.35787592  3.94108380321e-23
4123.972019  3.93711188578e-23
4290.01259367  3.93287023276e-23
4462.73834281  3.9283916534e-23
4642.41842687  3.92370673668e-23
4829.33284333  3.91884395343e-23
5023.77286302  3.91382975387e-23
5226.04148398  3.90868866159e-23
5436.45390367  3.90344336417e-23
5655.3380101  3.89811480114e-23
5883.03489282  3.89272224955e-23
6119.89937441  3.8872834073e-23
6366.30056345  3.88181447457e-23
6622.62242965  3.87633023324e-23
6889.26440224  3.87084412459e-23
7166.64199237  3.86536832505e-23
7455.18744063  3.85991382016e-23
7755.35039062  3.85449047659e-23
8067.59858961  3.84910711215e-23
8392.41861745  3.84377156378e-23
8730.3166448  3.83849075339e-23
9081.81922194  3.83327075146e-23
9447.47409926  3.82811683834e-23
9827.85108081  3.82303356316e-23
10223.5429123  3.81802480035e-23
10635.1662047  3.81309380366e-23
11063.3623952  3.80824325759e-23
11508.7987467  3.80347532635e-23
11972.1693877  3.79879170025e-23
12454.1963937  3.7941936395e-23
12955.6309128  3.78968201551e-23
13477.2543361  3.78525734964e-23
14019.879515  3.78091984953e-23
14584.3520286  3.77666944302e-23
15171.5515006  3.77250580962e-23
15782.3929704  3.76842840986e-23
16417.8283193  3.7644365123e-23
17078.8477531  3.76052921852e-23
17766.4813458  3.75670548598e-23
18481.8006444  3.76171301397e-23
19225.9203392  3.75917251568e-23
20000  3.75666540267e-23

