1 20 101
101
1  0
1.03041055791  5.1239965447e-35
1.06174591785  1.04038166831e-34
1.09403420358  1.58441990975e-34
1.12730439408  2.14500265764e-34
1.16158634964  2.72263303965e-34
1.1969108386  3.31782948384e-34
1.23330956497  3.93112618397e-34
1.27081519692  4.56307357892e-34
1.30946139606  5.21423884671e-34
1.34928284767  5.88520641359e-34
1.39031529185  6.57657847852e-34
1.43259555555  7.28897555367e-34
1.47616158565  8.02303702133e-34
1.52105248304  8.77942170776e-34
1.56730853766  9.5588084745e-34
1.61497126471  1.03618968276e-33
1.66408344188  1.11894075457e-33
1.71468914776  1.20420833263e-33
1.76683380139  1.29206894531e-33
1.82056420303  1.38260144825e-33
1.87592857615  1.4758870951e-33
1.93297661076  1.57200961053e-33
1.99175950792  2.05542957711e-32
2.05233002578  1.21700871279e-30
2.11474252688  2.66649006082e-30
2.17905302696  4.16005094531e-30
2.24531924523  5.69903184959e-30
2.31360065617  7.28481402177e-30
2.3839585429  8.91882071454e-30
2.45645605223  1.06025184625e-29
2.53115825126  1.23374183983e-29
2.60813218585  1.4125077609e-29
2.68744694072  1.59671005337e-29
2.76917370155  1.78651404033e-29
2.85338581877  1.98209007242e-29
2.94015887345  2.18361368076e-29
3.02957074514  1.58956658129e-28
3.12170168173  5.81840890879e-28
3.21663437151  1.01758526908e-27
3.31445401734  1.46658087693e-27
3.41524841318  1.92923069171e-27
3.51910802283  2.40594994548e-27
3.62612606115  2.89716649772e-27
3.73639857773  3.40332121937e-27
3.85002454306  3.92486838849e-27
3.96710593738  4.46227609801e-27
4.08774784223  1.62942308557e-26
4.21205853471  3.28424377939e-26
4.34014958471  4.98938849376e-26
4.472135955  6.74638761021e-26
4.60813610445  8.55681805003e-26
4.74827209431  1.04223046896e-25
4.89266969782  1.23445218186e-25
5.041458513  1.91571315194e-25
5.19477207907  3.90665385283e-25
5.35274799621  5.95814017121e-25
5.51552804914  8.07201333307e-25
5.68325833429  1.02501705571e-24
5.85608939099  1.24945667576e-24
6.03417633655  1.64606265361e-24
6.21767900547  2.74811722279e-24
6.40676209294  3.8875697245e-24
6.6015953026  5.0616736125e-24
6.80235349885  6.27148265478e-24
7.00921686386  7.68637335197e-24
7.22237105921  1.08300294774e-23
7.44200739256  1.41561054697e-23
7.66832298935  1.75833292886e-23
7.9015209697  2.11147768959e-23
8.14181063074  2.5847522311e-23
8.38940763443  3.15069460631e-23
8.64453420113  3.7338476049e-23
8.90741930907  4.33473461152e-23
9.17829889981  4.98903603572e-23
9.45741609003  5.68203684823e-23
9.74502138973  6.39611220208e-23
10.041372927  7.12387610633e-23
10.34673668  7.82891528285e-23
10.661386715  8.55464300257e-23
10.9856054331  9.29827744733e-23
11.3196838233  9.98122937406e-23
11.6639217237  1.06764037003e-22
12.0186280908  1.13832890654e-22
12.3841212763  1.20221265964e-22
12.7607293136  1.26761064531e-22
13.1487902114  1.33132676569e-22
13.5486522576  1.39089821333e-22
13.9606743317  1.45205929885e-22
14.3852262269  1.50757222944e-22
14.8226889821  1.56370745019e-22
15.2734552238  1.61684634447e-22
15.7379295184  1.66845872809e-22
16.2165287354  1.71854431217e-22
16.7096824217  1.76629145207e-22
17.2178331866  1.8129049292e-22
17.7414370999  1.85738508163e-22
18.2809641002  1.90039702075e-22
18.8368984177  1.94204206047e-22
19.4097390079  1.98145437795e-22
20  2.02063e-22

