1 20 101
101
1  0
1.03041055791  2.5288872569e-36
1.06174591785  5.13467938617e-36
1.09403420358  7.81971510789e-36
1.12730439408  1.05864042639e-35
1.16158634964  1.34372299808e-35
1.1969108386  1.63747508982e-35
1.23330956497  1.94016034655e-35
1.27081519692  2.25205043082e-35
1.30946139606  2.57342526655e-35
1.34928284767  2.90457329034e-35
1.39031529185  3.24579171028e-35
1.43259555555  3.59738677275e-35
1.47616158565  3.95967403722e-35
1.52105248304  4.33297865953e-35
1.56730853766  4.71763568367e-35
1.61497126471  5.11399034252e-35
1.66408344188  5.52239836768e-35
1.71468914776  5.94322630874e-35
1.76683380139  6.37685186227e-35
1.82056420303  6.82366421081e-35
1.87592857615  7.28406437215e-35
1.93297661076  7.75846555926e-35
1.99175950792  2.41133407822e-33
2.05233002578  1.49961943066e-31
2.11474252688  3.28718014486e-31
2.17905302696  5.12910157768e-31
2.24531924523  7.02703686889e-31
2.31360065617  8.9826894312e-31
2.3839585429  1.0997814479e-30
2.45645605223  1.30742206038e-30
2.53115825126  1.52137713972e-30
2.60813218585  1.7418387124e-30
2.68744694072  1.9690046445e-30
2.76917370155  2.20307881934e-30
2.85338581877  2.44427132042e-30
2.94015887345  2.69279862003e-30
3.02957074514  3.01860447835e-29
3.12170168173  1.15310314011e-28
3.21663437151  2.03023259758e-28
3.31445401734  2.93403605121e-28
3.41524841318  3.86532467211e-28
3.51910802283  4.82493429954e-28
3.62612606115  5.81372619112e-28
3.73639857773  6.83258779579e-28
3.85002454306  7.88243355028e-28
3.96710593738  8.96420569989e-28
4.08774784223  4.19018043624e-27
4.21205853471  8.81333076684e-27
4.34014958471  1.35770736783e-26
4.472135955  1.84856846695e-26
4.60813610445  2.35435692594e-26
4.74827209431  2.87552669416e-26
4.89266969782  3.4125455258e-26
5.041458513  5.76067013578e-26
5.19477207907  1.29679240121e-25
5.35274799621  2.03943544998e-25
5.51552804914  2.80466268819e-25
5.68325833429  3.59316091364e-25
5.85608939099  4.40563781005e-25
6.03417633655  6.05511808128e-25
6.21767900547  1.11612685251e-24
6.40676209294  1.64417805639e-24
6.6015953026  2.18828759199e-24
6.80235349885  2.74894380212e-24
7.00921686386  3.4452663373e-24
7.22237105921  5.35092433406e-24
7.44200739256  7.37572753124e-24
7.66832298935  9.46210612331e-24
7.9015209697  1.16119326524e-23
8.14181063074  1.50831973233e-23
8.38940763443  1.95588102814e-23
8.64453420113  2.41705291265e-23
8.90741930907  2.89224929147e-23
9.17829889981  3.47843837957e-23
9.45741609003  4.13410698877e-23
9.74502138973  4.80971484618e-23
10.041372927  5.50801239993e-23
10.34673668  6.23952731187e-23
10.661386715  6.99348889389e-23
10.9856054331  7.76743308579e-23
11.3196838233  8.50597246998e-23
11.6639217237  9.26092370758e-23
12.0186280908  1.00299726906e-22
12.3841212763  1.07382662062e-22
12.7607293136  1.14640727477e-22
13.1487902114  1.21740367495e-22
13.5486522576  1.28427660355e-22
13.9606743317  1.35294316288e-22
14.3852262269  1.41557928028e-22
14.8226889821  1.47896763351e-22
15.2734552238  1.53909074723e-22
15.7379295184  1.59757270566e-22
16.2165287354  1.65440115262e-22
16.7096824217  1.70867764733e-22
17.2178331866  1.76170318248e-22
17.7414370999  1.81235662504e-22
18.2809641002  1.86139524021e-22
18.8368984177  1.90893318369e-22
19.4097390079  1.95403655416e-22
20  1.99892e-22

