0.1 20 151
151
0.1  0
0.103595335198  6.37086206411e-40
0.107319934748  1.29707779744e-39
0.111178446136  1.98079829845e-39
0.115175683943  2.68910084329e-39
0.119316635847  3.42286923883e-39
0.123606468853  4.18301906776e-39
0.128050535734  4.97049883105e-39
0.132654381717  5.78629113145e-39
0.137423751394  6.63141389957e-39
0.142364595899  7.50692166404e-39
0.147483080324  8.41390686732e-39
0.152785591422  9.35350122885e-39
0.158278745568  1.03268771572e-38
0.163969397019  1.13352492129e-38
0.169864646463  1.2379875624e-38
0.175971849887  1.34620598562e-38
0.182298627744  1.4583152239e-38
0.188852874473  1.57445516508e-38
0.195642768341  1.69477072645e-38
0.202676781654  1.7905188495e-32
0.209963691323  6.6647812634e-32
0.21751258982  1.17142897495e-31
0.225332896521  1.69453449915e-31
0.233434369463  2.23644742039e-31
0.241827117512  2.79784392763e-31
0.250521612986  3.37942452109e-31
0.259528704717  3.98191488633e-31
0.268859631586  4.60606679974e-31
0.278526036554  5.25265906658e-31
0.288539981181  5.92249849278e-31
0.298913960685  6.61642089164e-31
0.309660919525  7.33529212675e-31
0.320794267559  8.08000919241e-31
0.332327896774  8.85150133285e-31
0.344276198619  9.65073120176e-31
0.356654081967  1.04786960635e-30
0.369476991711  1.13364290373e-30
0.382760928042  1.22250003866e-30
0.396522466412  1.31455188544e-30
0.410778778215  1.40991330467e-30
0.425547652214  1.50870328657e-30
0.440847516738  1.61104509946e-30
0.456697462677  1.71706644357e-30
0.473117267301  1.82689961038e-30
0.490127418939  1.9406816477e-30
0.507749142548  2.38078044249e-28
0.526004426187  7.94210410746e-28
0.544916048465  1.37033759996e-27
0.564507606954  1.9671784928e-27
0.584803547643  2.58547781633e-27
0.60582919543  3.22600707307e-27
0.627610785733  3.88956550364e-27
0.650175497219  4.57698108401e-27
0.673551485719  5.2891115587e-27
0.697767919361  6.02684551101e-27
0.722855014966  6.79110347176e-27
0.74884407575  7.58283906799e-27
0.775767530383  8.40304021278e-27
0.803658973457  9.25273033803e-27
0.832553207402  1.01329696714e-26
0.862486285909  1.10448565594e-26
0.893495558925  1.19895288376e-26
0.925619719247  1.29681652508e-26
0.958898850812  1.39819869233e-26
0.993374478709  1.57800719863e-26
1.02908962099  1.5332386605e-25
1.06608884235  3.2896086812e-25
1.10441830974  5.10912609147e-25
1.14412584997  6.99406125162e-25
1.18526100936  8.94676614904e-25
1.22787511562  1.0969677333e-24
1.27202134183  1.30653189547e-24
1.31775477286  1.52363059173e-24
1.36513247404  1.74853471383e-24
1.41421356237  1.98152489299e-24
1.46505928036  2.22289185007e-24
1.51773307233  2.47293675832e-24
1.57230066369  2.73197161916e-24
1.62883014287  3.00031965153e-24
1.68739204632  3.27831569516e-24
1.74805944649  3.56630662839e-24
1.81090804305  3.86465180102e-24
1.87601625732  4.17372348265e-24
1.94346533014  4.49390732723e-24
2.01333942322  5.13500962796e-24
2.08572572415  7.10915200179e-24
2.16071455525  9.162085236e-24
2.23839948618  1.12888283014e-23
2.31887745078  1.34920349087e-23
2.40224886796  1.57744541788e-23
2.48861776706  1.81389340722e-23
2.57809191758  2.05884249434e-23
2.67078296373  2.31259832221e-23
2.76680656368  2.57547752268e-23
2.86628253393  2.84780811157e-23
2.96933499874  3.12992989798e-23
3.0760925451  3.45672555305e-23
3.18668838309  3.80968664023e-23
3.30126051218  4.1753378616e-23
3.41995189335  4.55413547004e-23
3.54291062753  4.94655212223e-23
3.67029014035  5.35307746843e-23
3.80224937364  5.7742187635e-23
3.93895298368  6.21050149977e-23
4.08057154674  6.59059702028e-23
4.22728177184  6.92794397898e-23
4.3792667213  7.27741969161e-23
4.53671603914  7.63946022756e-23
4.69982618773  8.01451733432e-23
4.8688006929  8.40305900126e-23
5.04385039793  8.77090111608e-23
5.22519372662  9.04459336446e-23
5.41305695583  9.32810903547e-23
5.60767449785  9.62181804518e-23
5.80928919286  9.9260868783e-23
6.01815261197  1.02295750347e-22
6.23452537109  1.04544526731e-22
6.45867745619  1.06843654668e-22
6.69088856009  1.09225443961e-22
6.93144843155  1.11692866562e-22
7.18065723674  1.13702332479e-22
7.43882593382  1.15569150327e-22
7.70627666093  1.17503086535e-22
7.98334313818  1.19484286052e-22
8.270371084  1.21021844422e-22
8.56771864659  1.22555860498e-22
8.87575685075  1.24145029593e-22
9.19487006089  1.25519490909e-22
9.5254564606  1.26763818118e-22
9.8679285495  1.2805288306e-22
10.2227136579  1.29177161661e-22
10.5902544803  1.30212156616e-22
10.9710096272  1.31275178319e-22
11.3654541979  1.3212687564e-22
11.774080373  1.32977635337e-22
12.1973980289  1.33745281432e-22
12.6359353735  1.34405718673e-22
13.0902396056  1.35052565213e-22
13.5608775976  1.35570965357e-22
14.0484366031  1.36089859458e-22
14.553524989  1.36504015816e-22
15.0767729955  1.36910908416e-22
15.6188335217  1.37232730611e-22
16.1803829408  1.37530694325e-22
16.7621219439  1.37765135143e-22
17.364776414  1.37951829327e-22
17.9890983325  1.38102769607e-22
18.6358667167  1.38187575739e-22
19.3058885922  1.38239341326e-22
20  1.38256e-22

