1 20000 251
251
1  0
1.04040904696  2.86760564707e-37
1.082450985  5.8510885054e-37
1.12619179768  8.95513106266e-37
1.17170013492  1.21846050214e-36
1.21904742069  1.55445789449e-36
1.26830796516  1.90403262126e-36
1.31955908129  2.26773332957e-36
1.37288120617  2.64613083689e-36
1.4283580273  3.03981902684e-36
1.4860766139  3.44941578136e-36
1.54612755358  3.87556395036e-36
1.6086050945  4.31893236073e-36
1.6736072933  4.78021686602e-36
1.74123616901  5.26014143855e-36
1.81159786313  5.75945930566e-36
1.88480280626  6.27895413192e-36
1.96096589137  6.819441249e-36
2.04020665416  2.12553365288e-32
2.12264946065  6.48243571896e-32
2.20842370239  1.10153960452e-31
2.29766399949  1.57315289782e-31
2.39051041194  2.06382363483e-31
2.48710865943  2.57432190869e-31
2.58761035005  3.10544893128e-31
2.6921732182  3.65803829066e-31
2.8009613722  4.23295725942e-31
2.91414555182  4.83110815579e-31
3.03190339627  8.63810342644e-30
3.15441972299  3.97808984155e-29
3.28188681771  7.21821440698e-29
3.41450473624  1.05892693181e-28
3.55248161847  1.40965453455e-28
3.69603401502  1.77455470545e-28
3.8453872271  2.1542001445e-28
4.00077566014  2.64971343815e-28
4.16244319166  2.40130212289e-27
4.33064355406  4.62395999274e-27
4.50564073281  6.93643334883e-27
4.68770938077  9.34235154936e-27
4.87713524927  1.18454906114e-26
5.07421563659  2.85173602886e-26
5.27925985453  7.00930371355e-26
5.49258971391  1.13348747461e-25
5.71454002959  1.58352379815e-25
5.945459146  2.05174566063e-25
6.18570948383  4.81986106215e-25
6.43566810884  8.39680025091e-25
6.69572732367  1.21182801433e-24
6.96629528353  1.59901414915e-24
7.24779663678  3.05570121765e-24
7.54067319143  4.72038686891e-24
7.84538460853  6.45234088081e-24
8.1624091236  9.54704103433e-24
8.49224429718  1.40472496277e-23
8.83540779578  1.87293073615e-23
9.19243820431  2.50243825188e-23
9.56389587139  3.2840837237e-23
9.95036378878  4.0973147441e-23
10.3524485064  5.04217646396e-23
10.7707810842  6.03969108987e-23
11.2060180829  7.06014828695e-23
11.6588425938  8.10173868389e-23
12.1299653117  9.1557195525e-23
12.6201256496  1.01711804337e-22
13.1300928996  1.11948178378e-22
13.6606674402  1.21599984e-22
14.2126819923  1.31146707054e-22
14.7870029263  1.40257350705e-22
15.384531622  1.48961790847e-22
16.0062058827  1.57561101764e-22
16.6530014079  1.6541323566e-22
17.3259333238  1.73110956541e-22
18.0260577771  1.8028268442e-22
18.7544735924  1.79947335961e-22
19.5123239965  1.80833927767e-22
20.3007984131  1.82899610111e-22
21.1211343295  1.86102149556e-22
21.9746192385  1.90399800724e-22
22.8625926593  1.95751176567e-22
23.7864482397  2.02115116994e-22
24.7476359436  2.06222745722e-22
25.7476643266  2.09280455604e-22
26.7881029035  2.12102064408e-22
27.8705846117  2.14696602819e-22
28.996808374  2.17072741605e-22
30.1685417653  2.19238807491e-22
31.3876237862  2.21202798595e-22
32.6559677498  2.22972399465e-22
33.9755642841  2.24554995728e-22
35.3484844568  2.25957688384e-22
36.7768830251  2.27187307786e-22
38.2630018183  2.28250427312e-22
39.8091732557  2.29153376768e-22
41.4178240072  2.29902255559e-22
43.0914788025  2.30502945633e-22
44.832764393  2.30961124243e-22
46.6444136747  2.31282276553e-22
48.5292699773  2.31471708097e-22
50.4902915267  2.31534557135e-22
52.5305560881  2.31475806926e-22
54.6532657959  2.31300297924e-22
56.8617521799  2.3101273994e-22
59.159481394  2.30617724269e-22
61.5500596558  2.30119735807e-22
64.0372389068  2.29523165158e-22
66.624922701  2.28832320743e-22
69.3171723311  2.2805144091e-22
72.118213203  2.27184706025e-22
75.032441467  2.26236250545e-22
78.0644309178  2.25210175025e-22
81.2189401726  2.24110558033e-22
84.5009201401  2.22941467925e-22
87.9155217902  2.21706974388e-22
91.4681042388  2.20411159698e-22
95.1642431583  2.1905812956e-22
99.009739529  2.17652023423e-22
103.010628743  2.16197024116e-22
107.173190077  2.14697366633e-22
111.503956548  2.1315734587e-22
116.009725165  2.11581323101e-22
120.697567597  2.09973730947e-22
125.574841273  2.08339076565e-22
130.649200932  2.06681942797e-22
135.928610627  2.05006986969e-22
141.421356237  2.03318937055e-22
147.136058463  2.01622584918e-22
153.081686359  1.99922776357e-22
159.267571411  1.98224397725e-22
165.703422184  1.96532358936e-22
172.399339552  1.94851572749e-22
179.36583256  1.9318693029e-22
186.613834911  1.91543272901e-22
194.154722129  1.89925360517e-22
202.000329413  1.88452699135e-22
210.162970211  1.86897348929e-22
218.655455543  1.85381314699e-22
227.491114114  1.83908645326e-22
236.683813228  1.82483115361e-22
246.247980551  1.81108185025e-22
256.198626761  1.79786962089e-22
266.551369101  1.78522166778e-22
277.322455892  1.77316100835e-22
288.528792035  1.76170621845e-22
300.187965542  1.75087123781e-22
312.318275138  1.74066524616e-22
324.938758985  1.73109261629e-22
338.069224556  1.72215294856e-22
351.730279727  1.71384118892e-22
365.943365117  1.70614783082e-22
380.730787743  1.69905919964e-22
396.115756024  1.69255781745e-22
412.122416211  1.68662284639e-22
428.775890281  1.68123061111e-22
446.102315367  1.6763552068e-22
464.128884777  1.67196921379e-22
482.883890678  1.66804457736e-22
502.396768493  1.66455463743e-22
522.698143103  1.66167207118e-22
543.819876914  1.65953635282e-22
565.795119858  1.6581357869e-22
588.658361426  1.65745575015e-22
612.445484796  1.6510184537e-22
637.193823152  1.65229640034e-22
662.942218274  1.65419984592e-22
689.731081504  1.65673629356e-22
717.602457167  1.65991100872e-22
746.600088557  1.66372698813e-22
776.769486596  1.66818495262e-22
808.158001257  1.67328336415e-22
840.814895881  1.67901846662e-22
874.791424493  1.68538434951e-22
910.140912246  1.69237303305e-22
946.918839109  1.71974469537e-22
985.182926946  1.73687128063e-22
1024.99323011  1.75256066512e-22
1066.41222967  1.7669768287e-22
1109.50493154  1.78026399207e-22
1154.33896842  1.79254998568e-22
1200.98470601  1.80394889794e-22
1249.51535339  1.8145631775e-22
1300.00707798  1.82448531695e-22
1352.53912504  1.83379921199e-22
1407.19394206  1.84258126654e-22
1464.05730815  1.850901297e-22
1523.21846867  1.85618146283e-22
1584.7702753  1.86254472784e-22
1648.80933177  1.86825100652e-22
1715.43614549  1.87335106135e-22
1784.75528525  1.87789118219e-22
1856.87554538  1.88191372637e-22
1931.9101165  1.88545757776e-22
2009.97676312  1.88855853897e-22
2091.19800853  1.89124966742e-22
2175.70132706  1.89356156445e-22
2263.61934415  1.89552262473e-22
2355.09004453  1.89715925191e-22
2450.25698873  1.89849604568e-22
2549.26953846  1.89955596425e-22
2652.28309095  1.90036046585e-22
2759.45932292  1.9009296323e-22
2870.96644429  1.90128227705e-22
2986.97946215  1.90143603996e-22
3107.68045551  1.9014074707e-22
3233.25886097  1.90121210237e-22
3363.91177012  1.9008645167e-22
3499.84423881  1.90037840218e-22
3641.26960901  1.89976660595e-22
3788.40984363  1.89904118064e-22
3941.49587491  1.89821342671e-22
4100.76796681  1.89729393115e-22
4266.47609215  1.89629260297e-22
4438.88032492  1.89521870614e-22
4618.25124841  1.89408089031e-22
4804.87037999  1.89288721972e-22
4999.03061281  1.89164520053e-22
5201.0366756  1.89036180692e-22
5411.20561086  1.88904350611e-22
5629.8672725  1.88769628247e-22
5857.36484349  1.88632566084e-22
6094.05537452  1.88493672918e-22
6340.31034432  1.88353416064e-22
6596.51624277  1.88212223502e-22
6863.0751774  1.88070485976e-22
7140.40550453  1.8792855904e-22
7428.94248588  1.87786765054e-22
7729.13897165  1.8764539513e-22
8041.46611132  1.87504711029e-22
8366.41409304  1.87364947002e-22
8704.49291301  1.87226311573e-22
9056.2331759  1.87088989276e-22
9422.18692758  1.8695314232e-22
9802.92852161  1.86818912201e-22
10199.0555206  1.86686421249e-22
10611.1896341  1.86555774109e-22
11039.9776943  1.8642705916e-22
11486.0926714  1.8630034986e-22
11950.2347295  1.86175706036e-22
12433.1323259  1.8605317509e-22
12935.5433539  1.85932793155e-22
13458.2563327  1.85814586167e-22
14002.0916449  1.85698570888e-22
14567.9028237  1.85584755847e-22
15156.577893  1.85473142232e-22
15769.0407609  1.8536372471e-22
16406.2526695  1.85256492194e-22
17069.213704  1.85151428547e-22
17758.9643622  1.85048513231e-22
18476.5871871  1.85189958457e-22
19223.2084664  1.85122498954e-22
20000  1.85055827608e-22

