1 20 101
101
1  0
1.03041055791  1.47816598839e-36
1.06174591785  3.00128382918e-36
1.09403420358  4.57072053326e-36
1.12730439408  6.18788468313e-36
1.16158634964  7.85422769703e-36
1.1969108386  9.57124513165e-36
1.23330956497  1.13404780244e-35
1.27081519692  1.31635142765e-35
1.30946139606  1.50419900781e-35
1.34928284767  1.69775913769e-35
1.39031529185  1.8972055391e-35
1.43259555555  2.10271721686e-35
1.47616158565  2.31447861939e-35
1.52105248304  2.53267980432e-35
1.56730853766  2.75751660902e-35
1.61497126471  2.98919082639e-35
1.66408344188  3.22791038596e-35
1.71468914776  3.47388954052e-35
1.76683380139  3.72734905841e-35
1.82056420303  3.98851642165e-35
1.87592857615  4.25762603011e-35
1.93297661076  4.5349194119e-35
1.99175950792  1.6450998284e-33
2.05233002578  1.02819617523e-31
2.11474252688  2.25391615378e-31
2.17905302696  3.51691096072e-31
2.24531924523  4.81831414438e-31
2.31360065617  6.15929372491e-31
2.3839585429  7.54105324265e-31
2.45645605223  8.96483283821e-31
2.53115825126  1.04319103656e-30
2.60813218585  1.19436025391e-30
2.68744694072  1.3501266115e-30
2.76917370155  1.51062991093e-30
2.85338581877  1.67601420524e-30
2.94015887345  1.84642792821e-30
3.02957074514  2.23844139551e-29
3.12170168173  8.6006634527e-29
3.21663437151  1.51563642322e-28
3.31445401734  2.19114275299e-28
3.41524841318  2.88719160712e-28
3.51910802283  3.60440769524e-28
3.62612606115  4.34343472474e-28
3.73639857773  5.10493597852e-28
3.85002454306  5.88959491028e-28
3.96710593738  6.69811575792e-28
4.08774784223  3.27625107054e-27
4.21205853471  6.93656362324e-27
4.34014958471  1.07081883228e-26
4.472135955  1.45945102337e-26
4.60813610445  1.85990173621e-26
4.74827209431  2.27253037865e-26
4.89266969782  2.69770728831e-26
5.041458513  4.62755241877e-26
5.19477207907  1.05954301589e-25
5.35274799621  1.67447943907e-25
5.51552804914  2.30811642196e-25
5.68325833429  2.96102265901e-25
5.85608939099  3.633784139e-25
6.03417633655  5.0331406605e-25
6.21767900547  9.43636178711e-25
6.40676209294  1.39900743634e-24
6.6015953026  1.86822678798e-24
6.80235349885  2.35171536188e-24
7.00921686386  2.95879569128e-24
7.22237105921  4.67505535069e-24
7.44200739256  6.49968199366e-24
7.66832298935  8.37979655081e-24
7.9015209697  1.03170864406e-23
8.14181063074  1.35543759119e-23
8.38940763443  1.77781827172e-23
8.64453420113  2.2130437844e-23
8.90741930907  2.66150474774e-23
9.17829889981  3.22930994491e-23
9.45741609003  3.87093895944e-23
9.74502138973  4.53208027028e-23
10.041372927  5.21767267941e-23
10.34673668  5.94839776335e-23
10.661386715  6.70175175614e-23
10.9856054331  7.47539657197e-23
11.3196838233  8.22016407958e-23
11.6639217237  8.98220351979e-23
12.0186280908  9.75878650381e-23
12.3841212763  1.04770295413e-22
12.7607293136  1.12131928039e-22
13.1487902114  1.19338879964e-22
13.5486522576  1.26137734335e-22
13.9606743317  1.3311911881e-22
14.3852262269  1.39493316394e-22
14.8226889821  1.45945017109e-22
15.2734552238  1.52068157067e-22
15.7379295184  1.58026897792e-22
16.2165287354  1.63818235883e-22
16.7096824217  1.69350927089e-22
17.2178331866  1.74757360053e-22
17.7414370999  1.79923759864e-22
18.2809641002  1.8492613081e-22
18.8368984177  1.89776101796e-22
19.4097390079  1.9437898444e-22
20  1.9896e-22

