1 20 101
101
1  0
1.03041055791  3.72054929709e-35
1.06174591785  7.55424257405e-35
1.09403420358  1.15045206024e-34
1.12730439408  1.55749287895e-34
1.16158634964  1.97691203605e-34
1.1969108386  2.40908596372e-34
1.23330956497  2.85440254164e-34
1.27081519692  3.31326144515e-34
1.30946139606  3.78607450391e-34
1.34928284767  4.27326607158e-34
1.39031529185  4.77527340663e-34
1.43259555555  5.29254706481e-34
1.47616158565  5.82555130353e-34
1.52105248304  6.37476449852e-34
1.56730853766  6.94067957319e-34
1.61497126471  7.523804441e-34
1.66408344188  8.12466246137e-34
1.71468914776  8.74379290937e-34
1.76683380139  9.38175145972e-34
1.82056420303  1.00391106855e-33
1.87592857615  1.07164605721e-33
1.93297661076  1.14144090466e-33
1.99175950792  1.57210943527e-32
2.05233002578  9.34936397357e-31
2.11474252688  2.04854870907e-30
2.17905302696  3.19602659248e-30
2.24531924523  4.37839991851e-30
2.31360065617  5.59672987705e-30
2.3839585429  6.85210992935e-30
2.45645605223  8.14566678943e-30
2.53115825126  9.47856143531e-30
2.60813218585  1.0851990151e-29
2.68744694072  1.22671856002e-29
2.76917370155  1.37254179326e-29
2.85338581877  1.52279959237e-29
2.94015887345  1.67762681499e-29
3.02957074514  1.27582691179e-28
3.12170168173  4.69485756202e-28
3.21663437151  8.21786284184e-28
3.31445401734  1.18480046777e-27
3.41524841318  1.55885411522e-27
3.51910802283  1.94428294277e-27
3.62612606115  2.341432876e-27
3.73639857773  2.75066036027e-27
3.85002454306  3.17233268066e-27
3.96710593738  3.60682829156e-27
4.08774784223  1.35879053366e-26
4.21205853471  2.75549699323e-26
4.34014958471  4.19467807547e-26
4.472135955  5.67762545735e-26
4.60813610445  7.20567009648e-26
4.74827209431  8.78018342559e-26
4.89266969782  1.04025785835e-25
5.041458513  1.63182078063e-25
5.19477207907  3.37347055682e-25
5.35274799621  5.1680848744e-25
5.51552804914  7.01727441461e-25
5.68325833429  8.92269884042e-25
5.85608939099  1.08860682861e-24
6.03417633655  1.44169851456e-24
6.21767900547  2.43786808405e-24
6.40676209294  3.46787362224e-24
6.6015953026  4.5292022035e-24
6.80235349885  5.62280637904e-24
7.00921686386  6.91018945366e-24
7.22237105921  9.84464068212e-24
7.44200739256  1.29511418393e-23
7.66832298935  1.61521134297e-23
7.9015209697  1.94504283521e-23
8.14181063074  2.39550932135e-23
8.38940763443  2.93881885445e-23
8.64453420113  3.49865073358e-23
8.90741930907  4.07550741248e-23
9.17829889981  4.71090467385e-23
9.45741609003  5.38756010458e-23
9.74502138973  6.08479300448e-23
10.041372927  6.79624816232e-23
10.34673668  7.49032739177e-23
10.661386715  8.20485986325e-23
10.9856054331  8.93713137966e-23
11.3196838233  9.61183177765e-23
11.6639217237  1.0298858337e-22
12.0186280908  1.09975504063e-22
12.3841212763  1.16298660619e-22
12.7607293136  1.22772176171e-22
13.1487902114  1.2908158989e-22
13.5486522576  1.34984753278e-22
13.9606743317  1.41045539672e-22
14.3852262269  1.46550003737e-22
14.8226889821  1.52116717298e-22
15.2734552238  1.57388390753e-22
15.7379295184  1.625101488e-22
16.2165287354  1.67481490734e-22
16.7096824217  1.7222217712e-22
17.2178331866  1.76850422929e-22
17.7414370999  1.81267021937e-22
18.2809641002  1.85538372906e-22
18.8368984177  1.89674524227e-22
19.4097390079  1.93589819018e-22
20  1.97482e-22

