0.05 20 201
201
0.05  0
0.0515205278956  7.75168162214e-38
0.0530872958927  1.57390962072e-37
0.0547017101788  2.3969412526e-37
0.0563652197041  3.24500173558e-37
0.0580793174821  4.118852211e-37
0.0598455419298  5.0192769669e-37
0.0616654782484  5.94708414199e-37
0.0635407598458  6.90310645091e-37
0.0654730698028  7.88820193161e-37
0.0674641423837  8.90325471548e-37
0.0695157645926  9.94917582082e-37
0.0716297777775  1.10269039705e-36
0.0738080792827  1.21374064345e-36
0.0760526241521  1.3281679898e-36
0.0783654268832  1.44607513559e-36
0.0807485632356  1.56756790346e-36
0.0832041720942  1.69275533419e-36
0.0857344573881  1.82174978454e-36
0.0883416900695  1.95466702808e-36
0.0910282101513  2.09162635916e-36
0.0937964288077  2.2327506999e-36
0.0966488305378  2.37816671058e-36
0.0995879753959  2.23347325881e-34
0.102616501289  1.42135642609e-32
0.105737126344  3.11626291963e-32
0.108952651348  4.86271246526e-32
0.112265962262  6.66227251592e-32
0.115680032808  8.51655819173e-32
0.119197927145  1.04272337295e-31
0.122822802612  1.23960139763e-31
0.126557912563  1.44246659288e-31
0.130406609292  1.6515010319e-31
0.134372347036  1.86689232484e-31
0.138458685077  2.08883378716e-31
0.142669290938  2.31752461318e-31
0.147007943673  2.5531700548e-31
0.151478537257  2.79598160577e-31
0.156085084087  3.04617719148e-31
0.160831718575  3.30398136453e-31
0.165722700867  3.56962550632e-31
0.170762420659  3.84334803466e-31
0.175955401141  4.12539461781e-31
0.181306303058  4.4160183949e-31
0.186819928886  4.7154802032e-31
0.192501227153  5.02404881216e-31
0.198355296869  5.34200116468e-31
0.204387392112  2.87362411635e-28
0.210602926736  6.9369380666e-28
0.217007479236  1.1123819661e-27
0.22360679775  1.54380266607e-27
0.230406805222  1.98834311021e-27
0.237413604716  2.44640227728e-27
0.244633484891  2.91839127917e-27
0.25207292565  3.40473372994e-27
0.259738603953  3.90586612597e-27
0.267637399811  4.42223823775e-27
0.275776402457  4.95431351354e-27
0.284162916714  5.50256949532e-27
0.292804469549  6.06749824738e-27
0.301708816827  6.64960679797e-27
0.310883950274  7.24941759435e-27
0.320338104647  7.86746897169e-27
0.33007976513  8.50431563624e-27
0.340117674943  9.16052916315e-27
0.350460843193  9.83669850953e-27
0.361118552961  1.0533430543e-26
0.372100369628  1.12513505863e-26
0.383416149468  1.19911029786e-26
0.395076048485  1.27533516539e-26
0.407090531537  1.35387807367e-26
0.419470381721  1.43480951561e-26
0.432226710057  1.51820212786e-26
0.445370965454  1.60413075596e-26
0.458914944991  1.69267252159e-26
0.472870804502  1.78390689171e-26
0.487251069486  1.87791574992e-26
0.502068646352  3.1250417691e-26
0.517336833998  1.08380567283e-25
0.533069335748  1.88934040934e-25
0.549280271653  2.71937190661e-25
0.565984191164  3.57464512478e-25
0.583196086186  4.45592767869e-25
0.600931404538  5.36401052675e-25
0.619206063817  6.29970868084e-25
0.63803646568  7.26386193783e-25
0.657439510569  8.25733563328e-25
0.677432612878  9.28102141808e-25
0.698033716583  1.03358380587e-24
0.719261311345  1.14227322619e-24
0.741134449107  1.25426795242e-24
0.763672761192  1.36966850075e-24
0.786896475921  1.48857844415e-24
0.810826436772  1.61110450526e-24
0.835484121084  1.73735665225e-24
0.860891659332  1.86744819747e-24
0.887071854993  2.00149589916e-24
0.914048205011  2.13962006625e-24
0.941844920883  2.28194466631e-24
0.970486950393  2.42859743687e-24
1  2.63295747007e-24
1.03041055791  3.5790249573e-24
1.06174591785  4.60872963999e-24
1.09403420358  5.66974821656e-24
1.12730439408  6.76303296e-24
1.16158634964  7.88956510244e-24
1.1969108386  9.05035571583e-24
1.23330956497  1.02464466194e-23
1.27081519692  1.14789113147e-23
1.30946139606  1.27488559489e-23
1.34928284767  1.4057420308e-23
1.39031529185  1.54057788393e-23
1.43259555555  1.67951417058e-23
1.47616158565  1.82267558723e-23
1.52105248304  1.97019062242e-23
1.56730853766  2.12219167214e-23
1.61497126471  2.27881515858e-23
1.66408344188  2.44020165262e-23
1.71468914776  2.60649599999e-23
1.76683380139  2.77784745124e-23
1.82056420303  2.95440979572e-23
1.87592857615  3.1363414996e-23
1.93297661076  3.3238058481e-23
1.99175950792  3.51695759466e-23
2.05233002578  3.71514197268e-23
2.11474252688  3.91919839679e-23
2.17905302696  4.12946029059e-23
2.24531924523  4.3461163659e-23
2.31360065617  4.56936107332e-23
2.3839585429  4.79939477686e-23
2.45645605223  5.03642393365e-23
2.53115825126  5.28066127934e-23
2.60813218585  5.53232601898e-23
2.68744694072  5.79164402376e-23
2.76917370155  6.05884803374e-23
2.85338581877  6.33417786674e-23
2.94015887345  6.61788063357e-23
3.02957074514  6.87145465412e-23
3.12170168173  7.05192533926e-23
3.21663437151  7.23788423862e-23
3.31445401734  7.42949825187e-23
3.41524841318  7.62693935415e-23
3.51910802283  7.83038475052e-23
3.62612606115  8.04001703489e-23
3.73639857773  8.25602435398e-23
3.85002454306  8.47860057617e-23
3.96710593738  8.70794546544e-23
4.08774784223  8.87378579388e-23
4.21205853471  9.01744544564e-23
4.34014958471  9.16547386757e-23
4.472135955  9.3180039164e-23
4.60813610445  9.4751724891e-23
4.74827209431  9.63712064579e-23
4.89266969782  9.80399373628e-23
5.041458513  9.95778353103e-23
5.19477207907  1.0067812078e-22
5.35274799621  1.01811866544e-22
5.51552804914  1.0298009015e-22
5.68325833429  1.04183840088e-22
5.85608939099  1.05424196732e-22
6.03417633655  1.06613800557e-22
6.21767900547  1.07468554338e-22
6.40676209294  1.08347223446e-22
6.6015953026  1.09252613371e-22
6.80235349885  1.10185536709e-22
7.00921686386  1.11114528795e-22
7.22237105921  1.11748208959e-22
7.44200739256  1.12384495416e-22
7.66832298935  1.130401317e-22
7.9015209697  1.13715706249e-22
8.14181063074  1.14254273786e-22
8.38940763443  1.14696482035e-22
8.64453420113  1.15152138083e-22
8.90741930907  1.15621650886e-22
9.17829889981  1.15985624974e-22
9.45741609003  1.16296561524e-22
9.74502138973  1.16616953828e-22
10.041372927  1.16932980927e-22
10.34673668  1.17179776291e-22
10.661386715  1.17432754919e-22
10.9856054331  1.17685492323e-22
11.3196838233  1.17787158743e-22
11.6639217237  1.17875627883e-22
12.0186280908  1.17958922726e-22
12.3841212763  1.17970066547e-22
12.7607293136  1.17977975316e-22
13.1487902114  1.17963062112e-22
13.5486522576  1.17909480597e-22
13.9606743317  1.17852980406e-22
14.3852262269  1.17751152538e-22
14.8226889821  1.17640036999e-22
15.2734552238  1.17503119045e-22
15.7379295184  1.17347055682e-22
16.2165287354  1.17174770322e-22
16.7096824217  1.16982933538e-22
17.2178331866  1.16777638729e-22
17.7414370999  1.1655563067e-22
18.2809641002  1.16324623509e-22
18.8368984177  1.16084459884e-22
19.4097390079  1.15812408408e-22
20  1.15522e-22

