0.5 20000 301
301
0.5  0
0.51797667599  4.65900265487e-39
0.536599673739  9.48551207206e-39
0.555892230681  1.44855506812e-38
0.575878419714  1.96653574383e-38
0.596583179235  2.50313956109e-38
0.618032344264  3.05903608428e-38
0.640252678672  3.63491895082e-38
0.663271908584  4.23150673676e-38
0.687118756972  4.84954385336e-38
0.711822979493  5.48980147595e-38
0.737415401622  6.1530785062e-38
0.763927957112  6.84020256898e-38
0.791393727841  7.55203104504e-38
0.819846985093  8.28945214085e-38
0.849323232317  9.05338599688e-38
0.879859249433  9.84478583572e-38
0.911493138721  1.06646391515e-37
0.944264372364  1.15139689422e-37
0.978213841706  1.23938349857e-37
1.01338390827  5.29598768735e-32
1.04981845661  1.97130356396e-31
1.0875629491  3.46484247914e-31
1.12666448261  5.01207912463e-31
1.16717184731  6.61494411383e-31
1.20913558756  8.27543747217e-31
1.25260806493  9.99563113267e-31
1.29764352358  1.17776715213e-30
1.34429815793  1.36237822353e-30
1.39263018277  1.55362668176e-30
1.44269990591  1.75175116312e-30
1.49456980343  1.9569988837e-30
1.54830459763  2.16962594782e-30
1.6039713378  2.38989766761e-30
1.66163948387  2.61808889408e-30
1.7213809931  2.85448436003e-30
1.78327040983  3.09937903538e-30
1.84738495855  3.35307849519e-30
1.91380464021  3.61589930097e-30
1.98261233206  3.88816939569e-30
2.05389389107  2.74630652971e-28
2.12773826107  6.45502509764e-28
2.20423758369  1.02970845296e-27
2.28348731338  1.42772788767e-27
2.3655863365  1.84005745521e-27
2.4506370947  2.26721165282e-27
2.53874571274  2.70972347565e-27
2.63002213093  3.1681450818e-27
2.72458024232  3.64304848131e-27
2.82253803477  4.1350262499e-27
2.92401773821  4.64469226837e-27
3.02914597715  1.25943369101e-26
3.13805392866  4.08733424538e-26
3.25087748609  7.01690730374e-26
3.36775742859  1.00518083334e-25
3.48883959681  1.31958242281e-25
3.61427507483  1.64528780328e-25
3.74422037875  1.98270338393e-25
3.87883765192  2.33225018573e-25
4.01829486729  3.16797835051e-25
4.16276603701  7.28315343288e-25
4.31243142955  1.15462828534e-24
4.46747779462  1.59626860666e-24
4.62809859623  2.0537873779e-24
4.79449425406  2.52775548255e-24
4.96687239354  3.0187643293e-24
5.14544810495  4.78478366953e-24
5.33044421176  6.91097223691e-24
5.52209154871  9.11360441023e-24
5.72062924983  1.13954285934e-23
5.92630504679  1.37592920045e-23
6.13937557808  1.75918868779e-23
6.36010670917  2.23202369167e-23
6.58877386432  2.72185869887e-23
6.82566237018  3.2293049165e-23
7.07106781187  3.7750864098e-23
7.32529640178  4.39154782755e-23
7.58866536167  5.03017309963e-23
7.86150331847  5.69175909089e-23
8.14415071437  6.34468359436e-23
8.43696023158  6.98878705304e-23
8.74029723243  7.65604819008e-23
9.05454021523  8.32855112254e-23
9.38008128661  8.93274892421e-23
9.7173266507  9.55866966211e-23
10.0666971161  1.01859855454e-22
10.4286286208  1.07431764772e-22
10.8035727762  1.13204002907e-22
11.1919974309  1.18677966022e-22
11.5943872539  1.23812655081e-22
12.0112443398  1.29108241359e-22
12.4430888353  1.33708112635e-22
12.8904595879  1.38473364701e-22
13.3539148186  1.42810198828e-22
13.8340328184  1.47110655362e-22
14.3314126696  1.51116047559e-22
14.8466749937  1.55032156538e-22
15.3804627255  1.58677911684e-22
15.9334419155  1.62283094461e-22
16.5063025609  1.65572084189e-22
17.0997594668  1.68844668579e-22
17.7145531376  1.71855824509e-22
18.3514507018  1.72998069362e-22
19.0112468682  1.72840456508e-22
19.6947649184  1.73063638391e-22
20.4028577337  1.73644554923e-22
21.1364088592  1.74559953682e-22
21.8963336065  1.75786333674e-22
22.6835801957  1.77299887953e-22
23.4991309386  1.79076445019e-22
24.3440034645  1.80666419935e-22
25.2192519896  1.81619695258e-22
26.1259686331  1.82470117093e-22
27.0652847792  1.83221079892e-22
28.0383724893  1.83875858055e-22
29.0464459643  1.84437610889e-22
30.0907630598  1.84909387456e-22
31.1726268555  1.85294131327e-22
32.2933872809  1.85594685243e-22
33.4544428005  1.85813795698e-22
34.6572421578  1.85954117447e-22
35.9032861837  1.86018217941e-22
37.1941296691  1.8600858171e-22
38.5313833047  1.8592761469e-22
39.9167156909  1.85777648514e-22
41.35185542  1.8556094475e-22
42.8385932329  1.85279699134e-22
44.3787842538  1.84936045761e-22
45.9743503045  1.84532061278e-22
47.627282303  1.8406976906e-22
49.3396427475  1.83551143397e-22
51.1135682897  1.82978113677e-22
52.9512724014  1.82352568598e-22
54.8550481358  1.81676360381e-22
56.8272709893  1.80951309024e-22
58.8704018652  1.80179206568e-22
60.9869901447  1.79361821412e-22
63.1796768676  1.78500902638e-22
65.4511980279  1.77598184387e-22
67.8043879881  1.76655390252e-22
70.2421830153  1.75674237701e-22
72.767624945  1.7465644252e-22
75.3838649774  1.73603723254e-22
78.0941676085  1.72517805658e-22
80.9019147041  1.71400427107e-22
83.8106097193  1.70253340981e-22
86.8238820702  1.69078320959e-22
89.9454916625  1.67877165226e-22
93.1793335833  1.66651700527e-22
96.5294429608  1.65403786043e-22
100  1.64135317024e-22
103.595335198  1.62848228133e-22
107.319934748  1.61544496423e-22
111.178446136  1.60226143885e-22
115.175683943  1.58895239479e-22
119.316635847  1.57553900568e-22
123.606468853  1.56204293654e-22
128.050535734  1.54848634323e-22
132.654381717  1.53489186309e-22
137.423751394  1.52128259548e-22
142.364595899  1.50768207156e-22
147.483080324  1.4941142121e-22
152.785591422  1.48060327261e-22
158.278745568  1.46717377494e-22
163.969397019  1.45385042499e-22
169.864646463  1.44065801596e-22
175.971849887  1.42762131733e-22
182.298627744  1.41476494968e-22
188.852874473  1.40211324614e-22
195.642768341  1.38969010149e-22
202.676781654  1.37843098566e-22
209.963691323  1.36651412227e-22
217.51258982  1.35489414844e-22
225.332896521  1.34359142682e-22
233.434369463  1.3326250128e-22
241.827117512  1.3220124781e-22
250.521612986  1.31176974164e-22
259.528704717  1.30191091159e-22
268.859631586  1.29244814275e-22
278.526036554  1.28339151278e-22
288.539981181  1.27474892102e-22
298.913960685  1.26652601292e-22
309.660919525  1.25872613271e-22
320.794267559  1.25135030636e-22
332.327896774  1.24439725616e-22
344.276198619  1.23786344763e-22
356.654081967  1.23174316888e-22
369.476991711  1.22602864198e-22
382.760928042  1.22071016558e-22
396.522466412  1.21577628785e-22
410.778778215  1.2112140093e-22
425.547652214  1.20700901573e-22
440.847516738  1.20314594383e-22
456.697462677  1.19960868614e-22
473.117267301  1.19638075202e-22
490.127418939  1.19344572966e-22
507.749142548  1.19080324849e-22
526.004426187  1.18860070928e-22
544.916048465  1.18687372755e-22
564.507606954  1.1856148059e-22
584.803547643  1.18481507826e-22
605.82919543  1.17928121726e-22
627.610785733  1.17978038876e-22
650.175497219  1.18067484011e-22
673.551485719  1.18196880373e-22
697.767919361  1.18366546244e-22
722.855014966  1.18576692982e-22
748.84407575  1.18827423957e-22
775.767530383  1.19118734385e-22
803.658973457  1.19450512062e-22
832.553207402  1.19822539007e-22
862.486285909  1.20234493952e-22
893.495558925  1.20685955667e-22
925.619719247  1.21176407035e-22
958.898850812  1.23490860242e-22
993.374478709  1.24641619351e-22
1029.08962099  1.25706033767e-22
1066.08884235  1.26692920876e-22
1104.41830974  1.27610159562e-22
1144.12584997  1.28464832322e-22
1185.26100936  1.292633402e-22
1227.87511562  1.30011496452e-22
1272.02134183  1.30714603415e-22
1317.75477286  1.31377515989e-22
1365.13247404  1.32004694372e-22
1414.21356237  1.32600248094e-22
1465.05928036  1.3316797297e-22
1517.73307233  1.33511475585e-22
1572.30066369  1.33952324151e-22
1628.83014287  1.34351931794e-22
1687.39204632  1.34713170276e-22
1748.05944649  1.35038682618e-22
1810.90804305  1.35330908051e-22
1876.01625732  1.35592103606e-22
1943.46533014  1.35824362841e-22
2013.33942322  1.36029632147e-22
2085.72572415  1.3620972499e-22
2160.71455525  1.36366334369e-22
2238.39948618  1.36501043748e-22
2318.87745078  1.36615336667e-22
2402.24886796  1.36710605203e-22
2488.61776706  1.36788157441e-22
2578.09191758  1.36849224068e-22
2670.78296373  1.3689496422e-22
2766.80656368  1.3692647066e-22
2866.28253393  1.36944774382e-22
2969.33499874  1.36950848713e-22
3076.0925451  1.36945612968e-22
3186.68838309  1.36929935731e-22
3301.26051218  1.36904637786e-22
3419.95189335  1.36870494772e-22
3542.91062753  1.36828239575e-22
3670.29014035  1.36778564508e-22
3802.24937364  1.3672212329e-22
3938.95298368  1.36659532877e-22
4080.57154674  1.3659137514e-22
4227.28177184  1.3651819843e-22
4379.2667213  1.36440519035e-22
4536.71603914  1.36358822556e-22
4699.82618773  1.36273565202e-22
4868.8006929  1.36185175021e-22
5043.85039793  1.36094053085e-22
5225.19372662  1.3600057462e-22
5413.05695583  1.35905090098e-22
5607.67449785  1.358079263e-22
5809.28919286  1.35709387341e-22
6018.15261197  1.35609755678e-22
6234.52537109  1.3550929308e-22
6458.67745619  1.35408241592e-22
6690.88856009  1.35306824467e-22
6931.44843155  1.35205247079e-22
7180.65723674  1.3510369782e-22
7438.82593382  1.35002348975e-22
7706.27666093  1.34901357578e-22
7983.34313818  1.34800866245e-22
8270.371084  1.34701003987e-22
8567.71864659  1.34601887006e-22
8875.75685075  1.3450361946e-22
9194.87006089  1.34406294209e-22
9525.4564606  1.34309993542e-22
9867.9285495  1.3421478987e-22
10222.7136579  1.34120746401e-22
10590.2544803  1.34027917787e-22
10971.0096272  1.33936350743e-22
11365.4541979  1.33846084643e-22
11774.080373  1.33757152088e-22
12197.3980289  1.33669579445e-22
12635.9353735  1.33583387365e-22
13090.2396056  1.33498591266e-22
13560.8775976  1.33415201801e-22
14048.4366031  1.33333225287e-22
14553.524989  1.33252664122e-22
15076.7729955  1.33173517163e-22
15618.8335217  1.33095780096e-22
16180.3829408  1.33019445764e-22
16762.1219439  1.32944504489e-22
17364.776414  1.32870944359e-22
17989.0983325  1.32798751503e-22
18635.8667167  1.32922850164e-22
19305.8885922  1.32874983408e-22
20000  1.32827642427e-22

