0.1 20 151
151
0.1  0
0.103595335198  1.08725093588e-36
0.107319934748  2.21359218735e-36
0.111178446136  3.38042918228e-36
0.115175683943  4.58921787839e-36
0.119316635847  5.84146657996e-36
0.123606468853  7.13873781987e-36
0.128050535734  8.48265030928e-36
0.132654381717  9.87488095745e-36
0.137423751394  1.13171669641e-35
0.142364595899  1.28113079873e-35
0.147483080324  1.43591683886e-35
0.152785591422  1.59626795597e-35
0.158278745568  1.76238423323e-35
0.163969397019  1.93447294748e-35
0.169864646463  2.11274882784e-35
0.175971849887  2.29743432368e-35
0.182298627744  2.48875988216e-35
0.188852874473  2.68696423578e-35
0.195642768341  2.8922947003e-35
0.202676781654  9.68266507925e-31
0.209963691323  3.60406244913e-30
0.21751258982  6.33462408956e-30
0.225332896521  9.16335857375e-30
0.233434369463  1.20937955445e-29
0.241827117512  1.51295915471e-29
0.250521612986  1.8274534592e-29
0.259528704717  2.15325488811e-29
0.268859631586  2.49076997046e-29
0.278526036554  2.84041985138e-29
0.288539981181  3.20264081753e-29
0.298913960685  3.57788484157e-29
0.309660919525  3.96662014608e-29
0.320794267559  4.36933178783e-29
0.332327896774  4.78652226298e-29
0.344276198619  5.21871213412e-29
0.356654081967  5.66644067983e-29
0.369476991711  6.13026656752e-29
0.382760928042  6.61076855062e-29
0.396522466412  7.10854619064e-29
0.410778778215  7.62422060536e-29
0.425547652214  8.15843524382e-29
0.440847516738  8.71185668921e-29
0.456697462677  9.28517549062e-29
0.473117267301  9.87910702469e-29
0.490127418939  1.04943923883e-28
0.507749142548  2.36223664034e-27
0.526004426187  7.67151150996e-27
0.544916048465  1.31716726077e-26
0.564507606954  1.88695829334e-26
0.584803547643  2.47723522345e-26
0.60582919543  3.0887345878e-26
0.627610785733  3.72221940403e-26
0.650175497219  4.37848012283e-26
0.673551485719  5.05833561425e-26
0.697767919361  5.76263418944e-26
0.722855014966  6.49225465921e-26
0.74884407575  7.24810743053e-26
0.775767530383  8.03113564259e-26
0.803658973457  8.84231634357e-26
0.832553207402  9.68266170981e-26
0.862486285909  1.05532203088e-25
0.893495558925  1.14550784075e-25
0.925619719247  1.23893613279e-25
0.958898850812  1.33572348509e-25
0.993374478709  1.45489525627e-25
1.02908962099  5.0083460132e-25
1.06608884235  9.52753228824e-25
1.10441830974  1.42091984581e-24
1.14412584997  1.90591862196e-24
1.18526100936  2.40835472982e-24
1.22787511562  2.92885509991e-24
1.27202134183  3.46806920302e-24
1.31775477286  4.02666986056e-24
1.36513247404  4.60535408416e-24
1.41421356237  5.20484394534e-24
1.46505928036  5.82588747651e-24
1.51773307233  6.46925960434e-24
1.57230066369  7.13576311675e-24
1.62883014287  7.82622966453e-24
1.68739204632  8.54152079913e-24
1.74805944649  9.28252904766e-24
1.81090804305  1.00501790266e-23
1.87601625732  1.08454285954e-23
1.94346533014  1.16692700518e-23
2.01333942322  1.280746914e-23
2.08572572415  1.51921350631e-23
2.16071455525  1.76697285481e-23
2.23839948618  2.02363998236e-23
2.31887745078  2.2895351535e-23
2.40224886796  2.56499014731e-23
2.48861776706  2.85034867146e-23
2.57809191758  3.14596679108e-23
2.67078296373  3.452213373e-23
2.76680656368  3.76947054608e-23
2.86628253393  4.09813417797e-23
2.96933499874  4.4386143691e-23
3.0760925451  4.74803245789e-23
3.18668838309  5.05049659139e-23
3.30126051218  5.36383532435e-23
3.41995189335  5.68843963506e-23
3.54291062753  6.0247145588e-23
3.67029014035  6.37307969325e-23
3.80224937364  6.73396972199e-23
3.93895298368  7.10783495695e-23
4.08057154674  7.42379829339e-23
4.22728177184  7.6951228633e-23
4.3792667213  7.97620246096e-23
4.53671603914  8.26738781234e-23
4.69982618773  8.56904225315e-23
4.8688006929  8.88154218224e-23
5.04385039793  9.17714000604e-23
5.22519372662  9.39621930044e-23
5.41305695583  9.62316165073e-23
5.60767449785  9.85826333922e-23
5.80928919286  1.01018177215e-22
6.01815261197  1.03441549754e-22
6.23452537109  1.05190229106e-22
6.45867745619  1.06975824616e-22
6.69088856009  1.0882561827e-22
6.93144843155  1.10741918206e-22
7.18065723674  1.12274388513e-22
7.43882593382  1.13683989599e-22
7.70627666093  1.15144270569e-22
7.98334313818  1.16639686073e-22
8.270371084  1.17787306447e-22
8.56771864659  1.18930310477e-22
8.87575685075  1.20114409334e-22
9.19487006089  1.21123800396e-22
9.5254564606  1.22025970681e-22
9.8679285495  1.22960577012e-22
10.2227136579  1.23732352126e-22
10.5902544803  1.24411200025e-22
10.9710096272  1.25107697578e-22
11.3654541979  1.25645648637e-22
11.774080373  1.26179723048e-22
12.1973980289  1.26656408789e-22
12.6359353735  1.27059424608e-22
13.0902396056  1.27448974453e-22
13.5608775976  1.27738939723e-22
14.0484366031  1.28024766887e-22
14.553524989  1.28221553596e-22
15.0767729955  1.28408141276e-22
15.6188335217  1.28524192707e-22
16.1803829408  1.28619611018e-22
16.7621219439  1.28666731877e-22
17.364776414  1.28679798801e-22
17.9890983325  1.28666482914e-22
18.6358667167  1.28609864395e-22
19.3058885922  1.28529504934e-22
20  1.28424e-22

