0.5 20 151
151
0.5  0
0.512448710082  6.71209550219e-43
0.52520736093  1.35913048663e-42
0.538283669269  2.06417887963e-42
0.55168554395  2.78678115871e-42
0.565421090737  3.52737437034e-42
0.579498617203  4.28640644234e-42
0.59392663776  5.06433645475e-42
0.608713878807  5.86163491754e-42
0.623869284008  6.67878405515e-42
0.6394020197  7.51627809818e-42
0.655321480438  8.37462358228e-42
0.67163729468  9.25433965455e-42
0.688359330604  1.01559583875e-41
0.705497702082  1.10800251009e-41
0.723062774796  1.20270986914e-41
0.741065172505  1.29977519712e-41
0.759515783475  1.39925720134e-41
0.778425767058  1.50121605082e-41
0.797806560447  1.60571341262e-41
0.817669885593  1.71281248914e-41
0.83802775629  1.82257805637e-41
0.858892485448  1.93507650304e-41
0.880276692535  2.05037587081e-41
0.90219331121  2.16854589538e-41
0.924655597149  2.28965804871e-41
0.947677136058  2.4137855822e-41
0.971271851895  2.54100357105e-41
0.995454015286  3.96545876052e-36
1.02023825216  6.85508079726e-34
1.04563955259  1.54589838714e-33
1.07167327987  2.42771019355e-33
1.0983551798  3.33147683901e-33
1.1257013902  4.25774494238e-33
1.15372845069  5.20707473189e-33
1.18245331269  6.18004038405e-33
1.21189334964  7.17723037086e-33
1.24206636756  8.19924781576e-33
1.27299061578  9.24671085839e-33
1.30468479801  1.03202530285e-32
1.33716808361  1.14205236291e-32
1.37046011922  1.25481881291e-32
1.40458104063  1.3703928566e-32
1.43955148495  1.48884439582e-32
1.47539260312  1.61024507277e-32
1.51212607267  1.73466831339e-32
1.54977411084  1.86218937171e-32
1.58835948804  1.99288537539e-32
1.62790554158  2.1268353724e-32
1.66843618984  2.26412037876e-32
1.70997594668  2.40482342761e-32
1.75254993629  2.54902961938e-32
1.79618390842  2.6968261733e-32
1.84090425388  2.84830248012e-32
1.88673802057  3.00355015619e-32
1.93371292981  3.16266309889e-32
1.9818573931  3.32573754338e-32
2.03120052932  5.66890989581e-30
2.08177218234  1.48025109105e-29
2.13360293905  2.41635150273e-29
2.18672414789  3.37575839967e-29
2.24116793778  4.35905205324e-29
2.29696723759  5.36682718204e-29
2.35415579601  6.39969331166e-29
2.41276820199  7.45827514328e-29
2.47283990568  8.54321293154e-29
2.53440723981  9.65516287176e-29
2.59750744173  1.07947974969e-28
2.66217867588  1.1962806084e-28
2.72846005693  1.31598950718e-28
2.79639167337  1.4386788487e-28
2.86601461181  1.56442283831e-28
2.9373709818  1.69329752886e-28
3.01050394131  4.2839168255e-28
3.08545772284  2.03254907909e-27
3.16227766017  3.69727238129e-27
3.24101021575  5.40344299901e-27
3.32170300885  7.15209286347e-27
3.40440484432  8.94427959832e-27
3.48916574214  1.07810871593e-26
3.57603696765  1.26636264899e-26
3.66507106256  1.45930361932e-26
3.75632187674  1.65704832206e-26
3.84984460077  1.85971635774e-26
3.94569579937  2.06743030467e-26
4.04393344553  4.15074463367e-26
4.14461695564  8.65544468942e-26
4.2478072254  1.32723001552e-25
4.35356666667  1.80041034113e-25
4.46195924519  2.28537163612e-25
4.57305051927  2.78240721624e-25
4.68690767949  3.29181770003e-25
4.80359958925  3.81391119068e-25
4.92319682653  4.34900346232e-25
5.04577172647  6.19419757688e-25
5.1713984252  1.03154530359e-24
5.30015290463  1.45393171237e-24
5.43211303844  1.88683445304e-24
5.56735863914  2.33051535513e-24
5.70597150638  2.78524276707e-24
5.84803547643  3.25129171844e-24
5.99363647282  3.78110865322e-24
6.1428625584  5.36380689625e-24
6.29580398853  7.09165964432e-24
6.4525532657  8.86253146823e-24
6.6132051955  1.0677493432e-23
6.77785694388  1.25376432664e-23
6.94660809603  1.44441060327e-23
7.11956071652  1.75298587178e-23
7.29681941106  2.12104582513e-23
7.47849138981  2.49826952179e-23
7.66468653214  2.88488511533e-23
7.85551745316  3.28112643973e-23
8.0510995718  3.70673836843e-23
8.25155118063  4.19947047261e-23
8.45699351738  4.70447033501e-23
8.66755083831  5.22204339116e-23
8.88335049333  5.75250268116e-23
9.10452300303  6.28347890119e-23
9.33120213764  6.81316003502e-23
9.5635249979  7.35602886259e-23
9.80163209803  7.91241372346e-23
10.0456674507  8.46890937653e-23
10.295778654  8.98038142622e-23
10.5521169811  9.50422417789e-23
10.8148374712  1.00411092626e-22
11.0840990237  1.05660004993e-22
11.3600644943  1.1046732349e-22
11.6429007931  1.15394331816e-22
11.9327789861  1.20443474645e-22
12.2298743982  1.25010474736e-22
12.5343667197  1.29508130816e-22
12.8464401144  1.3411776693e-22
13.1662833315  1.38474684927e-22
13.4940898196  1.42592262225e-22
13.8300578436  1.46812356574e-22
14.1743906047  1.50822919734e-22
14.5272963631  1.54619126978e-22
14.8889885645  1.58509849989e-22
15.2596859686  1.62113106731e-22
15.6396127818  1.65637687777e-22
16.0289987924  1.69199178385e-22
16.4280795102  1.72431320852e-22
16.8370963082  1.75727996244e-22
17.2562965694  1.78847378221e-22
17.6859338356  1.81875461673e-22
18.1262679613  1.848724927e-22
18.5775652707  1.87672792505e-22
19.0400987189  1.90504201666e-22
19.5141480567  1.93112045499e-22
20  1.95775e-22

