1 20000 251
251
1  0
1.04040904696  3.44963143908e-39
1.082450985  7.03865919697e-39
1.12619179768  1.07727161461e-38
1.17170013492  1.46576627778e-38
1.21904742069  1.86995964004e-38
1.26830796516  2.29048607085e-38
1.31955908129  2.72800557396e-38
1.37288120617  3.18320482321e-38
1.4283580273  3.65679824031e-38
1.4860766139  4.14952911603e-38
1.54612755358  4.66217077685e-38
1.6086050945  5.19552779862e-38
1.6736072933  5.75043726932e-38
1.74123616901  6.32777010288e-38
1.81159786313  6.92843240603e-38
1.88480280626  7.5533669004e-38
1.96096589137  8.20355440209e-38
2.04020665416  1.06707406145e-33
2.12264946065  3.25490948944e-33
2.20842370239  5.53115326198e-33
2.29766399949  7.89937787602e-33
2.39051041194  1.03633001897e-32
2.48710865943  1.29267872559e-32
2.58761035005  1.55938623913e-32
2.6921732182  1.8368711491e-32
2.8009613722  2.12556895984e-32
2.91414555182  2.42593277397e-32
3.03190339627  8.7008781734e-31
3.15441972299  4.10951288997e-30
3.28188681771  7.47984004248e-30
3.41450473624  1.09863589032e-29
3.55248161847  1.46345728492e-29
3.69603401502  1.84302076438e-29
3.8453872271  2.23792204231e-29
4.00077566014  2.81295883075e-29
4.16244319166  3.74593244925e-28
4.33064355406  7.35057167712e-28
4.50564073281  1.11008709408e-27
4.68770938077  1.50027162236e-27
4.87713524927  1.90622313556e-27
5.07421563659  5.53228279665e-27
5.27925985453  1.48229531869e-26
5.49258971391  2.44890507133e-26
5.71454002959  3.45457460285e-26
5.945459146  4.5008822817e-26
6.18570948383  1.24971263456e-25
6.43566810884  2.29271723878e-25
6.69572732367  3.37786866504e-25
6.96629528353  4.50687002623e-25
7.24779663678  9.99069684153e-25
7.54067319143  1.63059324854e-24
7.84538460853  2.2876360783e-24
8.1624091236  3.75604564936e-24
8.49224429718  6.06113834017e-24
8.83540779578  8.45937762976e-24
9.19243820431  1.24392324905e-23
9.56389587139  1.79010903085e-23
9.95036378878  2.35836565956e-23
10.3524485064  3.17754340427e-23
10.7707810842  4.06322458811e-23
11.2060180829  5.03201971831e-23
11.6588425938  6.09474450656e-23
12.1299653117  7.18988723006e-23
12.6201256496  8.30053712827e-23
13.1300928996  9.42921849757e-23
13.6606674402  1.0521941539e-22
14.2126819923  1.16098379003e-22
14.7870029263  1.26603857528e-22
15.384531622  1.36704033189e-22
16.0062058827  1.4672226627e-22
16.6530014079  1.55921639025e-22
17.3259333238  1.64955937481e-22
18.0260577771  1.7341504684e-22
18.7544735924  1.73757361223e-22
19.5123239965  1.75677054336e-22
20.3007984131  1.79128262525e-22
21.1211343295  1.84066203964e-22
21.9746192385  1.9044704104e-22
22.8625926593  1.98227741741e-22
23.7864482397  2.07365939881e-22
24.7476359436  2.1290175117e-22
25.7476643266  2.16889847785e-22
26.7881029035  2.20593943979e-22
27.8705846117  2.2402498522e-22
28.996808374  2.2719347988e-22
30.1685417653  2.30109518269e-22
31.3876237862  2.32782791128e-22
32.6559677498  2.35222607608e-22
33.9755642841  2.37437912777e-22
35.3484844568  2.39437304674e-22
36.7768830251  2.4122905096e-22
38.2630018183  2.42821105175e-22
39.8091732557  2.44221122658e-22
41.4178240072  2.45436476145e-22
43.0914788025  2.46474271077e-22
44.832764393  2.47341360666e-22
46.6444136747  2.48044360725e-22
48.5292699773  2.48589664312e-22
50.4902915267  2.48983456209e-22
52.5305560881  2.49231727261e-22
54.6532657959  2.49340288604e-22
56.8617521799  2.49314785806e-22
59.159481394  2.4916071294e-22
61.5500596558  2.48883426605e-22
64.0372389068  2.48488159906e-22
66.624922701  2.47980036407e-22
69.3171723311  2.47364084048e-22
72.118213203  2.4664524902e-22
75.032441467  2.45828409593e-22
78.0644309178  2.44918389852e-22
81.2189401726  2.43919973308e-22
84.5009201401  2.42837916341e-22
87.9155217902  2.41676961375e-22
91.4681042388  2.40441849729e-22
95.1642431583  2.39137334007e-22
99.009739529  2.37768189903e-22
103.010628743  2.36339227271e-22
107.173190077  2.34855300262e-22
111.503956548  2.33321316324e-22
116.009725165  2.3174224384e-22
120.697567597  2.30123118115e-22
125.574841273  2.28469045465e-22
130.649200932  2.26785205063e-22
135.928610627  2.25076848267e-22
141.421356237  2.23349295072e-22
147.136058463  2.21607927404e-22
153.081686359  2.19858178936e-22
159.267571411  2.18105521192e-22
165.703422184  2.16355445704e-22
172.399339552  2.14613442122e-22
179.36583256  2.12884972216e-22
186.613834911  2.11175439857e-22
194.154722129  2.09490157188e-22
202.000329413  2.07957976039e-22
210.162970211  2.06333696489e-22
218.655455543  2.04748813744e-22
227.491114114  2.03207858805e-22
236.683813228  2.01715063055e-22
246.247980551  2.0027431493e-22
256.198626761  1.98889118535e-22
266.551369101  1.97562555473e-22
277.322455892  1.96297251113e-22
288.528792035  1.95095346504e-22
300.187965542  1.93958476989e-22
312.318275138  1.92887758458e-22
324.938758985  1.91883781926e-22
338.069224556  1.90946616944e-22
351.730279727  1.90075824087e-22
365.943365117  1.89270476566e-22
380.730787743  1.88529190831e-22
396.115756024  1.87850165937e-22
412.122416211  1.87231231482e-22
428.775890281  1.86669904179e-22
446.102315367  1.86163453766e-22
464.128884777  1.85708980504e-22
482.883890678  1.85303510622e-22
502.396768493  1.84944216237e-22
522.698143103  1.8464983315e-22
543.819876914  1.84435508924e-22
565.795119858  1.8430003327e-22
588.658361426  1.84241874166e-22
612.445484796  1.83559919008e-22
637.193823152  1.83712439656e-22
662.942218274  1.83932127895e-22
689.731081504  1.84219827596e-22
717.602457167  1.8457613744e-22
746.600088557  1.85001407597e-22
776.769486596  1.85495739013e-22
808.158001257  1.86058985349e-22
840.814895881  1.86690757523e-22
874.791424493  1.87390430761e-22
910.140912246  1.88157153978e-22
946.918839109  1.91130160774e-22
985.182926946  1.9299351943e-22
1024.99323011  1.94700872996e-22
1066.41222967  1.96270014608e-22
1109.50493154  1.97716588993e-22
1154.33896842  1.99054459685e-22
1200.98470601  2.00295997512e-22
1249.51535339  2.0145230948e-22
1300.00707798  2.02533421992e-22
1352.53912504  2.03548428683e-22
1407.19394206  2.04505610561e-22
1464.05730815  2.05412534277e-22
1523.21846867  2.05990303935e-22
1584.7702753  2.06685017442e-22
1648.80933177  2.07308414806e-22
1715.43614549  2.07865997879e-22
1784.75528525  2.08362783743e-22
1856.87554538  2.08803363298e-22
1931.9101165  2.09191951067e-22
2009.97676312  2.09532427728e-22
2091.19800853  2.09828376547e-22
2175.70132706  2.10083114731e-22
2263.61934415  2.10299720447e-22
2355.09004453  2.10481056202e-22
2450.25698873  2.10629789108e-22
2549.26953846  2.10748408484e-22
2652.28309095  2.1083924119e-22
2759.45932292  2.10904465005e-22
2870.96644429  2.10946120335e-22
2986.97946215  2.10966120473e-22
3107.68045551  2.10966260633e-22
3233.25886097  2.10948225918e-22
3363.91177012  2.10913598386e-22
3499.84423881  2.10863863336e-22
3641.26960901  2.10800414931e-22
3788.40984363  2.10724561267e-22
3941.49587491  2.10637528953e-22
4100.76796681  2.10540467304e-22
4266.47609215  2.10434452179e-22
4438.88032492  2.10320489552e-22
4618.25124841  2.10199518829e-22
4804.87037999  2.10072415978e-22
4999.03061281  2.09939996492e-22
5201.0366756  2.09803018209e-22
5411.20561086  2.09662184022e-22
5629.8672725  2.09518144486e-22
5857.36484349  2.09371500343e-22
6094.05537452  2.09222804974e-22
6340.31034432  2.09072566786e-22
6596.51624277  2.08921251538e-22
6863.0751774  2.08769284609e-22
7140.40550453  2.08617053217e-22
7428.94248588  2.08464908575e-22
7729.13897165  2.08313168004e-22
8041.46611132  2.08162116982e-22
8366.41409304  2.08012011137e-22
8704.49291301  2.07863078185e-22
9056.2331759  2.07715519802e-22
9422.18692758  2.07569513433e-22
9802.92852161  2.07425214036e-22
10199.0555206  2.07282755759e-22
10611.1896341  2.07142253545e-22
11039.9776943  2.07003804664e-22
11486.0926714  2.06867490182e-22
11950.2347295  2.06733376342e-22
12433.1323259  2.0660151589e-22
12935.5433539  2.06471949311e-22
13458.2563327  2.06344706004e-22
14002.0916449  2.06219805381e-22
14567.9028237  2.06097257896e-22
15156.577893  2.05977066003e-22
15769.0407609  2.05859225057e-22
16406.2526695  2.05743724132e-22
17069.213704  2.05630546795e-22
17758.9643622  2.05519671808e-22
18476.5871871  2.05673338539e-22
19223.2084664  2.05600808688e-22
20000  2.05529111739e-22

