0.2 20 151
151
0.2  0
0.206235454919  2.26968480552e-43
0.212665314327  4.61013219747e-43
0.219295639229  7.02354836043e-43
0.22613267959  9.5122082618e-43
0.233182880236  1.20784577963e-42
0.240452886923  1.47247159972e-42
0.247949552606  1.74534773167e-42
0.255679943893  2.02673139771e-42
0.263651347711  2.31688783957e-42
0.271871278176  2.6160905685e-42
0.280347483669  2.92462162307e-42
0.289087954149  3.24277183505e-42
0.298100928677  3.57084110354e-42
0.307394903187  3.90913867771e-42
0.316978638492  4.25798344824e-42
0.326861168545  4.61770424797e-42
0.33705180895  4.98864016185e-42
0.34756016575  5.37114084657e-42
0.358396144475  5.76556686018e-42
0.369569959484  6.17229000191e-42
0.381092143593  6.59169366272e-42
0.392973557999  7.02417318663e-42
0.405225402524  7.47013624341e-42
0.417859226171  7.93000321288e-42
0.430886938006  8.40420758112e-42
0.444320818391  8.89319634917e-42
0.458173530554  9.39743045431e-42
0.472458132527  9.9173852046e-42
0.487188089458  1.04535507269e-41
0.502377286302  1.31718071006e-35
0.518040040906  9.37504951076e-35
0.534191117512  1.77684409658e-34
0.550845740668  2.64235154911e-34
0.568019609583  3.53484316514e-34
0.585728912925  4.45516023736e-34
0.60399034408  5.40417028766e-34
0.622821116889  6.38276788488e-34
0.642238981873  7.39187548811e-34
0.662262242965  8.43244431618e-34
0.682909774767  9.50545524433e-34
0.704201040337  1.06119197288e-33
0.72615610954  1.17528807604e-33
0.748795677965  1.29294138473e-33
0.772141086431  1.41426280294e-33
0.796214341107  1.53936669232e-33
0.821038134255  1.66837098e-33
0.846635865618  1.80139726979e-33
0.87303166448  1.93857095674e-33
0.900250412412  2.0800213454e-33
0.928317766723  2.22588177167e-33
0.957260184645  2.3762897285e-33
0.987104948279  2.5313869955e-33
1.0178801903  2.06459468532e-29
1.0496149205  5.72848797941e-29
1.08233905309  9.50661148081e-29
1.11608343495  1.34025265761e-28
1.15087987467  1.7419905686e-28
1.18676117255  2.15625357276e-28
1.2237611515  2.58343216836e-28
1.26191468896  3.02392902833e-28
1.30125774973  3.47815937986e-28
1.34182741991  3.94655139579e-28
1.38366194184  4.42954659822e-28
1.42680075014  4.9276002747e-28
1.47128450892  5.44118190742e-28
1.51715515006  5.97077561572e-28
1.56445591277  6.5168806125e-28
1.61323138435  7.08001167471e-28
1.66352754221  7.66069962868e-28
1.71539179718  8.25949185044e-28
1.76887303828  8.87695278173e-28
1.82402167871  9.51366446202e-28
1.88088970345  1.01702270772e-27
1.93953071822  1.08472595253e-27
2  2.07253648764e-27
2.06235454919  1.57704750123e-26
2.12665314327  3.08420950439e-26
2.19295639229  4.63836071119e-26
2.2613267959  6.24096611691e-26
2.33182880236  7.89353639144e-26
2.40452886923  9.59762930319e-26
2.47949552606  1.13548511876e-25
2.55679943893  1.31668584612e-25
2.63651347711  1.50353591831e-25
2.71871278176  1.69621146652e-25
2.80347483669  1.89489411319e-25
2.89087954149  2.0997711433e-25
2.98100928677  2.31876818517e-25
3.07394903187  5.21122867139e-25
3.16978638492  8.91216535858e-25
3.26861168545  1.27284871651e-24
3.3705180895  1.66637914846e-24
3.4756016575  2.07217878674e-24
3.58396144475  2.49063015177e-24
3.69569959484  2.92212768992e-24
3.81092143593  3.3670781453e-24
3.92973557999  3.8259009432e-24
4.05225402524  4.92824934947e-24
4.17859226171  6.93743917193e-24
4.30886938006  9.00927005719e-24
4.44320818391  1.11456949829e-23
4.58173530554  1.33487278151e-23
4.72458132527  1.56204452069e-23
4.87188089458  1.79629885556e-23
5.02377286302  2.06235586943e-23
5.18040040906  2.46131941394e-23
5.34191117512  2.87428952188e-23
5.50845740668  3.30013491228e-23
5.68019609583  3.73925700135e-23
5.85728912925  4.19206972036e-23
6.0399034408  4.65680722089e-23
6.22821116889  5.12804334693e-23
6.42238981873  5.61395405849e-23
6.62262242965  6.11501414174e-23
6.82909774767  6.63169591278e-23
7.04201040337  7.14604895679e-23
7.2615610954  7.6012727399e-23
7.48795677965  8.07032837435e-23
7.72141086431  8.55400788511e-23
7.96214341107  9.0517287109e-23
8.21038134255  9.47818194826e-23
8.46635865618  9.90036533163e-23
8.7303166448  1.03357112423e-22
9.00250412412  1.07781806615e-22
9.28317766723  1.11513777908e-22
9.57260184645  1.15304366383e-22
9.87104948279  1.19213135076e-22
10.178801903  1.22784605237e-22
10.496149205  1.26125954979e-22
10.8233905309  1.295714789e-22
11.1608343495  1.32801308658e-22
11.5087987467  1.35765965322e-22
11.8676117255  1.38823051901e-22
12.237611515  1.41610003598e-22
12.6191468896  1.44273883583e-22
13.0125774973  1.46982979799e-22
13.4182741991  1.49363173097e-22
13.8366194184  1.51793758821e-22
14.2680075014  1.54051144614e-22
14.7128450892  1.5622239688e-22
15.1715515006  1.58333537006e-22
15.6445591277  1.60289896552e-22
16.1323138435  1.62228655634e-22
16.6352754221  1.64010145545e-22
17.1539179718  1.65771603732e-22
17.6887303828  1.67403316398e-22
18.2402167871  1.689854908e-22
18.8088970345  1.70482825892e-22
19.3953071822  1.71886509761e-22
20  1.73264e-22

