0.5 20 151
151
0.5  0
0.512448710082  1.49517722186e-38
0.52520736093  3.02758049923e-38
0.538283669269  4.59813666486e-38
0.55168554395  6.20779562723e-38
0.565421090737  7.85753094512e-38
0.579498617203  9.54834041637e-38
0.59392663776  1.12812466815e-37
0.608713878807  1.30572978419e-37
0.623869284008  1.48775680944e-37
0.6394020197  1.67431583801e-37
0.655321480438  1.8655197051e-37
0.67163729468  2.06148405521e-37
0.688359330604  2.26232741208e-37
0.705497702082  2.4681712504e-37
0.723062774796  2.67914006924e-37
0.741065172505  2.89536146741e-37
0.759515783475  3.11696622058e-37
0.778425767058  3.3440883604e-37
0.797806560447  3.57686525556e-37
0.817669885593  3.81543769489e-37
0.83802775629  4.05994997247e-37
0.858892485448  4.31054997497e-37
0.880276692535  4.56738927102e-37
0.90219331121  4.83062320295e-37
0.924655597149  5.10041098067e-37
0.947677136058  5.37691577806e-37
0.971271851895  5.66030483156e-37
0.995454015286  1.10592250875e-33
1.02023825216  1.91079641378e-31
1.04563955259  4.30905496126e-31
1.07167327987  6.76702395947e-31
1.0983551798  9.28619004458e-31
1.1257013902  1.18680768662e-30
1.15372845069  1.45142460088e-30
1.18245331269  1.72262979364e-30
1.21189334964  2.00058729603e-30
1.24206636756  2.28546522315e-30
1.27299061578  2.57743587571e-30
1.30468479801  2.87667584429e-30
1.33716808361  3.18336611609e-30
1.37046011922  3.49769218446e-30
1.40458104063  3.81984416101e-30
1.43955148495  4.15001689069e-30
1.47539260312  4.48841006954e-30
1.51212607267  4.83522836554e-30
1.54977411084  5.19068154238e-30
1.58835948804  5.55498458632e-30
1.62790554158  5.9283578362e-30
1.66843618984  6.31102711677e-30
1.70997594668  6.7032238752e-30
1.75254993629  7.10518532111e-30
1.79618390842  7.51715457003e-30
1.84090425388  7.93938079043e-30
1.88673802057  8.37211935445e-30
1.93371292981  8.81563199232e-30
1.9818573931  9.27018695068e-30
2.03120052932  2.90992514371e-28
2.08177218234  7.47346990619e-28
2.13360293905  1.21506351601e-27
2.18672414789  1.69442497624e-27
2.24116793778  2.18572130017e-27
2.29696723759  2.6892496351e-27
2.35415579601  3.20531452654e-27
2.41276820199  3.73422810242e-27
2.47283990568  4.27631026183e-27
2.53440723981  4.83188886853e-27
2.59750744173  5.40129994923e-27
2.66217867588  5.98488789686e-27
2.72846005693  6.58300567881e-27
2.79639167337  7.1960150505e-27
2.86601461181  7.82428677408e-27
2.9373709818  8.46820084273e-27
3.01050394131  1.35022054503e-26
3.08545772284  4.24778072737e-26
3.16227766017  7.25417998306e-26
3.24101021575  1.03354308242e-25
3.32170300885  1.34933968622e-25
3.40440484432  1.67299881074e-25
3.48916574214  2.00471621248e-25
3.57603696765  2.34469252175e-25
3.66507106256  2.69313336404e-25
3.75632187674  3.05024948438e-25
3.84984460077  3.41625687481e-25
3.94569579937  3.79137690503e-25
4.04393344553  5.6475819975e-25
4.14461695564  9.41445416129e-25
4.2478072254  1.3275111724e-24
4.35356666667  1.72318897002e-24
4.46195924519  2.12871812402e-24
4.57305051927  2.54434390776e-24
4.68690767949  2.97031770126e-24
4.80359958925  3.40689714328e-24
4.92319682653  3.8543462871e-24
5.04577172647  4.74813837047e-24
5.1713984252  6.41261800888e-24
5.30015290463  8.11853889619e-24
5.43211303844  9.86693281261e-24
5.56735863914  1.1658857227e-23
5.70597150638  1.34953959364e-23
5.84803547643  1.53776597217e-23
5.99363647282  1.73648484902e-23
6.1428625584  2.05587343623e-23
6.29580398853  2.3949843516e-23
6.4525532657  2.74253825392e-23
6.6132051955  3.09874535176e-23
6.77785694388  3.46382108739e-23
6.94660809603  3.837986267e-23
7.11956071652  4.23824275844e-23
7.29681941106  4.65614253894e-23
7.47849138981  5.08444694587e-23
7.66468653214  5.52341502757e-23
7.85551745316  5.97331228204e-23
8.0510995718  6.42004315088e-23
8.25155118063  6.83626087145e-23
8.45699351738  7.26284133949e-23
8.66755083831  7.70004256067e-23
8.88335049333  8.14812896435e-23
9.10452300303  8.57073207001e-23
9.33120213764  8.96194852126e-23
9.5635249979  9.36290525288e-23
9.80163209803  9.7738447727e-23
10.0456674507  1.01806775855e-22
10.295778654  1.05362056887e-22
10.5521169811  1.09002061132e-22
10.8148374712  1.12732692091e-22
11.0840990237  1.16346210875e-22
11.3600644943  1.19575834777e-22
11.6429007931  1.22885867981e-22
11.9327789861  1.26277912773e-22
12.2298743982  1.29300528523e-22
12.5343667197  1.32261716349e-22
12.8464401144  1.35296630112e-22
13.1662833315  1.38142382335e-22
13.4940898196  1.40808432503e-22
13.8300578436  1.43540860442e-22
14.1743906047  1.46116354908e-22
14.5272963631  1.48531289013e-22
14.8889885645  1.51006348747e-22
15.2596859686  1.53275035164e-22
15.6396127818  1.55482789875e-22
16.0289987924  1.57710418748e-22
16.4280795102  1.59704983245e-22
16.8370963082  1.61738205748e-22
17.2562965694  1.63642898944e-22
17.6859338356  1.65478309346e-22
18.1262679613  1.67286307581e-22
18.5775652707  1.68952948545e-22
19.0400987189  1.70635379532e-22
19.5141480567  1.7216392941e-22
20  1.73724e-22

