0.2 20000 301
301
0.2  0
0.207824460767  1.99725651945e-44
0.215955032466  4.07265031529e-44
0.22440369086  6.22923829779e-44
0.233182880236  8.47019697059e-44
0.242305531726  1.07988271095e-43
0.251785082359  1.32185586242e-43
0.261635494852  1.57329556104e-43
0.271871278176  1.83457215994e-43
0.282507508925  2.10607050134e-43
0.293559853524  2.38819048333e-43
0.305044591308  2.68134764898e-43
0.316978638492  2.98597379834e-43
0.329379573097  3.30251762447e-43
0.342265660832  3.63144537434e-43
0.355655882008  3.97324153558e-43
0.369569959484  4.32840955009e-43
0.384028387728  4.69747255557e-43
0.399052462994  5.0809741561e-43
0.414664314697  5.47947922275e-43
0.430886938006  5.89357472571e-43
0.447744227714  6.32387059875e-43
0.465261013431  6.77100063767e-43
0.483463096161  7.23562343383e-43
0.502377286302  5.66829646018e-36
0.522031443137  5.25307936163e-35
0.542454515866  1.01226659625e-34
0.563676586253  1.51827620098e-34
0.585728912925  2.04408206722e-34
0.608643977422  2.59045867032e-34
0.632455532034  3.15821078489e-34
0.65719864952  3.74817467019e-34
0.682909774767  4.36121930186e-34
0.709626778467  4.99824765188e-34
0.737389012904  5.66019801855e-34
0.766237369911  6.3480454086e-34
0.796214341107  7.06280297323e-34
0.827364080478  7.80552350048e-34
0.859732469416  8.57730096585e-34
0.893367184302  9.37927214372e-34
0.928317766723  1.02126182817e-33
0.964635696448  1.10785668404e-33
1.00237446725  1.79138316855e-30
1.04158966572  3.13570446275e-29
1.08233905309  6.20793828772e-29
1.12468265038  9.40036497784e-29
1.16868282675  1.27176867549e-28
1.21440439138  1.61647898024e-28
1.26191468896  1.97467514628e-28
1.31128369884  2.34688477155e-28
1.36258413812  2.73365609487e-28
1.41589156877  3.13555880342e-28
1.47128450892  3.55318487184e-28
1.52884454851  3.98714943421e-28
1.58865646945  4.43809169003e-28
1.65080837054  4.9066758458e-28
1.71539179718  5.39359209329e-28
1.78250187627  5.89955762615e-28
1.85223745626  6.42531769631e-28
1.9247012528  6.97164671169e-28
2  7.5393493768e-28
2.07824460767  1.46804939048e-26
2.15955032466  2.91518919433e-26
2.2440369086  4.41894444127e-26
2.33182880236  5.98153005788e-26
2.42305531726  7.60524762375e-26
2.51785082359  9.29248876158e-26
2.61635494852  1.10457386598e-25
2.71871278176  1.28675797333e-25
2.82507508925  1.47606954268e-25
2.93559853524  1.67278741677e-25
3.05044591308  3.40883967656e-25
3.16978638492  7.24466501305e-25
3.29379573097  1.12305566738e-24
3.42265660832  1.53723855992e-24
3.55655882008  1.96762524142e-24
3.69569959484  2.41484964144e-24
3.84028387728  2.87957049032e-24
3.99052462994  3.36247228945e-24
4.14664314697  5.50975842497e-24
4.30886938006  7.85153470228e-24
4.47744227714  1.02849266626e-23
4.65261013431  1.28135185226e-23
4.83463096161  1.54410347216e-23
5.02377286302  1.84225263452e-23
5.22031443137  2.33362853836e-23
5.42454515866  2.84422819961e-23
5.63676586253  3.37480369595e-23
5.85728912925  3.92613652806e-23
6.08643977422  4.50323150534e-23
6.32455532034  5.11009672478e-23
6.5719864952  5.74070390973e-23
6.82909774767  6.39598190056e-23
7.09626778467  7.03801932811e-23
7.37389012904  7.63345789494e-23
7.66237369911  8.25219139029e-23
7.96214341107  8.89513116545e-23
8.27364080478  9.44562275685e-23
8.59732469416  1.00007448799e-22
8.93367184302  1.05775846593e-22
9.28317766723  1.10777425327e-22
9.64635696448  1.15733113104e-22
10.0237446725  1.20819292845e-22
10.4158966572  1.2512347903e-22
10.8233905309  1.29596054894e-22
11.2468265038  1.33731820632e-22
11.6868282675  1.37648866065e-22
12.1440439138  1.41492137349e-22
12.6191468896  1.44972887653e-22
13.1128369884  1.48451817399e-22
13.6258413812  1.51582859426e-22
14.1589156877  1.54681499289e-22
14.7128450892  1.57522403553e-22
15.2884454851  1.60250316136e-22
15.8865646945  1.62853089953e-22
16.5080837054  1.6524147341e-22
17.1539179718  1.67570498776e-22
17.8250187627  1.69726833397e-22
18.5223745626  1.69741706027e-22
19.247012528  1.6923621842e-22
20  1.68968350569e-22
20.7824460767  1.68910872199e-22
21.5955032466  1.69036029284e-22
22.440369086  1.69315465394e-22
23.3182880236  1.69720140929e-22
24.2305531726  1.70222796779e-22
25.1785082359  1.70703696132e-22
26.1635494852  1.71093229596e-22
27.1871278176  1.7139458751e-22
28.2507508925  1.71610838796e-22
29.3559853524  1.71744936633e-22
30.5044591308  1.71799724001e-22
31.6978638492  1.7177793914e-22
32.9379573097  1.71682220909e-22
34.2265660832  1.71515114061e-22
35.5655882008  1.7127907446e-22
36.9569959484  1.7097647423e-22
38.4028387728  1.70609606865e-22
39.9052462994  1.70180692295e-22
41.4664314697  1.6969188194e-22
43.0886938006  1.69145263738e-22
44.7744227714  1.68542867185e-22
46.5261013431  1.67886668374e-22
48.3463096161  1.67178595059e-22
50.2377286302  1.66420531747e-22
52.2031443137  1.65614324833e-22
54.2454515866  1.64761787777e-22
56.3676586253  1.63864706341e-22
58.5728912925  1.62924843881e-22
60.8643977422  1.6194394671e-22
63.2455532034  1.6092374952e-22
65.719864952  1.5986598087e-22
68.2909774767  1.5877236874e-22
70.9626778467  1.57644646124e-22
73.7389012904  1.56484556672e-22
76.6237369911  1.55293860344e-22
79.6214341107  1.5407433906e-22
82.7364080478  1.52827802314e-22
85.9732469416  1.51556092705e-22
89.3367184302  1.5026109134e-22
92.8317766723  1.48944723057e-22
96.4635696448  1.47608961379e-22
100.237446725  1.46255833139e-22
104.158966572  1.44887422658e-22
108.233905309  1.43505875395e-22
112.468265038  1.42113400928e-22
116.868282675  1.40712275141e-22
121.440439138  1.39304841483e-22
126.191468896  1.37893511125e-22
131.128369884  1.36480761886e-22
136.258413812  1.35069135734e-22
141.589156877  1.33661234725e-22
147.128450892  1.32259715213e-22
152.884454851  1.30867280203e-22
158.865646945  1.29486669712e-22
165.080837054  1.28120649075e-22
171.539179718  1.2677199513e-22
178.250187627  1.254434803e-22
185.223745626  1.24137854629e-22
192.47012528  1.22857825909e-22
200  1.21690050699e-22
207.824460767  1.20467013486e-22
215.955032466  1.19277326357e-22
224.40369086  1.18123289765e-22
233.182880236  1.17007044016e-22
242.305531726  1.15930545075e-22
251.785082359  1.14895541472e-22
261.635494852  1.13903552942e-22
271.871278176  1.12955851402e-22
282.507508925  1.12053444899e-22
293.559853524  1.11197065045e-22
305.044591308  1.1038715842e-22
316.978638492  1.09623882324e-22
329.379573097  1.08907105119e-22
342.265660832  1.08236411336e-22
355.655882008  1.07611111567e-22
369.569959484  1.07030257099e-22
384.028387728  1.06492659153e-22
399.052462994  1.05996912605e-22
414.664314697  1.05541424076e-22
430.886938006  1.05124444488e-22
447.744227714  1.04744106566e-22
465.261013431  1.04398468687e-22
483.463096161  1.04085568888e-22
502.377286302  1.03803555864e-22
522.031443137  1.03563877356e-22
542.454515866  1.03375686634e-22
563.676586253  1.0323810257e-22
585.728912925  1.0315007335e-22
608.643977422  1.02645916695e-22
632.455532034  1.02693191255e-22
657.19864952  1.02783158941e-22
682.909774767  1.02916261414e-22
709.626778467  1.03092809557e-22
737.389012904  1.03312981205e-22
766.237369911  1.03576820152e-22
796.214341107  1.03884236491e-22
827.364080478  1.04235008262e-22
859.732469416  1.0462878437e-22
893.367184302  1.05065088726e-22
928.317766723  1.05543325512e-22
964.635696448  1.07778562508e-22
1002.37446725  1.08887470184e-22
1041.58966572  1.09906846204e-22
1082.33905309  1.1084654787e-22
1124.68265038  1.11715323642e-22
1168.68282675  1.12520990122e-22
1214.40439138  1.13270573257e-22
1261.91468896  1.13970421938e-22
1311.28369884  1.14626300126e-22
1362.58413812  1.15243462074e-22
1415.89156877  1.15826714141e-22
1471.28450892  1.16380465883e-22
1528.84454851  1.16713781484e-22
1588.65646945  1.17134269908e-22
1650.80837054  1.17511647423e-22
1715.39179718  1.17849155212e-22
1782.50187627  1.1814975888e-22
1852.23745626  1.18416180469e-22
1924.7012528  1.18650925857e-22
2000  1.18856308312e-22
2078.24460767  1.1903446879e-22
2159.55032466  1.19187393507e-22
2244.0369086  1.19316929166e-22
2331.82880236  1.19424796205e-22
2423.05531726  1.19512600334e-22
2517.85082359  1.19581842612e-22
2616.35494852  1.19633928262e-22
2718.71278176  1.19670174401e-22
2825.07508925  1.19691816826e-22
2935.59853524  1.19700015994e-22
3050.44591308  1.196958623e-22
3169.78638492  1.19680380751e-22
3293.79573097  1.19654535118e-22
3422.65660832  1.19619231644e-22
3556.55882008  1.1957532236e-22
3695.69959484  1.19523608083e-22
3840.28387728  1.1946484112e-22
3990.52462994  1.19399727747e-22
4146.64314697  1.19328930469e-22
4308.86938006  1.19253070129e-22
4477.44227714  1.19172727852e-22
4652.61013431  1.19088446881e-22
4834.63096161  1.19000734308e-22
5023.77286302  1.18910062715e-22
5220.31443137  1.18816871752e-22
5424.54515866  1.18721569642e-22
5636.76586253  1.18624534642e-22
5857.28912925  1.18526116462e-22
6086.43977422  1.18426637634e-22
6324.55532034  1.18326394852e-22
6571.9864952  1.18225660282e-22
6829.09774767  1.18124682833e-22
7096.26778467  1.18023689405e-22
7373.89012904  1.17922886103e-22
7662.37369911  1.17822459425e-22
7962.14341107  1.17722577415e-22
8273.64080478  1.1762339079e-22
8597.32469416  1.17525034027e-22
8933.67184302  1.17427626427e-22
9283.17766723  1.17331273132e-22
9646.35696448  1.17236066119e-22
10023.7446725  1.17142085146e-22
10415.8966572  1.17049398664e-22
10823.3905309  1.16958064696e-22
11246.8265038  1.16868131666e-22
11686.8282675  1.16779639198e-22
12144.0439138  1.1669261887e-22
12619.1468896  1.16607094926e-22
13112.8369884  1.16523084959e-22
13625.8413812  1.16440600541e-22
14158.9156877  1.16359647821e-22
14712.8450892  1.16280228089e-22
15288.4454851  1.16202338293e-22
15886.5646945  1.16125971531e-22
16508.0837054  1.16051117496e-22
17153.9179718  1.159777629e-22
17825.0187627  1.15905891854e-22
18522.3745626  1.16008796116e-22
19247.012528  1.15961258512e-22
20000  1.15914293744e-22

