0.5 20000 301
301
0.5  0
0.51797667599  2.03297150169e-41
0.536599673739  4.13903514335e-41
0.555892230681  6.3208188324e-41
0.575878419714  8.58104495837e-41
0.596583179235  1.09225337898e-40
0.618032344264  1.33482069934e-40
0.640252678672  1.58610912794e-40
0.663271908584  1.84643221786e-40
0.687118756972  2.11611479547e-40
0.711822979493  2.39549336571e-40
0.737415401622  2.68491653202e-40
0.763927957112  2.9847454313e-40
0.791393727841  3.29535418453e-40
0.819846985093  3.61713036359e-40
0.849323232317  3.95047547488e-40
0.879859249433  4.29580546029e-40
0.911493138721  4.6535512162e-40
0.944264372364  5.02415913121e-40
0.978213841706  5.40809164302e-40
1.01338390827  2.39952116784e-33
1.04981845661  8.93165271265e-33
1.0875629491  1.56986362821e-32
1.12666448261  2.27089155936e-32
1.16717184731  2.99712379447e-32
1.20913558756  3.74946651275e-32
1.25260806493  4.52885847358e-32
1.29764352358  5.33627218792e-32
1.34429815793  6.17271513172e-32
1.39263018277  7.03923100309e-32
1.44269990591  7.93690102458e-32
1.49456980343  8.86684529231e-32
1.54830459763  9.83022417363e-32
1.6039713378  1.08282397549e-31
1.66163948387  1.18621373417e-31
1.7213809931  1.29332070124e-31
1.78327040983  1.40427852279e-31
1.84738495855  1.51922564996e-31
1.91380464021  1.63830551164e-31
1.98261233206  1.76166669351e-31
2.05389389107  3.12975475063e-29
2.12773826107  7.39351919252e-29
2.20423758369  1.18105802581e-28
2.28348731338  1.6386449475e-28
2.3655863365  2.11268365284e-28
2.4506370947  2.6037656386e-28
2.53874571274  3.11250366785e-28
2.63002213093  3.63953253453e-28
2.72458024232  4.18550985556e-28
2.82253803477  4.75111689139e-28
2.92401773821  5.33705939605e-28
3.02914597715  2.10226882707e-27
3.13805392866  7.79948576427e-27
3.25087748609  1.37015367473e-26
3.36775742859  1.98157862468e-26
3.48883959681  2.61498635105e-26
3.61427507483  3.27116720837e-26
3.74422037875  3.950939967e-26
3.87883765192  4.6551528349e-26
4.01829486729  6.89865426417e-26
4.16276603701  1.96099530216e-25
4.31243142955  3.27782655774e-25
4.46747779462  4.64200231094e-25
4.62809859623  6.05522475517e-25
4.79449425406  7.51925728335e-25
4.96687239354  9.03592668833e-25
5.14544810495  1.7105122508e-24
5.33044421176  2.69976431728e-24
5.52209154871  3.7245833115e-24
5.72062924983  4.78624798374e-24
5.92630504679  5.88608305962e-24
6.13937557808  8.37694656981e-24
6.36010670917  1.16976563876e-23
6.58877386432  1.51377568543e-23
6.82566237018  1.8701540464e-23
7.07106781187  2.29612191243e-23
7.32529640178  2.88169170814e-23
7.58866536167  3.48831470084e-23
7.86150331847  4.1167478235e-23
8.14415071437  4.78643265039e-23
8.43696023158  5.49876500338e-23
8.74029723243  6.23670809219e-23
9.05454021523  6.98787385983e-23
9.38008128661  7.70039569451e-23
9.7173266507  8.43853507752e-23
10.0666971161  9.18165240243e-23
10.4286286208  9.85682440455e-23
10.8035727762  1.05562711033e-22
11.1919974309  1.12242703647e-22
11.5943872539  1.18563040597e-22
12.0112443398  1.25082987503e-22
12.4430888353  1.30804927067e-22
12.8904595879  1.3673258954e-22
13.3539148186  1.42162710391e-22
13.8340328184  1.47560196945e-22
14.3314126696  1.52610875755e-22
14.8466749937  1.5756254669e-22
15.3804627255  1.62181665814e-22
15.9334419155  1.66753697757e-22
16.5063025609  1.70930138941e-22
17.0997594668  1.75089496667e-22
17.7145531376  1.7893195711e-22
18.3514507018  1.8037538609e-22
19.0112468682  1.80160660616e-22
19.6947649184  1.80451193426e-22
20.4028577337  1.81221790487e-22
21.1364088592  1.82447172898e-22
21.8963336065  1.84101915874e-22
22.6835801957  1.86160386617e-22
23.4991309386  1.88596681027e-22
24.3440034645  1.90806056777e-22
25.2192519896  1.92169856678e-22
26.1259686331  1.93410141101e-22
27.0652847792  1.9453103381e-22
28.0383724893  1.95536512236e-22
29.0464459643  1.96430413403e-22
30.0907630598  1.9721643972e-22
31.1726268555  1.97898164653e-22
32.2933872809  1.98479038278e-22
33.4544428005  1.98962392728e-22
34.6572421578  1.99351447543e-22
35.9032861837  1.99649314928e-22
37.1941296691  1.99859004936e-22
38.5313833047  1.99983430572e-22
39.9167156909  2.00025412841e-22
41.35185542  1.99987685739e-22
42.8385932329  1.99872901201e-22
44.3787842538  1.99683634011e-22
45.9743503045  1.99422386682e-22
47.627282303  1.99091594325e-22
49.3396427475  1.986936295e-22
51.1135682897  1.98230807063e-22
52.9512724014  1.97705389018e-22
54.8550481358  1.97119589383e-22
56.8272709893  1.96475579066e-22
58.8704018652  1.9577549076e-22
60.9869901447  1.95021423872e-22
63.1796768676  1.94215449464e-22
65.4511980279  1.93359615231e-22
67.8043879881  1.92455950499e-22
70.2421830153  1.91506471242e-22
72.767624945  1.90513185118e-22
75.3838649774  1.89478096499e-22
78.0941676085  1.88403211502e-22
80.9019147041  1.87290542981e-22
83.8106097193  1.86142115474e-22
86.8238820702  1.8495997007e-22
89.9454916625  1.8374616916e-22
93.1793335833  1.82502801039e-22
96.5294429608  1.81231984304e-22
100  1.79935871998e-22
103.595335198  1.78616655438e-22
107.319934748  1.77276567655e-22
111.178446136  1.75917886369e-22
115.175683943  1.74542936409e-22
119.316635847  1.73154091491e-22
123.606468853  1.7175377525e-22
128.050535734  1.70344461421e-22
132.654381717  1.6892867306e-22
137.423751394  1.67508980691e-22
142.364595899  1.6608799928e-22
147.483080324  1.64668383923e-22
152.785591422  1.63252824152e-22
158.278745568  1.61844036788e-22
163.969397019  1.60444757269e-22
169.864646463  1.59057729417e-22
175.971849887  1.57685693641e-22
182.298627744  1.56331373598e-22
188.852874473  1.54997461376e-22
195.642768341  1.53686601335e-22
202.676781654  1.52499523902e-22
209.963691323  1.5124030044e-22
217.51258982  1.50011696661e-22
225.332896521  1.48815974615e-22
233.434369463  1.47655254897e-22
241.827117512  1.46531497506e-22
250.521612986  1.45446483467e-22
259.528704717  1.44401797623e-22
268.859631586  1.43398813046e-22
278.526036554  1.4243867748e-22
288.539981181  1.41522302195e-22
298.913960685  1.40650353599e-22
309.660919525  1.39823247909e-22
320.794267559  1.39041149087e-22
332.327896774  1.38303970216e-22
344.276198619  1.37611378384e-22
356.654081967  1.36962803101e-22
369.476991711  1.36357448198e-22
382.760928042  1.35794307148e-22
396.522466412  1.35272181686e-22
410.778778215  1.34789703706e-22
425.547652214  1.34345360438e-22
440.847516738  1.33937523195e-22
456.697462677  1.33564480406e-22
473.117267301  1.33224476734e-22
490.127418939  1.32915763141e-22
507.749142548  1.32638322741e-22
526.004426187  1.32408114438e-22
544.916048465  1.32229013924e-22
564.507606954  1.32100233974e-22
584.803547643  1.32020837029e-22
605.82919543  1.31429165271e-22
627.610785733  1.31489721669e-22
650.175497219  1.31592806791e-22
673.551485719  1.31738890164e-22
697.767919361  1.31928326317e-22
722.855014966  1.32161352671e-22
748.84407575  1.32438088401e-22
775.767530383  1.32758534297e-22
803.658973457  1.33122573614e-22
832.553207402  1.33529973911e-22
862.486285909  1.33980389836e-22
893.495558925  1.34473366806e-22
925.619719247  1.35008345525e-22
958.898850812  1.37515525717e-22
993.374478709  1.38763956153e-22
1029.08962099  1.39918774782e-22
1066.08884235  1.40989550523e-22
1104.41830974  1.41984829909e-22
1144.12584997  1.42912292499e-22
1185.26100936  1.43778876468e-22
1227.87511562  1.44590880886e-22
1272.02134183  1.45354049599e-22
1317.75477286  1.4607364046e-22
1365.13247404  1.46754482814e-22
1414.21356237  1.47401025463e-22
1465.05928036  1.48017376908e-22
1517.73307233  1.48391413351e-22
1572.30066369  1.48870488834e-22
1628.83014287  1.49304912333e-22
1687.39204632  1.49697792151e-22
1748.05944649  1.5005198866e-22
1810.90804305  1.50370141407e-22
1876.01625732  1.50654692552e-22
1943.46533014  1.50907907199e-22
2013.33942322  1.51131891089e-22
2085.72572415  1.5132860605e-22
2160.71455525  1.51499883507e-22
2238.39948618  1.51647436339e-22
2318.87745078  1.51772869294e-22
2402.24886796  1.51877688162e-22
2488.61776706  1.51963307864e-22
2578.09191758  1.52031059609e-22
2670.78296373  1.52082197211e-22
2766.80656368  1.52117902711e-22
2866.28253393  1.52139291355e-22
2969.33499874  1.52147416038e-22
3076.0925451  1.52143271259e-22
3186.68838309  1.52127796671e-22
3301.26051218  1.52101880258e-22
3419.95189335  1.52066361202e-22
3542.91062753  1.52022032477e-22
3670.29014035  1.51969643195e-22
3802.24937364  1.51909900764e-22
3938.95298368  1.51843472852e-22
4080.57154674  1.51770989209e-22
4227.28177184  1.51693043356e-22
4379.2667213  1.51610194164e-22
4536.71603914  1.51522967333e-22
4699.82618773  1.51431856796e-22
4868.8006929  1.51337326052e-22
5043.85039793  1.51239809438e-22
5225.19372662  1.51139713356e-22
5413.05695583  1.5103741745e-22
5607.67449785  1.50933275753e-22
5809.28919286  1.50827617796e-22
6018.15261197  1.50720749691e-22
6234.52537109  1.5061295519e-22
6458.67745619  1.50504496712e-22
6690.88856009  1.50395616357e-22
6931.44843155  1.50286536893e-22
7180.65723674  1.5017746272e-22
7438.82593382  1.50068580819e-22
7706.27666093  1.49960061673e-22
7983.34313818  1.49852060167e-22
8270.371084  1.49744716472e-22
8567.71864659  1.49638156894e-22
8875.75685075  1.4953249471e-22
9194.87006089  1.49427830971e-22
9525.4564606  1.49324255283e-22
9867.9285495  1.49221846564e-22
10222.7136579  1.49120673765e-22
10590.2544803  1.49020796574e-22
10971.0096272  1.48922266085e-22
11365.4541979  1.48825125439e-22
11774.080373  1.48729410441e-22
12197.3980289  1.48635150142e-22
12635.9353735  1.48542367397e-22
13090.2396056  1.48451079391e-22
13560.8775976  1.48361298139e-22
14048.4366031  1.48273030959e-22
14553.524989  1.48186280911e-22
15076.7729955  1.48101047218e-22
15618.8335217  1.48017325656e-22
16180.3829408  1.47935108919e-22
16762.1219439  1.47854386955e-22
17364.776414  1.47775147288e-22
17989.0983325  1.47697375311e-22
18635.8667167  1.47831733216e-22
19305.8885922  1.47780234429e-22
20000  1.47729295294e-22

