0.5 20 151
151
0.5  0
0.512448710082  3.65837712415e-40
0.52520736093  7.40783840069e-40
0.538283669269  1.125065159e-39
0.55168554395  1.51891409139e-39
0.565421090737  1.92256884614e-39
0.579498617203  2.33627356291e-39
0.59392663776  2.76027845984e-39
0.608713878807  3.19483998484e-39
0.623869284008  3.64022097072e-39
0.6394020197  4.09669079413e-39
0.655321480438  4.56452553853e-39
0.67163729468  5.04400816113e-39
0.688359330604  5.53542866405e-39
0.705497702082  6.03908426971e-39
0.723062774796  6.55527960059e-39
0.741065172505  7.08432686352e-39
0.759515783475  7.62654603844e-39
0.778425767058  8.18226507198e-39
0.797806560447  8.75182007579e-39
0.817669885593  9.33555552984e-39
0.83802775629  9.93382449075e-39
0.858892485448  1.05469888054e-38
0.880276692535  1.11754193295e-38
0.90219331121  1.18194961525e-38
0.924655597149  1.24796088268e-38
0.947677136058  1.31561566036e-38
0.971271851895  1.38495486748e-38
0.995454015286  1.29998973157e-34
1.02023825216  2.24705457688e-32
1.04563955259  5.06736092653e-32
1.07167327987  7.95788562835e-32
1.0983551798  1.09203769382e-31
1.1257013902  1.39566266389e-31
1.15372845069  1.70684711241e-31
1.18245331269  2.0257792509e-31
1.21189334964  2.35265197684e-31
1.24206636756  2.68766299038e-31
1.27299061578  3.03101491388e-31
1.30468479801  3.38291541449e-31
1.33716808361  3.74357732972e-31
1.37046011922  4.11321879618e-31
1.40458104063  4.49206338155e-31
1.43955148495  4.88034021974e-31
1.47539260312  5.27828414951e-31
1.51212607267  5.6861358565e-31
1.54977411084  6.1041420188e-31
1.58835948804  6.53255545616e-31
1.62790554158  6.97163528287e-31
1.66843618984  7.42164706452e-31
1.70997594668  7.88286297857e-31
1.75254993629  8.35556197902e-31
1.79618390842  8.84002996509e-31
1.84090425388  9.33655995417e-31
1.88673802057  9.84545225901e-31
1.93371292981  1.03670146694e-30
1.9818573931  1.09015626382e-30
2.03120052932  6.61808665699e-29
2.08177218234  1.71651068065e-28
2.13360293905  2.79747205481e-28
2.18672414789  3.90534657849e-28
2.24116793778  5.04080431967e-28
2.29696723759  6.20453202932e-28
2.35415579601  7.39723355671e-28
2.41276820199  8.61963027516e-28
2.47283990568  9.87246151831e-28
2.53440723981  1.11564850273e-27
2.59750744173  1.24724774091e-27
2.66217867588  1.38212346062e-27
2.72846005693  1.52035723779e-27
2.79639167337  1.6620326794e-27
2.86601461181  1.807235474e-27
2.9373709818  1.95605344358e-27
3.01050394131  3.6385626742e-27
3.08545772284  1.36935661175e-26
3.16227766017  2.41272753557e-26
3.24101021575  3.48207570367e-26
3.32170300885  4.5780478824e-26
3.40440484432  5.70130694097e-26
3.48916574214  6.85253225226e-26
3.57603696765  8.03242010384e-26
3.66507106256  9.241684119e-26
3.75632187674  1.04810556884e-25
3.84984460077  1.17512844126e-25
3.94569579937  1.3053138555e-25
4.04393344553  2.15620124924e-25
4.14461695564  3.9371747434e-25
4.2478072254  5.76248988294e-25
4.35356666667  7.63325066045e-25
4.46195924519  9.55058855506e-25
4.57305051927  1.15156632168e-24
4.68690767949  1.35296631681e-24
4.80359958925  1.55938065224e-24
4.92319682653  1.77093417211e-24
5.04577172647  2.2918084893e-24
5.1713984252  3.34854384727e-24
5.30015290463  4.43158918944e-24
5.43211303844  5.54159956656e-24
5.56735863914  6.67924633842e-24
5.70597150638  7.84521757996e-24
5.84803547643  9.04021849741e-24
5.99363647282  1.03298426987e-23
6.1428625584  1.29445138309e-23
6.29580398853  1.57557914347e-23
6.4525532657  1.86370625982e-23
6.6132051955  2.15900699805e-23
6.77785694388  2.46165996283e-23
6.94660809603  2.77184820564e-23
7.11956071652  3.14713891453e-23
7.29681941106  3.55803520401e-23
7.47849138981  3.97916175105e-23
7.66468653214  4.41077326268e-23
7.85551745316  4.85313078746e-23
8.0510995718  5.30125548037e-23
8.25155118063  5.74533397005e-23
8.45699351738  6.20046886847e-23
8.66755083831  6.66693545169e-23
8.88335049333  7.14501584942e-23
9.10452300303  7.60306848349e-23
9.33120213764  8.03600296268e-23
9.5635249979  8.47971639349e-23
9.80163209803  8.93447714402e-23
10.0456674507  9.38578250942e-23
10.295778654  9.78500638843e-23
10.5521169811  1.01937788651e-22
10.8148374712  1.06127287218e-22
11.0840990237  1.10191704995e-22
11.3600644943  1.1383969255e-22
11.6429007931  1.17578505584e-22
11.9327789861  1.21409961865e-22
12.2298743982  1.24833135366e-22
12.5343667197  1.28189858718e-22
12.8464401144  1.31630155821e-22
13.1662833315  1.348622848e-22
13.4940898196  1.3789678946e-22
13.8300578436  1.41006845458e-22
14.1743906047  1.43946175997e-22
14.5272963631  1.46710839709e-22
14.8889885645  1.49544336415e-22
15.2596859686  1.521500007e-22
15.6396127818  1.54689811446e-22
16.0289987924  1.57253001039e-22
16.4280795102  1.59552323673e-22
16.8370963082  1.61896398943e-22
17.2562965694  1.64095848756e-22
17.6859338356  1.66217827214e-22
18.1262679613  1.68336448218e-22
18.5775652707  1.70364578327e-22
19.0400987189  1.72418031905e-22
19.5141480567  1.74330903484e-22
20  1.76285e-22

