1 20 101
101
1  0
1.03041055791  6.87330306743e-37
1.06174591785  1.39556271158e-36
1.09403420358  2.12533285898e-36
1.12730439408  2.87729572372e-36
1.16158634964  3.65212619869e-36
1.1969108386  4.4505197007e-36
1.23330956497  5.27319279454e-36
1.27081519692  6.12088383613e-36
1.30946139606  6.99435363524e-36
1.34928284767  7.89438613826e-36
1.39031529185  8.82178913184e-36
1.43259555555  9.77739496786e-36
1.47616158565  1.07620613105e-35
1.52105248304  1.1776671906e-35
1.56730853766  1.28221373757e-35
1.61497126471  1.38993960337e-35
1.66408344188  1.50094147284e-35
1.71468914776  1.6153189711e-35
1.76683380139  1.73317475289e-35
1.82056420303  1.85461459475e-35
1.87592857615  1.97974748996e-35
1.93297661076  2.10868574633e-35
1.99175950792  9.26390553377e-34
2.05233002578  5.81993251124e-32
2.11474252688  1.27585012584e-31
2.17905302696  1.99080757522e-31
2.24531924523  2.72750727953e-31
2.31360065617  3.48661043285e-31
2.3839585429  4.26879833658e-31
2.45645605223  5.07477301086e-31
2.53115825126  5.90525782464e-31
2.60813218585  6.76099814494e-31
2.68744694072  7.64276200581e-31
2.76917370155  8.55134079764e-31
2.85338581877  9.48754997743e-31
2.94015887345  1.04522298007e-30
3.02957074514  1.41502381938e-29
3.12170168173  5.47730944431e-29
3.21663437151  9.66313144149e-29
3.31445401734  1.39762466209e-28
3.41524841318  1.84205260393e-28
3.51910802283  2.29999584743e-28
3.62612606115  2.77186540045e-28
3.73639857773  3.25808476985e-28
3.85002454306  3.75909034153e-28
3.96710593738  4.27533177217e-28
4.08774784223  2.2428563951e-27
4.21205853471  4.79404284422e-27
4.34014958471  7.4228122966e-27
4.472135955  1.01315240946e-26
4.60813610445  1.29226093297e-26
4.74827209431  1.57985730239e-26
4.89266969782  1.87619963786e-26
5.041458513  3.3025574289e-26
5.19477207907  7.76266830418e-26
5.35274799621  1.23584136395e-25
5.51552804914  1.70939181545e-25
5.68325833429  2.19734320038e-25
5.85608939099  2.70013345916e-25
6.03417633655  3.78564213421e-25
6.21767900547  7.28377519593e-25
6.40676209294  1.09016172492e-24
6.6015953026  1.46294798977e-24
6.80235349885  1.84707089292e-24
7.00921686386  2.33728812827e-24
7.22237105921  3.78813073783e-24
7.44200739256  5.33180099917e-24
7.66832298935  6.92241513439e-24
7.9015209697  8.56140073288e-24
8.14181063074  1.1438964635e-23
8.38940763443  1.52546471477e-23
8.64453420113  1.91863666944e-23
8.90741930907  2.3237652026e-23
9.17829889981  2.85690032668e-23
9.45741609003  3.46814464388e-23
9.74502138973  4.09797724179e-23
10.041372927  4.75442270805e-23
10.34673668  5.47251573201e-23
10.661386715  6.21314527739e-23
10.9856054331  6.97421946349e-23
11.3196838233  7.71685419838e-23
11.6639217237  8.47780619107e-23
12.0186280908  9.25377579706e-23
12.3841212763  9.97620265975e-23
12.7607293136  1.07169074387e-22
13.1487902114  1.144301743e-22
13.5486522576  1.21297005219e-22
13.9606743317  1.2834856237e-22
14.3852262269  1.34799427568e-22
14.8226889821  1.41330746503e-22
15.2734552238  1.4753291791e-22
15.7379295184  1.53571083739e-22
16.2165287354  1.59441880481e-22
16.7096824217  1.65053476276e-22
17.2178331866  1.70538381531e-22
17.7414370999  1.75781751118e-22
18.2809641002  1.80860341928e-22
18.8368984177  1.8578591998e-22
19.4097390079  1.90462201816e-22
20  1.95117e-22

