0.5 20 151
151
0.5  0
0.512448710082  2.00328128284e-42
0.52520736093  4.05643910148e-42
0.538283669269  6.16071525299e-42
0.55168554395  8.317382452e-42
0.565421090737  1.05277451004e-41
0.579498617203  1.27931400764e-41
0.59392663776  1.51149375429e-41
0.608713878807  1.74945417765e-41
0.623869284008  1.99333920166e-41
0.6394020197  2.24329633358e-41
0.655321480438  2.49947675323e-41
0.67163729468  2.76203540443e-41
0.688359330604  3.03113108869e-41
0.705497702082  3.30692656126e-41
0.723062774796  3.58958862959e-41
0.741065172505  3.87928825421e-41
0.759515783475  4.17620065209e-41
0.778425767058  4.48050540271e-41
0.797806560447  4.79238655655e-41
0.817669885593  5.11203274652e-41
0.83802775629  5.43963730199e-41
0.858892485448  5.77539836573e-41
0.880276692535  6.11951901374e-41
0.90219331121  6.47220737811e-41
0.924655597149  6.83367677288e-41
0.947677136058  7.20414582305e-41
0.971271851895  7.58383859682e-41
0.995454015286  6.56620693432e-36
1.02023825216  1.13509280856e-33
1.04563955259  2.5597628432e-33
1.07167327987  4.01990348629e-33
1.0983551798  5.51639786446e-33
1.1257013902  7.05015109195e-33
1.15372845069  8.62209081797e-33
1.18245331269  1.02331677878e-32
1.21189334964  1.18843564179e-32
1.24206636756  1.35766553851e-32
1.27299061578  1.53110882307e-32
1.30468479801  1.70887039796e-32
1.33716808361  1.89105777747e-32
1.37046011922  2.07778115272e-32
1.40458104063  2.26915345829e-32
1.43955148495  2.46529044057e-32
1.47539260312  2.6663107277e-32
1.51212607267  2.87233590138e-32
1.54977411084  3.08349057038e-32
1.58835948804  3.29990244589e-32
1.62790554158  3.52170241879e-32
1.66843618984  3.74902463882e-32
1.70997594668  3.98200659566e-32
1.75254993629  4.22078920218e-32
1.79618390842  4.46551687958e-32
1.84090425388  4.71633764479e-32
1.88673802057  4.97340319997e-32
1.93371292981  5.2368690243e-32
1.9818573931  5.50689446795e-32
2.03120052932  8.37667216092e-30
2.08177218234  2.18631667847e-29
2.13360293905  3.56854403318e-29
2.18672414789  4.98518528309e-29
2.24116793778  6.43709724543e-29
2.29696723759  7.92515806993e-29
2.35415579601  9.45026777001e-29
2.41276820199  1.10133487671e-28
2.47283990568  1.26153464485e-28
2.53440723981  1.42572297393e-28
2.59750744173  1.59399916883e-28
2.66217867588  1.76646500685e-28
2.72846005693  1.9432247993e-28
2.79639167337  2.12438545458e-28
2.86601461181  2.31005654281e-28
2.9373709818  2.50035036214e-28
3.01050394131  6.11126979653e-28
3.08545772284  2.84112210138e-27
3.16227766017  5.155296825e-27
3.24101021575  7.52708852905e-27
3.32170300885  9.9579317277e-27
3.40440484432  1.24492966508e-26
3.48916574214  1.50026901332e-26
3.57603696765  1.7619656526e-26
3.66507106256  2.03017786306e-26
3.75632187674  2.30506786562e-26
3.84984460077  2.58680192007e-26
3.94569579937  2.87555042565e-26
4.04393344553  5.61073854313e-26
4.14461695564  1.15041430966e-25
4.2478072254  1.75442782195e-25
4.35356666667  2.37347971244e-25
4.46195924519  3.00794439795e-25
4.57305051927  3.65820561731e-25
4.68690767949  4.32465666347e-25
4.80359958925  5.00770062135e-25
4.92319682653  5.70775061163e-25
5.04577172647  7.98509816407e-25
5.1713984252  1.30017101801e-24
5.30015290463  1.81432228934e-24
5.43211303844  2.34127460089e-24
5.56735863914  2.88134666555e-24
5.70597150638  3.43486513133e-24
5.84803547643  4.00216477891e-24
5.99363647282  4.63935160709e-24
6.1428625584  6.40381089367e-24
6.29580398853  8.32524466868e-24
6.4525532657  1.02945171877e-23
6.6132051955  1.23128195121e-23
6.77785694388  1.43813723574e-23
6.94660809603  1.65014268321e-23
7.11956071652  1.96979679607e-23
7.29681941106  2.34426287865e-23
7.47849138981  2.72805220062e-23
7.66468653214  3.1213968866e-23
7.85551745316  3.52453484049e-23
8.0510995718  3.95020373471e-23
8.25155118063  4.42267619478e-23
8.45699351738  4.9069120002e-23
8.66755083831  5.40320402793e-23
8.88335049333  5.9118524468e-23
9.10452300303  6.41398179232e-23
9.33120213764  6.90667115818e-23
9.5635249979  7.41162721819e-23
9.80163209803  7.92915538139e-23
10.0456674507  8.44549969828e-23
10.295778654  8.91441877267e-23
10.5521169811  9.39464043122e-23
10.8148374712  9.88681837018e-23
11.0840990237  1.03670810516e-22
11.3600644943  1.08047622879e-22
11.6429007931  1.12533406578e-22
11.9327789861  1.17130383074e-22
12.2298743982  1.21283523545e-22
12.5343667197  1.25371941945e-22
12.8464401144  1.29562151416e-22
13.1662833315  1.33522124229e-22
13.4940898196  1.37264035291e-22
13.8300578436  1.41099110285e-22
14.1743906047  1.44743319379e-22
14.5272963631  1.48192267357e-22
14.8889885645  1.51727085241e-22
15.2596859686  1.54998555856e-22
15.6396127818  1.58197539623e-22
16.0289987924  1.61429337075e-22
16.4280795102  1.64356552345e-22
16.8370963082  1.67341965954e-22
17.2562965694  1.7016489063e-22
17.6859338356  1.72903828202e-22
18.1262679613  1.75613226851e-22
18.5775652707  1.78140943081e-22
19.0400987189  1.80696555146e-22
19.5141480567  1.83048947992e-22
20  1.85451e-22

