1 20 101
101
1  0
1.03041055791  1.17803202814e-36
1.06174591785  2.3918886675e-36
1.09403420358  3.64265936448e-36
1.12730439408  4.93146669618e-36
1.16158634964  6.25946737787e-36
1.1969108386  7.62785330121e-36
1.23330956497  9.0378526039e-36
1.27081519692  1.04907307721e-35
1.30946139606  1.19877917759e-35
1.34928284767  1.353037924e-35
1.39031529185  1.51198776496e-35
1.43259555555  1.67577135926e-35
1.47616158565  1.84453570405e-35
1.52105248304  2.01843226671e-35
1.56730853766  2.19761712086e-35
1.61497126471  2.38225108639e-35
1.66408344188  2.57249987383e-35
1.71468914776  2.76853423303e-35
1.76683380139  2.97053010647e-35
1.82056420303  3.17866878711e-35
1.87592857615  3.39313708116e-35
1.93297661076  3.61412747568e-35
1.99175950792  1.28784735977e-33
2.05233002578  8.04480746732e-32
2.11474252688  1.76349954406e-31
2.17905302696  2.75168263806e-31
2.24531924523  3.76991693127e-31
2.31360065617  4.81911629742e-31
2.3839585429  5.90022240166e-31
2.45645605223  7.01420554568e-31
2.53115825126  8.16206553862e-31
2.60813218585  9.34483259435e-31
2.68744694072  1.05635682561e-30
2.76917370155  1.18193663493e-30
2.85338581877  1.31133539631e-30
2.94015887345  1.44466924622e-30
3.02957074514  1.81748179855e-29
3.12170168173  7.00129693849e-29
3.21663437151  1.2342754789e-28
3.31445401734  1.78466493527e-28
3.41524841318  2.35179204208e-28
3.51910802283  2.93616580062e-28
3.62612606115  3.53831069118e-28
3.73639857773  4.15876714381e-28
3.85002454306  4.79809202332e-28
3.96710593738  5.4568591291e-28
4.08774784223  2.7720092101e-27
4.21205853471  5.89977885846e-27
4.34014958471  9.12266572683e-27
4.472135955  1.2443562383e-26
4.60813610445  1.58654493592e-26
4.74827209431  1.93913978274e-26
4.89266969782  2.30245723558e-26
5.041458513  4.00610350651e-26
5.19477207907  9.30753177439e-26
5.35274799621  1.47701794336e-25
5.51552804914  2.03989492559e-25
5.68325833429  2.61988931087e-25
5.85608939099  3.217521649e-25
6.03417633655  4.48195079203e-25
6.21767900547  8.50494795251e-25
6.40676209294  1.2665522755e-24
6.6015953026  1.69526229585e-24
6.80235349885  2.1370096271e-24
7.00921686386  2.69457313167e-24
7.22237105921  4.29463860911e-24
7.44200739256  5.99618105086e-24
7.66832298935  7.74946834758e-24
7.9015209697  9.55607408917e-24
8.14181063074  1.26098089289e-23
8.38940763443  1.66094909265e-23
8.64453420113  2.07308054851e-23
8.90741930907  2.49774515188e-23
9.17829889981  3.03927051836e-23
9.45741609003  3.65287895816e-23
9.74502138973  4.28514757297e-23
10.041372927  4.94130236925e-23
10.34673668  5.6434444164e-23
10.661386715  6.36737548443e-23
10.9856054331  7.11086927479e-23
11.3196838233  7.8279036124e-23
11.6639217237  8.56170866002e-23
12.0186280908  9.30961452343e-23
12.3841212763  1.00022577477e-22
12.7607293136  1.07122316874e-22
13.1487902114  1.14075986481e-22
13.5486522576  1.20641321417e-22
13.9606743317  1.27383116388e-22
14.3852262269  1.33545325996e-22
14.8226889821  1.39783544885e-22
15.2734552238  1.45704758962e-22
15.7379295184  1.51467491535e-22
16.2165287354  1.57068553308e-22
16.7096824217  1.62419763958e-22
17.2178331866  1.67647475101e-22
17.7414370999  1.72641085621e-22
18.2809641002  1.77478337006e-22
18.8368984177  1.82170422645e-22
19.4097390079  1.86622091254e-22
20  1.91052e-22

