0.5 20 151
151
0.5  0
0.512448710082  2.20109875527e-43
0.52520736093  4.45699919107e-43
0.538283669269  6.76906572788e-43
0.55168554395  9.1386967567e-43
0.565421090737  1.15673254849e-42
0.579498617203  1.40564208029e-42
0.59392663776  1.66074881729e-42
0.608713878807  1.92220705391e-42
0.623869284008  2.1901749261e-42
0.6394020197  2.464814507e-42
0.655321480438  2.74629190494e-42
0.67163729468  3.03477736391e-42
0.688359330604  3.33044536658e-42
0.705497702082  3.63347473973e-42
0.723062774796  3.94404876251e-42
0.741065172505  4.26235527723e-42
0.759515783475  4.58858680298e-42
0.778425767058  4.92294065211e-42
0.797806560447  5.26561904949e-42
0.817669885593  5.61682925492e-42
0.83802775629  5.9767836884e-42
0.858892485448  6.34570005865e-42
0.880276692535  6.72380149478e-42
0.90219331121  7.11131668123e-42
0.924655597149  7.50847999609e-42
0.947677136058  7.91553165288e-42
0.971271851895  8.33271784579e-42
0.995454015286  1.99777431865e-36
1.02023825216  3.45355662633e-34
1.04563955259  7.78816153631e-34
1.07167327987  1.2230686926e-33
1.0983551798  1.67838197369e-33
1.1257013902  2.14503138084e-33
1.15372845069  2.62329915436e-33
1.18245331269  3.11347456158e-33
1.21189334964  3.61585407187e-33
1.24206636756  4.13074153591e-33
1.27299061578  4.65844836948e-33
1.30468479801  5.19929374181e-33
1.33716808361  5.75360476862e-33
1.37046011922  6.32171670997e-33
1.40458104063  6.90397317301e-33
1.43955148495  7.50072631987e-33
1.47539260312  8.11233708055e-33
1.51212607267  8.73917537132e-33
1.54977411084  9.3816203184e-33
1.58835948804  1.00400604872e-32
1.62790554158  1.07148941176e-32
1.66843618984  1.14065293645e-32
1.70997594668  1.21153845446e-32
1.75254993629  1.28418883901e-32
1.79618390842  1.3586480307e-32
1.84090425388  1.43496106417e-32
1.88673802057  1.5131740953e-32
1.93371292981  1.59333442913e-32
1.9818573931  1.67549054847e-32
2.03120052932  3.46649940767e-30
2.08177218234  9.05754638842e-30
2.13360293905  1.4787796015e-29
2.18672414789  2.06607140742e-29
2.24116793778  2.66798526419e-29
2.29696723759  3.28488522315e-29
2.35415579601  3.9171443996e-29
2.41276820199  4.56514519841e-29
2.47283990568  5.22927954537e-29
2.53440723981  5.90994912422e-29
2.59750744173  6.60756561957e-29
2.66217867588  7.32255096591e-29
2.72846005693  8.05533760284e-29
2.79639167337  8.80636873655e-29
2.86601461181  9.57609860796e-29
2.9373709818  1.03649927674e-28
3.01050394131  2.81455163267e-28
3.08545772284  1.38779316442e-27
3.16227766017  2.53591521703e-27
3.24101021575  3.71262254679e-27
3.32170300885  4.91862685335e-27
3.40440484432  6.15465755585e-27
3.48916574214  7.42146223409e-27
3.57603696765  8.71980708067e-27
3.66507106256  1.00504773644e-26
3.75632187674  1.14142779053e-26
3.84984460077  1.28120335613e-26
3.94569579937  1.42445897271e-26
4.04393344553  2.98223540552e-26
4.14461695564  6.36623637174e-26
4.2478072254  9.83449023185e-26
4.35356666667  1.33890946656e-25
4.46195924519  1.70321995794e-25
4.57305051927  2.07660084069e-25
4.68690767949  2.45927794417e-25
4.80359958925  2.85148272027e-25
4.92319682653  3.25345238348e-25
5.04577172647  4.72342895634e-25
5.1713984252  8.04948500014e-25
5.30015290463  1.14583512588e-24
5.43211303844  1.49520894929e-24
5.56735863914  1.85328127958e-24
5.70597150638  2.22026868713e-24
5.84803547643  2.59639313436e-24
5.99363647282  3.02845847523e-24
6.1428625584  4.39959310301e-24
6.29580398853  5.89928629619e-24
6.4525532657  7.43631798092e-24
6.6132051955  9.01161778932e-24
6.77785694388  1.06261384989e-23
6.94660809603  1.2280856609e-23
7.11956071652  1.51142532627e-23
7.29681941106  1.8538802612e-23
7.47849138981  2.20486144054e-23
7.66468653214  2.56458114576e-23
7.85551745316  2.93325694363e-23
8.0510995718  3.33496560885e-23
8.25155118063  3.81580091004e-23
8.45699351738  4.30860776975e-23
8.66755083831  4.81368424891e-23
8.88335049333  5.33133582938e-23
9.10452300303  5.85530946371e-23
9.33120213764  6.38481832139e-23
9.5635249979  6.9275105836e-23
9.80163209803  7.48371448307e-23
10.0456674507  8.04109395166e-23
10.295778654  8.55805334554e-23
10.5521169811  9.08754835732e-23
10.8148374712  9.63022642889e-23
11.0840990237  1.01615300423e-22
11.3600644943  1.06499061355e-22
11.6429007931  1.11504415335e-22
11.9327789861  1.16633853817e-22
12.2298743982  1.21282460321e-22
12.5343667197  1.25863547297e-22
12.8464401144  1.30558691521e-22
13.1662833315  1.34999422044e-22
13.4940898196  1.39199278769e-22
13.8300578436  1.43503701093e-22
14.1743906047  1.4759615762e-22
14.5272963631  1.5147176866e-22
14.8889885645  1.55443872416e-22
15.2596859686  1.59124822983e-22
15.6396127818  1.62726529171e-22
16.0289987924  1.66366187809e-22
16.4280795102  1.69671231323e-22
16.8370963082  1.73042347773e-22
17.2562965694  1.76233923452e-22
17.6859338356  1.7933332669e-22
18.1262679613  1.82401306626e-22
18.5775652707  1.8526884973e-22
19.0400987189  1.88168429755e-22
19.5141480567  1.90840455486e-22
20  1.93569e-22

