0.5 20 151
151
0.5  0
0.512448710082  6.23120183171e-37
0.52520736093  1.26175445135e-36
0.538283669269  1.91628906525e-36
0.55168554395  2.58711990243e-36
0.565421090737  3.27465269683e-36
0.579498617203  3.97930328408e-36
0.59392663776  4.70149785308e-36
0.608713878807  5.4416732037e-36
0.623869284008  6.20027701103e-36
0.6394020197  6.97776809608e-36
0.655321480438  7.77461670335e-36
0.67163729468  8.5913047852e-36
0.688359330604  9.42832629337e-36
0.705497702082  1.02861874777e-35
0.723062774796  1.11654071924e-35
0.741065172505  1.20665172098e-35
0.759515783475  1.29900625418e-35
0.778425767058  1.39366017701e-35
0.797806560447  1.49067073832e-35
0.817669885593  1.59009661233e-35
0.83802775629  1.69199793411e-35
0.858892485448  1.79643633591e-35
0.880276692535  1.90347498448e-35
0.90219331121  2.01317861926e-35
0.924655597149  2.12561359153e-35
0.947677136058  2.24084790454e-35
0.971271851895  2.35895125466e-35
0.995454015286  9.51960208277e-33
1.02023825216  1.64140161676e-30
1.04563955259  3.7015152836e-30
1.07167327987  5.81292046598e-30
1.0983551798  7.97689419032e-30
1.1257013902  1.01947452777e-29
1.15372845069  1.24678151355e-29
1.18245331269  1.47974785686e-29
1.21189334964  1.7185144611e-29
1.24206636756  1.96322573781e-29
1.27299061578  2.21402969399e-29
1.30468479801  2.47107802165e-29
1.33716808361  2.73452618953e-29
1.37046011922  3.00453353713e-29
1.40458104063  3.28126337112e-29
1.43955148495  3.56488306405e-29
1.47539260312  3.85556415565e-29
1.51212607267  4.15348245651e-29
1.54977411084  4.45881815449e-29
1.58835948804  4.77175592363e-29
1.62790554158  5.0924850359e-29
1.66843618984  5.42119947563e-29
1.70997594668  5.75809805689e-29
1.75254993629  6.10338454367e-29
1.79618390842  6.45726777319e-29
1.84090425388  6.81996178217e-29
1.88673802057  7.19168593628e-29
1.93371292981  7.57266506284e-29
1.9818573931  7.96312958679e-29
2.03120052932  1.30232254359e-27
2.08177218234  3.28174747728e-27
2.13360293905  5.31045498524e-27
2.18672414789  7.3896720764e-27
2.24116793778  9.52065630911e-27
2.29696723759  1.17046965516e-26
2.35415579601  1.39431137617e-26
2.41276820199  1.62372617856e-26
2.47283990568  1.85885281767e-26
2.53440723981  2.09983350351e-26
2.59750744173  2.34681398674e-26
2.66217867588  2.59994364683e-26
2.72846005693  2.85937558242e-26
2.79639167337  3.12526670392e-26
2.86601461181  3.39777782838e-26
2.9373709818  3.67707377682e-26
3.01050394131  5.19471286646e-26
3.08545772284  1.34549155792e-25
3.16227766017  2.20240866358e-25
3.24101021575  3.08066079446e-25
3.32170300885  3.98077913766e-25
3.40440484432  4.90330810545e-25
3.48916574214  5.84880566456e-25
3.57603696765  6.81784367366e-25
3.66507106256  7.81100822923e-25
3.75632187674  8.82890002004e-25
3.84984460077  9.87213469044e-25
3.94569579937  1.09413432128e-24
4.04393344553  1.48651119666e-24
4.14461695564  2.24690931108e-24
4.2478072254  3.02623937685e-24
4.35356666667  3.82497275072e-24
4.46195924519  4.64359252499e-24
4.57305051927  5.48259381974e-24
4.68690767949  6.34248408224e-24
4.80359958925  7.2237833939e-24
4.92319682653  8.12702478482e-24
5.04577172647  9.58046914905e-24
5.1713984252  1.19776313323e-23
5.30015290463  1.44344766697e-23
5.43211303844  1.69524911177e-23
5.56735863914  1.95331976293e-23
5.70597150638  2.21781570754e-23
5.84803547643  2.4888969188e-23
5.99363647282  2.77033353568e-23
6.1428625584  3.13065190655e-23
6.29580398853  3.50725182527e-23
6.4525532657  3.89322811041e-23
6.6132051955  4.28881420928e-23
6.77785694388  4.69424938148e-23
6.94660809603  5.1097788435e-23
7.11956071652  5.51506556175e-23
7.29681941106  5.92101987883e-23
7.47849138981  6.33708141111e-23
7.66468653214  6.76350180217e-23
7.85551745316  7.20053896087e-23
8.0510995718  7.6285810169e-23
8.25155118063  8.00968162012e-23
8.45699351738  8.40027064518e-23
8.66755083831  8.80058432931e-23
8.88335049333  9.21086479143e-23
9.10452300303  9.59304727183e-23
9.33120213764  9.94092267255e-23
9.5635249979  1.02974592733e-22
9.80163209803  1.06628727156e-22
10.0456674507  1.10237631991e-22
10.295778654  1.13352782235e-22
10.5521169811  1.16541887362e-22
10.8148374712  1.19810392979e-22
11.0840990237  1.22967857388e-22
11.3600644943  1.2576973481e-22
11.6429007931  1.28641371752e-22
11.9327789861  1.31584146567e-22
12.2298743982  1.34193117583e-22
12.5343667197  1.36744458744e-22
12.8464401144  1.39359321718e-22
13.1662833315  1.41805659954e-22
13.4940898196  1.44091782402e-22
13.8300578436  1.46434823401e-22
14.1743906047  1.48637743569e-22
14.5272963631  1.50697301575e-22
14.8889885645  1.52808137263e-22
15.2596859686  1.54735472768e-22
15.6396127818  1.56607372176e-22
16.0289987924  1.58495379358e-22
16.4280795102  1.60179649704e-22
16.8370963082  1.61896293206e-22
17.2562965694  1.6350112987e-22
17.6859338356  1.65045246205e-22
18.1262679613  1.66588285181e-22
18.5775652707  1.68068991653e-22
19.0400987189  1.69567951743e-22
19.5141480567  1.70962482102e-22
20  1.72387e-22

