0.2 20 151
151
0.2  0
0.206235454919  9.44563338951e-43
0.212665314327  1.91857558849e-42
0.219295639229  2.92295488539e-42
0.22613267959  3.95864799143e-42
0.233182880236  5.02663118582e-42
0.240452886923  6.12791118553e-42
0.247949552606  7.2635260942e-42
0.255679943893  8.4345463807e-42
0.263651347711  9.64207588823e-42
0.271871278176  1.08872528748e-41
0.280347483669  1.21712510862e-41
0.289087954149  1.34952808624e-41
0.298100928677  1.48605902785e-41
0.307394903187  1.62684663212e-41
0.316978638492  1.77202361018e-41
0.326861168545  1.92172681076e-41
0.33705180895  2.07609734913e-41
0.34756016575  2.23528074016e-41
0.358396144475  2.39942703548e-41
0.369569959484  2.56869096493e-41
0.381092143593  2.74323208238e-41
0.392973557999  2.92321491618e-41
0.405225402524  3.10880912421e-41
0.417859226171  3.30018965383e-41
0.430886938006  3.49753690677e-41
0.444320818391  3.70103690921e-41
0.458173530554  3.9108814871e-41
0.472458132527  4.12726844702e-41
0.487188089458  4.35040176261e-41
0.502377286302  3.09634992133e-35
0.518040040906  2.20382956329e-34
0.534191117512  4.17689675019e-34
0.550845740668  6.21147879456e-34
0.568019609583  8.30949356202e-34
0.585728912925  1.0472918712e-33
0.60399034408  1.27037935619e-33
0.622821116889  1.50042210096e-33
0.642238981873  1.73763695155e-33
0.662262242965  1.98224751468e-33
0.682909774767  2.2344843685e-33
0.704201040337  2.49458527997e-33
0.72615610954  2.76279542899e-33
0.748795677965  3.03936763947e-33
0.772141086431  3.3245626177e-33
0.796214341107  3.61864919807e-33
0.821038134255  3.92190459652e-33
0.846635865618  4.2346146718e-33
0.87303166448  4.55707419496e-33
0.900250412412  4.88958712723e-33
0.928317766723  5.23246690648e-33
0.957260184645  5.58603674277e-33
0.987104948279  5.95062992293e-33
1.0178801903  3.26616633078e-29
1.0496149205  9.06205113077e-29
1.08233905309  1.50386358227e-28
1.11608343495  2.12015541366e-28
1.15087987467  2.75566154472e-28
1.18676117255  3.41098102492e-28
1.2237611515  4.08673158051e-28
1.26191468896  4.78355019673e-28
1.30125774973  5.50209371828e-28
1.34182741991  6.24303946852e-28
1.38366194184  7.00708588786e-28
1.42680075014  7.79495319223e-28
1.47128450892  8.60738405189e-28
1.51715515006  9.44514429154e-28
1.56445591277  1.03090236122e-27
1.61323138435  1.11998363357e-27
1.66352754221  1.21184221721e-27
1.71539179718  1.30656470113e-27
1.76887303828  1.40424037395e-27
1.82402167871  1.50496130804e-27
1.88088970345  1.60882244634e-27
1.93953071822  1.71592169188e-27
2  3.04436795701e-27
2.06235454919  2.1237308714e-26
2.12665314327  4.12534379062e-26
2.19295639229  6.18936154544e-26
2.2613267959  8.31772974858e-26
2.33182880236  1.05124546716e-25
2.40452886923  1.27756051362e-25
2.47949552606  1.51093144643e-25
2.55679943893  1.7515782489e-25
2.63651347711  1.9997277628e-25
2.71871278176  2.25561390224e-25
2.80347483669  2.51947787412e-25
2.89087954149  2.7915684055e-25
2.98100928677  3.08116483708e-25
3.07394903187  6.49141822732e-25
3.16978638492  1.08461563787e-24
3.26861168545  1.53366633971e-24
3.3705180895  1.9967172186e-24
3.4756016575  2.47420476188e-24
3.58396144475  2.96657906542e-24
3.69569959484  3.47430425782e-24
3.81092143593  3.99785893796e-24
3.92973557999  4.53773662613e-24
4.05225402524  5.74438733412e-24
4.17859226171  7.8898620024e-24
4.30886938006  1.01022267235e-23
4.44320818391  1.23835669471e-23
4.58173530554  1.47360331413e-23
4.72458132527  1.71618428199e-23
4.87188089458  1.9663282633e-23
5.02377286302  2.24596241634e-23
5.18040040906  2.64464444875e-23
5.34191117512  3.05714456036e-23
5.50845740668  3.48250530123e-23
5.68019609583  3.92112763071e-23
5.85728912925  4.373425009e-23
6.0399034408  4.83440178718e-23
6.22821116889  5.28999161345e-23
6.42238981873  5.75974277778e-23
6.62262242965  6.24413950314e-23
6.82909774767  6.74363839822e-23
7.04201040337  7.23953843602e-23
7.2615610954  7.67273985275e-23
7.48795677965  8.11907215237e-23
7.72141086431  8.57931987666e-23
7.96214341107  9.05290300329e-23
8.21038134255  9.45652399396e-23
8.46635865618  9.85557982705e-23
8.7303166448  1.02670771334e-22
9.00250412412  1.06851775598e-22
9.28317766723  1.10361200261e-22
9.57260184645  1.13924301332e-22
9.87104948279  1.17598490183e-22
10.178801903  1.20947019943e-22
10.496149205  1.2407257352e-22
10.8233905309  1.27295573339e-22
11.1608343495  1.30310416392e-22
11.5087987467  1.33069774062e-22
11.8676117255  1.35915160983e-22
12.237611515  1.38495455768e-22
12.6191468896  1.40952925116e-22
13.0125774973  1.4345043443e-22
13.4182741991  1.45626199449e-22
13.8366194184  1.47846775873e-22
14.2680075014  1.49897789134e-22
14.7128450892  1.51862636759e-22
15.1715515006  1.53765569001e-22
15.6445591277  1.55515224213e-22
16.1323138435  1.5724308382e-22
16.6352754221  1.58813329868e-22
17.1539179718  1.60360190461e-22
17.6887303828  1.61778512975e-22
18.2402167871  1.63145448638e-22
18.8088970345  1.64427253916e-22
19.3953071822  1.65611455489e-22
20  1.66764e-22

