1 20 101
101
1  0
1.03041055791  7.4522896795e-41
1.06174591785  1.51312076459e-40
1.09403420358  2.30436457918e-40
1.12730439408  3.11967055961e-40
1.16158634964  3.95977044978e-40
1.1969108386  4.8254182463e-40
1.23330956497  5.71739087528e-40
1.27081519692  6.63648888954e-40
1.30946139606  7.5835371872e-40
1.34928284767  8.55938575195e-40
1.39031529185  9.56491041599e-40
1.43259555555  1.06010136461e-39
1.47616158565  1.16686253534e-39
1.52105248304  1.27687037284e-39
1.56730853766  1.39022361006e-39
1.61497126471  1.50702398245e-39
1.66408344188  1.62737631934e-39
1.71468914776  1.75138863794e-39
1.76683380139  1.87917224033e-39
1.82056420303  2.01084181337e-39
1.87592857615  2.14651553158e-39
1.93297661076  2.28631516325e-39
1.99175950792  2.20771116893e-36
2.05233002578  1.41923968737e-34
2.11474252688  3.11189639405e-34
2.17905302696  4.85602773553e-34
2.24531924523  6.65319908417e-34
2.31360065617  8.5050234162e-34
2.3839585429  1.04131627593e-33
2.45645605223  1.23793296844e-33
2.53115825126  1.44052888427e-33
2.60813218585  1.64928585492e-33
2.68744694072  1.86439124152e-33
2.76917370155  2.08603810294e-33
2.85338581877  2.31442536907e-33
2.94015887345  2.54975801939e-33
3.02957074514  1.53063171506e-31
3.12170168173  6.21498768106e-31
3.21663437151  1.10417975254e-30
3.31445401734  1.60153933501e-30
3.41524841318  2.11402389987e-30
3.51910802283  2.64209340626e-30
3.62612606115  3.18622180095e-30
3.73639857773  3.74689744371e-30
3.85002454306  4.32462354557e-30
3.96710593738  4.9199186205e-30
4.08774784223  5.20644426235e-29
4.21205853471  1.18616251935e-28
4.34014958471  1.87191938898e-28
4.472135955  2.5785305076e-28
4.60813610445  3.30663006457e-28
4.74827209431  4.05687153528e-28
4.89266969782  4.82992826768e-28
5.041458513  1.03797413608e-27
5.19477207907  2.87780378893e-27
5.35274799621  4.77358368798e-27
5.51552804914  6.72701531144e-27
5.68325833429  8.73985188041e-27
5.85608939099  1.08138999324e-26
6.03417633655  1.66982191884e-26
6.21767900547  3.8476039605e-26
6.40676209294  6.10041568693e-26
6.6015953026  8.42173667483e-26
6.80235349885  1.08136503291e-25
7.00921686386  1.42905386434e-25
7.22237105921  2.80125409485e-25
7.44200739256  4.26740393197e-25
7.66832298935  5.77814020362e-25
7.9015209697  7.33481880814e-25
8.14181063074  1.12423161609e-24
8.38940763443  1.69169173617e-24
8.64453420113  2.2764086351e-24
8.90741930907  2.87890710115e-24
9.17829889981  3.99538992605e-24
9.45741609003  5.41102207374e-24
9.74502138973  6.86970438485e-24
10.041372927  8.49117881818e-24
10.34673668  1.08237984883e-23
10.661386715  1.32384511753e-23
10.9856054331  1.57276170445e-23
11.3196838233  1.83141340414e-23
11.6639217237  2.09815302606e-23
12.0186280908  2.35407376624e-23
12.3841212763  2.43801012116e-23
12.7607293136  2.51589642934e-23
13.1487902114  2.61960808044e-23
13.5486522576  2.76534180179e-23
13.9606743317  2.91919983982e-23
14.3852262269  3.20263795258e-23
14.8226889821  3.5124272027e-23
15.2734552238  3.95297760323e-23
15.7379295184  4.48799625368e-23
16.2165287354  5.00636192556e-23
16.7096824217  5.49943177566e-23
17.2178331866  5.9399177655e-23
17.7414370999  6.30099502407e-23
18.2809641002  6.5447368199e-23
18.8368984177  6.67421447837e-23
19.4097390079  6.69683537747e-23
20  6.6747e-23

