0.2 20 151
151
0.2  0
0.206235454919  8.32678492861e-41
0.212665314327  1.69131763174e-40
0.219295639229  2.57672679883e-40
0.22613267959  3.48974061065e-40
0.233182880236  4.43121970479e-40
0.240452886923  5.40205155117e-40
0.247949552606  6.40315128861e-40
0.255679943893  7.43546258746e-40
0.263651347711  8.49995853913e-40
0.271871278176  9.5976425734e-40
0.280347483669  1.07295494042e-39
0.289087954149  1.18967460051e-39
0.298100928677  1.31003326149e-39
0.307394903187  1.4341443775e-39
0.316978638492  1.56212493985e-39
0.326861168545  1.69409558733e-39
0.33705180895  1.83018071993e-39
0.34756016575  1.97050861608e-39
0.358396144475  2.11521155358e-39
0.369569959484  2.26442593429e-39
0.381092143593  2.41829241273e-39
0.392973557999  2.57695602861e-39
0.405225402524  2.74056634362e-39
0.417859226171  2.90927758234e-39
0.430886938006  3.08324877767e-39
0.444320818391  3.26264392074e-39
0.458173530554  3.44763211544e-39
0.472458132527  3.63838773789e-39
0.487188089458  3.83509060075e-39
0.502377286302  4.88148197619e-34
0.518040040906  3.47437863587e-33
0.534191117512  6.58495311251e-33
0.550845740668  9.79250682374e-33
0.568019609583  1.31000633178e-32
0.585728912925  1.65107404089e-32
0.60399034408  2.00277531162e-32
0.622821116889  2.36544166945e-32
0.642238981873  2.7394149759e-32
0.662262242965  3.12504775081e-32
0.682909774767  3.52270350464e-32
0.704201040337  3.9327570811e-32
0.72615610954  4.35559501051e-32
0.748795677965  4.79161587416e-32
0.772141086431  5.24123068e-32
0.796214341107  5.7048632501e-32
0.821038134255  6.18295062015e-32
0.846635865618  6.67594345142e-32
0.87303166448  7.18430645556e-32
0.900250412412  7.70851883267e-32
0.928317766723  8.24907472301e-32
0.957260184645  8.80648367277e-32
0.987104948279  9.38127111442e-32
1.0178801903  1.55229184744e-28
1.0496149205  4.30567437799e-28
1.08233905309  7.14489987174e-28
1.11608343495  1.00726446784e-27
1.15087987467  1.30916685887e-27
1.18676117255  1.62048174366e-27
1.2237611515  1.94150257809e-27
1.26191468896  2.27253196723e-27
1.30125774973  2.61388195053e-27
1.34182741991  2.96587429599e-27
1.38366194184  3.32884080346e-27
1.42680075014  3.7031236174e-27
1.47128450892  4.08907554941e-27
1.51715515006  4.48706041078e-27
1.56445591277  4.89745335546e-27
1.61323138435  5.32064123367e-27
1.66352754221  5.75702295656e-27
1.71539179718  6.20700987225e-27
1.76887303828  6.67102615357e-27
1.82402167871  7.14950919792e-27
1.88088970345  7.64291003952e-27
1.93953071822  8.15169377465e-27
2  1.20524001364e-26
2.06235454919  6.27047273873e-26
2.12665314327  1.18417572644e-25
2.19295639229  1.75867392576e-25
2.2613267959  2.35108341319e-25
2.33182880236  2.96196261388e-25
2.40452886923  3.59188736315e-25
2.47949552606  4.2414514493e-25
2.55679943893  4.91126717334e-25
2.63651347711  5.60196592613e-25
2.71871278176  6.31419878359e-25
2.80347483669  7.04863712043e-25
2.89087954149  7.80597324297e-25
2.98100928677  8.6035312608e-25
3.07394903187  1.51541642704e-24
3.16978638492  2.34520047661e-24
3.26861168545  3.20085493135e-24
3.3705180895  4.08318635998e-24
3.4756016575  4.99302647784e-24
3.58396144475  5.9312329309e-24
3.69569959484  6.89869010416e-24
3.81092143593  7.89630995537e-24
3.92973557999  8.92503287463e-24
4.05225402524  1.07296775269e-23
4.17859226171  1.36220019434e-23
4.30886938006  1.66045011525e-23
4.44320818391  1.96799865584e-23
4.58173530554  2.28513572173e-23
4.72458132527  2.612160257e-23
4.87188089458  2.94938052602e-23
5.02377286302  3.30762563321e-23
5.18040040906  3.73050353013e-23
5.34191117512  4.16723833219e-23
5.50845740668  4.6175893351e-23
5.68019609583  5.08198105489e-23
5.85728912925  5.56085124284e-23
6.0399034408  6.03776931269e-23
6.22821116889  6.46803474442e-23
6.42238981873  6.91158169413e-23
6.62262242965  7.36895722888e-23
6.82909774767  7.84059248627e-23
7.04201040337  8.30509264178e-23
7.2615610954  8.69504028073e-23
7.48795677965  9.0967180692e-23
7.72141086431  9.51091907637e-23
7.96214341107  9.93706654971e-23
8.21038134255  1.02956735197e-22
8.46635865618  1.06491013966e-22
8.7303166448  1.10135481915e-22
9.00250412412  1.13837531594e-22
9.28317766723  1.16933176755e-22
9.57260184645  1.20075165645e-22
9.87104948279  1.23315113185e-22
10.178801903  1.26262351669e-22
10.496149205  1.2900867522e-22
10.8233905309  1.31840621655e-22
11.1608343495  1.34491784594e-22
11.5087987467  1.36920924051e-22
11.8676117255  1.39425797456e-22
12.237611515  1.41701059074e-22
12.6191468896  1.43870469214e-22
13.0125774973  1.46075748665e-22
13.4182741991  1.48002725284e-22
13.8366194184  1.49969784505e-22
14.2680075014  1.51792877526e-22
14.7128450892  1.53543758271e-22
15.1715515006  1.55242007018e-22
15.6445591277  1.56808135272e-22
16.1323138435  1.58356272645e-22
16.6352754221  1.59767582834e-22
17.1539179718  1.61161018804e-22
17.6887303828  1.6244670784e-22
18.2402167871  1.63692729183e-22
18.8088970345  1.64871034656e-22
19.3953071822  1.65971437399e-22
20  1.67049e-22

