0.5 20 151
151
0.5  0
0.512448710082  9.45713566502e-41
0.52520736093  1.91497296102e-40
0.538283669269  2.90836441394e-40
0.55168554395  3.92648875125e-40
0.565421090737  4.96996175796e-40
0.579498617203  6.03941455055e-40
0.59392663776  7.13549395867e-40
0.608713878807  8.25886291634e-40
0.623869284008  9.41020086296e-40
0.6394020197  1.05902041542e-39
0.655321480438  1.17995864831e-39
0.67163729468  1.30390793121e-39
0.688359330604  1.43094323148e-39
0.705497702082  1.56114138299e-39
0.723062774796  1.69458113259e-39
0.741065172505  1.8313431877e-39
0.759515783475  1.97151026516e-39
0.778425767058  2.11516714124e-39
0.797806560447  2.26240070293e-39
0.817669885593  2.41330000046e-39
0.83802775629  2.56795630121e-39
0.858892485448  2.72646314485e-39
0.880276692535  2.88891639998e-39
0.90219331121  3.05541432206e-39
0.924655597149  3.22605761287e-39
0.947677136058  3.40094948138e-39
0.971271851895  3.58019570623e-39
0.995454015286  6.42276317767e-35
1.02023825216  1.11024457588e-32
1.04563955259  2.50372688625e-32
1.07167327987  3.93190331118e-32
1.0983551798  5.39563764464e-32
1.1257013902  6.89581518681e-32
1.15372845069  8.43334327956e-32
1.18245331269  1.00091518553e-31
1.21189334964  1.16241939992e-31
1.24206636756  1.32794465259e-31
1.27299061578  1.49759105703e-31
1.30468479801  1.67146121928e-31
1.33716808361  1.84966030001e-31
1.37046011922  2.03229607813e-31
1.40458104063  2.21947901595e-31
1.43955148495  2.41132232603e-31
1.47539260312  2.6079420396e-31
1.51212607267  2.80945707679e-31
1.54977411084  3.01598931853e-31
1.58835948804  3.22766368027e-31
1.62790554158  3.44460818754e-31
1.66843618984  3.66695405335e-31
1.70997594668  3.89483575761e-31
1.75254993629  4.12839112841e-31
1.79618390842  4.3677614254e-31
1.84090425388  4.61309142526e-31
1.88673802057  4.8645295092e-31
1.93371292981  5.12222775276e-31
1.9818573931  5.38634201777e-31
2.03120052932  4.0030092894e-29
2.08177218234  1.04024039796e-28
2.13360293905  1.69611270882e-28
2.18672414789  2.36831454818e-28
2.24116793778  3.05725247917e-28
2.29696723759  3.7633431873e-28
2.35415579601  4.48701373246e-28
2.41276820199  5.22870180724e-28
2.47283990568  5.98885600165e-28
2.53440723981  6.76793607443e-28
2.59750744173  7.56641323113e-28
2.66217867588  8.38477040908e-28
2.72846005693  9.22350256954e-28
2.79639167337  1.0083116997e-27
2.86601461181  1.09641336061e-27
2.9373709818  1.18670852558e-27
3.01050394131  2.33948448393e-27
3.08545772284  9.2938106275e-27
3.16227766017  1.65102325207e-26
3.24101021575  2.39063247019e-26
3.32170300885  3.14865604977e-26
3.40440484432  3.92555246091e-26
3.48916574214  4.72179158841e-26
3.57603696765  5.53785501603e-26
3.66507106256  6.37423631769e-26
3.75632187674  7.23144135603e-26
3.84984460077  8.10998858837e-26
3.94569579937  9.0104093803e-26
4.04393344553  1.55192328616e-25
4.14461695564  2.92666056466e-25
4.2478072254  4.3356252548e-25
4.35356666667  5.77966953082e-25
4.46195924519  7.25966678393e-25
4.57305051927  8.77651215048e-25
4.68690767949  1.03311230535e-24
4.80359958925  1.19244397573e-24
4.92319682653  1.35574259365e-24
5.04577172647  1.79279510087e-24
5.1713984252  2.70452207302e-24
5.30015290463  3.63894869468e-24
5.43211303844  4.59664012855e-24
5.56735863914  5.57817560844e-24
5.70597150638  6.58414878957e-24
5.84803547643  7.61516810768e-24
5.99363647282  8.74034473418e-24
6.1428625584  1.12585591615e-23
6.29580398853  1.39783104958e-23
6.4525532657  1.67657766219e-23
6.6132051955  1.96226434633e-23
6.77785694388  2.25506389188e-23
6.94660809603  2.55515339074e-23
7.11956071652  2.94170260955e-23
7.29681941106  3.37402770261e-23
7.47849138981  3.81711657517e-23
7.66468653214  4.27123721755e-23
7.85551745316  4.73666429238e-23
8.0510995718  5.2130635508e-23
8.25155118063  5.69953956026e-23
8.45699351738  6.19812756733e-23
8.66755083831  6.7091291295e-23
8.88335049333  7.23285331226e-23
9.10452300303  7.73826206561e-23
9.33120213764  8.22039045059e-23
9.5635249979  8.71452258853e-23
9.80163209803  9.22095734194e-23
10.0456674507  9.72421773096e-23
10.295778654  1.01723818198e-22
10.5521169811  1.06312863831e-22
10.8148374712  1.11016164861e-22
11.0840990237  1.15590130583e-22
11.3600644943  1.19721885608e-22
11.6429007931  1.23956510674e-22
11.9327789861  1.28296084226e-22
12.2298743982  1.32195509553e-22
12.5343667197  1.36026936434e-22
12.8464401144  1.39953755959e-22
13.1662833315  1.43657416331e-22
13.4940898196  1.47149538849e-22
13.8300578436  1.50728606208e-22
14.1743906047  1.5412525694e-22
14.5272963631  1.57335287719e-22
14.8889885645  1.60625239983e-22
15.2596859686  1.63664705531e-22
15.6396127818  1.66634213502e-22
16.0289987924  1.6963357913e-22
16.4280795102  1.72345245568e-22
16.8370963082  1.7511060814e-22
17.2562965694  1.77722099387e-22
17.6859338356  1.80253522159e-22
18.1262679613  1.82756426556e-22
18.5775652707  1.85088279754e-22
19.0400987189  1.8744544549e-22
19.5141480567  1.89611916102e-22
20  1.91824e-22

