0.5 20 151
151
0.5  0
0.512448710082  6.07830677448e-41
0.52520736093  1.23079477066e-40
0.538283669269  1.86926906265e-40
0.55168554395  2.52363971735e-40
0.565421090737  3.19430251319e-40
0.579498617203  3.88166308244e-40
0.59392663776  4.58613715658e-40
0.608713878807  5.30815081775e-40
0.623869284008  6.04814075641e-40
0.6394020197  6.80655453548e-40
0.655321480438  7.58385086107e-40
0.67163729468  8.38049985987e-40
0.688359330604  9.19698336352e-40
0.705497702082  1.00337952e-39
0.723062774796  1.08914414924e-39
0.741065172505  1.17704409649e-39
0.759515783475  1.26713252566e-39
0.778425767058  1.3594639243e-39
0.797806560447  1.45409413656e-39
0.817669885593  1.55108039699e-39
0.83802775629  1.65048136508e-39
0.858892485448  1.75235716085e-39
0.880276692535  1.8567694011e-39
0.90219331121  1.96378123678e-39
0.924655597149  2.07345739109e-39
0.947677136058  2.18586419869e-39
0.971271851895  2.30106964581e-39
0.995454015286  4.76053041607e-35
1.02023825216  8.2291590554e-33
1.04563955259  1.85576833673e-32
1.07167327987  2.91433612886e-32
1.0983551798  3.99925952809e-32
1.1257013902  5.11119472103e-32
1.15372845069  6.25081423167e-32
1.18245331269  7.41880732809e-32
1.21189334964  8.61588043939e-32
1.24206636756  9.8427575829e-32
1.27299061578  1.11001808021e-31
1.30468479801  1.23889106156e-31
1.33716808361  1.37097264767e-31
1.37046011922  1.50634272453e-31
1.40458104063  1.64508316706e-31
1.43955148495  1.78727788869e-31
1.47539260312  1.93301289205e-31
1.51212607267  2.08237632102e-31
1.54977411084  2.23545851404e-31
1.58835948804  2.39235205874e-31
1.62790554158  2.55315184794e-31
1.66843618984  2.71795513705e-31
1.70997594668  2.8868616029e-31
1.75254993629  3.059973404e-31
1.79618390842  3.23739524234e-31
1.84090425388  3.41923442674e-31
1.88673802057  3.60560093772e-31
1.93371292981  3.79660749402e-31
1.9818573931  3.99236962082e-31
2.03120052932  3.25598011258e-29
2.08177218234  8.46755779452e-29
2.13360293905  1.38088903157e-28
2.18672414789  1.92832082369e-28
2.24116793778  2.48938225516e-28
2.29696723759  3.06441266882e-28
2.35415579601  3.65375985629e-28
2.41276820199  4.25778026832e-28
2.47283990568  4.87683923033e-28
2.53440723981  5.51131116343e-28
2.59750744173  6.16157981082e-28
2.66217867588  6.82803846995e-28
2.72846005693  7.51109023034e-28
2.79639167337  8.2111482174e-28
2.86601461181  8.92863584231e-28
2.9373709818  9.66398705808e-28
3.01050394131  1.95759594469e-27
3.08545772284  7.96007093984e-27
3.16227766017  1.41888281173e-26
3.24101021575  2.05726652792e-26
3.32170300885  2.71154435173e-26
3.40440484432  3.38211200542e-26
3.48916574214  4.06937506373e-26
3.57603696765  4.77374919917e-26
3.66507106256  5.49566043341e-26
3.75632187674  6.23554539497e-26
3.84984460077  6.99385158329e-26
3.94569579937  7.7710376394e-26
4.04393344553  1.35944997037e-25
4.14461695564  2.59312149584e-25
4.2478072254  3.85750825962e-25
4.35356666667  5.15337499192e-25
4.46195924519  6.48150546272e-25
4.57305051927  7.84270295589e-25
4.68690767949  9.23779075497e-25
4.80359958925  1.06676126412e-24
4.92319682653  1.21330334036e-24
5.04577172647  1.61499188245e-24
5.1713984252  2.45919199151e-24
5.30015290463  3.32441050538e-24
5.43211303844  4.21117072813e-24
5.56735863914  5.12000899273e-24
5.70597150638  6.05147498546e-24
5.84803547643  7.00613207839e-24
5.99363647282  8.05106549635e-24
6.1428625584  1.04475803171e-23
6.29580398853  1.30385886144e-23
6.4525532657  1.56941063339e-23
6.6132051955  1.84157395938e-23
6.77785694388  2.12051345006e-23
6.94660809603  2.40639781443e-23
7.11956071652  2.78059747047e-23
7.29681941106  3.20127666731e-23
7.47849138981  3.63242969086e-23
7.66468653214  4.07431731239e-23
7.85551745316  4.5272067957e-23
8.0510995718  4.99215286023e-23
8.25155118063  5.47093754146e-23
8.45699351738  5.96164272607e-23
8.66755083831  6.46456520383e-23
8.88335049333  6.98000915384e-23
9.10452300303  7.47850667964e-23
9.33120213764  7.95535344078e-23
9.5635249979  8.44407245608e-23
9.80163209803  8.94495931405e-23
10.0456674507  9.442872137e-23
10.295778654  9.88700569904e-23
10.5521169811  1.0341788342e-22
10.8148374712  1.08078938995e-22
11.0840990237  1.12612534106e-22
11.3600644943  1.16709517482e-22
11.6429007931  1.20908505174e-22
11.9327789861  1.25211559934e-22
12.2298743982  1.29080211736e-22
12.5343667197  1.32882102862e-22
12.8464401144  1.36778651268e-22
13.1662833315  1.40454778798e-22
13.4940898196  1.43921988022e-22
13.8300578436  1.47475521812e-22
14.1743906047  1.50848444722e-22
14.5272963631  1.54036595344e-22
14.8889885645  1.57304122692e-22
15.2596859686  1.6032450029e-22
15.6396127818  1.63276151702e-22
16.0289987924  1.66257466853e-22
16.4280795102  1.68952694308e-22
16.8370963082  1.71701287191e-22
17.2562965694  1.742976416e-22
17.6859338356  1.76814886343e-22
18.1262679613  1.79303764785e-22
18.5775652707  1.81622530361e-22
19.0400987189  1.83966602607e-22
19.5141480567  1.86122090697e-22
20  1.88323e-22

