0.2 20000 301
301
0.2  0
0.207824460767  5.36945795677e-42
0.215955032466  1.09489814792e-41
0.22440369086  1.6746788816e-41
0.233182880236  2.27714197331e-41
0.242305531726  2.90317480915e-41
0.251785082359  3.55369949179e-41
0.261635494852  4.22967419873e-41
0.271871278176  4.93209459353e-41
0.282507508925  5.66199529244e-41
0.293559853524  6.42045138826e-41
0.305044591308  7.20858003391e-41
0.316978638492  8.02754208789e-41
0.329379573097  8.87854382418e-41
0.342265660832  9.76283870896e-41
0.355655882008  1.06817292469e-40
0.369569959484  1.16365688997e-40
0.384028387728  1.26287640794e-40
0.399052462994  1.36597762205e-40
0.414664314697  1.47311239318e-40
0.430886938006  1.58443852337e-40
0.447744227714  1.70011998826e-40
0.465261013431  1.82032717857e-40
0.483463096161  1.94523715109e-40
0.502377286302  7.41002189239e-35
0.522031443137  6.86720279366e-34
0.542454515866  1.32330744795e-33
0.563676586253  1.98479937316e-33
0.585728912925  2.67217038645e-33
0.608643977422  3.38643293737e-33
0.632455532034  4.12863908482e-33
0.65719864952  4.89988204669e-33
0.682909774767  5.70129781004e-33
0.709626778467  6.53406680438e-33
0.737389012904  7.39941564034e-33
0.766237369911  8.29861891639e-33
0.796214341107  9.23300109621e-33
0.827364080478  1.02039384596e-32
0.859732469416  1.12128611295e-32
0.893367184302  1.22612551786e-32
0.928317766723  1.33506648183e-32
0.964635696448  1.44826946728e-32
1.00237446725  7.43017816633e-30
1.04158966572  1.29884906483e-28
1.08233905309  2.57130345886e-28
1.12468265038  3.89353920032e-28
1.16868282675  5.2675038502e-28
1.21440439138  6.69522116256e-28
1.26191468896  8.17879406542e-28
1.31128369884  9.72040775814e-28
1.36258413812  1.13223329301e-27
1.41589156877  1.29869291054e-27
1.47128450892  1.47166481181e-27
1.52884454851  1.65140377235e-27
1.58865646945  1.83817453511e-27
1.65080837054  2.03225220041e-27
1.71539179718  2.23392263109e-27
1.78250187627  2.44348287363e-27
1.85223745626  2.66124159566e-27
1.9247012528  2.88751954057e-27
2  3.12265e-27
2.07824460767  3.79901959449e-26
2.15955032466  7.42218406162e-26
2.2440369086  1.11870950699e-25
2.33182880236  1.50992980705e-25
2.42305531726  1.91645554656e-25
2.51785082359  2.33888550957e-25
2.61635494852  2.77784190594e-25
2.71871278176  3.23397128782e-25
2.82507508925  3.70794550196e-25
2.93559853524  4.20046267932e-25
3.05044591308  7.38967148136e-25
3.16978638492  1.42554899362e-24
3.29379573097  2.13899150267e-24
3.42265660832  2.88034552633e-24
3.55655882008  3.65070302735e-24
3.69569959484  4.45119868859e-24
3.84028387728  5.2830115843e-24
3.99052462994  6.14736691686e-24
4.14664314697  9.01184425082e-24
4.30886938006  1.21204103512e-23
4.47744227714  1.53505907191e-23
4.65261013431  1.87071431848e-23
4.83463096161  2.21950117159e-23
5.02377286302  2.59910232179e-23
5.22031443137  3.11765759571e-23
5.42454515866  3.65649994662e-23
5.63676586253  4.2164230517e-23
5.85728912925  4.79825163861e-23
6.08643977422  5.38122929915e-23
6.32455532034  5.94993494488e-23
6.5719864952  6.54088966568e-23
6.82909774767  7.15496389662e-23
7.09626778467  7.7469691109e-23
7.37389012904  8.27710563481e-23
7.66237369911  8.82798232088e-23
7.96214341107  9.40041057204e-23
8.27364080478  9.88266865372e-23
8.59732469416  1.03676118568e-22
8.93367184302  1.08715271552e-22
9.28317766723  1.13042567499e-22
9.64635696448  1.17317914186e-22
10.0237446725  1.21703914986e-22
10.4158966572  1.25385437818e-22
10.8233905309  1.29210990304e-22
11.2468265038  1.32729084533e-22
11.6868282675  1.36044937824e-22
12.1440439138  1.39290293894e-22
12.6191468896  1.42210276784e-22
13.1128369884  1.45140234753e-22
13.6258413812  1.47819143692e-22
14.1589156877  1.50469527459e-22
14.7128450892  1.52897400026e-22
15.2884454851  1.55224402077e-22
15.8865646945  1.57439835628e-22
16.5080837054  1.59465036425e-22
17.1539179718  1.61437656883e-22
17.8250187627  1.63263051034e-22
18.5223745626  1.63295828035e-22
19.247012528  1.62886800725e-22
20  1.6266709885e-22
20.7824460767  1.62610913525e-22
21.5955032466  1.62691877068e-22
22.440369086  1.62882988134e-22
23.3182880236  1.63156534764e-22
24.2305531726  1.63493450626e-22
25.1785082359  1.63820122839e-22
26.1635494852  1.64064837613e-22
27.1871278176  1.64230430323e-22
28.2507508925  1.64319628812e-22
29.3559853524  1.6433505849e-22
30.5044591308  1.6427924734e-22
31.6978638492  1.64154630832e-22
32.9379573097  1.63963556768e-22
34.2265660832  1.63708290058e-22
35.5655882008  1.6339101744e-22
36.9569959484  1.63013852154e-22
38.4028387728  1.62578838581e-22
39.9052462994  1.62087956865e-22
41.4664314697  1.61543127507e-22
43.0886938006  1.60946215972e-22
44.7744227714  1.60299037287e-22
46.5261013431  1.59603360669e-22
48.3463096161  1.58860914172e-22
50.2377286302  1.58073389373e-22
52.2031443137  1.572424461e-22
54.2454515866  1.56369717214e-22
56.3676586253  1.55456813447e-22
58.5728912925  1.54505328307e-22
60.8643977422  1.53516843045e-22
63.2455532034  1.52492931689e-22
65.719864952  1.51435166151e-22
68.2909774767  1.5034512138e-22
70.9626778467  1.49224380585e-22
73.7389012904  1.48074540481e-22
76.6237369911  1.46897216558e-22
79.6214341107  1.45694048356e-22
82.7364080478  1.44466704684e-22
85.9732469416  1.43216888784e-22
89.3367184302  1.41946343356e-22
92.8317766723  1.40656855411e-22
96.4635696448  1.39350260869e-22
100.237446725  1.38028448835e-22
104.158966572  1.36693365451e-22
108.233905309  1.35347017228e-22
112.468265038  1.33991473744e-22
116.868282675  1.32628869578e-22
121.440439138  1.31261405341e-22
126.191468896  1.29891347673e-22
131.128369884  1.28521028029e-22
136.258413812  1.27152840131e-22
141.589156877  1.25789235908e-22
147.128450892  1.2443271979e-22
152.884454851  1.2308584123e-22
158.865646945  1.21751185334e-22
165.080837054  1.20431361526e-22
171.539179718  1.19128990213e-22
178.250187627  1.17846687444e-22
185.223745626  1.16587047648e-22
192.47012528  1.15352624559e-22
200  1.14226258132e-22
207.824460767  1.13047690281e-22
215.955032466  1.11901645244e-22
224.40369086  1.10790286061e-22
233.182880236  1.09715622525e-22
242.305531726  1.08679488196e-22
251.785082359  1.07683518484e-22
261.635494852  1.06729130424e-22
271.871278176  1.05817504707e-22
282.507508925  1.04949570556e-22
293.559853524  1.04125993953e-22
305.044591308  1.03347169651e-22
316.978638492  1.0261321733e-22
329.379573097  1.01923982127e-22
342.265660832  1.01279039687e-22
355.655882008  1.0067770576e-22
369.569959484  1.00119050294e-22
384.028387728  9.96019158806e-23
399.052462994  9.91249404504e-23
414.664314697  9.86865840937e-23
430.886938006  9.82851601118e-23
447.744227714  9.79188707509e-23
465.261013431  9.7585848958e-23
483.463096161  9.72842097976e-23
502.377286302  9.70121752506e-23
522.031443137  9.67806474562e-23
542.454515866  9.65983395269e-23
563.676586253  9.6464398566e-23
585.728912925  9.63778106312e-23
608.643977422  9.58946878825e-23
632.455532034  9.59372856923e-23
657.19864952  9.60206671809e-23
682.909774767  9.61452486361e-23
709.626778467  9.63113227738e-23
737.389012904  9.65190565574e-23
766.237369911  9.67684902366e-23
796.214341107  9.70595376275e-23
827.364080478  9.73919876263e-23
859.732469416  9.77655069262e-23
893.367184302  9.81796438785e-23
928.317766723  9.86338334182e-23
964.635696448  1.0076334469e-22
1002.37446725  1.0181920812e-22
1041.58966572  1.02789849967e-22
1082.33905309  1.03684641659e-22
1124.68265038  1.04511903896e-22
1168.68282675  1.05279073847e-22
1214.40439138  1.05992838611e-22
1261.91468896  1.06659242666e-22
1311.28369884  1.07283775046e-22
1362.58413812  1.0787144056e-22
1415.89156877  1.08426818338e-22
1471.28450892  1.0895411025e-22
1528.84454851  1.09271081908e-22
1588.65646945  1.09671300619e-22
1650.80837054  1.10030423304e-22
1715.39179718  1.10351538724e-22
1782.50187627  1.10637473418e-22
1852.23745626  1.10890822104e-22
1924.7012528  1.11113973717e-22
2000  1.11309133787e-22
2078.24460767  1.11478343738e-22
2159.55032466  1.1162349759e-22
2244.0369086  1.11746356447e-22
2331.82880236  1.11848561093e-22
2423.05531726  1.1193164297e-22
2517.85082359  1.1199703377e-22
2616.35494852  1.12046073818e-22
2718.71278176  1.12080019434e-22
2825.07508925  1.12100049396e-22
2935.59853524  1.12107270627e-22
3050.44591308  1.12102723228e-22
3169.78638492  1.12087384926e-22
3293.79573097  1.12062175032e-22
3422.65660832  1.12027957969e-22
3556.55882008  1.11985546439e-22
3695.69959484  1.11935704273e-22
3840.28387728  1.11879149015e-22
3990.52462994  1.11816554281e-22
4146.64314697  1.11748551917e-22
4308.86938006  1.1167573401e-22
4477.44227714  1.11598654739e-22
4652.61013431  1.11517832135e-22
4834.63096161  1.11433749722e-22
5023.77286302  1.11346858095e-22
5220.31443137  1.11257576413e-22
5424.54515866  1.1116629385e-22
5636.76586253  1.11073370978e-22
5857.28912925  1.10979141129e-22
6086.43977422  1.10883911699e-22
6324.55532034  1.10787965428e-22
6571.9864952  1.10691561653e-22
6829.09774767  1.10594937518e-22
7096.26778467  1.1049830917e-22
7373.89012904  1.10401872915e-22
7662.37369911  1.10305806354e-22
7962.14341107  1.10210269482e-22
8273.64080478  1.10115405766e-22
8597.32469416  1.10021343186e-22
8933.67184302  1.09928195241e-22
9283.17766723  1.09836061933e-22
9646.35696448  1.09745030704e-22
10023.7446725  1.09655177345e-22
10415.8966572  1.09566566869e-22
10823.3905309  1.09479254343e-22
11246.8265038  1.09393285686e-22
11686.8282675  1.09308698425e-22
12144.0439138  1.0922552242e-22
12619.1468896  1.09143780545e-22
13112.8369884  1.0906348933e-22
13625.8413812  1.08984659572e-22
14158.9156877  1.08907296902e-22
14712.8450892  1.08831402322e-22
15288.4454851  1.08756972699e-22
15886.5646945  1.08684001235e-22
16508.0837054  1.08612477892e-22
17153.9179718  1.08542389793e-22
17825.0187627  1.08473721589e-22
18522.3745626  1.08571811114e-22
19247.012528  1.08526366578e-22
20000  1.08481472256e-22

