0.5 20000 301
301
0.5  0
0.51797667599  9.96122450005e-37
0.536599673739  2.02805884107e-36
0.555892230681  3.09709680442e-36
0.575878419714  4.20457026595e-36
0.596583179235  5.35186111065e-36
0.618032344264  6.54040090691e-36
0.640252678672  7.77167269281e-36
0.663271908584  9.04721282661e-36
0.687118756972  1.03686129038e-35
0.711822979493  1.17375217431e-35
0.737415401622  1.31556474437e-35
0.763927957112  1.46247595168e-35
0.791393727841  1.61466910933e-35
0.819846985093  1.77233412115e-35
0.849323232317  1.93566771863e-35
0.879859249433  2.10487370644e-35
0.911493138721  2.28016321668e-35
0.944264372364  2.46175497238e-35
0.978213841706  2.64987556039e-35
1.01338390827  1.16136720025e-30
1.04981845661  4.32284134522e-30
1.0875629491  7.59798108291e-30
1.12666448261  1.09908730724e-29
1.16717184731  1.45057509018e-29
1.20913558756  1.81470003709e-29
1.25260806493  2.19191649639e-29
1.29764352358  2.58269515182e-29
1.34429815793  2.98752360979e-29
1.39263018277  3.40690700781e-29
1.44269990591  3.84136864475e-29
1.49456980343  4.29145063384e-29
1.54830459763  4.75771457911e-29
1.6039713378  5.24074227611e-29
1.66163948387  5.74113643793e-29
1.7213809931  6.25952144717e-29
1.78327040983  6.79654413511e-29
1.84738495855  7.35287458877e-29
1.91380464021  7.92920698705e-29
1.98261233206  8.5262604669e-29
2.05389389107  2.30866273588e-27
2.12773826107  5.35305544713e-27
2.20423758369  8.50690428109e-27
2.28348731338  1.17741445523e-26
2.3655863365  1.51588530629e-26
2.4506370947  1.866525319e-26
2.53874571274  2.2297720155e-26
2.63002213093  2.60607864834e-26
2.72458024232  2.995914766e-26
2.82253803477  3.39976679882e-26
2.92401773821  3.81813866591e-26
3.02914597715  7.52348332335e-26
3.13805392866  2.01984995449e-25
3.25087748609  3.3329225086e-25
3.36775742859  4.69320442243e-25
3.48883959681  6.10239303069e-25
3.61427507483  7.56224669299e-25
3.74422037875  9.07458698786e-25
3.87883765192  1.06413009857e-24
4.01829486729  1.34797263374e-24
4.16276603701  2.47587745398e-24
4.31243142955  3.64433423321e-24
4.46747779462  4.85480095031e-24
4.62809859623  6.10878800334e-24
4.79449425406  7.40786009427e-24
4.96687239354  8.75363818133e-24
5.14544810495  1.1850621464e-23
5.33044421176  1.54607340909e-23
5.52209154871  1.92006423677e-23
5.72062924983  2.30750128831e-23
5.92630504679  2.70886800054e-23
6.13937557808  3.20074336167e-23
6.36010670917  3.75197596054e-23
6.58877386432  4.32302721906e-23
6.82566237018  4.91460968448e-23
7.07106781187  5.51434180994e-23
7.32529640178  6.10229500149e-23
7.58866536167  6.71138708108e-23
7.86150331847  7.34237806259e-23
8.14415071437  7.93891637159e-23
8.43696023158  8.50003072419e-23
8.74029723243  9.08131901861e-23
9.05454021523  9.663391907e-23
9.38008128661  1.01671691617e-22
9.7173266507  1.06890588974e-22
10.0666971161  1.12102578864e-22
10.4286286208  1.16647802505e-22
10.8035727762  1.21356442171e-22
11.1919974309  1.25794235694e-22
11.5943872539  1.29925100808e-22
12.0112443398  1.34184723678e-22
12.4430888353  1.37859046182e-22
12.8904595879  1.41665472896e-22
13.3539148186  1.45112391168e-22
13.8340328184  1.48524084805e-22
14.3314126696  1.51681416328e-22
14.8466749937  1.54756667484e-22
15.3804627255  1.57597800786e-22
15.9334419155  1.60397182122e-22
16.5063025609  1.62927916702e-22
17.0997594668  1.65439184597e-22
17.7145531376  1.6773229896e-22
18.3514507018  1.6854318121e-22
19.0112468682  1.68309904908e-22
19.6947649184  1.68356204429e-22
20.4028577337  1.68660522528e-22
21.1364088592  1.692010198e-22
21.8963336065  1.69955521954e-22
22.6835801957  1.70901465893e-22
23.4991309386  1.72015844532e-22
24.3440034645  1.73032321905e-22
25.2192519896  1.73665909781e-22
26.1259686331  1.74212716741e-22
27.0652847792  1.7467556901e-22
28.0383724893  1.75057193267e-22
29.0464459643  1.75360220842e-22
30.0907630598  1.75587191835e-22
31.1726268555  1.75740559151e-22
32.2933872809  1.75822692471e-22
33.4544428005  1.75835882156e-22
34.6572421578  1.75782343099e-22
35.9032861837  1.75664218522e-22
37.1941296691  1.75483583741e-22
38.5313833047  1.75242449877e-22
39.9167156909  1.7494276756e-22
41.35185542  1.74586430591e-22
42.8385932329  1.74175279605e-22
44.3787842538  1.73711105713e-22
45.9743503045  1.73195654147e-22
47.627282303  1.72630627914e-22
49.3396427475  1.72017691454e-22
51.1135682897  1.71358474315e-22
52.9512724014  1.7065457485e-22
54.8550481358  1.69907563949e-22
56.8272709893  1.69118988784e-22
58.8704018652  1.68290376606e-22
60.9869901447  1.67423238563e-22
63.1796768676  1.66519073566e-22
65.4511980279  1.65579372179e-22
67.8043879881  1.64605620557e-22
70.2421830153  1.63599304396e-22
72.767624945  1.62561912917e-22
75.3838649774  1.61494942857e-22
78.0941676085  1.60399902454e-22
80.9019147041  1.59278315422e-22
83.8106097193  1.58131724878e-22
86.8238820702  1.56961697211e-22
89.9454916625  1.55769825844e-22
93.1793335833  1.54557734879e-22
96.5294429608  1.53327082553e-22
100  1.52079564477e-22
103.595335198  1.50816916598e-22
107.319934748  1.49540917818e-22
111.178446136  1.48253392202e-22
115.175683943  1.46956210704e-22
119.316635847  1.45651292327e-22
123.606468853  1.44340604627e-22
128.050535734  1.43026163471e-22
132.654381717  1.41710031962e-22
137.423751394  1.4039431843e-22
142.364595899  1.39081173389e-22
147.483080324  1.37772785397e-22
152.785591422  1.36471375707e-22
158.278745568  1.35179191677e-22
163.969397019  1.33898498854e-22
169.864646463  1.32631571746e-22
175.971849887  1.31380683232e-22
182.298627744  1.30148092692e-22
188.852874473  1.28936032875e-22
195.642768341  1.2774669565e-22
202.676781654  1.2666809713e-22
209.963691323  1.25528641824e-22
217.51258982  1.24418172394e-22
225.332896521  1.23338549731e-22
233.434369463  1.22291512239e-22
241.827117512  1.21278659358e-22
250.521612986  1.20301435788e-22
259.528704717  1.1936111681e-22
268.859631586  1.18458795037e-22
278.526036554  1.17595368973e-22
288.539981181  1.167715337e-22
298.913960685  1.15987773962e-22
309.660919525  1.15244359918e-22
320.794267559  1.14541345714e-22
332.327896774  1.13878571017e-22
344.276198619  1.13255665567e-22
356.654081967  1.12672056747e-22
369.476991711  1.12126980133e-22
382.760928042  1.11619492946e-22
396.522466412  1.11148490321e-22
410.778778215  1.10712724348e-22
425.547652214  1.10310825907e-22
440.847516738  1.09941329536e-22
456.697462677  1.0960270197e-22
473.117267301  1.09293375903e-22
490.127418939  1.09011793191e-22
507.749142548  1.08757900983e-22
526.004426187  1.08545497723e-22
544.916048465  1.08377902014e-22
564.507606954  1.08254392808e-22
584.803547643  1.0817412266e-22
605.82919543  1.07650457185e-22
627.610785733  1.07692293607e-22
650.175497219  1.07771334784e-22
673.551485719  1.07887968279e-22
697.767919361  1.0804248448e-22
722.855014966  1.08235074766e-22
748.84407575  1.08465830487e-22
775.767530383  1.08734742778e-22
803.658973457  1.09041703211e-22
832.553207402  1.09386505269e-22
862.486285909  1.09768846626e-22
893.495558925  1.10188332176e-22
925.619719247  1.10644477772e-22
958.898850812  1.12810155646e-22
993.374478709  1.13885567487e-22
1029.08962099  1.14880249541e-22
1066.08884235  1.15802437514e-22
1104.41830974  1.16659493696e-22
1144.12584997  1.17458038753e-22
1185.26100936  1.18204058371e-22
1227.87511562  1.18902990233e-22
1272.02134183  1.19559795437e-22
1317.75477286  1.20179017513e-22
1365.13247404  1.20764831473e-22
1414.21356237  1.21321084792e-22
1465.05928036  1.21851331811e-22
1517.73307233  1.22171317767e-22
1572.30066369  1.22582711842e-22
1628.83014287  1.22955496145e-22
1687.39204632  1.23292359788e-22
1748.05944649  1.23595777981e-22
1810.90804305  1.23868035327e-22
1876.01625732  1.24111245965e-22
1943.46533014  1.24327371064e-22
2013.33942322  1.24518234056e-22
2085.72572415  1.24685533933e-22
2160.71455525  1.24830856902e-22
2238.39948618  1.24955686592e-22
2318.87745078  1.25061413051e-22
2402.24886796  1.2514934065e-22
2488.61776706  1.25220695073e-22
2578.09191758  1.25276629489e-22
2670.78296373  1.25318230017e-22
2766.80656368  1.25346520578e-22
2866.28253393  1.25362467199e-22
2969.33499874  1.25366981854e-22
3076.0925451  1.2536092589e-22
3186.68838309  1.25345113089e-22
3301.26051218  1.25320312426e-22
3419.95189335  1.25287250547e-22
3542.91062753  1.25246614014e-22
3670.29014035  1.2519905134e-22
3802.24937364  1.25145174859e-22
3938.95298368  1.25085562423e-22
4080.57154674  1.25020758991e-22
4227.28177184  1.24951278087e-22
4379.2667213  1.2487760317e-22
4536.71603914  1.24800188923e-22
4699.82618773  1.24719462469e-22
4868.8006929  1.24635824525e-22
5043.85039793  1.24549650514e-22
5225.19372662  1.24461291623e-22
5413.05695583  1.24371075835e-22
5607.67449785  1.24279308916e-22
5809.28919286  1.24186275386e-22
6018.15261197  1.24092239459e-22
6234.52537109  1.2399744596e-22
6458.67745619  1.23902121221e-22
6690.88856009  1.23806473961e-22
6931.44843155  1.23710696145e-22
7180.65723674  1.23614963821e-22
7438.82593382  1.23519437944e-22
7706.27666093  1.23424265177e-22
7983.34313818  1.23329578674e-22
8270.371084  1.23235498846e-22
8567.71864659  1.23142134101e-22
8875.75685075  1.23049581565e-22
9194.87006089  1.22957927787e-22
9525.4564606  1.22867249413e-22
9867.9285495  1.22777613838e-22
10222.7136579  1.22689079845e-22
10590.2544803  1.226016982e-22
10971.0096272  1.22515512248e-22
11365.4541979  1.22430558457e-22
11774.080373  1.22346866959e-22
12197.3980289  1.22264462056e-22
12635.9353735  1.221833627e-22
13090.2396056  1.22103582951e-22
13560.8775976  1.22025132412e-22
14048.4366031  1.21948016634e-22
14553.524989  1.21872237503e-22
15076.7729955  1.21797793601e-22
15618.8335217  1.21724680544e-22
16180.3829408  1.21652891296e-22
16762.1219439  1.21582416467e-22
17364.776414  1.21513244586e-22
17989.0983325  1.21445362353e-22
18635.8667167  1.21561545281e-22
19305.8885922  1.21516485814e-22
20000  1.21471925852e-22

