1 20000 251
251
1  0
1.04040904696  1.97798452718e-38
1.082450985  4.03589752401e-38
1.12619179768  6.17696882376e-38
1.17170013492  8.40455877421e-38
1.21904742069  1.07221635116e-37
1.26830796516  1.31334204476e-37
1.31955908129  1.56421139784e-37
1.37288120617  1.82521814239e-37
1.4283580273  2.09677192074e-37
1.4860766139  2.37929892846e-37
1.54612755358  2.67324258331e-37
1.6086050945  2.97906422112e-37
1.6736072933  3.29724381984e-37
1.74123616901  3.62828075292e-37
1.81159786313  3.97269457296e-37
1.88480280626  4.33102582724e-37
1.96096589137  4.70383690599e-37
2.04020665416  3.65439004069e-33
2.12264946065  1.11466278887e-32
2.20842370239  1.89416199278e-32
2.29766399949  2.70516001662e-32
2.39051041194  3.54892969769e-32
2.48710865943  4.42679530743e-32
2.58761035005  5.34013462982e-32
2.6921732182  6.29038112378e-32
2.8009613722  7.27902617293e-32
2.91414555182  8.3076214263e-32
3.03190339627  2.28387430011e-30
3.15441972299  1.07054789543e-29
3.28188681771  1.94673926265e-29
3.41450473624  2.85833668797e-29
3.55248161847  3.80677089646e-29
3.69603401502  4.79353042742e-29
3.8453872271  5.8201639706e-29
4.00077566014  7.24528298344e-29
4.16244319166  8.27645885434e-28
4.33064355406  1.61335557268e-27
4.50564073281  2.43081503958e-27
4.68770938077  3.28130726446e-27
4.87713524927  4.1661670696e-27
5.07421563659  1.11640138864e-26
5.27925985453  2.89121070958e-26
5.49258971391  4.7377383837e-26
5.71454002959  6.65888248133e-26
5.945459146  8.65765818101e-26
6.18570948383  2.23934904192e-25
6.43566810884  4.02460327291e-25
6.69572732367  5.88199792595e-25
6.96629528353  7.81444812675e-25
7.24779663678  1.62946511315e-24
7.54067319143  2.60330791019e-24
7.84538460853  3.61650276654e-24
8.1624091236  5.68937517236e-24
8.49224429718  8.85504897916e-24
8.83540779578  1.21486446475e-23
9.19243820431  1.71565410997e-23
9.56389587139  2.37738584548e-23
9.95036378878  3.06585752976e-23
10.3524485064  3.96850917387e-23
10.7707810842  4.93494213972e-23
11.2060180829  5.95897404209e-23
11.6588425938  7.0458548372e-23
12.1299653117  8.15597658328e-23
12.6201256496  9.2544820372e-23
13.1300928996  1.03664249903e-22
13.6606674402  1.14292675516e-22
14.2126819923  1.24842195924e-22
14.7870029263  1.34974103194e-22
15.384531622  1.4468711346e-22
16.0062058827  1.54303649835e-22
16.6530014079  1.63110719474e-22
17.3259333238  1.71753276848e-22
18.0260577771  1.79812979029e-22
18.7544735924  1.79387373878e-22
19.5123239965  1.80353145108e-22
20.3007984131  1.82665165602e-22
21.1211343295  1.86279142562e-22
21.9746192385  1.9115148328e-22
22.8625926593  1.97239159648e-22
23.7864482397  2.0449957122e-22
24.7476359436  2.09230143058e-22
25.7476643266  2.12779477e-22
26.7881029035  2.16067533985e-22
27.8705846117  2.19104352473e-22
28.996808374  2.21899570365e-22
30.1685417653  2.24462442546e-22
31.3876237862  2.26801857923e-22
32.6559677498  2.2892635601e-22
33.9755642841  2.30844143081e-22
35.3484844568  2.32563107913e-22
36.7768830251  2.34090837172e-22
38.2630018183  2.35434630438e-22
39.8091732557  2.36601514937e-22
41.4178240072  2.37598259982e-22
43.0914788025  2.3843139116e-22
44.832764393  2.39107204302e-22
46.6444136747  2.39631779257e-22
48.5292699773  2.40010993496e-22
50.4902915267  2.40250535582e-22
52.5305560881  2.40355918527e-22
54.6532657959  2.40332493049e-22
56.8617521799  2.40185460774e-22
59.159481394  2.39919887379e-22
61.5500596558  2.39540715705e-22
64.0372389068  2.39052778847e-22
66.624922701  2.38460813223e-22
69.3171723311  2.37769471627e-22
72.118213203  2.36983336258e-22
75.032441467  2.361069317e-22
78.0644309178  2.35144737837e-22
81.2189401726  2.34101202654e-22
84.5009201401  2.32980754874e-22
87.9155217902  2.3178781636e-22
91.4681042388  2.30526814197e-22
95.1642431583  2.29202192343e-22
99.009739529  2.27818422722e-22
103.010628743  2.26380015603e-22
107.173190077  2.24891529091e-22
111.503956548  2.23357577533e-22
116.009725165  2.21782838586e-22
120.697567597  2.20172058733e-22
125.574841273  2.18530056939e-22
130.649200932  2.16861726172e-22
135.928610627  2.15172032483e-22
141.421356237  2.13466011331e-22
147.136058463  2.11748760865e-22
153.081686359  2.10025431864e-22
159.267571411  2.08301214101e-22
165.703422184  2.06581318935e-22
172.399339552  2.04870958e-22
179.36583256  2.03175317961e-22
186.613834911  2.01499531423e-22
194.154722129  1.99848644187e-22
202.000329413  1.98346916947e-22
210.162970211  1.96757644037e-22
218.655455543  1.95207657118e-22
227.491114114  1.93701254722e-22
236.683813228  1.92242448037e-22
246.247980551  1.90834919215e-22
256.198626761  1.89481981584e-22
266.551369101  1.88186542983e-22
277.322455892  1.86951073399e-22
288.528792035  1.85777578059e-22
300.187965542  1.84667576986e-22
312.318275138  1.83622091918e-22
324.938758985  1.82641641238e-22
338.069224556  1.81726243401e-22
351.730279727  1.80875429087e-22
365.943365117  1.8008826211e-22
380.730787743  1.79363368969e-22
396.115756024  1.78698976793e-22
412.122416211  1.78092959517e-22
428.775890281  1.77542892336e-22
446.102315367  1.77046115117e-22
464.128884777  1.76599806942e-22
482.883890678  1.76201077898e-22
502.396768493  1.75847180697e-22
522.698143103  1.75556132578e-22
543.819876914  1.75342494003e-22
565.795119858  1.7520507589e-22
588.658361426  1.7514238152e-22
612.445484796  1.7447943857e-22
637.193823152  1.74620106148e-22
662.942218274  1.74825668277e-22
689.731081504  1.75096923748e-22
717.602457167  1.75434436617e-22
746.600088557  1.75838532981e-22
776.769486596  1.76309300266e-22
808.158001257  1.76846589053e-22
840.814895881  1.77450017396e-22
874.791424493  1.78118977532e-22
910.140912246  1.78852644846e-22
946.918839109  1.81710293875e-22
985.182926946  1.83500002223e-22
1024.99323011  1.85139720063e-22
1066.41222967  1.86646556848e-22
1109.50493154  1.88035558177e-22
1154.33896842  1.89320058146e-22
1200.98470601  1.90511956242e-22
1249.51535339  1.91621937077e-22
1300.00707798  1.9265964633e-22
1352.53912504  1.93633832742e-22
1407.19394206  1.94552463531e-22
1464.05730815  1.95422818821e-22
1523.21846867  1.95976343539e-22
1584.7702753  1.96642579093e-22
1648.80933177  1.97240246106e-22
1715.43614549  1.97774637985e-22
1784.75528525  1.98250581756e-22
1856.87554538  1.986724944e-22
1931.9101165  1.99044430755e-22
2009.97676312  1.99370124415e-22
2091.19800853  1.99653022786e-22
2175.70132706  1.99896317235e-22
2263.61934415  2.00102969093e-22
2355.09004453  2.00275732147e-22
2450.25698873  2.00417172136e-22
2549.26953846  2.00529683693e-22
2652.28309095  2.00615505097e-22
2759.45932292  2.0067673115e-22
2870.96644429  2.00715324442e-22
2986.97946215  2.00733125226e-22
3107.68045551  2.00731860117e-22
3233.25886097  2.00713149757e-22
3363.91177012  2.00678515615e-22
3499.84423881  2.00629386042e-22
3641.26960901  2.00567101682e-22
3788.40984363  2.00492920348e-22
3941.49587491  2.0040802144e-22
4100.76796681  2.00313509969e-22
4266.47609215  2.00210420266e-22
4438.88032492  2.00099719405e-22
4618.25124841  1.99982310409e-22
4804.87037999  1.99859035258e-22
4999.03061281  1.9973067774e-22
5201.0366756  1.99597966171e-22
5411.20561086  1.99461576e-22
5629.8672725  1.99322132318e-22
5857.36484349  1.99180212297e-22
6094.05537452  1.9903634754e-22
6340.31034432  1.98891026387e-22
6596.51624277  1.98744696149e-22
6863.0751774  1.98597765297e-22
7140.40550453  1.98450605592e-22
7428.94248588  1.98303554166e-22
7729.13897165  1.98156915551e-22
8041.46611132  1.98010963654e-22
8366.41409304  1.9786594368e-22
8704.49291301  1.97722073985e-22
9056.2331759  1.97579547891e-22
9422.18692758  1.97438535419e-22
9802.92852161  1.97299184972e-22
10199.0555206  1.97161624945e-22
10611.1896341  1.97025965269e-22
11039.9776943  1.96892298895e-22
11486.0926714  1.96760703193e-22
11950.2347295  1.96631241292e-22
12433.1323259  1.96503963351e-22
12935.5433539  1.96378907748e-22
13458.2563327  1.96256102214e-22
14002.0916449  1.96135564887e-22
14567.9028237  1.96017305301e-22
15156.577893  1.95901325314e-22
15769.0407609  1.95787619964e-22
16406.2526695  1.95676178268e-22
17069.213704  1.95566983956e-22
17758.9643622  1.95460016152e-22
18476.5871871  1.95607709707e-22
19223.2084664  1.95537671737e-22
20000  1.95468444381e-22

