1 20000 251
251
1  0
1.04040904696  2.01420110925e-35
1.082450985  4.10979416572e-35
1.12619179768  6.29006814041e-35
1.17170013492  8.55844490853e-35
1.21904742069  1.091848462e-34
1.26830796516  1.3373891287e-34
1.31955908129  1.59285185973e-34
1.37288120617  1.85863759625e-34
1.4283580273  2.13516348109e-34
1.4860766139  2.42286351339e-34
1.54612755358  2.7221892298e-34
1.6086050945  3.03361041315e-34
1.6736072933  3.35761582972e-34
1.74123616901  3.69471399638e-34
1.81159786313  4.04543397869e-34
1.88480280626  4.41032622124e-34
1.96096589137  4.78996341154e-34
2.04020665416  3.88157418159e-31
2.12264946065  1.18304308375e-30
2.20842370239  2.01004932152e-30
2.29766399949  2.8704740932e-30
2.39051041194  3.76566780988e-30
2.48710865943  4.69703545149e-30
2.58761035005  5.66603877187e-30
2.6921732182  6.67419859293e-30
2.8009613722  7.72309719154e-30
2.91414555182  8.81438078288e-30
3.03190339627  8.36801291447e-29
3.15441972299  3.68002835678e-28
3.28188681771  6.63814751812e-28
3.41450473624  9.71580145556e-28
3.55248161847  1.29178204555e-27
3.69603401502  1.62492299916e-27
3.8453872271  1.9715258612e-27
4.00077566014  2.39037240339e-27
4.16244319166  1.49038067533e-26
4.33064355406  2.79228970594e-26
4.50564073281  4.14680763971e-26
4.68770938077  5.55606035228e-26
4.87713524927  7.02225962389e-26
5.07421563659  1.42494113974e-25
5.27925985453  3.15892668123e-25
5.49258971391  4.96298092589e-25
5.71454002959  6.83993528324e-25
5.945459146  8.79273557737e-25
6.18570948383  1.73820882889e-24
6.43566810884  2.8322260628e-24
6.69572732367  3.97045149049e-24
6.96629528353  5.15467152294e-24
7.24779663678  8.36960271255e-24
7.54067319143  1.19950483576e-23
7.84538460853  1.5766994806e-23
8.1624091236  2.10566505289e-23
8.49224429718  2.79123493789e-23
8.83540779578  3.50450804856e-23
9.19243820431  4.31159986572e-23
9.56389587139  5.20914290557e-23
9.95036378878  6.14295480426e-23
10.3524485064  7.0810004046e-23
10.7707810842  8.05204288934e-23
11.2060180829  9.00937878783e-23
11.6588425938  9.94411133155e-23
12.1299653117  1.0880829009e-22
12.6201256496  1.17576633767e-22
13.1300928996  1.2637767821e-22
13.6606674402  1.34557277856e-22
14.2126819923  1.42619764543e-22
14.7870029263  1.50264977274e-22
15.384531622  1.57539830198e-22
16.0062058827  1.64708054301e-22
16.6530014079  1.71224574712e-22
17.3259333238  1.77601036122e-22
18.0260577771  1.83520087631e-22
18.7544735924  1.8299785231e-22
19.5123239965  1.83447400551e-22
20.3007984131  1.84828589093e-22
21.1211343295  1.87101564792e-22
21.9746192385  1.90226644013e-22
22.8625926593  1.94164190188e-22
23.7864482397  1.98874489394e-22
24.7476359436  2.02017471724e-22
25.7476643266  2.04386493965e-22
26.7881029035  2.0655474836e-22
27.8705846117  2.08529850294e-22
28.996808374  2.10319112336e-22
30.1685417653  2.11929557783e-22
31.3876237862  2.1336793384e-22
32.6559677498  2.14640724479e-22
33.9755642841  2.15754162973e-22
35.3484844568  2.16714244163e-22
36.7768830251  2.17526736453e-22
38.2630018183  2.18197193578e-22
39.8091732557  2.18730966153e-22
41.4178240072  2.19133213046e-22
43.0914788025  2.19408912581e-22
44.832764393  2.19562873603e-22
46.6444136747  2.19599746435e-22
48.5292699773  2.19524033736e-22
50.4902915267  2.19340101291e-22
52.5305560881  2.19052188754e-22
54.6532657959  2.18664420359e-22
56.8617521799  2.18180815616e-22
59.159481394  2.17605300012e-22
61.5500596558  2.16941715723e-22
64.0372389068  2.16193832349e-22
66.624922701  2.15365357667e-22
69.3171723311  2.14459948407e-22
72.118213203  2.13481221043e-22
75.032441467  2.12432762567e-22
78.0644309178  2.11318141236e-22
81.2189401726  2.10140917241e-22
84.5009201401  2.08904653252e-22
87.9155217902  2.0761292477e-22
91.4681042388  2.06269330213e-22
95.1642431583  2.0487750062e-22
99.009739529  2.0344110887e-22
103.010628743  2.01963878266e-22
107.173190077  2.00449590323e-22
111.503956548  1.98902091577e-22
116.009725165  1.97325299207e-22
120.697567597  1.95723205233e-22
125.574841273  1.94099879062e-22
130.649200932  1.9245946809e-22
135.928610627  1.90806196113e-22
141.421356237  1.89144359258e-22
147.136058463  1.87478319163e-22
153.081686359  1.85812493171e-22
159.267571411  1.84151341301e-22
165.703422184  1.82499349845e-22
172.399339552  1.80861011475e-22
179.36583256  1.79240801844e-22
186.613834911  1.7764315277e-22
194.154722129  1.76072422182e-22
202.000329413  1.74641429463e-22
210.162970211  1.73134561488e-22
218.655455543  1.71667035493e-22
227.491114114  1.70242549053e-22
236.683813228  1.68864543661e-22
246.247980551  1.67536167141e-22
256.198626761  1.66260237874e-22
266.551369101  1.65039211921e-22
277.322455892  1.63875154113e-22
288.528792035  1.62769714114e-22
300.187965542  1.61724108368e-22
312.318275138  1.60739108703e-22
324.938758985  1.59815038172e-22
338.069224556  1.58951774543e-22
351.730279727  1.58148761618e-22
365.943365117  1.57405028413e-22
380.730787743  1.5671921605e-22
396.115756024  1.56089612169e-22
412.122416211  1.55514192668e-22
428.775890281  1.54990670841e-22
446.102315367  1.54516554513e-22
464.128884777  1.54089213151e-22
482.883890678  1.5370596047e-22
502.396768493  1.53364245226e-22
522.698143103  1.53080279921e-22
543.819876914  1.52867148871e-22
565.795119858  1.52723710277e-22
588.658361426  1.52648550516e-22
612.445484796  1.52032190019e-22
637.193823152  1.52142152229e-22
662.942218274  1.5231135045e-22
689.731081504  1.5254046711e-22
717.602457167  1.52829976339e-22
746.600088557  1.53180141019e-22
776.769486596  1.53591012061e-22
808.158001257  1.54062429939e-22
840.814895881  1.54594028431e-22
874.791424493  1.55185240498e-22
910.140912246  1.55835306163e-22
946.918839109  1.58402993301e-22
985.182926946  1.60007337049e-22
1024.99323011  1.61476786599e-22
1066.41222967  1.62826737433e-22
1109.50493154  1.64070733174e-22
1154.33896842  1.65220780645e-22
1200.98470601  1.66287597651e-22
1249.51535339  1.67280809784e-22
1300.00707798  1.68209108113e-22
1352.53912504  1.69080376524e-22
1407.19394206  1.69901795306e-22
1464.05730815  1.70679925938e-22
1523.21846867  1.71172148321e-22
1584.7702753  1.71766480416e-22
1648.80933177  1.72299150047e-22
1715.43614549  1.72774927813e-22
1784.75528525  1.73198163998e-22
1856.87554538  1.73572839271e-22
1931.9101165  1.73902607809e-22
2009.97676312  1.74190834126e-22
2091.19800853  1.74440624653e-22
2175.70132706  1.746548549e-22
2263.61934415  1.74836192895e-22
2355.09004453  1.74987119454e-22
2450.25698873  1.75109945762e-22
2549.26953846  1.75206828652e-22
2652.28309095  1.75279783905e-22
2759.45932292  1.75330697872e-22
2870.96644429  1.75361337631e-22
2986.97946215  1.75373359902e-22
3107.68045551  1.75368318892e-22
3233.25886097  1.75347673217e-22
3363.91177012  1.75312792036e-22
3499.84423881  1.7526496052e-22
3641.26960901  1.75205384734e-22
3788.40984363  1.75135196041e-22
3941.49587491  1.75055455088e-22
4100.76796681  1.74967155445e-22
4266.47609215  1.74871226949e-22
4438.88032492  1.747685388e-22
4618.25124841  1.7465990245e-22
4804.87037999  1.74546074327e-22
4999.03061281  1.74427758406e-22
5201.0366756  1.74305608665e-22
5411.20561086  1.74180231438e-22
5629.8672725  1.74052187687e-22
5857.36484349  1.73921995191e-22
6094.05537452  1.73790130683e-22
6340.31034432  1.73657031923e-22
6596.51624277  1.73523099718e-22
6863.0751774  1.73388699898e-22
7140.40550453  1.73254165237e-22
7428.94248588  1.73119797336e-22
7729.13897165  1.7298586845e-22
8041.46611132  1.72852623272e-22
8366.41409304  1.72720280665e-22
8704.49291301  1.72589035343e-22
9056.2331759  1.72459059495e-22
9422.18692758  1.72330504362e-22
9802.92852161  1.72203501742e-22
10199.0555206  1.72078165454e-22
10611.1896341  1.71954592722e-22
11039.9776943  1.71832865516e-22
11486.0926714  1.71713051811e-22
11950.2347295  1.71595206801e-22
12433.1323259  1.71479374035e-22
12935.5433539  1.71365586498e-22
13458.2563327  1.71253867626e-22
14002.0916449  1.71144232258e-22
14567.9028237  1.71036687528e-22
15156.577893  1.70931233697e-22
15769.0407609  1.70827864929e-22
16406.2526695  1.70726570005e-22
17069.213704  1.70627332988e-22
17758.9643622  1.70530133834e-22
18476.5871871  1.70662790944e-22
19223.2084664  1.70598971347e-22
20000  1.70535907931e-22

