1 20 101
101
1  0
1.03041055791  5.25956681187e-37
1.06174591785  1.06790799849e-36
1.09403420358  1.6263403577e-36
1.12730439408  2.20175495652e-36
1.16158634964  2.79466823432e-36
1.1969108386  3.40561233569e-36
1.23330956497  4.03513558803e-36
1.27081519692  4.6838029937e-36
1.30946139606  5.35219673707e-36
1.34928284767  6.04091670708e-36
1.39031529185  6.75058103563e-36
1.43259555555  7.48182665233e-36
1.47616158565  8.23530985621e-36
1.52105248304  9.0117069047e-36
1.56730853766  9.81171462059e-36
1.61497126471  1.06360510175e-35
1.66408344188  1.14854559441e-35
1.71468914776  1.23606917484e-35
1.76683380139  1.32625439618e-35
1.82056420303  1.41918220042e-35
1.87592857615  1.51493599103e-35
1.93297661076  1.61360170783e-35
1.99175950792  7.43589051462e-34
2.05233002578  4.67681921629e-32
2.11474252688  1.02526628448e-31
2.17905302696  1.59980709889e-31
2.24531924523  2.19182002001e-31
2.31360065617  2.80183638435e-31
2.3839585429  3.43040368667e-31
2.45645605223  4.07808607133e-31
2.53115825126  4.74546483866e-31
2.60813218585  5.43313896665e-31
2.68744694072  6.14172564852e-31
2.76917370155  6.87186084672e-31
2.85338581877  7.62419986365e-31
2.94015887345  8.39941792982e-31
3.02957074514  1.18473117762e-29
3.12170168173  4.59754296199e-29
3.21663437151  8.11414025677e-29
3.31445401734  1.17376792372e-28
3.41524841318  1.54714120597e-28
3.51910802283  1.93186897804e-28
3.62612606115  2.3282965363e-28
3.73639857773  2.73677967778e-28
3.85002454306  3.15768501949e-28
3.96710593738  3.59139032747e-28
4.08774784223  1.94168360299e-27
4.21205853471  4.16638206541e-27
4.34014958471  6.45873484926e-27
4.472135955  8.8207993602e-27
4.60813610445  1.12546955707e-26
4.74827209431  1.37626079229e-26
4.89266969782  1.63467872889e-26
5.041458513  2.91006431138e-26
5.19477207907  6.91612326253e-26
5.35274799621  1.10440087014e-25
5.51552804914  1.52974254395e-25
5.68325833429  1.96801909536e-25
5.85608939099  2.41962388122e-25
6.03417633655  3.40909628019e-25
6.21767900547  6.62671036401e-25
6.40676209294  9.95448572525e-25
6.6015953026  1.33834605918e-24
6.80235349885  1.69167124972e-24
7.00921686386  2.14517982244e-24
7.22237105921  3.50837001689e-24
7.44200739256  4.95915607285e-24
7.66832298935  6.45406134219e-24
7.9015209697  7.99442751479e-24
8.14181063074  1.0741942724e-23
8.38940763443  1.44032782165e-23
8.64453420113  1.81759569641e-23
8.90741930907  2.20633649771e-23
9.17829889981  2.72414172266e-23
9.45741609003  3.3204225673e-23
9.74502138973  3.93483664509e-23
10.041372927  4.57623757534e-23
10.34673668  5.28353874191e-23
10.661386715  6.01312721756e-23
10.9856054331  6.76301022326e-23
11.3196838233  7.49782812628e-23
11.6639217237  8.25110671193e-23
12.0186280908  9.01941556322e-23
12.3841212763  9.73628479565e-23
12.7607293136  1.04713747253e-22
13.1487902114  1.11923551328e-22
13.5486522576  1.18748396732e-22
13.9606743317  1.25756960156e-22
14.3852262269  1.32172609469e-22
14.8226889821  1.38668931385e-22
15.2734552238  1.44839416775e-22
15.7379295184  1.5084785625e-22
16.2165287354  1.56690187929e-22
16.7096824217  1.62275153425e-22
17.2178331866  1.67734143371e-22
17.7414370999  1.72952903574e-22
18.2809641002  1.78008103364e-22
18.8368984177  1.82911444044e-22
19.4097390079  1.8756727069e-22
20  1.92202e-22

