0.1 20 151
151
0.1  0
0.103595335198  3.77071564893e-42
0.107319934748  7.67700116481e-42
0.111178446136  1.17237307388e-41
0.115175683943  1.59159538055e-41
0.119316635847  2.02589013437e-41
0.123606468853  2.47579924033e-41
0.128050535734  2.94188408675e-41
0.132654381717  3.42472624569e-41
0.137423751394  3.92492819873e-41
0.142364595899  4.44311408865e-41
0.147483080324  4.97993049826e-41
0.152785591422  5.53604725719e-41
0.158278745568  6.1121582777e-41
0.163969397019  6.70898242051e-41
0.169864646463  7.32726439179e-41
0.175971849887  7.96777567241e-41
0.182298627744  8.63131548055e-41
0.188852874473  9.31871176896e-41
0.195642768341  1.00308222581e-40
0.202676781654  1.06055884033e-33
0.209963691323  3.947681028e-33
0.21751258982  6.9386049359e-33
0.225332896521  1.00370625838e-32
0.233434369463  1.32469201701e-32
0.241827117512  1.6572182896e-32
0.250521612986  2.00169999632e-32
0.259528704717  2.35856697508e-32
0.268859631586  2.72826451794e-32
0.278526036554  3.11125392669e-32
0.288539981181  3.50801308846e-32
0.298913960685  3.91903707201e-32
0.309660919525  4.34483874553e-32
0.320794267559  4.78594941648e-32
0.332327896774  5.24291949465e-32
0.344276198619  5.71631917888e-32
0.356654081967  6.20673916858e-32
0.369476991711  6.7147914008e-32
0.382760928042  7.24110981374e-32
0.396522466412  7.78635113784e-32
0.410778778215  8.35119571517e-32
0.425547652214  8.93634834841e-32
0.440847516738  9.54253918024e-32
0.456697462677  1.01705246044e-31
0.473117267301  1.08210882096e-31
0.490127418939  1.1495041757e-31
0.507749142548  4.45820647293e-29
0.526004426187  1.4932763785e-28
0.544916048465  2.5783916543e-28
0.564507606954  3.70252046155e-28
0.584803547643  4.86706546747e-28
0.60582919543  6.07347976989e-28
0.627610785733  7.32326871036e-28
0.650175497219  8.61799175251e-28
0.673551485719  9.9592644279e-28
0.697767919361  1.13487603519e-27
0.722855014966  1.27882133119e-27
0.74884407575  1.42794194309e-27
0.775767530383  1.58242394083e-27
0.803658973457  1.74246008421e-27
0.832553207402  1.90825006339e-27
0.862486285909  2.08000074804e-27
0.893495558925  2.2579264455e-27
0.925619719247  2.4422491682e-27
0.958898850812  2.63319891062e-27
0.993374478709  3.15534232758e-27
1.02908962099  6.2541470441e-26
1.06608884235  1.38439119087e-25
1.10441830974  2.17065542609e-25
1.14412584997  2.98518849611e-25
1.18526100936  3.8290067603e-25
1.22787511562  4.70316311955e-25
1.27202134183  5.60874833006e-25
1.31775477286  6.5468923644e-25
1.36513247404  7.51876582141e-25
1.41421356237  8.5255813869e-25
1.46505928036  9.56859534679e-25
1.51773307233  1.06491091547e-24
1.57230066369  1.17684710559e-24
1.62883014287  1.29280777695e-24
1.68739204632  1.41293762314e-24
1.74805944649  1.53738653998e-24
1.81090804305  1.66630981252e-24
1.87601625732  1.79986830887e-24
1.94346533014  1.93822868084e-24
2.01333942322  2.31687363045e-24
2.08572572415  3.70540603577e-24
2.16071455525  5.14980340588e-24
2.23839948618  6.64613170304e-24
2.31887745078  8.19625801814e-24
2.40224886796  9.80211657027e-24
2.48861776706  1.14657111201e-23
2.57809191758  1.31891174704e-23
2.67078296373  1.49744860558e-23
2.76680656368  1.68240446264e-23
2.86628253393  1.87401010272e-23
2.96933499874  2.07250460783e-23
3.0760925451  2.36953345536e-23
3.18668838309  2.71539871357e-23
3.30126051218  3.07369898714e-23
3.41995189335  3.44488135657e-23
3.54291062753  3.82940897637e-23
3.67029014035  4.22776165303e-23
3.80224937364  4.64043644368e-23
3.93895298368  5.06794827634e-23
4.08057154674  5.4635995517e-23
4.22728177184  5.83640343759e-23
4.3792667213  6.22261087282e-23
4.53671603914  6.6227037599e-23
4.69982618773  7.03718132737e-23
4.8688006929  7.46656075272e-23
5.04385039793  7.87716693564e-23
5.22519372662  8.19657943201e-23
5.41305695583  8.52745936823e-23
5.60767449785  8.87023554726e-23
5.80928919286  9.2253356789e-23
6.01815261197  9.58045113295e-23
6.23452537109  9.85093292062e-23
6.45867745619  1.01278210426e-22
6.69088856009  1.04146642207e-22
6.93144843155  1.07118203726e-22
7.18065723674  1.09549544623e-22
7.43882593382  1.11813942266e-22
7.70627666093  1.14159752593e-22
7.98334313818  1.16563829979e-22
8.270371084  1.18451504528e-22
8.56771864659  1.20338174813e-22
8.87575685075  1.22292677218e-22
9.19487006089  1.24004294349e-22
9.5254564606  1.2557061271e-22
9.8679285495  1.27193245468e-22
10.2227136579  1.28623219019e-22
10.5902544803  1.29950408928e-22
10.9710096272  1.31314579318e-22
11.3654541979  1.32436095407e-22
11.774080373  1.33561043267e-22
12.1973980289  1.34599115045e-22
12.6359353735  1.35523551767e-22
13.0902396056  1.36438371875e-22
13.5608775976  1.37211961015e-22
14.0484366031  1.37990498922e-22
14.553524989  1.38640958461e-22
15.0767729955  1.39285015072e-22
15.6188335217  1.39816600351e-22
16.1803829408  1.40320679547e-22
16.7621219439  1.40745349019e-22
17.364776414  1.41114155382e-22
17.9890983325  1.41442798336e-22
18.6358667167  1.41698172819e-22
19.3058885922  1.41919060477e-22
20  1.42103e-22

