0.2 20 151
151
0.2  0
0.206235454919  2.7353693637e-41
0.212665314327  5.55602008916e-41
0.219295639229  8.46461101682e-41
0.22613267959  1.14638838825e-40
0.233182880236  1.45566659019e-40
0.240452886923  1.77458724356e-40
0.247949552606  2.10345097371e-40
0.255679943893  2.44256777868e-40
0.263651347711  2.7922573214e-40
0.271871278176  3.15284923101e-40
0.280347483669  3.52468341361e-40
0.289087954149  3.90811037262e-40
0.298100928677  4.30349153921e-40
0.307394903187  4.71119961301e-40
0.316978638492  5.13161891338e-40
0.326861168545  5.56514574172e-40
0.33705180895  6.01218875503e-40
0.34756016575  6.47316935112e-40
0.358396144475  6.94852206583e-40
0.369569959484  7.43869498266e-40
0.381092143593  7.94415015512e-40
0.392973557999  8.46536404229e-40
0.405225402524  9.00282795793e-40
0.417859226171  9.55704853366e-40
0.430886938006  1.01285481965e-39
0.444320818391  1.07178656612e-39
0.458173530554  1.13255564383e-39
0.472458132527  1.19521933577e-39
0.487188089458  1.25983671084e-39
0.502377286302  2.63854428262e-34
0.518040040906  1.87798035092e-33
0.534191117512  3.55931707369e-33
0.550845740668  5.29307329315e-33
0.568019609583  7.08088330635e-33
0.585728912925  8.92443236324e-33
0.60399034408  1.08254582553e-32
0.622821116889  1.27857529536e-32
0.642238981873  1.4807164298e-32
0.662262242965  1.6891597739e-32
0.682909774767  1.90410181337e-32
0.704201040337  2.12574515983e-32
0.72615610954  2.35429874176e-32
0.748795677965  2.58997800147e-32
0.772141086431  2.83300509818e-32
0.796214341107  3.08360911742e-32
0.821038134255  3.34202628698e-32
0.846635865618  3.6085001996e-32
0.87303166448  3.88328204256e-32
0.900250412412  4.16663083449e-32
0.928317766723  4.45881366952e-32
0.957260184645  4.76010596902e-32
0.987104948279  5.07079174127e-32
1.0178801903  1.1480439298e-28
1.0496149205  3.18473066103e-28
1.08233905309  5.28491573373e-28
1.11608343495  7.45057885314e-28
1.15087987467  9.6837614463e-28
1.18676117255  1.19865685864e-27
1.2237611515  1.4361170977e-27
1.26191468896  1.68098069984e-27
1.30125774973  1.93347848174e-27
1.34182741991  2.19384845633e-27
1.38366194184  2.4623360571e-27
1.42680075014  2.73919436953e-27
1.47128450892  3.02468436959e-27
1.51715515006  3.31907516978e-27
1.56445591277  3.62264427278e-27
1.61323138435  3.93567783306e-27
1.66352754221  4.25847092661e-27
1.71539179718  4.59132782908e-27
1.76887303828  4.93456230259e-27
1.82402167871  5.28849789153e-27
1.88088970345  5.65346822752e-27
1.93953071822  6.02981734389e-27
2  9.27044242511e-27
2.06235454919  5.20113031821e-26
2.12665314327  9.90261844149e-26
2.19295639229  1.4750686151e-25
2.2613267959  1.97499033987e-25
2.33182880236  2.49049826153e-25
2.40452886923  3.02207831522e-25
2.47949552606  3.57023158621e-25
2.55679943893  4.13547478225e-25
2.63651347711  4.71834072062e-25
2.71871278176  5.31937883041e-25
2.80347483669  5.93915567038e-25
2.89087954149  6.57825546309e-25
2.98100928677  7.25276725068e-25
3.07394903187  1.32890276814e-24
3.16978638492  2.09520827605e-24
3.26861168545  2.88540510121e-24
3.3705180895  3.70023810977e-24
3.4756016575  4.54047539079e-24
3.58396144475  5.40690898024e-24
3.69569959484  6.30035560762e-24
3.81092143593  7.22165746584e-24
3.92973557999  8.17168300508e-24
4.05225402524  9.92010433347e-24
4.17859226171  1.27890170114e-23
4.30886938006  1.57473745677e-23
4.44320818391  1.87979656498e-23
4.58173530554  2.19436658478e-23
4.72458132527  2.51874404047e-23
4.87188089458  2.85323470116e-23
5.02377286302  3.21148260755e-23
5.18040040906  3.64869420042e-23
5.34191117512  4.10038990625e-23
5.50845740668  4.56616825314e-23
5.68019609583  5.04646829944e-23
5.85728912925  5.54174279217e-23
6.0399034408  6.03686604219e-23
6.22821116889  6.49060322076e-23
6.42238981873  6.95836385974e-23
6.62262242965  7.44070800061e-23
6.82909774767  7.93809031721e-23
7.04201040337  8.42902861541e-23
7.2615610954  8.84578353643e-23
7.48795677965  9.27510220038e-23
7.72141086431  9.7178058502e-23
7.96214341107  1.01732844084e-22
8.21038134255  1.05571067387e-22
8.46635865618  1.09355180014e-22
8.7303166448  1.1325727096e-22
9.00250412412  1.17220759586e-22
9.28317766723  1.20531692716e-22
9.57260184645  1.23891907437e-22
9.87104948279  1.27356884495e-22
10.178801903  1.30511493641e-22
10.496149205  1.3345330313e-22
10.8233905309  1.36486830222e-22
11.1608343495  1.39324628419e-22
11.5087987467  1.41922182644e-22
11.8676117255  1.44600721531e-22
12.237611515  1.47035816515e-22
12.6191468896  1.49358985411e-22
13.0125774973  1.51720783534e-22
13.4182741991  1.53786938512e-22
13.8366194184  1.55896235107e-22
14.2680075014  1.57850723649e-22
14.7128450892  1.59727493431e-22
15.1715515006  1.61548694033e-22
15.6445591277  1.6322976314e-22
16.1323138435  1.64893249377e-22
16.6352754221  1.66414708152e-22
17.1539179718  1.67917724973e-22
17.6887303828  1.69306632804e-22
18.2402167871  1.70650683435e-22
18.8088970345  1.71918840387e-22
19.3953071822  1.73101222639e-22
20  1.74258e-22

