1 20 101
101
1  0
1.03041055791  3.6167884735e-36
1.06174591785  7.34356550233e-36
1.09403420358  1.11836758998e-35
1.12730439408  1.51405661969e-35
1.16158634964  1.92177877356e-35
1.1969108386  2.34189998559e-35
1.23330956497  2.77479731808e-35
1.27081519692  3.22085929996e-35
1.30946139606  3.68048627558e-35
1.34928284767  4.15409076395e-35
1.39031529185  4.64209782905e-35
1.43259555555  5.14494546126e-35
1.47616158565  5.66308497051e-35
1.52105248304  6.19698139131e-35
1.56730853766  6.74711390013e-35
1.61497126471  7.31397624548e-35
1.66408344188  7.898077191e-35
1.71468914776  8.49994097216e-35
1.76683380139  9.12010776668e-35
1.82056420303  9.75913417943e-35
1.87592857615  1.04175937419e-34
1.93297661076  1.1096077427e-34
1.99175950792  2.87608633994e-33
2.05233002578  1.77625575133e-31
2.11474252688  3.89332590277e-31
2.17905302696  6.07477733866e-31
2.24531924523  8.32256792977e-31
2.31360065617  1.06387150868e-30
2.3839585429  1.30252975711e-30
2.45645605223  1.54844573603e-30
2.53115825126  1.80184015706e-30
2.60813218585  2.06294044381e-30
2.68744694072  2.33198093595e-30
2.76917370155  2.60920309955e-30
2.85338581877  2.89485574382e-30
2.94015887345  3.18919524437e-30
3.02957074514  3.39797986018e-29
3.12170168173  1.29278917257e-28
3.21663437151  2.27476135279e-28
3.31445401734  3.28659585487e-28
3.41524841318  4.32920080866e-28
3.51910802283  5.40351196078e-28
3.62612606115  6.51049351441e-28
3.73639857773  7.65113899468e-28
3.85002454306  8.82647214039e-28
3.96710593738  1.00375478228e-27
4.08774784223  4.62231620927e-27
4.21205853471  9.70046020768e-27
4.34014958471  1.49330333982e-26
4.472135955  2.03247320588e-26
4.60813610445  2.58803952838e-26
4.74827209431  3.1605009327e-26
4.89266969782  3.7503712077e-26
5.041458513  6.30235343441e-26
5.19477207907  1.41181993094e-25
5.35274799621  2.21717294181e-25
5.51552804914  3.04701718705e-25
5.68325833429  3.90209745876e-25
5.85608939099  4.7831811986e-25
6.03417633655  6.55341140848e-25
6.21767900547  1.19939058133e-24
6.40676209294  1.76201052251e-24
6.6015953026  2.34174004999e-24
6.80235349885  2.93909947584e-24
7.00921686386  3.6760338882e-24
7.22237105921  5.65151072865e-24
7.44200739256  7.74969662117e-24
7.66832298935  9.91168951728e-24
7.9015209697  1.21394298236e-23
8.14181063074  1.56489577652e-23
8.38940763443  2.013392989e-23
8.64453420113  2.47552925193e-23
8.90741930907  2.95171933646e-23
9.17829889981  3.52805807781e-23
9.45741609003  4.16775867168e-23
9.74502138973  4.8269129175e-23
10.041372927  5.5065637931e-23
10.34673668  6.20940567581e-23
10.661386715  6.93366366522e-23
10.9856054331  7.67687654902e-23
11.3196838233  8.38126074954e-23
11.6639217237  9.1007627124e-23
12.0186280908  9.83348597116e-23
12.3841212763  1.05062633309e-22
12.7607293136  1.11955652554e-22
13.1487902114  1.18695259123e-22
13.5486522576  1.25038270762e-22
13.9606743317  1.31551378973e-22
14.3852262269  1.37491393584e-22
14.8226889821  1.43502569304e-22
15.2734552238  1.49204055373e-22
15.7379295184  1.5474987845e-22
16.2165287354  1.60137827768e-22
16.7096824217  1.65282407023e-22
17.2178331866  1.70306569823e-22
17.7414370999  1.75103305272e-22
18.2809641002  1.79747247284e-22
18.8368984177  1.84249203386e-22
19.4097390079  1.88516842945e-22
20  1.92762e-22

