1 20000 251
251
1  0
1.04040904696  1.47822759227e-40
1.082450985  3.01618895274e-40
1.12619179768  4.61629786605e-40
1.17170013492  6.28106565558e-40
1.21904742069  8.01310512489e-40
1.26830796516  9.81513465845e-40
1.31955908129  1.16899824881e-39
1.37288120617  1.36405911317e-39
1.4283580273  1.56700220115e-39
1.4860766139  1.77814602591e-39
1.54612755358  1.9978219714e-39
1.6086050945  2.22637481249e-39
1.6736072933  2.46416325607e-39
1.74123616901  2.71156050403e-39
1.81159786313  2.968954839e-39
1.88480280626  3.23675023374e-39
1.96096589137  3.51536698516e-39
2.04020665416  1.37854437252e-34
2.12264946065  4.20514244303e-34
2.20842370239  7.14596064771e-34
2.29766399949  1.02056145133e-33
2.39051041194  1.33889060757e-33
2.48710865943  1.67008314163e-33
2.58761035005  2.01465885035e-33
2.6921732182  2.37315853506e-33
2.8009613722  2.74614485037e-33
2.91414555182  3.13420318721e-33
3.03190339627  1.87483861209e-31
3.15441972299  8.94298246305e-31
3.28188681771  1.62967432708e-30
3.41450473624  2.39476625444e-30
3.55248161847  3.19077481742e-30
3.69603401502  4.0189493278e-30
3.8453872271  4.88058958086e-30
4.00077566014  6.13503465928e-30
4.16244319166  8.16813711688e-29
4.33064355406  1.60280463138e-28
4.50564073281  2.42055669506e-28
4.68770938077  3.27135334027e-28
4.87713524927  4.15652986708e-28
5.07421563659  4.7121915955e-28
5.27925985453  4.66113914652e-28
5.49258971391  4.60802371674e-28
5.71454002959  4.55276194306e-28
5.945459146  4.49526709378e-28
6.18570948383  4.43544893243e-28
6.43566810884  4.37321357619e-28
6.69572732367  4.30846334851e-28
6.96629528353  4.24109662585e-28
7.24779663678  4.17100767812e-28
7.54067319143  4.09808650282e-28
7.84538460853  4.02221865231e-28
8.1624091236  3.94328505428e-28
8.49224429718  3.86116182477e-28
8.83540779578  3.77572007383e-28
9.19243820431  3.68682570316e-28
9.56389587139  3.59433919569e-28
9.95036378878  3.4981153966e-28
10.3524485064  1.62144146827e-24
10.7707810842  6.39181925444e-24
11.2060180829  1.16291066791e-23
11.6588425938  1.73338150849e-23
12.1299653117  2.35069606869e-23
12.6201256496  3.01500552749e-23
13.1300928996  3.72650970649e-23
13.6606674402  4.4854561672e-23
14.2126819923  5.29213931821e-23
14.7870029263  6.14689953005e-23
15.384531622  7.05012225509e-23
16.0062058827  8.00223715032e-23
16.6530014079  9.00371720005e-23
17.3259333238  1.00550778369e-22
18.0260577771  1.11568760582e-22
18.7544735924  1.2309709536e-22
19.5123239965  1.35142157182e-22
20.3007984131  1.47710709203e-22
21.1211343295  1.60809894042e-22
21.9746192385  1.74447224457e-22
22.8625926593  1.88630573875e-22
23.7864482397  2.03368166792e-22
24.7476359436  2.10389900719e-22
25.7476643266  2.14784355398e-22
26.7881029035  2.18875497209e-22
27.8705846117  2.22675055108e-22
28.996808374  2.26194289281e-22
30.1685417653  2.29444011458e-22
31.3876237862  2.32434604627e-22
32.6559677498  2.35176042208e-22
33.9755642841  2.37677906699e-22
35.3484844568  2.39949407838e-22
36.7768830251  2.41999400318e-22
38.2630018183  2.43836401079e-22
39.8091732557  2.4546860622e-22
41.4178240072  2.4690390756e-22
43.0914788025  2.48149908883e-22
44.832764393  2.49213941895e-22
46.6444136747  2.50103081938e-22
48.5292699773  2.5082416347e-22
50.4902915267  2.5138379537e-22
52.5305560881  2.51788376072e-22
54.6532657959  2.52044108565e-22
56.8617521799  2.52157015288e-22
59.159481394  2.52132952934e-22
61.5500596558  2.5197762718e-22
64.0372389068  2.5169660737e-22
66.624922701  2.51295341135e-22
69.3171723311  2.50779168981e-22
72.118213203  2.50153338804e-22
75.032441467  2.49423020354e-22
78.0644309178  2.48593319583e-22
81.2189401726  2.47669292863e-22
84.5009201401  2.46655961013e-22
87.9155217902  2.4555832305e-22
91.4681042388  2.44381369595e-22
95.1642431583  2.43130095806e-22
99.009739529  2.41809513703e-22
103.010628743  2.40424663738e-22
107.173190077  2.38980625412e-22
111.503956548  2.3748252673e-22
116.009725165  2.35935552249e-22
120.697567597  2.34344949468e-22
125.574841273  2.3271603325e-22
130.649200932  2.31054187984e-22
135.928610627  2.29364867154e-22
141.421356237  2.27653589997e-22
147.136058463  2.25925934922e-22
153.081686359  2.24187529399e-22
159.267571411  2.2244403604e-22
165.703422184  2.20701134677e-22
172.399339552  2.18964500288e-22
179.36583256  2.17239776737e-22
186.613834911  2.15532546407e-22
194.154722129  2.13848295932e-22
202.000329413  2.12317956656e-22
210.162970211  2.10692645248e-22
218.655455543  2.09105955666e-22
227.491114114  2.07562571282e-22
236.683813228  2.06066868594e-22
246.247980551  2.04622873146e-22
256.198626761  2.03234217403e-22
266.551369101  2.01904101876e-22
277.322455892  2.00635260744e-22
288.528792035  1.99429933205e-22
300.187965542  1.98289841645e-22
312.318275138  1.97216177562e-22
324.938758985  1.96209595972e-22
338.069224556  1.95270218806e-22
351.730279727  1.94397647552e-22
365.943365117  1.93590985206e-22
380.730787743  1.92848867374e-22
396.115756024  1.92169502326e-22
412.122416211  1.91550719792e-22
428.775890281  1.90990028561e-22
446.102315367  1.9048468361e-22
464.128884777  1.90031765045e-22
482.883890678  1.89628275326e-22
502.396768493  1.89271363157e-22
522.698143103  1.88980115194e-22
543.819876914  1.8876996908e-22
565.795119858  1.88639718721e-22
588.658361426  1.88587828702e-22
612.445484796  1.87900858363e-22
637.193823152  1.88062765652e-22
662.942218274  1.88292770667e-22
689.731081504  1.885917482e-22
717.602457167  1.88960322419e-22
746.600088557  1.89398863487e-22
776.769486596  1.89907486864e-22
808.158001257  1.90486055305e-22
840.814895881  1.91134183517e-22
874.791424493  1.91851245375e-22
910.140912246  1.92636383524e-22
946.918839109  1.95666971554e-22
985.182926946  1.97567980264e-22
1024.99323011  1.99310058095e-22
1066.41222967  2.009113207e-22
1109.50493154  2.02387696102e-22
1154.33896842  2.03753298802e-22
1200.98470601  2.05020723631e-22
1249.51535339  2.06201278864e-22
1300.00707798  2.07305172803e-22
1352.53912504  2.08341664304e-22
1407.19394206  2.09319185097e-22
1464.05730815  2.10245439831e-22
1523.21846867  2.1083656719e-22
1584.7702753  2.11546613868e-22
1648.80933177  2.12183969376e-22
1715.43614549  2.12754236204e-22
1784.75528525  2.13262523429e-22
1856.87554538  2.13713506349e-22
1931.9101165  2.14111477182e-22
2009.97676312  2.1446038834e-22
2091.19800853  2.14763889524e-22
2175.70132706  2.15025359617e-22
2263.61934415  2.1524793419e-22
2355.09004453  2.15434529289e-22
2450.25698873  2.1558786206e-22
2549.26953846  2.15710468658e-22
2652.28309095  2.15804719853e-22
2759.45932292  2.15872834643e-22
2870.96644429  2.15916892163e-22
2986.97946215  2.15938842132e-22
3107.68045551  2.15940514042e-22
3233.25886097  2.15923625268e-22
3363.91177012  2.15889788253e-22
3499.84423881  2.15840516909e-22
3641.26960901  2.15777232342e-22
3788.40984363  2.15701268e-22
3941.49587491  2.15613874346e-22
4100.76796681  2.15516223115e-22
4266.47609215  2.15409411227e-22
4438.88032492  2.15294464415e-22
4618.25124841  2.15172340607e-22
4804.87037999  2.15043933109e-22
4999.03061281  2.14910073619e-22
5201.0366756  2.14771535103e-22
5411.20561086  2.14629034547e-22
5629.8672725  2.14483235615e-22
5857.36484349  2.14334751219e-22
6094.05537452  2.14184146016e-22
6340.31034432  2.14031938837e-22
6596.51624277  2.13878605053e-22
6863.0751774  2.13724578892e-22
7140.40550453  2.13570255688e-22
7428.94248588  2.13415994087e-22
7729.13897165  2.13262118192e-22
8041.46611132  2.13108919648e-22
8366.41409304  2.12956659681e-22
8704.49291301  2.12805571061e-22
9056.2331759  2.12655860016e-22
9422.18692758  2.12507708071e-22
9802.92852161  2.12361273826e-22
10199.0555206  2.12216694662e-22
10611.1896341  2.12074088378e-22
11039.9776943  2.11933554751e-22
11486.0926714  2.11795177032e-22
11950.2347295  2.11659023354e-22
12433.1323259  2.11525148079e-22
12935.5433539  2.11393593063e-22
13458.2563327  2.11264388851e-22
14002.0916449  2.11137555792e-22
14567.9028237  2.11013105096e-22
15156.577893  2.10891039804e-22
15769.0407609  2.10771355705e-22
16406.2526695  2.10654042176e-22
17069.213704  2.10539082967e-22
17758.9643622  2.10426456914e-22
18476.5871871  2.10583160464e-22
19223.2084664  2.10509555124e-22
20000  2.10436788236e-22

