1 20 101
101
1  0
1.03041055791  1.89316670798e-35
1.06174591785  3.84390567178e-35
1.09403420358  5.8539676958e-35
1.12730439408  7.92515682741e-35
1.16158634964  1.0059331976e-34
1.1969108386  1.22584085816e-34
1.23330956497  1.45243603337e-34
1.27081519692  1.68592209427e-34
1.30946139606  1.92650859655e-34
1.34928284767  2.17441146859e-34
1.39031529185  2.42985320528e-34
1.43259555555  2.69306306769e-34
1.47616158565  2.96427728887e-34
1.52105248304  3.24373928583e-34
1.56730853766  3.53169987803e-34
1.61497126471  3.82841751249e-34
1.66408344188  4.13415849576e-34
1.71468914776  4.44919723291e-34
1.76683380139  4.77381647382e-34
1.82056420303  5.10830756695e-34
1.87592857615  5.45297072084e-34
1.93297661076  5.80811527354e-34
1.99175950792  1.0200667542e-32
2.05233002578  6.17388273526e-31
2.11474252688  1.35298684624e-30
2.17905302696  2.11095538194e-30
2.24531924523  2.8919741637e-30
2.31360065617  3.69674416234e-30
2.3839585429  4.52598766564e-30
2.45645605223  5.38044892651e-30
2.53115825126  6.26089483105e-30
2.60813218585  7.16811558674e-30
2.68744694072  8.10292543177e-30
2.76917370155  9.06616336573e-30
2.85338581877  1.00586939027e-29
2.94015887345  1.1081407847e-29
3.02957074514  9.82617104281e-29
3.12170168173  3.67684197572e-28
3.21663437151  6.45299972863e-28
3.31445401734  9.31358198766e-28
3.41524841318  1.22611561491e-27
3.51910802283  1.52983676854e-27
3.62612606115  1.84279425189e-27
3.73639857773  2.16526894691e-27
3.85002454306  2.49755027732e-27
3.96710593738  2.83993646838e-27
4.08774784223  1.15182085544e-26
4.21205853471  2.36762753616e-26
4.34014958471  3.62040757636e-26
4.472135955  4.91128535651e-26
4.60813610445  6.24141945016e-26
4.74827209431  7.61200366368e-26
4.89266969782  9.02426810781e-26
5.041458513  1.43924845483e-25
5.19477207907  3.03622388441e-25
5.35274799621  4.68176422777e-25
5.51552804914  6.37734637104e-25
5.68325833429  8.12449211327e-25
5.85608939099  9.92476953228e-25
6.03417633655  1.32036231229e-24
6.21767900547  2.25532726008e-24
6.40676209294  3.22206956794e-24
6.6015953026  4.21821104875e-24
6.80235349885  5.24464574775e-24
7.00921686386  6.45396904538e-24
7.22237105921  9.21936143095e-24
7.44200739256  1.21470981604e-23
7.66832298935  1.51638689971e-23
7.9015209697  1.82723815181e-23
8.14181063074  2.25035769617e-23
8.38940763443  2.75991480573e-23
8.64453420113  3.28496783128e-23
8.90741930907  3.82598801227e-23
9.17829889981  4.42044742088e-23
9.45741609003  5.05277373858e-23
9.74502138973  5.70432945238e-23
10.041372927  6.36917342325e-23
10.34673668  7.01776703906e-23
10.661386715  7.68547329233e-23
10.9856054331  8.36976871637e-23
11.3196838233  9.00051913565e-23
11.6639217237  9.64282196271e-23
12.0186280908  1.0296014113e-22
12.3841212763  1.08869908304e-22
12.7607293136  1.14920116423e-22
13.1487902114  1.20813436371e-22
13.5486522576  1.26321136196e-22
13.9606743317  1.3197580794e-22
14.3852262269  1.37108323956e-22
14.8226889821  1.42298382084e-22
15.2734552238  1.47214213522e-22
15.7379295184  1.51990867167e-22
16.2165287354  1.56628479286e-22
16.7096824217  1.61052561005e-22
17.2178331866  1.65372218512e-22
17.7414370999  1.69495075724e-22
18.2809641002  1.73482857604e-22
18.8368984177  1.77344933307e-22
19.4097390079  1.81000763071e-22
20  1.84635e-22

