0.1 20 151
151
0.1  0
0.103595335198  4.11266797961e-43
0.107319934748  8.37320015867e-43
0.111178446136  1.27869127508e-42
0.115175683943  1.73593131053e-42
0.119316635847  2.20961065791e-42
0.123606468853  2.70032036559e-42
0.128050535734  3.20867273212e-42
0.132654381717  3.7353020702e-42
0.137423751394  4.28086549824e-42
0.142364595899  4.84604376024e-42
0.147483080324  5.43154207522e-42
0.152785591422  6.03809101721e-42
0.158278745568  6.6664474268e-42
0.163969397019  7.31739535555e-42
0.169864646463  7.9917470443e-42
0.175971849887  8.69034393668e-42
0.182298627744  9.41405772903e-42
0.188852874473  1.01637914581e-41
0.195642768341  1.09404806278e-41
0.202676781654  3.57433342329e-34
0.209963691323  1.33046167705e-33
0.21751258982  2.33847364198e-33
0.225332896521  3.38272701588e-33
0.233434369463  4.46452479889e-33
0.241827117512  5.58521683837e-33
0.250521612986  6.74620151319e-33
0.259528704717  7.94892747868e-33
0.268859631586  9.19489547414e-33
0.278526036554  1.04856601955e-32
0.288539981181  1.18228322352e-32
0.298913960685  1.32080800919e-32
0.309660919525  1.46431322524e-32
0.320794267559  1.61297793483e-32
0.332327896774  1.76698763905e-32
0.344276198619  1.92653450838e-32
0.356654081967  2.09181762246e-32
0.369476991711  2.26304321851e-32
0.382760928042  2.44042494868e-32
0.396522466412  2.62418414664e-32
0.410778778215  2.81455010372e-32
0.425547652214  3.01176035506e-32
0.440847516738  3.21606097598e-32
0.456697462677  3.42770688903e-32
0.473117267301  3.64696218209e-32
0.490127418939  3.87410043788e-32
0.507749142548  2.59299436323e-29
0.526004426187  8.69208441066e-29
0.544916048465  1.50104571893e-28
0.564507606954  2.15559966484e-28
0.584803547643  2.83368701916e-28
0.60582919543  3.5361538868e-28
0.627610785733  4.26387679299e-28
0.650175497219  5.01776377697e-28
0.673551485719  5.79875552503e-28
0.697767919361  6.60782654431e-28
0.722855014966  7.44598637872e-28
0.74884407575  8.31428086867e-28
0.775767530383  9.21379345604e-28
0.803658973457  1.01456465361e-27
0.832553207402  1.11110028579e-27
0.862486285909  1.21110669753e-27
0.893495558925  1.314708675e-27
0.925619719247  1.42203549083e-27
0.958898850812  1.53322106544e-27
0.993374478709  1.91919902658e-27
1.02908962099  5.14513017945e-26
1.06608884235  1.1476767934e-25
1.10441830974  1.80360492893e-25
1.14412584997  2.48311587959e-25
1.18526100936  3.18705752664e-25
1.22787511562  3.91630823549e-25
1.27202134183  4.67177795177e-25
1.31775477286  5.45440933666e-25
1.36513247404  6.2651789432e-25
1.41421356237  7.10509843478e-25
1.46505928036  7.97521584748e-25
1.51773307233  8.87661689778e-25
1.57230066369  9.81042633731e-25
1.62883014287  1.07778093563e-24
1.68739204632  1.17799730375e-24
1.74805944649  1.28181678622e-24
1.81090804305  1.38936892709e-24
1.87601625732  1.50078792794e-24
1.94346533014  1.61621281534e-24
2.01333942322  1.9702004887e-24
2.08572572415  3.32939053851e-24
2.16071455525  4.7433679394e-24
2.23839948618  6.20818256748e-24
2.31887745078  7.72566219146e-24
2.40224886796  9.29770029449e-24
2.48861776706  1.09262584368e-23
2.57809191758  1.26133687031e-23
2.67078296373  1.43611362388e-23
2.76680656368  1.61717418758e-23
2.86628253393  1.80474448545e-23
2.96933499874  1.99905856427e-23
3.0760925451  2.31201830372e-23
3.18668838309  2.68284614852e-23
3.30126051218  3.06700649735e-23
3.41995189335  3.46497869841e-23
3.54291062753  3.8772593341e-23
3.67029014035  4.30436284061e-23
3.80224937364  4.74682214981e-23
3.93895298368  5.20518935429e-23
4.08057154674  5.63409450026e-23
4.22728177184  6.04235971466e-23
4.3792667213  6.46530343202e-23
4.53671603914  6.90345339372e-23
4.69982618773  7.35735631521e-23
4.8688006929  7.8275785682e-23
5.04385039793  8.27826426208e-23
5.22519372662  8.63228517761e-23
5.41305695583  8.99901674462e-23
5.60767449785  9.37893354075e-23
5.80928919286  9.77250961917e-23
6.01815261197  1.01661362959e-22
6.23452537109  1.04662170211e-22
6.45867745619  1.07734174537e-22
6.69088856009  1.10916627716e-22
6.93144843155  1.14213500754e-22
7.18065723674  1.16890922617e-22
7.43882593382  1.19374505483e-22
7.70627666093  1.21947381478e-22
7.98334313818  1.24585076224e-22
8.270371084  1.26677493916e-22
8.56771864659  1.28772010147e-22
8.87575685075  1.30941831257e-22
9.19487006089  1.32856436905e-22
9.5254564606  1.34619784761e-22
9.8679285495  1.36446530883e-22
10.2227136579  1.38059671724e-22
10.5902544803  1.3955923828e-22
10.9710096272  1.41101269573e-22
11.3654541979  1.42387662536e-22
11.774080373  1.43680964381e-22
12.1973980289  1.44890876859e-22
12.6359353735  1.45990289981e-22
13.0902396056  1.47080584017e-22
13.5608775976  1.48012415888e-22
14.0484366031  1.48949917647e-22
14.553524989  1.49730660858e-22
15.0767729955  1.50505334179e-22
15.6188335217  1.51154268391e-22
16.1803829408  1.51779822645e-22
16.7621219439  1.52330729481e-22
17.364776414  1.52833959627e-22
17.9890983325  1.533042881e-22
18.6358667167  1.53705878697e-22
19.3058885922  1.5407360297e-22
20  1.54404e-22

