0.5 20000 301
301
0.5  0
0.51797667599  6.61381755918e-45
0.536599673739  1.3465424029e-44
0.555892230681  2.05633687179e-44
0.575878419714  2.79165083104e-44
0.596583179235  3.55340179189e-44
0.618032344264  4.34254025316e-44
0.640252678672  5.16005088729e-44
0.663271908584  6.00695376899e-44
0.687118756972  6.88430564809e-44
0.711822979493  7.79320126811e-44
0.737415401622  8.73477473227e-44
0.763927957112  9.7102009186e-44
0.791393727841  1.07206969459e-43
0.819846985093  1.17675236926e-43
0.849323232317  1.28519873698e-43
0.879859249433  1.39754411513e-43
0.911493138721  1.5139286862e-43
0.944264372364  1.63449767272e-43
0.978213841706  1.75940151844e-43
1.01338390827  7.98736927639e-35
1.04981845661  2.97311070206e-34
1.0875629491  5.22566050213e-34
1.12666448261  7.55919701802e-34
1.16717184731  9.97663199361e-34
1.20913558756  1.24809818598e-33
1.25260806493  1.50753714982e-33
1.29764352358  1.77630381404e-33
1.34429815793  2.05473354074e-33
1.39263018277  2.34317374941e-33
1.44269990591  2.64198435042e-33
1.49456980343  2.95153819415e-33
1.54830459763  3.27222153618e-33
1.6039713378  3.60443451928e-33
1.66163948387  3.94859167269e-33
1.7213809931  4.30512242937e-33
1.78327040983  4.67447166184e-33
1.84738495855  5.05710023727e-33
1.91380464021  5.45348559255e-33
1.98261233206  5.86412233003e-33
2.05389389107  2.83948786486e-30
2.12773826107  6.72192227887e-30
2.20423758369  1.07439432239e-29
2.28348731338  1.49105693036e-29
2.3655863365  1.92269995574e-29
2.4506370947  2.36986199474e-29
2.53874571274  2.83310100791e-29
2.63002213093  3.31299501638e-29
2.72458024232  3.81014282305e-29
2.82253803477  4.32516475979e-29
2.92401773821  4.85870346151e-29
3.02914597715  2.99764095473e-28
3.13805392866  1.22339446892e-27
3.25087748609  2.18023245029e-27
3.36775742859  3.17147196439e-27
3.48883959681  4.19834986163e-27
3.61427507483  5.26214746135e-27
3.74422037875  6.36419215062e-27
3.87883765192  7.50585904049e-27
4.01829486729  1.24887170377e-26
4.16276603701  4.37229875128e-26
4.31243142955  7.60802347082e-26
4.46747779462  1.09600833401e-25
4.62809859623  1.44326609977e-25
4.79449425406  1.80300894622e-25
4.96687239354  2.17568575384e-25
5.14544810495  4.99948874141e-25
5.33044421176  8.50000157059e-25
5.52209154871  1.21263695696e-24
5.72062924983  1.58831176537e-24
5.92630504679  1.9774933424e-24
6.13937557808  3.20506159836e-24
6.36010670917  4.92833625655e-24
6.58877386432  6.71356841509e-24
6.82566237018  8.56298565378e-24
7.07106781187  1.11442592195e-23
7.32529640178  1.55092362486e-23
7.58866536167  2.00311488332e-23
7.86150331847  2.47156393326e-23
8.14415071437  3.04308300671e-23
8.43696023158  3.72097427828e-23
8.74029723243  4.42323801333e-23
9.05454021523  5.15302222017e-23
9.38008128661  5.92025080316e-23
9.7173266507  6.71506382545e-23
10.0666971161  7.52309236363e-23
10.4286286208  8.2927305609e-23
10.8035727762  9.09003983116e-23
11.1919974309  9.86066802272e-23
11.5943872539  1.06003430644e-22
12.0112443398  1.13635903789e-22
12.4430888353  1.20413659961e-22
12.8904595879  1.27435099186e-22
13.3539148186  1.33896652621e-22
13.8340328184  1.40330056175e-22
14.3314126696  1.46367705186e-22
14.8466749937  1.52297115751e-22
15.3804627255  1.57847040787e-22
15.9334419155  1.63349074237e-22
16.5063025609  1.68397781167e-22
17.0997594668  1.73432273712e-22
17.7145531376  1.78098917328e-22
18.3514507018  1.79973938804e-22
19.0112468682  1.79956294065e-22
19.6947649184  1.80581796093e-22
20.4028577337  1.81823822814e-22
21.1364088592  1.83655805093e-22
21.8963336065  1.86051162371e-22
22.6835801957  1.88983237284e-22
23.4991309386  1.92425229233e-22
24.3440034645  1.95477945081e-22
25.2192519896  1.9727432427e-22
26.1259686331  1.98926908798e-22
27.0652847792  2.00440546327e-22
28.0383724893  2.01819912064e-22
29.0464459643  2.03069515643e-22
30.0907630598  2.04193707842e-22
31.1726268555  2.05196687153e-22
32.2933872809  2.06082506205e-22
33.4544428005  2.0685507806e-22
34.6572421578  2.07518182381e-22
35.9032861837  2.08075471494e-22
37.1941296691  2.08530476341e-22
38.5313833047  2.08886612345e-22
39.9167156909  2.0914718519e-22
41.35185542  2.09315396532e-22
42.8385932329  2.09394349641e-22
44.3787842538  2.09387054995e-22
45.9743503045  2.09296435832e-22
47.627282303  2.09125333658e-22
49.3396427475  2.08876513744e-22
51.1135682897  2.08552670594e-22
52.9512724014  2.08156433409e-22
54.8550481358  2.07690371556e-22
56.8272709893  2.07157000028e-22
58.8704018652  2.0655878493e-22
60.9869901447  2.0589814897e-22
63.1796768676  2.05177476969e-22
65.4511980279  2.04399121396e-22
67.8043879881  2.03565407911e-22
70.2421830153  2.02678640927e-22
72.767624945  2.0174110918e-22
75.3838649774  2.00755091292e-22
78.0941676085  1.99722861319e-22
80.9019147041  1.98646694261e-22
83.8106097193  1.97528871518e-22
86.8238820702  1.96371686254e-22
89.9454916625  1.95177448638e-22
93.1793335833  1.93948490924e-22
96.5294429608  1.92687172315e-22
100  1.91395883552e-22
103.595335198  1.90077051179e-22
107.319934748  1.88733141382e-22
111.178446136  1.87366663353e-22
115.175683943  1.85980172062e-22
119.316635847  1.84576270345e-22
123.606468853  1.83157610221e-22
128.050535734  1.8172689329e-22
132.654381717  1.80286870138e-22
137.423751394  1.78840338598e-22
142.364595899  1.7739014077e-22
147.483080324  1.7593915868e-22
152.785591422  1.74490308491e-22
158.278745568  1.73046533153e-22
163.969397019  1.71610793449e-22
169.864646463  1.70186057384e-22
175.971849887  1.68775287901e-22
182.298627744  1.67381428963e-22
188.852874473  1.66007390061e-22
195.642768341  1.64656029262e-22
202.676781654  1.63433365343e-22
209.963691323  1.62133426572e-22
217.51258982  1.60864347155e-22
225.332896521  1.59628578315e-22
233.434369463  1.5842842114e-22
241.827117512  1.57266006343e-22
250.521612986  1.56143274794e-22
259.528704717  1.5506195927e-22
268.859631586  1.5402356789e-22
278.526036554  1.53029369677e-22
288.539981181  1.52080382646e-22
298.913960685  1.51177364814e-22
309.660919525  1.50320808411e-22
320.794267559  1.49510937567e-22
332.327896774  1.48747709617e-22
344.276198619  1.48030820133e-22
356.654081967  1.47359711707e-22
369.476991711  1.46733586423e-22
382.760928042  1.46151421966e-22
396.522466412  1.45611991253e-22
410.778778215  1.45113885525e-22
425.547652214  1.44655540954e-22
440.847516738  1.44235269028e-22
456.697462677  1.43851291492e-22
473.117267301  1.43501781737e-22
490.127418939  1.43184917764e-22
507.749142548  1.42900704468e-22
526.004426187  1.42666014019e-22
544.916048465  1.42484962908e-22
564.507606954  1.42356742862e-22
584.803547643  1.42280384865e-22
605.82919543  1.41662708863e-22
627.610785733  1.41733608164e-22
650.175497219  1.41849189254e-22
673.551485719  1.42009961071e-22
697.767919361  1.42216309875e-22
722.855014966  1.42468497019e-22
748.84407575  1.42766657771e-22
775.767530383  1.43110801191e-22
803.658973457  1.43500811067e-22
832.553207402  1.4393644791e-22
862.486285909  1.44417351949e-22
893.495558925  1.44943047092e-22
925.619719247  1.45512945773e-22
958.898850812  1.4816575587e-22
993.374478709  1.4948876654e-22
1029.08962099  1.50712705234e-22
1066.08884235  1.51847699979e-22
1104.41830974  1.52902794397e-22
1144.12584997  1.5388611294e-22
1185.26100936  1.54804994347e-22
1227.87511562  1.55666100278e-22
1272.02134183  1.56475504372e-22
1317.75477286  1.57238765729e-22
1365.13247404  1.57960989887e-22
1414.21356237  1.58646879698e-22
1465.05928036  1.59300777986e-22
1517.73307233  1.59698775471e-22
1572.30066369  1.60207543775e-22
1628.83014287  1.60669073495e-22
1687.39204632  1.6108665027e-22
1748.05944649  1.61463297549e-22
1810.90804305  1.61801805285e-22
1876.01625732  1.6210475475e-22
1943.46533014  1.62374540045e-22
2013.33942322  1.62613386832e-22
2085.72572415  1.62823368666e-22
2160.71455525  1.63006421292e-22
2238.39948618  1.63164355187e-22
2318.87745078  1.63298866568e-22
2402.24886796  1.63411547093e-22
2488.61776706  1.63503892416e-22
2578.09191758  1.63577309747e-22
2670.78296373  1.63633124533e-22
2766.80656368  1.63672586398e-22
2866.28253393  1.63696874406e-22
2969.33499874  1.63707101751e-22
3076.0925451  1.63704319945e-22
3186.68838309  1.6368952256e-22
3301.26051218  1.63663648592e-22
3419.95189335  1.63627585482e-22
3542.91062753  1.63582171861e-22
3670.29014035  1.63528200027e-22
3802.24937364  1.63466418222e-22
3938.95298368  1.63397532708e-22
4080.57154674  1.63322209693e-22
4227.28177184  1.6324107711e-22
4379.2667213  1.63154726283e-22
4536.71603914  1.63063713496e-22
4699.82618773  1.6296856147e-22
4868.8006929  1.62869760769e-22
5043.85039793  1.62767771144e-22
5225.19372662  1.62663022831e-22
5413.05695583  1.6255591779e-22
5607.67449785  1.62446830916e-22
5809.28919286  1.62336111213e-22
6018.15261197  1.62224082933e-22
6234.52537109  1.62111046694e-22
6458.67745619  1.61997280569e-22
6690.88856009  1.61883041152e-22
6931.44843155  1.61768564598e-22
7180.65723674  1.6165406765e-22
7438.82593382  1.6153974863e-22
7706.27666093  1.61425788416e-22
7983.34313818  1.61312351397e-22
8270.371084  1.61199586397e-22
8567.71864659  1.6108762758e-22
8875.75685075  1.60976595327e-22
9194.87006089  1.60866597088e-22
9525.4564606  1.60757728207e-22
9867.9285495  1.60650072715e-22
10222.7136579  1.60543704101e-22
10590.2544803  1.60438686049e-22
10971.0096272  1.60335073148e-22
11365.4541979  1.60232911569e-22
11774.080373  1.60132239715e-22
12197.3980289  1.60033088836e-22
12635.9353735  1.59935483622e-22
13090.2396056  1.59839442756e-22
13560.8775976  1.59744979443e-22
14048.4366031  1.59652101909e-22
14553.524989  1.59560813867e-22
15076.7729955  1.59471114964e-22
15618.8335217  1.59383001185e-22
16180.3829408  1.59296465246e-22
16762.1219439  1.59211496951e-22
17364.776414  1.59128083527e-22
17989.0983325  1.59046209934e-22
18635.8667167  1.59188363833e-22
19305.8885922  1.59134220261e-22
20000  1.5908065884e-22

