0.05 20000 351
351
0.05  0
0.0518771238405  1.36792021056e-42
0.0538247195593  2.7871955339e-42
0.0558454328452  4.25975396815e-42
0.0579420087128  5.78759589328e-42
0.0601172952312  7.37279678845e-42
0.0623742473934  9.01751005146e-42
0.0647159311297  1.0723969924e-41
0.0671455274734  1.24944945268e-41
0.0696663368815  1.43314890084e-41
0.0722817837184  1.62374488127e-41
0.0749954209075  1.82149630687e-41
0.0778109347578  2.02667181079e-41
0.0807321499715  2.23955011131e-41
0.0837630348397  2.46042039048e-41
0.0869077066328  2.68958268699e-41
0.0901704371937  2.9273483037e-41
0.093555658741  3.17404023057e-41
0.0970679698898  3.42999358338e-41
0.100712141898  2.72152917063e-36
0.10449312515  1.71707821486e-35
0.108416055878  3.21624958714e-35
0.112486263142  4.7717035659e-35
0.116709276067  6.38555313959e-35
0.121090831358  8.05999062348e-35
0.125636881086  9.79729063777e-35
0.130353600781  1.15998131976e-34
0.135247397815  1.34700069188e-34
0.140324920111  1.54104123444e-34
0.14559306517  1.74236653957e-34
0.151058989443  1.9512500953e-34
0.156730118052  2.16797565707e-34
0.162614154874  2.39283763323e-34
0.168719093012  2.6261414849e-34
0.175053225649  2.86820414102e-34
0.181625157314  3.1193544288e-34
0.188443815571  3.37993352043e-34
0.195518463147  3.65029539656e-34
0.202858710516  4.13249210008e-30
0.210474528951  1.514074177e-29
0.218376264073  2.65622683978e-29
0.226574649903  3.84125874242e-29
0.235080823443  5.07077967779e-29
0.243906339806  6.34645987436e-29
0.253063187912  7.67003226513e-29
0.262563806776  9.04329484168e-29
0.272421102403  1.04681130967e-28
0.282648465323  1.1946422558e-28
0.293259788778  1.34802314179e-28
0.304269487597  1.50716232614e-28
0.315692517779  1.67227598963e-28
0.327544396807  1.84358842901e-28
0.339841224729  2.02133236166e-28
0.352599706028  2.20574924178e-28
0.365837172315  2.39708958835e-28
0.379571605873  2.59561332545e-28
0.393821664084  2.80159013534e-28
0.408606704776  3.01529982484e-28
0.423946812514  3.2370327054e-28
0.439862825892  3.46708998749e-28
0.456376365833  3.70578418975e-28
0.473509864964  3.95343956357e-28
0.491286598089  4.21039253352e-28
0.509730713805  6.76456029317e-27
0.528867267308  1.92150456486e-26
0.548722254427  3.21329530618e-26
0.569322646939  4.55358307145e-26
0.59069642921  5.94418855906e-26
0.612872636205  7.38700082095e-26
0.635881392938  8.88397982872e-26
0.659753955386  1.04371591362e-25
0.684522752957  1.20486486418e-25
0.710221432536  1.37206374548e-25
0.736884904198  1.5455396869e-25
0.764549388626  1.72552834483e-25
0.793252466319  1.91227422277e-25
0.823033128641  2.10603100351e-25
0.853931830787  2.3070618937e-25
0.885990546742  2.51563998142e-25
0.919252826298  2.73204860716e-25
0.953763854212  2.95658174872e-25
0.989570511591  3.18954442053e-25
1.02672143958  7.95766381128e-25
1.06526710541  1.47377924679e-24
1.10525987101  2.17724639475e-24
1.14675406409  2.90712344179e-24
1.18980605195  3.66440188094e-24
1.23447431806  4.45011042834e-24
1.28081954152  5.26531642065e-24
1.32890467946  6.11112726503e-24
1.37879505257  6.98869194342e-24
1.43055843386  7.8992025734e-24
1.48426514069  8.84389602759e-24
1.53998813031  9.82405561387e-24
1.59780309898  1.08410128187e-23
1.65778858478  1.18961491158e-23
1.72002607428  1.29908978429e-23
1.78460011328  1.41267461486e-23
1.85159842165  1.53052370131e-23
1.92111201246  1.65279713435e-23
1.99323531564  1.77966101491e-23
2.06806630625  2.04125654792e-23
2.1457066376  2.32607474628e-23
2.22626177928  2.62158572524e-23
2.30984116051  2.92819091828e-23
2.39655831871  3.24630682967e-23
2.48653105382  3.57636560028e-23
2.57988158824  3.91881559464e-23
2.67673673294  4.27412200997e-23
2.77722805967  4.64276750816e-23
2.8814920797  5.02525287141e-23
2.98967042928  5.42209768255e-23
3.10191006204  5.72437209564e-23
3.21836344861  6.02648234184e-23
3.33918878375  6.33993455495e-23
3.46455020123  6.6651545405e-23
3.59461799682  7.00258408981e-23
3.72956885961  7.35268158016e-23
3.86958611204  7.71592259742e-23
4.01485995891  8.07821911373e-23
4.16558774582  8.321343034e-23
4.32197422717  8.57359442842e-23
4.48423184437  8.83531596496e-23
4.6525810144  9.10686317622e-23
4.82725042924  9.38860494236e-23
5.00847736654  9.67593887683e-23
5.19650801193  9.86866088683e-23
5.39159779346  1.00686181584e-22
5.5940117286  1.02760823212e-22
5.8040247842  1.04913352026e-22
6.02192225006  1.07071531668e-22
6.24800012649  1.08613608863e-22
6.48256552635  1.10213579455e-22
6.7259370923  1.11873616907e-22
6.97844542962  1.13595976275e-22
7.24043355533  1.14815814524e-22
7.51225736418  1.16028692359e-22
7.79428611207  1.17287104632e-22
8.08690291769  1.18477006132e-22
8.39050528295  1.19427281536e-22
8.70550563296  1.20413232631e-22
9.03233187631  1.21404028556e-22
9.37142798632  1.22127998751e-22
9.72325460418  1.2287914858e-22
10.0882896647  1.23594929876e-22
10.4670290455  1.24130846099e-22
10.8599872407  1.24686881946e-22
11.2676980598  1.25138242365e-22
11.690715353  1.25538416724e-22
12.129613763  1.25911490147e-22
12.5849895064  1.26194278483e-22
13.0574611831  1.2647337556e-22
13.5476706168  1.26655733469e-22
14.0562837268  1.2683396222e-22
14.5839914326  1.26927366484e-22
15.1315105928  1.27004682297e-22
15.6995849783  1.27020588379e-22
16.2889862833  1.27004436166e-22
16.9005151731  1.2695245621e-22
17.5350023721  1.26855724609e-22
18.193309792  1.2727300925e-22
18.876331703  1.28966489553e-22
19.5849959482  1.30631033679e-22
20.3202652044  1.32250398354e-22
21.0831382897  1.33807680673e-22
21.87465152  1.35285270881e-22
22.6958801174  1.36664803529e-22
23.5479396704  1.37927106977e-22
24.4319876495  1.38227857051e-22
25.3492249792  1.3758829803e-22
26.3008976702  1.36917704444e-22
27.2882985111  1.3621694481e-22
28.3127688251  1.35486859796e-22
29.3757002922  1.34728264077e-22
30.4785368392  1.33941948195e-22
31.6227766017  1.33128680428e-22
32.8099739589  1.32289208665e-22
34.0417416454  1.31424262296e-22
35.3197529418  1.30534554128e-22
36.6457439475  1.29620782313e-22
38.0215159399  1.28683632323e-22
39.4489378204  1.27723778938e-22
40.9299486537  1.2674188829e-22
42.4665603019  1.25738619936e-22
44.0608601572  1.24714628987e-22
45.715013978  1.23670568283e-22
47.4312688301  1.22607090625e-22
49.2119561403  1.21524851059e-22
51.0594948625  1.20424509229e-22
52.9763947643  1.19306731782e-22
54.9652598363  1.18172194844e-22
57.028791829  1.17021586555e-22
59.1697939238  1.15855609664e-22
61.3911745401  1.14674984185e-22
63.6959512866  1.13480450104e-22
66.0872550608  1.12272770135e-22
68.5683343013  1.11052732509e-22
71.1425594018  1.09821153792e-22
73.8134272884  1.08578881707e-22
76.5845661707  1.07326797949e-22
79.4597404702  1.06065820966e-22
82.4428559342  1.04796908678e-22
85.5379649413  1.03521061098e-22
88.7492720065  1.02239322827e-22
92.0811394928  1.00952785367e-22
95.5380935369  9.96625892078e-23
99.124830198  9.8369925637e-23
102.846221837  9.7076038197e-23
106.707323735  9.57822237359e-23
110.713380962  9.44898329693e-23
114.8698355  9.32002704773e-23
119.182333635  9.19149940555e-23
123.656733632  9.0635513333e-23
128.299113687  8.93633875736e-23
133.115780187  8.81002225767e-23
138.113276278  8.68476665983e-23
143.29839075  8.5607405222e-23
148.678167262  8.43811551189e-23
154.259913908  8.31706566551e-23
160.051213149  8.19776653196e-23
166.059932107  8.08039419762e-23
172.294233257  7.9651241966e-23
178.762585514  7.85213031228e-23
185.473775735  7.74158327988e-23
192.43692066  7.63364940356e-23
199.661479291  7.52848910545e-23
207.157265748  7.43295608821e-23
214.934462593  7.33362108402e-23
223.003634671  7.23749892358e-23
231.375743454  7.14471068203e-23
240.062161937  7.05536415624e-23
249.074690085  6.969552564e-23
258.425570861  6.88735337808e-23
268.127506863  6.80882732653e-23
278.193677571  6.73401758746e-23
288.63775726  6.66294920315e-23
299.473933569  6.59562873348e-23
310.716926775  6.53204416344e-23
322.382009794  6.47216507375e-23
334.48502892  6.41594307781e-23
347.042425362  6.36331252293e-23
360.071257569  6.31419144917e-23
373.589224406  6.26848279607e-23
387.6146892  6.22607584628e-23
402.166704681  6.18684789707e-23
417.265038865  6.15066615666e-23
432.930201911  6.1173898764e-23
449.183473977  6.0868727574e-23
466.046934132  6.05896573124e-23
483.543490349  6.03352036991e-23
501.696910623  6.01039473845e-23
520.531855256  5.99034829234e-23
540.073910361  5.97407685507e-23
560.349622617  5.96150878409e-23
581.386535329  5.95256306327e-23
603.21322585  5.91052913455e-23
625.859344393  5.91159818225e-23
649.355654317  5.91575267139e-23
673.734073911  5.9230229064e-23
699.027719757  5.93343197479e-23
725.270951716  5.94699557852e-23
752.499419602  5.96372192314e-23
780.750111613  5.98361166668e-23
810.061404573  6.00665792895e-23
840.473116069  6.03284636109e-23
872.026558539  6.06215527406e-23
904.764595392  6.09455582385e-23
938.731699233  6.13001225009e-23
973.974012283  6.31385265416e-23
1010.53940905  6.3943995303e-23
1048.47756138  6.46885694627e-23
1087.84000592  6.53784870397e-23
1128.68021411  6.60193668863e-23
1171.05366488  6.66162967031e-23
1215.01791994  6.71739048722e-23
1260.63270202  6.76964194868e-23
1307.959976  6.81877171606e-23
1357.06403307  6.86513636167e-23
1408.01157806  6.90906476152e-23
1460.87182008  6.95086094488e-23
1515.71656651  6.976558523e-23
1572.62032056  7.00878254924e-23
1631.66038248  7.03782259454e-23
1692.91695455  7.06390583914e-23
1756.47325006  7.08724143152e-23
1822.41560632  7.10802243537e-23
1890.83360195  7.1264275155e-23
1961.82017861  7.14262240238e-23
2035.47176717  7.15676116809e-23
2111.88841879  7.16898734096e-23
2191.17394078  7.17943488124e-23
2273.43603764  7.18822903713e-23
2358.78645736  7.19548709707e-23
2447.34114324  7.20131905204e-23
2539.22039135  7.20582817963e-23
2634.54901401  7.20911155996e-23
2733.45650928  7.21126053217e-23
2836.07723689  7.21236109919e-23
2942.55060079  7.21249428733e-23
3053.02123849  7.21173646665e-23
3167.63921753  7.21015963704e-23
3286.5602394  7.20783168472e-23
3409.94585098  7.204816613e-23
3537.96366401  7.20117475077e-23
3670.78758282  7.19696294192e-23
3808.59804053  7.19223471821e-23
3951.58224415  7.18704045813e-23
4099.93442891  7.18142753367e-23
4253.85612214  7.17544044686e-23
4413.55641696  7.16912095762e-23
4579.25225639  7.16250820422e-23
4751.16872804  7.15563881757e-23
4929.53936983  7.14854703015e-23
5114.60648731  7.14126478054e-23
5306.62148276  7.13382181411e-23
5505.84519672  7.12624578041e-23
5712.54826234  7.11856232779e-23
5927.01147301  7.11079519536e-23
6149.52616379  7.10296630287e-23
6380.39460719  7.09509583833e-23
6619.93042377  7.08720234373e-23
6868.45900819  7.07930279889e-23
7126.31797123  7.07141270334e-23
7393.85759841  7.06354615638e-23
7671.44132584  7.05571593524e-23
7959.44623392  7.04793357114e-23
8258.26355958  7.04020942353e-23
8568.29922776  7.032552752e-23
8889.97440283  7.0249717862e-23
9223.72606069  7.01747379341e-23
9570.00758243  7.01006514376e-23
9929.28937017  7.00275137318e-23
10302.0594861  6.99553724382e-23
10688.8243155  6.98842680199e-23
11090.1092545  6.98142343359e-23
11506.459424  6.97452991701e-23
11938.4404101  6.96774847347e-23
12386.6390323  6.96108081477e-23
12851.6641409  6.95452818849e-23
13334.1474439  6.94809142076e-23
13834.7443651  6.94177095641e-23
14354.1349346  6.93556689677e-23
14893.0247126  6.92947903504e-23
15452.1457475  6.92350688933e-23
16032.2575709  6.91764973347e-23
16634.148229  6.91190662557e-23
17258.6353531  6.90627643458e-23
17906.5672706  6.90075786466e-23
18578.8241571  6.9092182734e-23
19276.3192322  6.90554257201e-23
20000  6.90191143579e-23

