0.5 20 151
151
0.5  0
0.512448710082  2.83230562051e-35
0.52520736093  5.73512834409e-35
0.538283669269  8.71022386468e-35
0.55168554395  1.17593915885e-34
0.565421090737  1.48844757222e-34
0.579498617203  1.80873663887e-34
0.59392663776  2.13700007699e-34
0.608713878807  2.47343642785e-34
0.623869284008  2.8182491759e-34
0.6394020197  3.17164687181e-34
0.655321480438  3.53384325864e-34
0.67163729468  3.9050574011e-34
0.688359330604  4.28551381803e-34
0.705497702082  4.67544261823e-34
0.723062774796  5.0750796396e-34
0.741065172505  5.48466659181e-34
0.759515783475  5.90445120246e-34
0.778425767058  6.33468736694e-34
0.797806560447  6.77563530198e-34
0.817669885593  7.22756170302e-34
0.83802775629  7.69073990556e-34
0.858892485448  8.16545005042e-34
0.880276692535  8.65197925321e-34
0.90219331121  9.15062177798e-34
0.924655597149  9.66167921521e-34
0.947677136058  1.01854606642e-33
0.971271851895  1.072228292e-33
0.995454015286  8.75767293248e-32
1.02023825216  1.49457887769e-29
1.04563955259  3.37030199677e-29
1.07167327987  5.29272578247e-29
1.0983551798  7.26301296089e-29
1.1257013902  9.28235520704e-29
1.15372845069  1.13519738656e-28
1.18245331269  1.34731206894e-28
1.21189334964  1.56470785969e-28
1.24206636756  1.78751624479e-28
1.27299061578  2.01587198387e-28
1.30468479801  2.24991319173e-28
1.33716808361  2.48978142188e-28
1.37046011922  2.73562175213e-28
1.40458104063  2.98758287239e-28
1.43955148495  3.24581717452e-28
1.47539260312  3.51048084457e-28
1.51212607267  3.78173395722e-28
1.54977411084  4.05974057258e-28
1.58835948804  4.34466883546e-28
1.62790554158  4.63669107701e-28
1.66843618984  4.93598391901e-28
1.70997594668  5.24272838065e-28
1.75254993629  5.55710998803e-28
1.79618390842  5.87931888638e-28
1.84090425388  6.20954995506e-28
1.88673802057  6.5480029254e-28
1.93371292981  6.89488250155e-28
1.9818573931  7.25039848426e-28
2.03120052932  6.2388582809e-27
2.08177218234  1.51542646064e-26
2.13360293905  2.42916415492e-26
2.18672414789  3.36565156049e-26
2.24116793778  4.32545508648e-26
2.29696723759  5.30915524413e-26
2.35415579601  6.31734699792e-26
2.41276820199  7.35064012541e-26
2.47283990568  8.40965958604e-26
2.53440723981  9.49504589916e-26
2.59750744173  1.06074555313e-25
2.66217867588  1.17475612935e-25
2.72846005693  1.29160527479e-25
2.79639167337  1.4113636625e-25
2.86601461181  1.53410372511e-25
2.9373709818  1.65989969863e-25
3.01050394131  2.13509996426e-25
3.08545772284  4.50754564539e-25
3.16227766017  6.96811051571e-25
3.24101021575  9.48993710346e-25
3.32170300885  1.20745506673e-24
3.40440484432  1.47235144411e-24
3.48916574214  1.74384305789e-24
3.57603696765  2.02209411245e-24
3.66507106256  2.30727290043e-24
3.75632187674  2.59955190452e-24
3.84984460077  2.89910790177e-24
3.94569579937  3.20612207055e-24
4.04393344553  4.01420589676e-24
4.14461695564  5.46749584575e-24
4.2478072254  6.95696896522e-24
4.35356666667  8.48352612276e-24
4.46195924519  1.00480906153e-23
4.57305051927  1.16516087273e-23
4.68690767949  1.32950503035e-23
4.80359958925  1.49794093352e-23
4.92319682653  1.67057045614e-23
5.04577172647  1.89595085964e-23
5.1713984252  2.21026885986e-23
5.30015290463  2.5324125674e-23
5.43211303844  2.86257682217e-23
5.56735863914  3.20096131512e-23
5.70597150638  3.54777070897e-23
5.84803547643  3.90321476202e-23
5.99363647282  4.2678279392e-23
6.1428625584  4.64788667273e-23
6.29580398853  5.03805555513e-23
6.4525532657  5.43793863614e-23
6.6132051955  5.84777777423e-23
6.77785694388  6.26782084954e-23
6.94660809603  6.69832191378e-23
7.11956071652  7.09128675828e-23
7.29681941106  7.47194998208e-23
7.47849138981  7.8620907381e-23
7.66468653214  8.26194499245e-23
7.85551745316  8.67175458617e-23
8.0510995718  9.06980315039e-23
8.25155118063  9.41411266487e-23
8.45699351738  9.766994598e-23
8.66755083831  1.01286623809e-22
8.88335049333  1.04993347585e-22
9.10452300303  1.08426038497e-22
9.33120213764  1.11525195626e-22
9.5635249979  1.14701513771e-22
9.80163209803  1.17956914044e-22
10.0456674507  1.21168295441e-22
10.295778654  1.23923748309e-22
10.5521169811  1.2674449526e-22
10.8148374712  1.29635471533e-22
11.0840990237  1.32423247391e-22
11.3600644943  1.34885135353e-22
11.6429007931  1.37408317975e-22
11.9327789861  1.39994000442e-22
12.2298743982  1.42279668962e-22
12.5343667197  1.44512511155e-22
12.8464401144  1.46800945359e-22
13.1662833315  1.48942991156e-22
13.4940898196  1.50945888798e-22
13.8300578436  1.52998653425e-22
14.1743906047  1.54932495755e-22
14.5272963631  1.56744666825e-22
14.8889885645  1.58601956279e-22
15.2596859686  1.60303711451e-22
15.6396127818  1.61959432503e-22
16.0289987924  1.63630391033e-22
16.4280795102  1.6512930505e-22
16.8370963082  1.66657391808e-22
17.2562965694  1.68091274953e-22
17.6859338356  1.69474706951e-22
18.1262679613  1.70837277468e-22
18.5775652707  1.72092786583e-22
19.0400987189  1.73360142533e-22
19.5141480567  1.74511210001e-22
20  1.75686e-22

