1 20 101
101
1  0
1.03041055791  5.38032713733e-36
1.06174591785  1.09242730247e-35
1.09403420358  1.66368133994e-35
1.12730439408  2.25230753141e-35
1.16158634964  2.85883417376e-35
1.1969108386  3.4838056297e-35
1.23330956497  4.12778281628e-35
1.27081519692  4.7913437084e-35
1.30946139606  5.47508385745e-35
1.34928284767  6.17961692589e-35
1.39031529185  6.90557523802e-35
1.43259555555  7.65361034744e-35
1.47616158565  8.42439362188e-35
1.52105248304  9.21861684571e-35
1.56730853766  1.00369928409e-34
1.61497126471  1.08802561067e-34
1.66408344188  1.17491634788e-34
1.71468914776  1.26444948089e-34
1.76683380139  1.35670536643e-34
1.82056420303  1.45176680492e-34
1.87592857615  1.54971911479e-34
1.93297661076  1.65065020905e-34
1.99175950792  3.97047404586e-33
2.05233002578  2.44414920138e-31
2.11474252688  5.35710482074e-31
2.17905302696  8.35864504566e-31
2.24531924523  1.14514637834e-30
2.31360065617  1.46383368645e-30
2.3839585429  1.7922124534e-30
2.45645605223  2.13057740185e-30
2.53115825126  2.47923221717e-30
2.60813218585  2.83848981994e-30
2.68744694072  3.20867264684e-30
2.76917370155  3.59011294004e-30
2.85338581877  3.98315304536e-30
2.94015887345  4.38814571957e-30
3.02957074514  4.3964374626e-29
3.12170168173  1.66398333427e-28
3.21663437151  2.92555577222e-28
3.31445401734  4.22549333186e-28
3.41524841318  5.56496271793e-28
3.51910802283  6.94516611534e-28
3.62612606115  8.36734226809e-28
3.73639857773  9.8327675911e-28
3.85002454306  1.13427573158e-27
3.96710593738  1.28986666704e-27
4.08774784223  5.69074473491e-27
4.21205853471  1.18634568117e-26
4.34014958471  1.82238845066e-26
4.472135955  2.47777363562e-26
4.60813610445  3.1530894497e-26
4.74827209431  3.84894199446e-26
4.89266969782  4.56595580333e-26
5.041458513  7.55957183251e-26
5.19477207907  1.6659098398e-25
5.35274799621  2.60353466431e-25
5.51552804914  3.56967318284e-25
5.68325833429  4.56519251274e-25
5.85608939099  5.59098614087e-25
6.03417633655  7.6097537561e-25
6.21767900547  1.37233080893e-24
6.40676209294  2.00453710796e-24
6.6015953026  2.65596915325e-24
6.80235349885  3.32721161049e-24
7.00921686386  4.14878384855e-24
7.22237105921  6.29669521818e-24
7.44200739256  8.57694864924e-24
7.66832298935  1.09265458593e-23
7.9015209697  1.33475956314e-23
8.14181063074  1.70768104142e-23
8.38940763443  2.18028182221e-23
8.64453420113  2.66725465642e-23
8.90741930907  3.16903660619e-23
9.17829889981  3.76703998944e-23
9.45741609003  4.42654646001e-23
9.74502138973  5.10610889029e-23
10.041372927  5.80555803918e-23
10.34673668  6.52192369753e-23
10.661386715  7.26000143113e-23
10.9856054331  8.01723324868e-23
11.3196838233  8.73163928159e-23
11.6639217237  9.46101398743e-23
12.0186280908  1.02036246298e-22
12.3841212763  1.08838780097e-22
12.7607293136  1.15807535219e-22
13.1487902114  1.22617577655e-22
13.5486522576  1.290205686e-22
13.9606743317  1.35595093353e-22
14.3852262269  1.41585309374e-22
14.8226889821  1.47646355848e-22
15.2734552238  1.53392666343e-22
15.7379295184  1.58980292107e-22
16.2165287354  1.64408067423e-22
16.7096824217  1.69589633205e-22
17.2178331866  1.74649511147e-22
17.7414370999  1.79479757246e-22
18.2809641002  1.84155981273e-22
18.8368984177  1.88689069698e-22
19.4097390079  1.92987149373e-22
20  1.97263e-22

