1 20 101
101
1  0
1.03041055791  4.76764562709e-36
1.06174591785  9.68027801763e-36
1.09403420358  1.47423063e-35
1.12730439408  1.99582736866e-35
1.16158634964  2.53328615514e-35
1.1969108386  3.08708936318e-35
1.23330956497  3.65773403574e-35
1.27081519692  4.24573233117e-35
1.30946139606  4.85161198281e-35
1.34928284767  5.47591677269e-35
1.39031529185  6.11920701953e-35
1.43259555555  6.78206008168e-35
1.47616158565  7.46507087526e-35
1.52105248304  8.16885240813e-35
1.56730853766  8.89403633007e-35
1.61497126471  9.64127349966e-35
1.66408344188  1.04112345685e-34
1.71468914776  1.12046105829e-34
1.76683380139  1.20221136047e-34
1.82056420303  1.28644773494e-34
1.87592857615  1.37324578455e-34
1.93297661076  1.46268341128e-34
1.99175950792  3.59275099218e-33
2.05233002578  2.21371139388e-31
2.11474252688  4.85207082389e-31
2.17905302696  7.57066423614e-31
2.24531924523  1.03719315908e-30
2.31360065617  1.32583870486e-30
2.3839585429  1.62326212272e-30
2.45645605223  1.92973035265e-30
2.53115825126  2.24551845244e-30
2.60813218585  2.57090984453e-30
2.68744694072  2.90619657039e-30
2.76917370155  3.25167955264e-30
2.85338581877  3.60766886513e-30
2.94015887345  3.97448401122e-30
3.02957074514  4.05321206295e-29
3.12170168173  1.53643349035e-28
3.21663437151  2.70194353003e-28
3.31445401734  3.90289738026e-28
3.41524841318  5.14037290711e-28
3.51910802283  6.41548075513e-28
3.62612606115  7.7293653442e-28
3.73639857773  9.08320589666e-28
3.85002454306  1.04782174956e-27
3.96710593738  1.19156521756e-27
4.08774784223  5.32463659607e-27
4.21205853471  1.1122667544e-26
4.34014958471  1.70970198478e-26
4.472135955  2.32530555383e-26
4.60813610445  2.95962997087e-26
4.74827209431  3.61324454733e-26
4.89266969782  4.28673590772e-26
5.041458513  7.12965311754e-26
5.19477207907  1.57915261779e-25
5.35274799621  2.47168116306e-25
5.51552804914  3.39135199935e-25
5.68325833429  4.33899053886e-25
5.85608939099  5.31544729505e-25
6.03417633655  7.24974994989e-25
6.21767900547  1.3135246723e-24
6.40676209294  1.92215268849e-24
6.6015953026  2.54928942221e-24
6.80235349885  3.19549773389e-24
7.00921686386  3.98844225029e-24
7.22237105921  6.07848493178e-24
7.44200739256  8.29764871307e-24
7.66832298935  1.0584298503e-23
7.9015209697  1.29404865889e-23
8.14181063074  1.65965197615e-23
8.38940763443  2.1242578497e-23
8.64453420113  2.60299264706e-23
8.90741930907  3.0962860367e-23
9.17829889981  3.68712957818e-23
9.45741609003  4.34010749766e-23
9.74502138973  5.01294283999e-23
10.041372927  5.70586628751e-23
10.34673668  6.41777641778e-23
10.661386715  7.15130116536e-23
10.9856054331  7.90391362983e-23
11.3196838233  8.61500228527e-23
11.6639217237  9.34110673106e-23
12.0186280908  1.00804476379e-22
12.3841212763  1.07582812214e-22
12.7607293136  1.14527087813e-22
13.1487902114  1.21314138144e-22
13.5486522576  1.27697135987e-22
13.9606743317  1.34251199303e-22
14.3852262269  1.40225056003e-22
14.8226889821  1.46269916355e-22
15.2734552238  1.52001462686e-22
15.7379295184  1.57575154221e-22
16.2165287354  1.62989654205e-22
16.7096824217  1.68158891144e-22
17.2178331866  1.73206718817e-22
17.7414370999  1.7802544563e-22
18.2809641002  1.82690923919e-22
18.8368984177  1.87214005526e-22
19.4097390079  1.91502593549e-22
20  1.95769e-22

