0.2 20 151
151
0.2  0
0.206235454919  6.45824772285e-39
0.212665314327  1.31178460084e-38
0.219295639229  1.99850724183e-38
0.22613267959  2.70664002317e-38
0.233182880236  3.43685045468e-38
0.240452886923  4.18982685733e-38
0.247949552606  4.96627901204e-38
0.255679943893  5.76693882879e-38
0.263651347711  6.5925610365e-38
0.271871278176  7.44392389449e-38
0.280347483669  8.32182992609e-38
0.289087954149  9.22710667509e-38
0.298100928677  1.01606074859e-37
0.307394903187  1.11232123078e-37
0.316978638492  1.21158285246e-37
0.326861168545  1.31393918097e-37
0.33705180895  1.41948670084e-37
0.34756016575  1.52832490472e-37
0.358396144475  1.64055638717e-37
0.369569959484  1.75628694137e-37
0.381092143593  1.87562565883e-37
0.392973557999  1.99868503226e-37
0.405225402524  2.12558106156e-37
0.417859226171  2.25643336322e-37
0.430886938006  2.39136528301e-37
0.444320818391  2.53050401232e-37
0.458173530554  2.673980708e-37
0.472458132527  2.82193061602e-37
0.487188089458  2.97449319895e-37
0.502377286302  6.7694585005e-33
0.518040040906  4.81798367566e-32
0.534191117512  9.13145070101e-32
0.550845740668  1.35793998723e-31
0.568019609583  1.81660239762e-31
0.585728912925  2.28956465193e-31
0.60399034408  2.77727258031e-31
0.622821116889  3.2801859127e-31
0.642238981873  3.79877871214e-31
0.662262242965  4.3335398217e-31
0.682909774767  4.88497332521e-31
0.704201040337  5.45359902248e-31
0.72615610954  6.03995291926e-31
0.748795677965  6.64458773248e-31
0.772141086431  7.26807341131e-31
0.796214341107  7.91099767435e-31
0.821038134255  8.57396656368e-31
0.846635865618  9.25760501611e-31
0.87303166448  9.96255745231e-31
0.900250412412  1.06894883842e-30
0.928317766723  1.14390830413e-30
0.957260184645  1.22120480169e-30
0.987104948279  1.30091119338e-30
1.0178801903  6.50576943993e-28
1.0496149205  1.8028860899e-27
1.08233905309  2.99112109446e-27
1.11608343495  4.21640202803e-27
1.15087987467  5.47988388173e-27
1.18676117255  6.78275765613e-27
1.2237611515  8.12625148395e-27
1.26191468896  9.51163178775e-27
1.30125774973  1.09402044737e-26
1.34182741991  1.24133161626e-26
1.38366194184  1.3932355459e-26
1.42680075014  1.54987542608e-26
1.47128450892  1.71139891081e-26
1.51715515006  1.87795825758e-26
1.56445591277  2.04971047084e-26
1.61323138435  2.22681745001e-26
1.66352754221  2.40944614211e-26
1.71539179718  2.59776869908e-26
1.76887303828  2.79196264013e-26
1.82402167871  2.992211019e-26
1.88088970345  3.19870259657e-26
1.93953071822  3.41163201875e-26
2  4.44927504795e-26
2.06235454919  1.68184887819e-25
2.12665314327  3.04169212873e-25
2.19295639229  4.4439315857e-25
2.2613267959  5.88988904726e-25
2.33182880236  7.38092752165e-25
2.40452886923  8.91845251198e-25
2.47949552606  1.05039133411e-24
2.55679943893  1.21388045179e-24
2.63651347711  1.38246671458e-24
2.71871278176  1.55630903758e-24
2.80347483669  1.73557129043e-24
2.89087954149  1.92042245175e-24
2.98100928677  2.11358678375e-24
3.07394903187  3.19217312674e-24
3.16978638492  4.54126596191e-24
3.26861168545  5.93241983486e-24
3.3705180895  7.3669460941e-24
3.4756016575  8.84619697244e-24
3.58396144475  1.03715668616e-23
3.69569959484  1.19444936267e-23
3.81092143593  1.35664599614e-23
3.92973557999  1.52389947859e-23
4.05225402524  1.76132235741e-23
4.17859226171  2.09621343772e-23
4.30886938006  2.4415455092e-23
4.44320818391  2.7976440935e-23
4.58173530554  3.16484486115e-23
4.72458132527  3.54349394796e-23
4.87188089458  3.93394828132e-23
5.02377286302  4.33525817941e-23
5.18040040906  4.74237736706e-23
5.34191117512  5.16210508545e-23
5.50845740668  5.59491877017e-23
5.68019609583  6.041226406e-23
5.85728912925  6.50144869753e-23
6.0399034408  6.95428884391e-23
6.22821116889  7.34205617738e-23
6.42238981873  7.74174185948e-23
6.62262242965  8.15388865185e-23
6.82909774767  8.57888505793e-23
7.04201040337  8.99581438826e-23
7.2615610954  9.33883655182e-23
7.48795677965  9.69213607291e-23
7.72141086431  1.00564505102e-22
7.96214341107  1.04312226641e-22
8.21038134255  1.07424163611e-22
8.46635865618  1.10480788713e-22
8.7303166448  1.13632711056e-22
9.00250412412  1.16830353268e-22
9.28317766723  1.19450871919e-22
9.57260184645  1.22106049339e-22
9.87104948279  1.24844007955e-22
10.178801903  1.27307936833e-22
10.496149205  1.29581412905e-22
10.8233905309  1.31925769764e-22
11.1608343495  1.34110007473e-22
11.5087987467  1.36098276039e-22
11.8676117255  1.381485334e-22
12.237611515  1.39999201027e-22
12.6191468896  1.41756171427e-22
13.0125774973  1.43540220114e-22
13.4182741991  1.45077273424e-22
13.8366194184  1.46644812961e-22
14.2680075014  1.48083535134e-22
14.7128450892  1.49455414255e-22
15.1715515006  1.50778456326e-22
15.6445591277  1.51984625776e-22
16.1323138435  1.53168859071e-22
16.6352754221  1.54225078386e-22
17.1539179718  1.55256354583e-22
17.6887303828  1.5617837118e-22
18.2402167871  1.57058029572e-22
18.8088970345  1.57870104965e-22
19.3953071822  1.58614601468e-22
20  1.59336e-22

