0.5 20 151
151
0.5  0
0.512448710082  7.18529586984e-44
0.52520736093  1.454948707e-43
0.538283669269  2.20970276325e-43
0.55168554395  2.98324824837e-43
0.565421090737  3.77605302045e-43
0.579498617203  4.58859658605e-43
0.59392663776  5.4213703902e-43
0.608713878807  6.27487811366e-43
0.623869284008  7.14963597752e-43
0.6394020197  8.04617305546e-43
0.655321480438  8.96503159372e-43
0.67163729468  9.90676733909e-43
0.688359330604  1.0871949875e-42
0.705497702082  1.1861162966e-42
0.723062774796  1.2875004911e-42
0.741065172505  1.39140889049e-42
0.759515783475  1.49790434095e-42
0.778425767058  1.60705125339e-42
0.797806560447  1.71891564238e-42
0.817669885593  1.83356516605e-42
0.83802775629  1.95106916709e-42
0.858892485448  2.07149871461e-42
0.880276692535  2.19492664717e-42
0.90219331121  2.32142761684e-42
0.924655597149  2.45107813429e-42
0.947677136058  2.58395661516e-42
0.971271851895  2.72014342739e-42
0.995454015286  9.37864493575e-37
1.02023825216  1.6212904564e-34
1.04563955259  3.65619371354e-34
1.07167327987  5.74176081207e-34
1.0983551798  7.87925315092e-34
1.1257013902  1.00699635346e-33
1.15372845069  1.23152169552e-33
1.18245331269  1.46163713936e-33
1.21189334964  1.69748186409e-33
1.24206636756  1.93919851403e-33
1.27299061578  2.18693328496e-33
1.30468479801  2.44083601257e-33
1.33716808361  2.70106026307e-33
1.37046011922  2.96776342608e-33
1.40458104063  3.24110680979e-33
1.43955148495  3.52125573857e-33
1.47539260312  3.80837965295e-33
1.51212607267  4.10265221206e-33
1.54977411084  4.40425139871e-33
1.58835948804  4.71335962704e-33
1.62790554158  5.03016385281e-33
1.66843618984  5.35485568649e-33
1.70997594668  5.68763150918e-33
1.75254993629  6.02869259135e-33
1.79618390842  6.37824521459e-33
1.84090425388  6.73650079635e-33
1.88673802057  7.10367601786e-33
1.93371292981  7.47999295513e-33
1.9818573931  7.86567921331e-33
2.03120052932  2.08866196667e-30
2.08177218234  5.46110339684e-30
2.13360293905  8.91750991829e-30
2.18672414789  1.24599720452e-29
2.24116793778  1.609063234e-29
2.29696723759  1.98116867097e-29
2.35415579601  2.36253857335e-29
2.41276820199  2.75340360243e-29
2.47283990568  3.15400016236e-29
2.53440723981  3.56457054317e-29
2.59750744173  3.98536306725e-29
2.66217867588  4.4166322396e-29
2.72846005693  4.85863890175e-29
2.79639167337  5.31165038947e-29
2.86601461181  5.77594069455e-29
2.9373709818  6.25179063043e-29
3.01050394131  1.86898617875e-28
3.08545772284  9.65060653318e-28
3.16227766017  1.77262299189e-27
3.24101021575  2.60029154931e-27
3.32170300885  3.44856691856e-27
3.40440484432  4.31796215609e-27
3.48916574214  5.20900309215e-27
3.57603696765  6.12222864877e-27
3.66507106256  7.05819116578e-27
3.75632187674  8.01745673483e-27
3.84984460077  9.00060554181e-27
3.94569579937  1.00082322177e-26
4.04393344553  2.20153668783e-26
4.14461695564  4.82241806435e-26
4.2478072254  7.5085526257e-26
4.35356666667  1.02615650078e-25
4.46195924519  1.3083120296e-25
4.57305051927  1.59749250316e-25
4.68690767949  1.89387282448e-25
4.80359958925  2.19763225119e-25
4.92319682653  2.50895450398e-25
5.04577172647  3.71278303786e-25
5.1713984252  6.46813080827e-25
5.30015290463  9.29207962983e-25
5.43211303844  1.21863374917e-24
5.56735863914  1.51526549077e-24
5.70597150638  1.81928259746e-24
5.84803547643  2.13086894581e-24
5.99363647282  2.49192128182e-24
6.1428625584  3.69324944829e-24
6.29580398853  5.00903974822e-24
6.4525532657  6.35758983211e-24
6.6132051955  7.73971533404e-24
6.77785694388  9.15625219532e-24
6.94660809603  1.060805717e-23
7.11956071652  1.31994066969e-23
7.29681941106  1.63602837381e-23
7.47849138981  1.9599858463e-23
7.66468653214  2.2920090241e-23
7.85551745316  2.63229872247e-23
8.0510995718  3.00698816817e-23
8.25155118063  3.46614061883e-23
8.45699351738  3.93672478097e-23
8.66755083831  4.41902527473e-23
8.88335049333  4.91333380652e-23
9.10452300303  5.41765924652e-23
9.33120213764  5.93192166562e-23
9.5635249979  6.45898789224e-23
9.80163209803  6.99917670815e-23
10.0456674507  7.54128477068e-23
10.295778654  8.04748739907e-23
10.5521169811  8.56598806e-23
10.8148374712  9.09739804975e-23
11.0840990237  9.61831864764e-23
11.3600644943  1.00986834633e-22
11.6429007931  1.05910081235e-22
11.9327789861  1.10955384911e-22
12.2298743982  1.15536876321e-22
12.5343667197  1.20054933386e-22
12.8464401144  1.24685478417e-22
13.1662833315  1.29067650427e-22
13.4940898196  1.33214730308e-22
13.8300578436  1.3746506178e-22
14.1743906047  1.41507312451e-22
14.5272963631  1.45336692836e-22
14.8889885645  1.49261414914e-22
15.2596859686  1.52899257526e-22
15.6396127818  1.56459171765e-22
16.0289987924  1.60056708162e-22
16.4280795102  1.63324419928e-22
16.8370963082  1.66657497816e-22
17.2562965694  1.69813932319e-22
17.6859338356  1.72879823851e-22
18.1262679613  1.75913962797e-22
18.5775652707  1.787481099e-22
19.0400987189  1.81614635709e-22
19.5141480567  1.84261719787e-22
20  1.86965e-22

