0.05 20 201
201
0.05  0
0.0515205278956  5.03148762753e-41
0.0530872958927  1.02159856009e-40
0.0547017101788  1.55581470502e-40
0.0563652197041  2.10627666096e-40
0.0580793174821  2.67347847209e-40
0.0598455419298  3.25792920674e-40
0.0616654782484  3.86015341431e-40
0.0635407598458  4.48069159601e-40
0.0654730698028  5.12010069003e-40
0.0674641423837  5.77895457133e-40
0.0695157645926  6.45784456674e-40
0.0716297777775  7.15737998567e-40
0.0738080792827  7.87818866697e-40
0.0760526241521  8.62091754242e-40
0.0783654268832  9.38623321734e-40
0.0807485632356  1.01748225689e-39
0.0832041720942  1.09873933626e-39
0.0857344573881  1.18246748875e-39
0.0883416900695  1.26874186107e-39
0.0910282101513  1.35763988519e-39
0.0937964288077  1.44924134782e-39
0.0966488305378  1.54362846203e-39
0.0995879753959  1.92628357229e-36
0.102616501289  1.23862595847e-34
0.105737126344  2.71587941324e-34
0.108952651348  4.23805696974e-34
0.112265962262  5.80652479498e-34
0.115680032808  7.42269060185e-34
0.119197927145  9.08800491258e-34
0.122822802612  1.08039623606e-33
0.126557912563  1.2572103032e-33
0.130406609292  1.43940138476e-33
0.134372347036  1.62713299876e-33
0.138458685077  1.82057363588e-33
0.142669290938  2.0198969107e-33
0.147007943673  2.22528171751e-33
0.151478537257  2.43691239089e-33
0.156085084087  2.65497887111e-33
0.160831718575  2.87967687465e-33
0.165722700867  3.11120806985e-33
0.170762420659  3.34978025786e-33
0.175955401141  3.59560755922e-33
0.181306303058  3.84891060596e-33
0.186819928886  4.10991673967e-33
0.192501227153  4.37886021552e-33
0.198355296869  4.65598241252e-33
0.204387392112  2.4878252954e-29
0.210602926736  6.01160925053e-29
0.217007479236  9.64255344169e-29
0.22360679775  1.33839166715e-28
0.230406805222  1.72390568444e-28
0.237413604716  2.12114339808e-28
0.244633484891  2.53046133222e-28
0.25207292565  2.95222685309e-28
0.259738603953  3.38681849877e-28
0.267637399811  3.83462631885e-28
0.275776402457  4.29605222458e-28
0.284162916714  4.77151034953e-28
0.292804469549  5.26142742133e-28
0.301708816827  5.76624314462e-28
0.310883950274  6.28641059569e-28
0.320338104647  6.82239662915e-28
0.33007976513  7.37468229693e-28
0.340117674943  7.94376327999e-28
0.350460843193  8.53015033324e-28
0.361118552961  9.13436974393e-28
0.372100369628  9.756963804e-28
0.383416149468  1.03984912968e-27
0.395076048485  1.10595279986e-27
0.407090531537  1.17406671952e-27
0.419470381721  1.24425202149e-27
0.432226710057  1.31657169764e-27
0.445370965454  1.3910906555e-27
0.458914944991  1.46787577643e-27
0.472870804502  1.54699597574e-27
0.487251069486  1.62852226445e-27
0.502068646352  4.95129430316e-27
0.517336833998  2.64742412021e-26
0.533069335748  4.89551744056e-26
0.549280271653  7.21197653302e-26
0.565984191164  9.59888043886e-26
0.583196086186  1.20583714242e-25
0.600931404538  1.45926569025e-25
0.619206063817  1.72040114161e-25
0.63803646568  1.98947786775e-25
0.657439510569  2.26673736724e-25
0.677432612878  2.5524284828e-25
0.698033716583  2.84680762457e-25
0.719261311345  3.15013900028e-25
0.741134449107  3.46269485236e-25
0.763672761192  3.78475570228e-25
0.786896475921  4.11661060233e-25
0.810826436772  4.45855739503e-25
0.835484121084  4.81090298048e-25
0.860891659332  5.17396359175e-25
0.887071854993  5.54806507878e-25
0.914048205011  5.93354320073e-25
0.941844920883  6.33074392744e-25
0.970486950393  6.74002374985e-25
1  7.59429822371e-25
1.03041055791  1.44492220583e-24
1.06174591785  2.19583102076e-24
1.09403420358  2.96957539169e-24
1.12730439408  3.76684976063e-24
1.16158634964  4.58836968793e-24
1.1969108386  5.43487249456e-24
1.23330956497  6.30711792381e-24
1.27081519692  7.20588882319e-24
1.30946139606  8.13199184707e-24
1.34928284767  9.08625818058e-24
1.39031529185  1.00695442857e-23
1.43259555555  1.10827326698e-23
1.47616158565  1.2126732678e-23
1.52105248304  1.32024813089e-23
1.56730853766  1.43109440559e-23
1.61497126471  1.54531157733e-23
1.66408344188  1.663002157e-23
1.71468914776  1.78427177285e-23
1.76683380139  1.90922926538e-23
1.82056420303  2.03798678497e-23
1.87592857615  2.17065989257e-23
1.93297661076  2.30736766339e-23
1.99175950792  2.4493818443e-23
2.05233002578  2.66732914e-23
2.11474252688  2.90508706645e-23
2.17905302696  3.15007534409e-23
2.24531924523  3.40251385194e-23
2.31360065617  3.66262915564e-23
2.3839585429  3.93065471085e-23
2.45645605223  4.20683107273e-23
2.53115825126  4.49140611186e-23
2.60813218585  4.7846352367e-23
2.68744694072  5.08678162281e-23
2.76917370155  5.3981164491e-23
2.85338581877  5.71891914116e-23
2.94015887345  6.04947762206e-23
3.02957074514  6.34857541408e-23
3.12170168173  6.57020568728e-23
3.21663437151  6.79857586073e-23
3.31445401734  7.03389089857e-23
3.41524841318  7.27636199799e-23
3.51910802283  7.52620677882e-23
3.62612606115  7.78364947884e-23
3.73639857773  8.04892115498e-23
3.85002454306  8.3222598908e-23
3.96710593738  8.60391101007e-23
4.08774784223  8.80893800637e-23
4.21205853471  8.98729389121e-23
4.34014958471  9.17107367801e-23
4.472135955  9.36044231066e-23
4.60813610445  9.55556974908e-23
4.74827209431  9.75663112176e-23
4.89266969782  9.96380688297e-23
5.041458513  1.01551582661e-22
5.19477207907  1.02933091204e-22
5.35274799621  1.04356612194e-22
5.51552804914  1.05823423251e-22
5.68325833429  1.0733484085e-22
5.85608939099  1.08892221502e-22
6.03417633655  1.10379451618e-22
6.21767900547  1.1141910406e-22
6.40676209294  1.12487612587e-22
6.6015953026  1.13588615055e-22
6.80235349885  1.14723099622e-22
7.00921686386  1.15856109331e-22
7.22237105921  1.16663217661e-22
7.44200739256  1.17476311367e-22
7.66832298935  1.18314131707e-22
7.9015209697  1.1917743063e-22
8.14181063074  1.1989057053e-22
8.38940763443  1.20499163965e-22
8.64453420113  1.21126265066e-22
8.90741930907  1.21772436662e-22
9.17829889981  1.22283138653e-22
9.45741609003  1.22726376751e-22
9.74502138973  1.23183093967e-22
10.041372927  1.23623844773e-22
10.34673668  1.23911158586e-22
10.661386715  1.24204412418e-22
10.9856054331  1.24500637056e-22
11.3196838233  1.24686874956e-22
11.6639217237  1.2486656714e-22
12.0186280908  1.25043192671e-22
12.3841212763  1.2514417626e-22
12.7607293136  1.25244353997e-22
13.1487902114  1.25319754427e-22
13.5486522576  1.25351343528e-22
13.9606743317  1.25382367679e-22
14.3852262269  1.25362730748e-22
14.8226889821  1.25335170594e-22
15.2734552238  1.25276145336e-22
15.7379295184  1.25194862334e-22
16.2165287354  1.25092052943e-22
16.7096824217  1.24962353523e-22
17.2178331866  1.24813025882e-22
17.7414370999  1.24637618572e-22
18.2809641002  1.24443671714e-22
18.8368984177  1.24231304804e-22
19.4097390079  1.24001007007e-22
20  1.23759e-22

