0.2 20000 301
301
0.2  0
0.207824460767  1.42831920801e-37
0.215955032466  2.91251755406e-37
0.22440369086  4.45478115874e-37
0.233182880236  6.05738166877e-37
0.242305531726  7.72267960287e-37
0.251785082359  9.45312782873e-37
0.261635494852  1.12512751759e-36
0.271871278176  1.31197701898e-36
0.282507508925  1.50613650335e-36
0.293559853524  1.70789195405e-36
0.305044591308  1.91754054279e-36
0.316978638492  2.13539106733e-36
0.329379573097  2.36176440627e-36
0.342265660832  2.59699399176e-36
0.355655882008  2.84142630057e-36
0.369569959484  3.09542136442e-36
0.384028387728  3.35935330034e-36
0.399052462994  3.63361086165e-36
0.414664314697  3.9185980106e-36
0.430886938006  4.21473451338e-36
0.447744227714  4.52245655839e-36
0.465261013431  4.84221739875e-36
0.483463096161  5.17448801987e-36
0.502377286302  3.54464203359e-32
0.522031443137  3.28453564943e-31
0.542454515866  6.32923824087e-31
0.563676586253  9.49305661217e-31
0.585728912925  1.27806508471e-30
0.608643977422  1.61968633425e-30
0.632455532034  1.97467259412e-30
0.65719864952  2.3435467343e-30
0.682909774767  2.72685208068e-30
0.709626778467  3.12515321527e-30
0.737389012904  3.53903680787e-30
0.766237369911  3.96911248013e-30
0.796214341107  4.41601370352e-30
0.827364080478  4.88039873234e-30
0.859732469416  5.36295157337e-30
0.893367184302  5.86438299326e-30
0.928317766723  6.3854315655e-30
0.964635696448  6.92686475831e-30
1.00237446725  2.23226491111e-28
1.04158966572  3.78678705977e-27
1.08233905309  7.48976232774e-27
1.12468265038  1.13376065192e-26
1.16868282675  1.53359872403e-26
1.21440439138  1.94907938268e-26
1.26191468896  2.38081460189e-26
1.31128369884  2.82944029753e-26
1.36258413812  3.29561726393e-26
1.41589156877  3.78003214726e-26
1.47128450892  4.28339845684e-26
1.52884454851  4.80645761612e-26
1.58865646945  5.34998005476e-26
1.65080837054  5.91476634338e-26
1.71539179718  6.50164837278e-26
1.78250187627  7.11149057925e-26
1.85223745626  7.74519121782e-26
1.9247012528  8.40368368531e-26
2  9.08793789519e-26
2.07824460767  3.77224314918e-25
2.15955032466  6.74771724471e-25
2.2440369086  9.83959874186e-25
2.33182880236  1.30524417664e-24
2.42305531726  1.63909786118e-24
2.51785082359  1.98601267102e-24
2.61635494852  2.34649958744e-24
2.71871278176  2.72108958254e-24
2.82507508925  3.11033440125e-24
2.93559853524  3.51480737401e-24
3.05044591308  4.67410586224e-24
3.16978638492  6.85911024682e-24
3.29379573097  9.12959703682e-24
3.42265660832  1.14889105009e-23
3.55655882008  1.39405257431e-23
3.69569959484  1.64880538217e-23
3.84028387728  1.91352470679e-23
3.99052462994  2.18860046125e-23
4.14664314697  2.61391329103e-23
4.30886938006  3.06523014778e-23
4.47744227714  3.53420355971e-23
4.65261013431  4.02152429196e-23
4.83463096161  4.52791013397e-23
5.02377286302  5.04641360852e-23
5.22031443137  5.5295918935e-23
5.42454515866  6.03167322615e-23
5.63676586253  6.55339713724e-23
5.85728912925  7.09553208971e-23
6.08643977422  7.60915845441e-23
6.32455532034  8.05758376361e-23
6.5719864952  8.523552504e-23
6.82909774767  9.00775101502e-23
7.09626778467  9.46505459539e-23
7.37389012904  9.8556902816e-23
7.66237369911  1.02616085358e-22
7.96214341107  1.06834072473e-22
8.27364080478  1.102927362e-22
8.59732469416  1.13753830889e-22
8.93367184302  1.17350331576e-22
9.28317766723  1.20381988383e-22
9.64635696448  1.23360526305e-22
10.0237446725  1.26412154852e-22
10.4158966572  1.28910934067e-22
10.8233905309  1.31507471282e-22
11.2468265038  1.33880017869e-22
11.6868282675  1.36103315915e-22
12.1440439138  1.38271117826e-22
12.6191468896  1.40201846112e-22
13.1128369884  1.42120677029e-22
13.6258413812  1.43807927264e-22
14.1589156877  1.45465031814e-22
14.7128450892  1.46951717738e-22
15.2884454851  1.48360937978e-22
15.8865646945  1.49684986379e-22
16.5080837054  1.50863249006e-22
17.1539179718  1.51990710998e-22
17.8250187627  1.52992718395e-22
18.5223745626  1.52559600559e-22
19.247012528  1.51700584422e-22
20  1.50903552829e-22
20.7824460767  1.50144931243e-22
21.5955032466  1.49400481419e-22
22.440369086  1.48645233735e-22
23.3182880236  1.47853417456e-22
24.2305531726  1.47229868489e-22
25.1785082359  1.47234827131e-22
26.1635494852  1.47178187229e-22
27.1871278176  1.47062019175e-22
28.2507508925  1.46888315783e-22
29.3559853524  1.46658996156e-22
30.5044591308  1.46375909506e-22
31.6978638492  1.46040838911e-22
32.9379573097  1.45655505033e-22
34.2265660832  1.452215698e-22
35.5655882008  1.44740640062e-22
36.9569959484  1.44214271227e-22
38.4028387728  1.43643970884e-22
39.9052462994  1.4303120243e-22
41.4664314697  1.42377388703e-22
43.0886938006  1.41683915624e-22
44.7744227714  1.4095213587e-22
46.5261013431  1.40183372579e-22
48.3463096161  1.39378923088e-22
50.2377286302  1.38540062728e-22
52.2031443137  1.3766804866e-22
54.2454515866  1.36764123786e-22
56.3676586253  1.35829520708e-22
58.5728912925  1.34865465768e-22
60.8643977422  1.3387318315e-22
63.2455532034  1.32853899053e-22
65.719864952  1.31808845928e-22
68.2909774767  1.30739266779e-22
70.9626778467  1.29646419512e-22
73.7389012904  1.28531581324e-22
76.6237369911  1.27396053107e-22
79.6214341107  1.26241163853e-22
82.7364080478  1.25068275025e-22
85.9732469416  1.2387878485e-22
89.3367184302  1.22674132508e-22
92.8317766723  1.21455802142e-22
96.4635696448  1.2022532665e-22
100.237446725  1.18984291157e-22
104.158966572  1.17734336124e-22
108.233905309  1.16477159958e-22
112.468265038  1.1521452106e-22
116.868282675  1.13948239164e-22
121.440439138  1.12680195874e-22
126.191468896  1.11412334251e-22
131.128369884  1.10146657324e-22
136.258413812  1.08885225391e-22
141.589156877  1.07630151983e-22
147.128450892  1.06383598354e-22
152.884454851  1.05147766396e-22
158.865646945  1.03924889895e-22
165.080837054  1.02717224052e-22
171.539179718  1.01527033253e-22
178.250187627  1.00356577102e-22
185.223745626  9.92080947899e-23
192.47012528  9.80837879183e-23
200  9.70575751822e-23
207.824460767  9.59861840952e-23
215.955032466  9.4945250411e-23
224.40369086  9.39366219285e-23
233.182880236  9.29620089041e-23
242.305531726  9.20229638976e-23
251.785082359  9.11208626597e-23
261.635494852  9.02568865853e-23
271.871278176  8.94320072449e-23
282.507508925  8.86469734821e-23
293.559853524  8.7902301514e-23
305.044591308  8.71982684045e-23
316.978638492  8.65349091988e-23
329.379573097  8.5912017917e-23
342.265660832  8.53291525058e-23
355.655882008  8.47856437636e-23
369.569959484  8.42806081714e-23
384.028387728  8.38129645156e-23
399.052462994  8.33814541735e-23
414.664314697  8.29846649832e-23
430.886938006  8.26210587696e-23
447.744227714  8.2289002941e-23
465.261013431  8.19868073493e-23
483.463096161  8.17127696397e-23
502.377286302  8.14652855286e-23
522.031443137  8.12539817972e-23
542.454515866  8.10865430861e-23
563.676586253  8.0962184702e-23
585.728912925  8.08799834646e-23
608.643977422  8.04470776004e-23
632.455532034  8.04796607837e-23
657.19864952  8.05485226524e-23
682.909774767  8.0654022195e-23
709.626778467  8.07964117e-23
737.389012904  8.09758348091e-23
766.237369911  8.11923256089e-23
796.214341107  8.14458087788e-23
827.364080478  8.17361007923e-23
859.732469416  8.20629121466e-23
893.367184302  8.24258505728e-23
928.317766723  8.28244251611e-23
964.635696448  8.4707286155e-23
1002.37446725  8.56397265831e-23
1041.58966572  8.64970245659e-23
1082.33905309  8.72874109196e-23
1124.68265038  8.80182027397e-23
1168.68282675  8.86959474598e-23
1214.40439138  8.93265380563e-23
1261.91468896  8.99153059565e-23
1311.28369884  9.04670965333e-23
1362.58413812  9.09863308719e-23
1415.89156877  9.14770566165e-23
1471.28450892  9.19429900671e-23
1528.84454851  9.22222091763e-23
1588.65646945  9.25754991861e-23
1650.80837054  9.28923856857e-23
1715.39179718  9.31756011658e-23
1782.50187627  9.34276472366e-23
1852.23745626  9.36508212461e-23
1924.7012528  9.38472390938e-23
2000  9.40188548571e-23
2078.24460767  9.41674777332e-23
2159.55032466  9.42947867067e-23
2244.0369086  9.44023432826e-23
2331.82880236  9.44916025652e-23
2423.05531726  9.45639229194e-23
2517.85082359  9.4620574412e-23
2616.35494852  9.4662746202e-23
2718.71278176  9.46915530238e-23
2825.07508925  9.47080408862e-23
2935.59853524  9.47131920941e-23
3050.44591308  9.47079296843e-23
3169.78638492  9.46931213564e-23
3293.79573097  9.46695829679e-23
3422.65660832  9.46380816541e-23
3556.55882008  9.45993386267e-23
3695.69959484  9.45540316966e-23
3840.28387728  9.45027975612e-23
3990.52462994  9.44462338923e-23
4146.64314697  9.43849012538e-23
4308.86938006  9.4319324876e-23
4477.44227714  9.42499963089e-23
4652.61013431  9.41773749744e-23
4834.63096161  9.41018896323e-23
5023.77286302  9.40239397753e-23
5220.31443137  9.39438969627e-23
5424.54515866  9.38621061037e-23
5636.76586253  9.37788866969e-23
5857.28912925  9.36945340314e-23
6086.43977422  9.36093203551e-23
6324.55532034  9.35234960128e-23
6571.9864952  9.34372905562e-23
6829.09774767  9.33509138283e-23
7096.26778467  9.32645570219e-23
7373.89012904  9.31783937128e-23
7662.37369911  9.30925808675e-23
7962.14341107  9.30072598255e-23
8273.64080478  9.29225572541e-23
8597.32469416  9.28385860756e-23
8933.67184302  9.27554463668e-23
9283.17766723  9.26732262272e-23
9646.35696448  9.2592002618e-23
10023.7446725  9.25118421691e-23
10415.8966572  9.2432801953e-23
10823.3905309  9.23549302274e-23
11246.8265038  9.22782671424e-23
11686.8282675  9.22028454156e-23
12144.0439138  9.21286909719e-23
12619.1468896  9.20558235504e-23
13112.8369884  9.19842572767e-23
13625.8413812  9.19140012023e-23
14158.9156877  9.18450598111e-23
14712.8450892  9.17774334926e-23
15288.4454851  9.17111189852e-23
15886.5646945  9.16461097875e-23
16508.0837054  9.15823965402e-23
17153.9179718  9.151996738e-23
17825.0187627  9.1458808265e-23
18522.3745626  9.15456938618e-23
19247.012528  9.15051657806e-23
20000  9.14651339321e-23

