0.5 20 151
151
0.5  0
0.512448710082  2.87395900445e-40
0.52520736093  5.81947217376e-40
0.538283669269  8.83832102205e-40
0.55168554395  1.19323314185e-39
0.565421090737  1.51033746918e-39
0.579498617203  1.83533687619e-39
0.59392663776  2.16842792998e-39
0.608713878807  2.5098120917e-39
0.623869284008  2.85969583832e-39
0.6394020197  3.2182907876e-39
0.655321480438  3.58581382599e-39
0.67163729468  3.9624872399e-39
0.688359330604  4.34853885005e-39
0.705497702082  4.74420214935e-39
0.723062774796  5.14971644405e-39
0.741065172505  5.56532699853e-39
0.759515783475  5.99128518361e-39
0.778425767058  6.4278486286e-39
0.797806560447  6.8752813771e-39
0.817669885593  7.33385404674e-39
0.83802775629  7.80384399282e-39
0.858892485448  8.28553547605e-39
0.880276692535  8.77921983453e-39
0.90219331121  9.28519565991e-39
0.924655597149  9.80376897801e-39
0.947677136058  1.03352534339e-38
0.971271851895  1.08799704816e-38
0.995454015286  1.26404100577e-34
1.02023825216  2.18496331057e-32
1.04563955259  4.9273384785e-32
1.07167327987  7.73799171322e-32
1.0983551798  1.06186229625e-31
1.1257013902  1.35709744983e-31
1.15372845069  1.65968319707e-31
1.18245331269  1.96980254881e-31
1.21189334964  2.28764307234e-31
1.24206636756  2.61339700493e-31
1.27299061578  2.94726137005e-31
1.30468479801  3.28943809655e-31
1.33716808361  3.64013414078e-31
1.37046011922  3.99956161177e-31
1.40458104063  4.36793789953e-31
1.43955148495  4.7454858065e-31
1.47539260312  5.13243368234e-31
1.51212607267  5.52901556203e-31
1.54977411084  5.93547130741e-31
1.58835948804  6.35204675226e-31
1.62790554158  6.77899385099e-31
1.66843618984  7.21657083103e-31
1.70997594668  7.66504234899e-31
1.75254993629  8.12467965077e-31
1.79618390842  8.59576073557e-31
1.84090425388  9.07857052407e-31
1.88673802057  9.57340103073e-31
1.93371292981  1.00805515404e-30
1.9818573931  1.06003287895e-30
2.03120052932  6.47574161574e-29
2.08177218234  1.6797013345e-28
2.13360293905  2.73752581132e-28
2.18672414789  3.8216873886e-28
2.24116793778  4.93284179219e-28
2.29696723759  6.07166107384e-28
2.35415579601  7.23883401763e-28
2.41276820199  8.43506655661e-28
2.47283990568  9.66108219973e-28
2.53440723981  1.09176224694e-27
2.59750744173  1.22054473502e-27
2.66217867588  1.35253357481e-27
2.72846005693  1.48780859621e-27
2.79639167337  1.62645161664e-27
2.86601461181  1.76854649061e-27
2.9373709818  1.91417916037e-27
3.01050394131  3.57369254631e-27
3.08545772284  1.34976932048e-26
3.16227766017  2.37954826232e-26
3.24101021575  3.43496604316e-26
3.32170300885  4.51666100394e-26
3.40440484432  5.62528737865e-26
3.48916574214  6.76151569001e-26
3.57603696765  7.92603315504e-26
3.66507106256  9.11954410069e-26
3.75632187674  1.03427703898e-25
3.84984460077  1.15964518578e-25
3.94569579937  1.28813467601e-25
4.04393344553  2.14257057809e-25
4.14461695564  3.93387822773e-25
4.2478072254  5.76978481656e-25
4.35356666667  7.65140074312e-25
4.46195924519  9.57986405199e-25
4.57305051927  1.15563411221e-24
4.68690767949  1.35820273723e-24
4.80359958925  1.56581479842e-24
4.92319682653  1.77859586433e-24
5.04577172647  2.31294870047e-24
5.1713984252  3.40451406066e-24
5.30015290463  4.52325658225e-24
5.43211303844  5.66985290647e-24
5.56735863914  6.84499652112e-24
5.70597150638  8.04939818011e-24
5.84803547643  9.28378633324e-24
5.99363647282  1.06197044848e-23
6.1428625584  1.33999345503e-23
6.29580398853  1.63929065731e-23
6.4525532657  1.94603958779e-23
6.6132051955  2.26042577527e-23
6.77785694388  2.58263936776e-23
6.94660809603  2.91287524745e-23
7.11956071652  3.3189160392e-23
7.29681941106  3.76599791858e-23
7.47849138981  4.22421098337e-23
7.66468653214  4.69383237135e-23
7.85551745316  5.17514612035e-23
8.0510995718  5.66382802667e-23
8.25155118063  6.15130228514e-23
8.45699351738  6.65091339504e-23
8.66755083831  7.16296353267e-23
8.88335049333  7.68776239772e-23
9.10452300303  8.19122678986e-23
9.33120213764  8.66787860694e-23
9.5635249979  9.15639782458e-23
9.80163209803  9.65707991045e-23
10.0456674507  1.01541082916e-22
10.295778654  1.05944450746e-22
10.5521169811  1.10453185581e-22
10.8148374712  1.15074176281e-22
11.0840990237  1.19564059886e-22
11.3600644943  1.23610265615e-22
11.6429007931  1.27757211428e-22
11.9327789861  1.3200692759e-22
12.2298743982  1.35819765475e-22
12.5343667197  1.39564107552e-22
12.8464401144  1.43401674087e-22
13.1662833315  1.47018847798e-22
13.4940898196  1.50427051855e-22
13.8300578436  1.539201114e-22
14.1743906047  1.57233321492e-22
14.5272963631  1.60362536852e-22
14.8889885645  1.63569661602e-22
15.2596859686  1.66530989279e-22
15.6396127818  1.69423372108e-22
16.0289987924  1.72344611484e-22
16.4280795102  1.74983763177e-22
16.8370963082  1.77675093708e-22
17.2562965694  1.80215835639e-22
17.6859338356  1.82678086812e-22
18.1262679613  1.85112117701e-22
18.5775652707  1.8737853279e-22
19.0400987189  1.89669377795e-22
19.5141480567  1.91773562707e-22
20  1.93922e-22

