1 20 101
101
1  0
1.03041055791  7.73203640172e-37
1.06174591785  1.56992083442e-36
1.09403420358  2.39086664305e-36
1.12730439408  3.23677787172e-36
1.16158634964  4.10841373281e-36
1.1969108386  5.00655652673e-36
1.23330956497  5.93201234409e-36
1.27081519692  6.88561178919e-36
1.30946139606  7.86821072543e-36
1.34928284767  8.88069104352e-36
1.39031529185  9.92396145297e-36
1.43259555555  1.09989582976e-35
1.47616158565  1.21066463961e-35
1.52105248304  1.32480199076e-35
1.56730853766  1.44241032244e-35
1.61497126471  1.56359518909e-35
1.66408344188  1.68846535516e-35
1.71468914776  1.81713289264e-35
1.76683380139  1.94971328172e-35
1.82056420303  2.0863255144e-35
1.87592857615  2.2270922013e-35
1.93297661076  2.37213968168e-35
1.99175950792  1.0226410299e-33
2.05233002578  6.42162910057e-32
2.11474252688  1.40774870988e-31
2.17905302696  2.19661640101e-31
2.24531924523  3.00947399875e-31
2.31360065617  3.84705104953e-31
2.3839585429  4.71009928572e-31
2.45645605223  5.59939330028e-31
2.53115825126  6.51573124197e-31
2.60813218585  7.4599355317e-31
2.68744694072  8.43285360066e-31
2.76917370155  9.43535865091e-31
2.85338581877  1.0468350439e-30
2.94015887345  1.15327560838e-30
3.02957074514  1.53553844956e-29
3.12170168173  5.93749305643e-29
3.21663437151  1.04733135588e-28
3.31445401734  1.51470708932e-28
3.41524841318  1.99629597957e-28
3.51910802283  2.49253025666e-28
3.62612606115  3.00385529497e-28
3.73639857773  3.53073001296e-28
3.85002454306  4.07362728509e-28
3.96710593738  4.63303436614e-28
4.08774784223  2.39974831323e-27
4.21205853471  5.12080743691e-27
4.34014958471  7.92461548665e-27
4.472135955  1.08136889035e-26
4.60813610445  1.37906206547e-26
4.74827209431  1.68580825614e-26
4.89266969782  2.0018827696e-26
5.041458513  3.50643223544e-26
5.19477207907  8.20145782233e-26
5.35274799621  1.30392617567e-25
5.51552804914  1.80241860078e-25
5.68325833429  2.31607045866e-25
5.85608939099  2.8453427561e-25
6.03417633655  3.98035107171e-25
6.21767900547  7.62264026311e-25
6.40676209294  1.13895440775e-24
6.6015953026  1.52710015385e-24
6.80235349885  1.92704962864e-24
7.00921686386  2.43608258174e-24
7.22237105921  3.93143380424e-24
7.44200739256  5.52225998635e-24
7.66832298935  7.1614640802e-24
7.9015209697  8.85051728507e-24
8.14181063074  1.17933901378e-23
8.38940763443  1.56861842613e-23
8.64453420113  1.9697360426e-23
8.90741930907  2.38305186956e-23
9.17829889981  2.92378098361e-23
9.45741609003  3.54239957698e-23
9.74502138973  4.17983070691e-23
10.041372927  4.8436866214e-23
10.34673668  5.56707307027e-23
10.661386715  6.31311774275e-23
10.9856054331  7.07968033456e-23
11.3196838233  7.82614162921e-23
11.6639217237  8.59084891315e-23
12.0186280908  9.37056744116e-23
12.3841212763  1.0095712288e-22
12.7607293136  1.08391629161e-22
13.1487902114  1.15677911391e-22
13.5486522576  1.22565535136e-22
13.9606743317  1.29638377768e-22
14.3852262269  1.3610645139e-22
14.8226889821  1.42654831374e-22
15.2734552238  1.48873488843e-22
15.7379295184  1.54927911273e-22
16.2165287354  1.6081307717e-22
16.7096824217  1.66436508654e-22
17.2178331866  1.71933391694e-22
17.7414370999  1.77188804171e-22
18.2809641002  1.82278680246e-22
18.8368984177  1.8721482105e-22
19.4097390079  1.91901167379e-22
20  1.96566e-22

