0.5 20 151
151
0.5  0
0.512448710082  3.8220278669e-36
0.52520736093  7.73921436747e-36
0.538283669269  1.17539287062e-35
0.55168554395  1.58685990747e-35
0.565421090737  2.00857141202e-35
0.579498617203  2.44078244508e-35
0.59392663776  2.88375441784e-35
0.608713878807  3.33775524992e-35
0.623869284008  3.80305953147e-35
0.6394020197  4.27994868923e-35
0.655321480438  4.76871115672e-35
0.67163729468  5.26964254872e-35
0.688359330604  5.78304584006e-35
0.705497702082  6.30923154886e-35
0.723062774796  6.84851792434e-35
0.741065172505  7.4012311393e-35
0.759515783475  7.9677054874e-35
0.778425767058  8.54828358535e-35
0.797806560447  9.14331658016e-35
0.817669885593  9.75316436144e-35
0.83802775629  1.03781957792e-34
0.858892485448  1.10187888667e-34
0.880276692535  1.16753310695e-34
0.90219331121  1.23482194794e-34
0.924655597149  1.30378610748e-34
0.947677136058  1.37446729667e-34
0.971271851895  1.44690826513e-34
0.995454015286  2.65699338827e-32
1.02023825216  4.56703343345e-30
1.04563955259  1.02989853844e-29
1.07167327987  1.61736481514e-29
1.0983551798  2.21945748656e-29
1.1257013902  2.8365407122e-29
1.15372845069  3.46898771819e-29
1.18245331269  4.11718102302e-29
1.21189334964  4.7815126689e-29
1.24206636756  5.4623844589e-29
1.27299061578  6.16020819994e-29
1.30468479801  6.87540595186e-29
1.33716808361  7.60841028271e-29
1.37046011922  8.35966453036e-29
1.40458104063  9.12962307067e-29
1.43955148495  9.91875159227e-29
1.47539260312  1.07275273782e-28
1.51212607267  1.15564395948e-28
1.54977411084  1.2405989587e-28
1.58835948804  1.32766911824e-28
1.62790554158  1.41690710012e-28
1.66843618984  1.50836687753e-28
1.70997594668  1.60210376745e-28
1.75254993629  1.6981744641e-28
1.79618390842  1.79663707326e-28
1.84090425388  1.89755114736e-28
1.88673802057  2.00097772156e-28
1.93371292981  2.10697935064e-28
1.9818573931  2.21562014682e-28
2.03120052932  2.63715252412e-27
2.08177218234  6.5458479253e-27
2.13360293905  1.05518597582e-26
2.18672414789  1.46576109508e-26
2.24116793778  1.8865584756e-26
2.29696723759  2.31783262531e-26
2.35415579601  2.75984438873e-26
2.41276820199  3.21286110474e-26
2.47283990568  3.67715676827e-26
2.53440723981  4.15301219602e-26
2.59750744173  4.64071519628e-26
2.66217867588  5.14056074306e-26
2.72846005693  5.65285115444e-26
2.79639167337  6.17789627544e-26
2.86601461181  6.71601366541e-26
2.9373709818  7.26752879015e-26
3.01050394131  9.77880033364e-26
3.08545772284  2.2948486433e-25
3.16227766017  3.66093305639e-25
3.24101021575  5.06102944709e-25
3.32170300885  6.49598462591e-25
3.40440484432  7.96666648672e-25
3.48916574214  9.47396453176e-25
3.57603696765  1.10187904095e-24
3.66507106256  1.26020784663e-24
3.75632187674  1.4224786311e-24
3.84984460077  1.58878953947e-24
3.94569579937  1.75924116041e-24
4.04393344553  2.29625553211e-24
4.14461695564  3.30563691919e-24
4.2478072254  4.34014929877e-24
4.35356666667  5.40041836773e-24
4.46195924519  6.48708540119e-24
4.57305051927  7.60080764037e-24
4.68690767949  8.74225869007e-24
4.80359958925  9.91212892616e-24
4.92319682653  1.11111259131e-23
5.04577172647  1.28601206119e-23
5.1713984252  1.55471751964e-23
5.30015290463  1.83011305078e-23
5.43211303844  2.11236522018e-23
5.56735863914  2.40164474042e-23
5.70597150638  2.69812657443e-23
5.84803547643  3.00199004124e-23
5.99363647282  3.31559845086e-23
6.1428625584  3.68045496883e-23
6.29580398853  4.05881386694e-23
6.4525532657  4.44659292551e-23
6.6132051955  4.84402668224e-23
6.77785694388  5.25135551419e-23
6.94660809603  5.66882578322e-23
7.11956071652  6.06333828394e-23
7.29681941106  6.45240853311e-23
7.47849138981  6.85116562774e-23
7.66468653214  7.25985074529e-23
7.85551745316  7.67871106794e-23
8.0510995718  8.08740946177e-23
8.25155118063  8.44661493621e-23
8.45699351738  8.81476370027e-23
8.66755083831  9.19207841879e-23
8.88335049333  9.57878730039e-23
9.10452300303  9.93793474197e-23
9.33120213764  1.02634865548e-22
9.5635249979  1.0597143768e-22
9.80163209803  1.09391081849e-22
10.0456674507  1.12766024702e-22
10.295778654  1.15668666157e-22
10.5521169811  1.18640140045e-22
10.8148374712  1.21685595966e-22
11.0840990237  1.24624044606e-22
11.3600644943  1.27223087407e-22
11.6429007931  1.29886839669e-22
11.9327789861  1.32616572401e-22
12.2298743982  1.3502807847e-22
12.5343667197  1.37383326577e-22
12.8464401144  1.39797214285e-22
13.1662833315  1.42053204122e-22
13.4940898196  1.44159033001e-22
13.8300578436  1.46317291587e-22
14.1743906047  1.48346175109e-22
14.5272963631  1.50242690655e-22
14.8889885645  1.52186424546e-22
15.2596859686  1.53958858066e-22
15.6396127818  1.55679166676e-22
16.0289987924  1.57414023056e-22
16.4280795102  1.58959534194e-22
16.8370963082  1.60534657883e-22
17.2562965694  1.620062409e-22
17.6859338356  1.63421466054e-22
18.1262679613  1.64812580723e-22
18.5775652707  1.66087044325e-22
19.0400987189  1.67372333441e-22
19.5141480567  1.68530408074e-22
20  1.69712e-22

