0.02 20 201
201
0.02  0
0.0207028433336  1.75740821379e-38
0.0214303861048  3.57657555995e-38
0.0221834963052  5.45967238821e-38
0.0229630724299  7.40894531908e-38
0.0237700445487  9.42671992419e-38
0.0246053754162  1.15154035008e-37
0.0254700616203  1.36774879438e-37
0.0263651347711  1.59155527187e-37
0.0272916627318  1.82322679389e-37
0.0282507508925  2.06303975515e-37
0.0292435434891  2.31128026347e-37
0.0302712249687  2.56824448111e-37
0.0313350214022  2.83423897812e-37
0.0324362019472  3.10958109808e-37
0.0335760803625  3.39459933671e-37
0.034756016575  3.68963373379e-37
0.0359774183026  3.99503627882e-37
0.0372417427333  4.311171331e-37
0.0385504982638  4.63841605388e-37
0.0399052462994  4.97716086535e-37
0.0413076031162  5.32780990345e-37
0.04275924179  5.69078150849e-37
0.0442618941921  6.06650872218e-37
0.0458173530554  6.45543980424e-37
0.0474274741132  6.8580387672e-37
0.0490941783137  7.27478593003e-37
0.050819454111  2.35322669591e-33
0.0526053598379  7.4801780636e-33
0.0544540261616  1.27873016108e-32
0.0563676586253  1.82809289783e-32
0.05834854028  2.39676143144e-32
0.060399034408  2.98541420945e-32
0.0625215873425  3.59475352149e-32
0.0647187313859  4.22550633721e-32
0.0669930878316  4.8784251735e-32
0.0693473700905  5.55428899237e-32
0.071784386929  6.25390413022e-32
0.0743070458194  6.97810525985e-32
0.0769183564091  7.72775638629e-32
0.0796214341107  8.50375187757e-32
0.0824195038195  9.30701753174e-32
0.0853159037603  1.01385116814e-31
0.0883140894707  1.09992263371e-31
0.091417637923  1.18901883707e-31
0.0946302517923  1.28124607405e-31
0.0979557638737  1.37671437597e-31
0.101398141655  8.81736559321e-30
0.10496149205  3.09237664322e-29
0.108650066298  5.38070340942e-29
0.112468265038  7.74944693625e-29
0.116420643554  1.02014332429e-28
0.120511917215  1.27395876611e-28
0.124746967096  1.53669383249e-28
0.129130845807  1.80866197836e-28
0.133668783514  2.09018767415e-28
0.138366194184  2.38160679286e-28
0.143228682043  2.68326701081e-28
0.14826204826  2.99552822243e-28
0.153472297872  3.31876296959e-28
0.158865646945  3.65335688611e-28
0.164448529989  3.99970915782e-28
0.17022760764  4.35823299879e-28
0.176209774602  4.72935614434e-28
0.182402167871  5.11352136133e-28
0.188812175257  5.5111869764e-28
0.195447444191  5.9228274228e-28
0.202315890852  6.0894287097e-27
0.20942570961  2.28790399467e-26
0.216785382804  4.02586745004e-26
0.22440369086  5.82490670683e-26
0.232289722768  7.68716810105e-26
0.240452886923  9.61487339558e-26
0.248902922354  1.16103224309e-25
0.257649910339  1.36758958688e-25
0.266704286433  1.58140580327e-25
0.276076852921  1.80273598478e-25
0.285778791702  2.03184418842e-25
0.295821677634  2.26900375074e-25
0.306217492336  2.51449761393e-25
0.316978638492  2.76861866338e-25
0.32811795464  3.0316700771e-25
0.339648730492  3.30396568745e-25
0.351584722792  3.58583035552e-25
0.363940171722  3.87760035875e-25
0.376729817898  4.17962379205e-25
0.389968919952  4.49226098319e-25
0.403673272736  4.81588492261e-25
0.417859226171  5.15088170846e-25
0.432543704745  5.49765100718e-25
0.447744227714  5.85660653041e-25
0.463478929994  6.22817652846e-25
0.479766583804  6.61280430131e-25
0.496626621059  7.02757973166e-25
0.514079156554  1.12887720413e-24
0.53214501196  1.66756990293e-24
0.550845740668  2.22519343034e-24
0.570203653501  2.8024130567e-24
0.590241845333  3.39991743138e-24
0.610984222643  4.01841940439e-24
0.632455532034  4.65865687682e-24
0.654681389758  5.32139368122e-24
0.677688312278  6.00742049287e-24
0.701503747905  6.71755577308e-24
0.72615610954  7.45264674567e-24
0.751674808577  8.21357040774e-24
0.778090289989  9.00123457598e-24
0.805434068651  9.8165789697e-24
0.833738766941  1.0660576332e-23
0.863038153656  1.15342335903e-23
0.893367184302  1.24385930576e-23
0.924762042799  1.3374733676e-23
0.957260184645  1.43437723041e-23
0.99090038161  1.53468650491e-23
1.02572276798  1.68176398097e-23
1.06176888846  1.84984523845e-23
1.09908174772  2.02383323551e-23
1.13770586169  2.20393554776e-23
1.17768731071  2.39036704548e-23
1.21907379448  2.58335014997e-23
1.26191468896  2.78311509889e-23
1.30626110529  2.98990022094e-23
1.35216595078  3.20395222021e-23
1.399683992  3.42552647052e-23
1.44887192015  3.65488732006e-23
1.49978841866  3.89230840681e-23
1.55249423326  4.13807298497e-23
1.60705224437  4.39247426289e-23
1.66352754221  4.65581575293e-23
1.72198750437  4.9284116335e-23
1.78250187627  5.21058712394e-23
1.84514285431  5.5026788725e-23
1.90998517204  5.80503535798e-23
1.97710618931  6.11801730546e-23
2.04658598456  6.32987263977e-23
2.11850745035  6.49213465874e-23
2.19295639229  6.66009891664e-23
2.27002163134  6.83396580248e-23
2.34979510988  7.0139427474e-23
2.43237200129  7.20024447212e-23
2.51785082359  7.3930932431e-23
2.6063335569  7.59271913773e-23
2.69792576518  7.79936031883e-23
2.79273672211  8.01326331876e-23
2.89087954149  8.23468333356e-23
2.99247131219  8.46040955636e-23
3.09763323782  8.60157592459e-23
3.20649078138  8.73615868284e-23
3.31917381488  8.87547097081e-23
3.43581677432  9.01967899442e-23
3.55655882008  9.16895480044e-23
3.68154400294  9.32347648171e-23
3.81092143593  9.48342838966e-23
3.94484547223  9.64900135423e-23
4.08347588934  9.77454711832e-23
4.22697807967  9.87314890832e-23
4.3755232479  9.97521577886e-23
4.52928861519  1.00808695004e-22
4.68845763064  1.01902361226e-22
4.85322019016  1.03034461249e-22
5.02377286302  1.04111998532e-22
5.20031912633  1.04698043543e-22
5.38306960785  1.05295637618e-22
5.57224233726  1.05914232443e-22
5.76806300625  1.0655456603e-22
5.97076523784  1.07212776443e-22
6.18059086503  1.07589484614e-22
6.39779021938  1.07922016826e-22
6.62262242965  1.0826623494e-22
6.85535573093  1.08622549624e-22
7.09626778467  1.08909558361e-22
7.34564600996  1.09079384933e-22
7.60378792641  1.09255179578e-22
7.87100150912  1.09437152028e-22
8.14760555608  1.09541679428e-22
8.43393006857  1.09574034098e-22
8.7303166448  1.09607525781e-22
9.0371188875  1.09627221541e-22
9.35470282574  1.09554290133e-22
9.68344735168  1.09476706425e-22
10.0237446725  1.09396788883e-22
10.3760007786  1.09317399825e-22
10.7406359274  1.09235356916e-22
11.1180851454  1.09129175516e-22
11.5087987467  1.08970936508e-22
11.9132428706  1.08806890263e-22
12.3319000372  1.08541329474e-22
12.7652697238  1.08240137542e-22
13.2138689602  1.07951245051e-22
13.6782329456  1.07678199028e-22
14.1589156877  1.07366952752e-22
14.6564906628  1.06984815171e-22
15.1715515006  1.06593537235e-22
15.7047126922  1.0619739847e-22
16.2566103233  1.05789904633e-22
16.8279028329  1.05371147223e-22
17.4192717991  1.04938512315e-22
18.0314227521  1.04490743711e-22
18.6650860159  1.04024496692e-22
19.3210175798  1.03543978184e-22
20  1.03049e-22

