0.5 20 151
151
0.5  0
0.512448710082  9.89244215918e-40
0.52520736093  2.00311806072e-39
0.538283669269  3.04223474864e-39
0.55168554395  4.10722276133e-39
0.565421090737  5.19872622805e-39
0.579498617203  6.31740531519e-39
0.59392663776  7.46393662559e-39
0.608713878807  8.63901360776e-39
0.623869284008  9.84334697527e-39
0.6394020197  1.10776651367e-38
0.655321480438  1.23427146359e-38
0.67163729468  1.36392606041e-38
0.688359330604  1.4968087222e-38
0.705497702082  1.63299981946e-38
0.723062774796  1.77258172368e-38
0.741065172505  1.91563885723e-38
0.759515783475  2.06225774433e-38
0.778425767058  2.21252706347e-38
0.797806560447  2.36653770099e-38
0.817669885593  2.52438280605e-38
0.83802775629  2.68615784702e-38
0.858892485448  2.85196066916e-38
0.880276692535  3.02189155383e-38
0.90219331121  3.19605327913e-38
0.924655597149  3.37455118208e-38
0.947677136058  3.55749322232e-38
0.971271851895  3.7449900474e-38
0.995454015286  2.38222369841e-34
1.02023825216  4.11749653291e-32
1.04563955259  9.28541640619e-32
1.07167327987  1.45820041519e-31
1.0983551798  2.00104632682e-31
1.1257013902  2.5574077012e-31
1.15372845069  3.12762103847e-31
1.18245331269  3.71203121679e-31
1.21189334964  4.31099170086e-31
1.24206636756  4.92486475577e-31
1.27299061578  5.55402166606e-31
1.30468479801  6.19884296029e-31
1.33716808361  6.85971864121e-31
1.37046011922  7.53704842164e-31
1.40458104063  8.2312419662e-31
1.43955148495  8.94271913912e-31
1.47539260312  9.67191025815e-31
1.51212607267  1.04192563548e-30
1.54977411084  1.11852094413e-30
1.58835948804  1.19702327836e-30
1.62790554158  1.27748011819e-30
1.66843618984  1.35994012577e-30
1.70997594668  1.4444531748e-30
1.75254993629  1.53107038072e-30
1.79618390842  1.61984413161e-30
1.84090425388  1.71082811988e-30
1.88673802057  1.80407737473e-30
1.93371292981  1.89964829546e-30
1.9818573931  1.99759868555e-30
2.03120052932  1.04222654922e-28
2.08177218234  2.69855210522e-28
2.13360293905  4.39611589452e-28
2.18672414789  6.13594464274e-28
2.24116793778  7.91909063831e-28
2.29696723759  9.74663236895e-28
2.35415579601  1.16196751739e-27
2.41276820199  1.35393519126e-27
2.47283990568  1.55068236496e-27
2.53440723981  1.75232803572e-27
2.59750744173  1.95899416346e-27
2.66217867588  2.17080574461e-27
2.72846005693  2.3878908877e-27
2.79639167337  2.61038089081e-27
2.86601461181  2.83841032101e-27
2.9373709818  3.07211709574e-27
3.01050394131  5.48397317351e-27
3.08545772284  1.97839768612e-26
3.16227766017  3.46222670585e-26
3.24101021575  4.98299924013e-26
3.32170300885  6.54163508718e-26
3.40440484432  8.13907694579e-26
3.48916574214  9.77629098554e-26
3.57603696765  1.14542674311e-25
3.66507106256  1.31740211613e-25
3.75632187674  1.49365923227e-25
3.84984460077  1.67430469589e-25
3.94569579937  1.85944776552e-25
4.04393344553  2.98612474535e-25
4.14461695564  5.32777752277e-25
4.2478072254  7.72773141327e-25
4.35356666667  1.01874379642e-24
4.46195924519  1.27083848625e-24
4.57305051927  1.5292096835e-24
4.68690767949  1.79401365701e-24
4.80359958925  2.06541056631e-24
4.92319682653  2.34356455849e-24
5.04577172647  2.9884029549e-24
5.1713984252  4.26798751374e-24
5.30015290463  5.57943042697e-24
5.43211303844  6.92352488545e-24
5.56735863914  8.30108382839e-24
5.70597150638  9.71294043514e-24
5.84803547643  1.1159948629e-23
5.99363647282  1.27094557629e-23
6.1428625584  1.56223961989e-23
6.29580398853  1.87426154916e-23
6.4525532657  2.19405201949e-23
6.6132051955  2.52180444754e-23
6.77785694388  2.85771706549e-23
6.94660809603  3.20199304104e-23
7.11956071652  3.59993172882e-23
7.29681941106  4.02841562598e-23
7.47849138981  4.46756766675e-23
7.66468653214  4.9176534604e-23
7.85551745316  5.37894522917e-23
8.0510995718  5.84272691529e-23
8.25155118063  6.29198908358e-23
8.45699351738  6.75243672083e-23
8.66755083831  7.22434831636e-23
8.88335049333  7.70800929318e-23
9.10452300303  8.1690399145e-23
9.33120213764  8.60189074909e-23
9.5635249979  9.04551845277e-23
9.80163209803  9.50019134178e-23
10.0456674507  9.95111264063e-23
10.295778654  1.03486831224e-22
10.5521169811  1.07557532562e-22
10.8148374712  1.11729583862e-22
11.0840990237  1.15777584143e-22
11.3600644943  1.1941204939e-22
11.6429007931  1.23137003445e-22
11.9327789861  1.2695426297e-22
12.2298743982  1.30371146999e-22
12.5343667197  1.3372391195e-22
12.8464401144  1.371601521e-22
13.1662833315  1.40393943033e-22
13.4940898196  1.43435659436e-22
13.8300578436  1.46553106731e-22
14.1743906047  1.49506116261e-22
14.5272963631  1.52290895601e-22
14.8889885645  1.55145008763e-22
15.2596859686  1.57779333694e-22
15.6396127818  1.60351818145e-22
16.0289987924  1.62949622932e-22
16.4280795102  1.65293696658e-22
16.8370963082  1.67683990825e-22
17.2562965694  1.69938242869e-22
17.6859338356  1.72121229818e-22
18.1262679613  1.74279144964e-22
18.5775652707  1.76288320585e-22
19.0400987189  1.78319254622e-22
19.5141480567  1.80185488678e-22
20  1.82091e-22

