0.5 20 151
151
0.5  0
0.512448710082  9.53436746237e-40
0.52520736093  1.93061160775e-39
0.538283669269  2.93211560236e-39
0.55168554395  3.95855446272e-39
0.565421090737  5.01054900266e-39
0.579498617203  6.08873549267e-39
0.59392663776  7.19376604474e-39
0.608713878807  8.32630900675e-39
0.623869284008  9.48704936675e-39
0.6394020197  1.06766891672e-38
0.655321480438  1.18959479296e-38
0.67163729468  1.31455630897e-38
0.688359330604  1.44262904435e-38
0.705497702082  1.57389046043e-38
0.723062774796  1.70841994714e-38
0.741065172505  1.84629887101e-38
0.759515783475  1.98761062437e-38
0.778425767058  2.13244067583e-38
0.797806560447  2.28087662194e-38
0.817669885593  2.43300824016e-38
0.83802775629  2.58892754321e-38
0.858892485448  2.74872883465e-38
0.880276692535  2.91250876599e-38
0.90219331121  3.08036639509e-38
0.924655597149  3.25240324611e-38
0.947677136058  3.4287233709e-38
0.971271851895  3.60943341192e-38
0.995454015286  2.28424407252e-34
1.02023825216  3.94814269794e-32
1.04563955259  8.90350449285e-32
1.07167327987  1.39822420124e-31
1.0983551798  1.9187426994e-31
1.1257013902  2.4522207653e-31
1.15372845069  2.99898105876e-31
1.18245331269  3.55935427297e-31
1.21189334964  4.13367933455e-31
1.24206636756  4.7223036085e-31
1.27299061578  5.32558310831e-31
1.30468479801  5.94388271131e-31
1.33716808361  6.57757637932e-31
1.37046011922  7.22704738483e-31
1.40458104063  7.89268854284e-31
1.43955148495  8.57490244845e-31
1.47539260312  9.27410172031e-31
1.51212607267  9.99070925022e-31
1.54977411084  1.07251584589e-30
1.58835948804  1.14778935581e-30
1.62790554158  1.22493698194e-30
1.66843618984  1.30400538492e-30
1.70997594668  1.38504238716e-30
1.75254993629  1.46809700169e-30
1.79618390842  1.55321946186e-30
1.84090425388  1.64046125168e-30
1.88673802057  1.729875137e-30
1.93371292981  1.82151519739e-30
1.9818573931  1.91543685887e-30
2.03120052932  9.84272088372e-29
2.08177218234  2.54801798023e-28
2.13360293905  4.15069711059e-28
2.18672414789  5.79327881665e-28
2.24116793778  7.4767565696e-28
2.29696723759  9.2021485755e-28
2.35415579601  1.09704983911e-27
2.41276820199  1.27828755551e-27
2.47283990568  1.46403762348e-27
2.53440723981  1.65441238894e-27
2.59750744173  1.84952699493e-27
2.66217867588  2.04949945124e-27
2.72846005693  2.25445070582e-27
2.79639167337  2.46450471789e-27
2.86601461181  2.67978853296e-27
2.9373709818  2.90043235963e-27
3.01050394131  5.17241710492e-27
3.08545772284  1.86403803329e-26
3.16227766017  3.26153027775e-26
3.24101021575  4.6938164738e-26
3.32170300885  6.16176290108e-26
3.40440484432  7.66625740733e-26
3.48916574214  9.20820994543e-26
3.57603696765  1.07885531238e-25
3.66507106256  1.24082427702e-25
3.75632187674  1.40682585103e-25
3.84984460077  1.57696043598e-25
3.94569579937  1.75133093317e-25
4.04393344553  2.81492833851e-25
4.14461695564  5.02600668534e-25
4.2478072254  7.29213517879e-25
4.35356666667  9.61468442548e-25
4.46195924519  1.19950591566e-24
4.57305051927  1.44346990776e-24
4.68690767949  1.69350797387e-24
4.80359958925  1.94977134278e-24
4.92319682653  2.21241500845e-24
5.04577172647  2.82526805783e-24
5.1713984252  4.04440230551e-24
5.30015290463  5.29388985079e-24
5.43211303844  6.57448641248e-24
5.56735863914  7.88696652482e-24
5.70597150638  9.23212400598e-24
5.84803547643  1.06107724381e-23
5.99363647282  1.20888298617e-23
6.1428625584  1.49008781521e-23
6.29580398853  1.79148796215e-23
6.4525532657  2.10039219519e-23
6.6132051955  2.41698734671e-23
6.77785694388  2.74146490074e-23
6.94660809603  3.07402110877e-23
7.11956071652  3.46124427523e-23
7.29681941106  3.87933904029e-23
7.47849138981  4.30784328639e-23
7.66468653214  4.74701618275e-23
7.85551745316  5.19712335124e-23
8.0510995718  5.65011392876e-23
8.25155118063  6.0902635669e-23
8.45699351738  6.54137179553e-23
8.66755083831  7.00371145526e-23
8.88335049333  7.47756217975e-23
9.10452300303  7.92931375495e-23
9.33120213764  8.35354148857e-23
9.5635249979  8.78833139832e-23
9.80163209803  9.23394645514e-23
10.0456674507  9.67580154306e-23
10.295778654  1.00650104533e-22
10.5521169811  1.046351658e-22
10.8148374712  1.08719444811e-22
11.0840990237  1.12681531822e-22
11.3600644943  1.16237070944e-22
11.6429007931  1.19881133818e-22
11.9327789861  1.23615528392e-22
12.2298743982  1.26993147926e-22
12.5343667197  1.30319422046e-22
12.8464401144  1.3372851181e-22
13.1662833315  1.36937136917e-22
13.4940898196  1.39955579059e-22
13.8300578436  1.43049172624e-22
14.1743906047  1.45979478434e-22
14.5272963631  1.48742730523e-22
14.8889885645  1.5157478046e-22
15.2596859686  1.54189349395e-22
15.6396127818  1.56742837506e-22
16.0289987924  1.59321590769e-22
16.4280795102  1.61649573477e-22
16.8370963082  1.64023506973e-22
17.2562965694  1.66261759896e-22
17.6859338356  1.68428850267e-22
18.1262679613  1.70571104389e-22
18.5775652707  1.72565838497e-22
19.0400987189  1.74582344773e-22
19.5141480567  1.76436634977e-22
20  1.7833e-22

