0.5 20 151
151
0.5  0
0.512448710082  4.06383161153e-36
0.52520736093  8.22884214618e-36
0.538283669269  1.24975506981e-35
0.55168554395  1.68725390804e-35
0.565421090737  2.13564533866e-35
0.579498617203  2.59520055914e-35
0.59392663776  3.06619751902e-35
0.608713878807  3.54892108812e-35
0.623869284008  4.04366322873e-35
0.6394020197  4.55072317229e-35
0.655321480438  5.07040760032e-35
0.67163729468  5.60303082991e-35
0.688359330604  6.14891500383e-35
0.705497702082  6.70839028539e-35
0.723062774796  7.2817950581e-35
0.741065172505  7.86947613037e-35
0.759515783475  8.47178894522e-35
0.778425767058  9.08909779529e-35
0.797806560447  9.72177604317e-35
0.817669885593  1.03702063472e-34
0.83802775629  1.1034780893e-34
0.858892485448  1.17159016305e-34
0.880276692535  1.24139805171e-34
0.90219331121  1.31294397671e-34
0.924655597149  1.38627121067e-34
0.947677136058  1.46142410358e-34
0.971271851895  1.53844810964e-34
0.995454015286  2.81650526615e-32
1.02023825216  4.84112959789e-30
1.04563955259  1.09170911139e-29
1.07167327987  1.71443283966e-29
1.0983551798  2.35266078224e-29
1.1257013902  3.00677895407e-29
1.15372845069  3.67718298086e-29
1.18245331269  4.36427833839e-29
1.21189334964  5.06848059773e-29
1.24206636756  5.7902156766e-29
1.27299061578  6.52992009697e-29
1.30468479801  7.28804124909e-29
1.33716808361  8.06503766208e-29
1.37046011922  8.86137928123e-29
1.40458104063  9.67754775226e-29
1.43955148495  1.05140367126e-28
1.47539260312  1.13713520901e-28
1.51212607267  1.22500124088e-28
1.54977411084  1.31505491026e-28
1.58835948804  1.40735068368e-28
1.62790554158  1.50194438376e-28
1.66843618984  1.59889322292e-28
1.70997594668  1.69825583808e-28
1.75254993629  1.80009232601e-28
1.79618390842  1.90446427977e-28
1.84090425388  2.01143482591e-28
1.88673802057  2.12106866269e-28
1.93371292981  2.23343209916e-28
1.9818573931  2.34859309533e-28
2.03120052932  2.79065975703e-27
2.08177218234  6.92621741907e-27
2.13360293905  1.11647397978e-26
2.18672414789  1.55087904491e-26
2.24116793778  1.99609967547e-26
2.29696723759  2.45240515113e-26
2.35415579601  2.92007145595e-26
2.41276820199  3.39938144525e-26
2.47283990568  3.89062501674e-26
2.53440723981  4.39409928584e-26
2.59750744173  4.91010876536e-26
2.66217867588  5.4389655497e-26
2.72846005693  5.9809895036e-26
2.79639167337  6.53650845563e-26
2.86601461181  7.10585839641e-26
2.9373709818  7.68938368189e-26
3.01050394131  1.0340710341e-25
3.08545772284  2.42378919174e-25
3.16227766017  3.86533421336e-25
3.24101021575  5.34276998708e-25
3.32170300885  6.85699010002e-25
3.40440484432  8.40891038733e-25
3.48916574214  9.9994694861e-25
3.57603696765  1.1629629403e-24
3.66507106256  1.33003760964e-24
3.75632187674  1.50127200721e-24
3.84984460077  1.67676969953e-24
3.94569579937  1.85663683163e-24
4.04393344553  2.41938251286e-24
4.14461695564  3.47550823318e-24
4.2478072254  4.55792875931e-24
4.35356666667  5.66729876407e-24
4.46195924519  6.80428921996e-24
4.57305051927  7.96958780495e-24
4.68690767949  9.16389931843e-24
4.80359958925  1.03879461075e-23
4.92319682653  1.16424685037e-23
5.04577172647  1.34575771187e-23
5.1713984252  1.62282237085e-23
5.30015290463  1.90678522506e-23
5.43211303844  2.19781802175e-23
5.56735863914  2.49609678427e-23
5.70597150638  2.80180191847e-23
5.84803547643  3.11511832184e-23
5.99363647282  3.43827187202e-23
6.1428625584  3.81005806718e-23
6.29580398853  4.19522897659e-23
6.4525532657  4.58998964797e-23
6.6132051955  4.99457884165e-23
6.77785694388  5.40924126247e-23
6.94660809603  5.83422770781e-23
7.11956071652  6.23389328817e-23
7.29681941106  6.62707771164e-23
7.47849138981  7.03005141289e-23
7.66468653214  7.44305811971e-23
7.85551745316  7.86634762803e-23
8.0510995718  8.27902282545e-23
8.25155118063  8.64067360906e-23
8.45699351738  9.01132856419e-23
8.66755083831  9.39121187146e-23
8.88335049333  9.78055329306e-23
9.10452300303  1.01431944472e-22
9.33120213764  1.04732370004e-22
9.5635249979  1.08114967617e-22
9.80163209803  1.11581783184e-22
10.0456674507  1.15004551068e-22
10.295778654  1.17953976766e-22
10.5521169811  1.2097338592e-22
10.8148374712  1.24067970573e-22
11.0840990237  1.27056602925e-22
11.3600644943  1.29706699339e-22
11.6429007931  1.32422776316e-22
11.9327789861  1.35206138938e-22
12.2298743982  1.37675363727e-22
12.5343667197  1.4009059682e-22
12.8464401144  1.42565962987e-22
13.1662833315  1.44886458488e-22
13.4940898196  1.47059815504e-22
13.8300578436  1.49287283503e-22
14.1743906047  1.51387622746e-22
14.5272963631  1.53357895595e-22
14.8889885645  1.55377223156e-22
15.2596859686  1.57229988979e-22
15.6396127818  1.59033881488e-22
16.0289987924  1.60854737012e-22
16.4280795102  1.62491136322e-22
16.8370963082  1.64159515841e-22
17.2562965694  1.65727701704e-22
17.6859338356  1.67242602704e-22
18.1262679613  1.68736253694e-22
18.5775652707  1.70116772163e-22
19.0400987189  1.7151118328e-22
19.5141480567  1.72784346052e-22
20  1.74084e-22

