0.5 20 151
151
0.5  0
0.512448710082  2.48296991818e-40
0.52520736093  5.02775938167e-40
0.538283669269  7.63590753766e-40
0.55168554395  1.03089918541e-39
0.565421090737  1.3048629074e-39
0.579498617203  1.58564761928e-39
0.59392663776  1.87342314611e-39
0.608713878807  2.16836354114e-39
0.623869284008  2.47064719111e-39
0.6394020197  2.78045692413e-39
0.655321480438  3.09798012023e-39
0.67163729468  3.42340882477e-39
0.688359330604  3.75693986449e-39
0.705497702082  4.09877496665e-39
0.723062774796  4.44912088097e-39
0.741065172505  4.80818950473e-39
0.759515783475  5.17619801087e-39
0.778425767058  5.55336897942e-39
0.797806560447  5.93993053205e-39
0.817669885593  6.33611647007e-39
0.83802775629  6.74216641586e-39
0.858892485448  7.15832595775e-39
0.880276692535  7.58484679862e-39
0.90219331121  8.02198690807e-39
0.924655597149  8.47001067849e-39
0.947677136058  8.92918908497e-39
0.971271851895  9.39979984916e-39
0.995454015286  1.06982278218e-34
1.02023825216  1.84924313698e-32
1.04563955259  4.17025163081e-32
1.07167327987  6.54904724833e-32
1.0983551798  8.98706873982e-32
1.1257013902  1.14857906768e-31
1.15372845069  1.40467243436e-31
1.18245331269  1.6671418652e-31
1.21189334964  1.93614610774e-31
1.24206636756  2.21184786193e-31
1.27299061578  2.49441387854e-31
1.30468479801  2.78401505998e-31
1.33716808361  3.08082656372e-31
1.37046011922  3.38502790818e-31
1.40458104063  3.69680308133e-31
1.43955148495  4.01634065196e-31
1.47539260312  4.34383388374e-31
1.51212607267  4.67948085212e-31
1.54977411084  5.02348456409e-31
1.58835948804  5.37605308102e-31
1.62790554158  5.73739964445e-31
1.66843618984  6.1077428051e-31
1.70997594668  6.48730655503e-31
1.75254993629  6.87632046311e-31
1.79618390842  7.27501981391e-31
1.84090425388  7.68364574997e-31
1.88673802057  8.10244541765e-31
1.93371292981  8.53167211663e-31
1.9818573931  8.97158545307e-31
2.03120052932  5.82520802855e-29
2.08177218234  1.5118944096e-28
2.13360293905  2.46440702153e-28
2.18672414789  3.44063474017e-28
2.24116793778  4.4411680105e-28
2.29696723759  5.46661197804e-28
2.35415579601  6.5175868549e-28
2.41276820199  7.59472829485e-28
2.47283990568  8.69868777781e-28
2.53440723981  9.83013300386e-28
2.59750744173  1.09897482971e-27
2.66217867588  1.21782350195e-27
2.72846005693  1.33963119952e-27
2.79639167337  1.46447159452e-27
2.86601461181  1.59242019329e-27
2.9373709818  1.72355438207e-27
3.01050394131  3.27114219665e-27
3.08545772284  1.25519164189e-26
3.16227766017  2.21823211089e-26
3.24101021575  3.20524980307e-26
3.32170300885  4.21684168946e-26
3.40440484432  5.25361960407e-26
3.48916574214  6.31621061403e-26
3.57603696765  7.40525739884e-26
3.66507106256  8.52141863903e-26
3.75632187674  9.66536941458e-26
3.84984460077  1.08378016132e-25
3.94569579937  1.2039424349e-25
4.04393344553  2.01686675679e-25
4.14461695564  3.72385297355e-25
4.2478072254  5.47333874336e-25
4.35356666667  7.26638219545e-25
4.46195924519  9.10406780374e-25
4.57305051927  1.09875070427e-24
4.68690767949  1.29178390598e-24
4.80359958925  1.48962313642e-24
4.92319682653  1.69238805331e-24
5.04577172647  2.20419430645e-24
5.1713984252  3.25153153108e-24
5.30015290463  4.32494475065e-24
5.43211303844  5.42508319015e-24
5.56735863914  6.55261223863e-24
5.70597150638  7.70821385157e-24
5.84803547643  8.89258696341e-24
5.99363647282  1.0174224759e-23
6.1428625584  1.28386301301e-23
6.29580398853  1.57067713577e-23
6.4525532657  1.86463219024e-23
6.6132051955  2.16590596722e-23
6.77785694388  2.474680684e-23
6.94660809603  2.79114309465e-23
7.11956071652  3.17950470372e-23
7.29681941106  3.60683659662e-23
7.47849138981  4.04480795121e-23
7.66468653214  4.49368366263e-23
7.85551745316  4.95373522124e-23
8.0510995718  5.42080890874e-23
8.25155118063  5.88666826978e-23
8.45699351738  6.36412632707e-23
8.66755083831  6.85347185823e-23
8.88335049333  7.35500083068e-23
9.10452300303  7.83629366864e-23
9.33120213764  8.29214087475e-23
9.5635249979  8.75933750028e-23
9.80163209803  9.23816611649e-23
10.0456674507  9.71350478761e-23
10.295778654  1.01346447674e-22
10.5521169811  1.05658622279e-22
10.8148374712  1.10078158908e-22
11.0840990237  1.14370470431e-22
11.3600644943  1.18234262984e-22
11.6429007931  1.22194254004e-22
11.9327789861  1.26252381292e-22
12.2298743982  1.29892265686e-22
12.5343667197  1.33466396555e-22
12.8464401144  1.37129514063e-22
13.1662833315  1.40581198082e-22
13.4940898196  1.43832382831e-22
13.8300578436  1.47164513693e-22
14.1743906047  1.50325170125e-22
14.5272963631  1.53310399936e-22
14.8889885645  1.56369954267e-22
15.2596859686  1.5919639762e-22
15.6396127818  1.61957705698e-22
16.0289987924  1.64746486895e-22
16.4280795102  1.67265339324e-22
16.8370963082  1.69833964816e-22
17.2562965694  1.72258173345e-22
17.6859338356  1.74607000279e-22
18.1262679613  1.76929328606e-22
18.5775652707  1.79092847908e-22
19.0400987189  1.81279888516e-22
19.5141480567  1.83290275539e-22
20  1.85343e-22

