1 20000 251
251
1  0
1.04040904696  1.20820980811e-40
1.082450985  2.46524222309e-40
1.12619179768  3.77307011996e-40
1.17170013492  5.13374609573e-40
1.21904742069  6.5494056909e-40
1.26830796516  8.02227074113e-40
1.31955908129  9.55465286434e-40
1.37288120617  1.11489570887e-39
1.4283580273  1.28076856274e-39
1.4860766139  1.45334418055e-39
1.54612755358  1.6328934146e-39
1.6086050945  1.81969806208e-39
1.6736072933  2.01405130734e-39
1.74123616901  2.216258182e-39
1.81159786313  2.42663604377e-39
1.88480280626  2.64551507443e-39
1.96096589137  2.87323879811e-39
2.04020665416  1.30131207511e-34
2.12264946065  3.96956082278e-34
2.20842370239  6.74563095941e-34
2.29766399949  9.63387944455e-34
2.39051041194  1.26388392984e-33
2.48710865943  1.5765226716e-33
2.58761035005  1.90179484696e-33
2.6921732182  2.24021096094e-33
2.8009613722  2.59230214755e-33
2.91414555182  2.95862100346e-33
3.03190339627  1.92252297222e-31
3.15441972299  9.18116167324e-31
3.28188681771  1.67331150464e-30
3.41450473624  2.45902356581e-30
3.55248161847  3.27648550255e-30
3.69603401502  4.12698029708e-30
3.8453872271  5.01184277571e-30
4.00077566014  6.38561080187e-30
4.16244319166  1.01791363353e-28
4.33064355406  2.01052371439e-28
4.50564073281  3.04324422262e-28
4.68770938077  4.11769598237e-28
4.87713524927  5.23556531373e-28
5.07421563659  1.62330047277e-27
5.27925985453  4.46136850052e-27
5.49258971391  7.41412015247e-27
5.71454002959  1.04861896846e-26
5.945459146  1.36823986187e-26
6.18570948383  4.12728035374e-26
6.43566810884  7.73924587714e-26
6.69572732367  1.1497167485e-25
6.96629528353  1.54069431236e-25
7.24779663678  3.68821526438e-25
7.54067319143  6.16885517917e-25
7.84538460853  8.74973538876e-25
8.1624091236  1.51775433814e-24
8.49224429718  2.55721060079e-24
8.83540779578  3.63867030038e-24
9.19243820431  5.67443743843e-24
9.56389587139  8.60278119588e-24
9.95036378878  1.16494565337e-23
10.3524485064  1.18313973241e-23
10.7707810842  1.24429190416e-23
11.2060180829  1.39514201323e-23
11.6588425938  1.63464954225e-23
12.1299653117  1.96188276203e-23
12.6201256496  2.37601584225e-23
13.1300928996  2.87632602491e-23
13.6606674402  3.46219085628e-23
14.2126819923  4.13308547353e-23
14.7870029263  4.8885799417e-23
15.384531622  5.72833663616e-23
16.0062058827  6.65210766689e-23
16.6530014079  7.65973233895e-23
17.3259333238  8.75113464554e-23
18.0260577771  9.92632078872e-23
18.7544735924  1.11853767234e-22
19.5123239965  1.25284657211e-22
20.3007984131  1.39558259485e-22
21.1211343295  1.54677680591e-22
21.9746192385  1.70646727935e-22
22.8625926593  1.87469885862e-22
23.7864482397  2.05152291788e-22
24.7476359436  2.1296959652e-22
25.7476643266  2.17473677871e-22
26.7881029035  2.21668299324e-22
27.8705846117  2.25565431415e-22
28.996808374  2.29176566217e-22
30.1685417653  2.32512738056e-22
31.3876237862  2.3558454362e-22
32.6559677498  2.38402161506e-22
33.9755642841  2.40975371238e-22
35.3484844568  2.43313571781e-22
36.7768830251  2.45425799602e-22
38.2630018183  2.47320746298e-22
39.8091732557  2.49006775837e-22
41.4178240072  2.50491941429e-22
43.0914788025  2.51784002087e-22
44.832764393  2.52890438886e-22
46.6444136747  2.53818470965e-22
48.5292699773  2.54575071307e-22
50.4902915267  2.5516698232e-22
52.5305560881  2.55600731246e-22
54.6532657959  2.55882645446e-22
56.8617521799  2.56018867551e-22
59.159481394  2.56015370539e-22
61.5500596558  2.5587797273e-22
64.0372389068  2.55612352717e-22
66.624922701  2.55224064254e-22
69.3171723311  2.54718551091e-22
72.118213203  2.54101161746e-22
75.032441467  2.53377164212e-22
78.0644309178  2.52551760556e-22
81.2189401726  2.51630101381e-22
84.5009201401  2.50617300088e-22
87.9155217902  2.49518446874e-22
91.4681042388  2.48338622357e-22
95.1642431583  2.47082910738e-22
99.009739529  2.4575641235e-22
103.010628743  2.44364255423e-22
107.173190077  2.42911606902e-22
111.503956548  2.41403682079e-22
116.009725165  2.39845752809e-22
120.697567597  2.38243154029e-22
125.574841273  2.36601288302e-22
130.649200932  2.34925628061e-22
135.928610627  2.33221715228e-22
141.421356237  2.31495157883e-22
147.136058463  2.29751623655e-22
153.081686359  2.2799682952e-22
159.267571411  2.26236527761e-22
165.703422184  2.24476487846e-22
172.399339552  2.2272247411e-22
179.36583256  2.20980219183e-22
186.613834911  2.19255393256e-22
194.154722129  2.17553569377e-22
202.000329413  2.16007429018e-22
210.162970211  2.14364804638e-22
218.655455543  2.12761071859e-22
227.491114114  2.11200989406e-22
236.683813228  2.09689004918e-22
246.247980551  2.0822921025e-22
256.198626761  2.0682529875e-22
266.551369101  2.05480525812e-22
277.322455892  2.04197673992e-22
288.528792035  2.0297902392e-22
300.187965542  2.01826332114e-22
312.318275138  2.00740816666e-22
324.938758985  1.99723151514e-22
338.069224556  1.98773469839e-22
351.730279727  1.9789137684e-22
365.943365117  1.97075971935e-22
380.730787743  1.96325880275e-22
396.115756024  1.95639293314e-22
412.122416211  1.95014018267e-22
428.775890281  1.94447536492e-22
446.102315367  1.93937071547e-22
464.128884777  1.93479669226e-22
482.883890678  1.93072296144e-22
502.396768493  1.92712066718e-22
522.698143103  1.92418334123e-22
543.819876914  1.92206752797e-22
565.795119858  1.92076104753e-22
588.658361426  1.92024837667e-22
612.445484796  1.91329696688e-22
637.193823152  1.91495062107e-22
662.942218274  1.91729415581e-22
689.731081504  1.92033646206e-22
717.602457167  1.9240838868e-22
746.600088557  1.92854019876e-22
776.769486596  1.93370658148e-22
808.158001257  1.93958165368e-22
840.814895881  1.94616151667e-22
874.791424493  1.95343982769e-22
910.140912246  1.9614078975e-22
946.918839109  1.99213846884e-22
985.182926946  2.01141737801e-22
1024.99323011  2.02908463337e-22
1066.41222967  2.04532395718e-22
1109.50493154  2.06029687653e-22
1154.33896842  2.07414652043e-22
1200.98470601  2.08700060211e-22
1249.51535339  2.09897378461e-22
1300.00707798  2.11016957415e-22
1352.53912504  2.1206818474e-22
1407.19394206  2.13059609262e-22
1464.05730815  2.13999042453e-22
1523.21846867  2.14598764312e-22
1584.7702753  2.15318999974e-22
1648.80933177  2.15965533761e-22
1715.43614549  2.16544045817e-22
1784.75528525  2.17059715962e-22
1856.87554538  2.17517284175e-22
1931.9101165  2.17921102009e-22
2009.97676312  2.18275176482e-22
2091.19800853  2.1858320769e-22
2175.70132706  2.18848621155e-22
2263.61934415  2.19074595713e-22
2355.09004453  2.19264087638e-22
2450.25698873  2.19419851553e-22
2549.26953846  2.19544458593e-22
2652.28309095  2.19640312225e-22
2759.45932292  2.19709662054e-22
2870.96644429  2.19754615896e-22
2986.97946215  2.19777150372e-22
3107.68045551  2.19779120222e-22
3233.25886097  2.1976226653e-22
3363.91177012  2.19728224009e-22
3499.84423881  2.19678527487e-22
3641.26960901  2.19614617714e-22
3788.40984363  2.19537846581e-22
3941.49587491  2.19449481857e-22
4100.76796681  2.19350711503e-22
4266.47609215  2.19242647642e-22
4438.88032492  2.19126330234e-22
4618.25124841  2.19002730505e-22
4804.87037999  2.18872754175e-22
4999.03061281  2.18737244511e-22
5201.0366756  2.18596985241e-22
5411.20561086  2.1845270335e-22
5629.8672725  2.18305071767e-22
5857.36484349  2.18154711974e-22
6094.05537452  2.18002196536e-22
6340.31034432  2.17848051561e-22
6596.51624277  2.17692759104e-22
6863.0751774  2.17536759506e-22
7140.40550453  2.17380453684e-22
7428.94248588  2.1722420536e-22
7729.13897165  2.17068343235e-22
8041.46611132  2.16913163112e-22
8366.41409304  2.16758929947e-22
8704.49291301  2.16605879852e-22
9056.2331759  2.16454222029e-22
9422.18692758  2.16304140635e-22
9802.92852161  2.16155796585e-22
10199.0555206  2.16009329281e-22
10611.1896341  2.15864858269e-22
11039.9776943  2.15722484828e-22
11486.0926714  2.15582293473e-22
11950.2347295  2.15444353397e-22
12433.1323259  2.15308719827e-22
12935.5433539  2.1517543531e-22
13458.2563327  2.15044530919e-22
14002.0916449  2.14916027395e-22
14567.9028237  2.14789936205e-22
15156.577893  2.14666260535e-22
15769.0407609  2.14544996214e-22
16406.2526695  2.14426132571e-22
17069.213704  2.14309653222e-22
17758.9643622  2.14195536804e-22
18476.5871871  2.14354424051e-22
19223.2084664  2.14279857334e-22
20000  2.14206138742e-22

