0.5 20 151
151
0.5  0
0.512448710082  8.87264382923e-40
0.52520736093  1.79661935999e-39
0.538283669269  2.72861492999e-39
0.55168554395  3.68381478529e-39
0.565421090737  4.66279665273e-39
0.579498617203  5.66615264306e-39
0.59392663776  6.69448960906e-39
0.608713878807  7.74842951257e-39
0.623869284008  8.82860980068e-39
0.6394020197  9.93568379128e-39
0.655321480438  1.10703210682e-38
0.67163729468  1.22332078861e-38
0.688359330604  1.34250475857e-38
0.705497702082  1.46465610191e-38
0.723062774796  1.58984869857e-38
0.741065172505  1.71815826791e-38
0.759515783475  1.84966241451e-38
0.778425767058  1.9844406751e-38
0.797806560447  2.12257456667e-38
0.817669885593  2.26414763578e-38
0.83802775629  2.40924550907e-38
0.858892485448  2.55795594508e-38
0.880276692535  2.7103688873e-38
0.90219331121  2.86657651858e-38
0.924655597149  3.02667331689e-38
0.947677136058  3.19075611246e-38
0.971271851895  3.35892414632e-38
0.995454015286  2.25612060028e-34
1.02023825216  3.89957063235e-32
1.04563955259  8.79396931298e-32
1.07167327987  1.3810225894e-31
1.0983551798  1.89513743228e-31
1.1257013902  2.42205240841e-31
1.15372845069  2.9620862081e-31
1.18245331269  3.5155654562e-31
1.21189334964  4.08282490969e-31
1.24206636756  4.66420766014e-31
1.27299061578  5.2600653412e-31
1.30468479801  5.87075834131e-31
1.33716808361  6.49665602163e-31
1.37046011922  7.13813693948e-31
1.40458104063  7.79558907727e-31
1.43955148495  8.46941007717e-31
1.47539260312  9.16000748162e-31
1.51212607267  9.86779897982e-31
1.54977411084  1.05932126603e-30
1.58835948804  1.133668727e-30
1.62790554158  1.20986724795e-30
1.66843618984  1.28796291549e-30
1.70997594668  1.36800296367e-30
1.75254993629  1.45003580256e-30
1.79618390842  1.53411104752e-30
1.84090425388  1.62027954917e-30
1.88673802057  1.70859342421e-30
1.93371292981  1.7991060869e-30
1.9818573931  1.89187228139e-30
2.03120052932  9.70713830426e-29
2.08177218234  2.51287270648e-28
2.13360293905  4.09342736003e-28
2.18672414789  5.71333374688e-28
2.24116793778  7.37357162368e-28
2.29696723759  9.07514514046e-28
2.35415579601  1.0819083448e-27
2.41276820199  1.26064413204e-27
2.47283990568  1.44382997927e-27
2.53440723981  1.6315766815e-27
2.59750744173  1.82399779227e-27
2.66217867588  2.02120969228e-27
2.72846005693  2.22333165982e-27
2.79639167337  2.43048594292e-27
2.86601461181  2.64279783324e-27
2.9373709818  2.8603957419e-27
3.01050394131  5.11813170534e-27
3.08545772284  1.85109059614e-26
3.16227766017  3.24078338919e-26
3.24101021575  4.66507594761e-26
3.32170300885  6.12482971629e-26
3.40440484432  7.62092758789e-26
3.48916574214  9.1542744368e-26
3.57603696765  1.07257976665e-25
3.66507106256  1.23364477703e-25
3.75632187674  1.39871989065e-25
3.84984460077  1.56790494873e-25
3.94569579937  1.74130227829e-25
4.04393344553  2.81200945274e-25
4.14461695564  5.04064499006e-25
4.2478072254  7.32476780275e-25
4.35356666667  9.66575938081e-25
4.46195924519  1.20650356098e-24
4.57305051927  1.45240476271e-24
4.68690767949  1.70442826999e-24
4.80359958925  1.96272651241e-24
4.92319682653  2.22745571471e-24
5.04577172647  2.85202084649e-24
5.1713984252  4.09962461663e-24
5.30015290463  5.37829050204e-24
5.43211303844  6.68879186925e-24
5.56735863914  8.03192133962e-24
5.70597150638  9.40849126876e-24
5.84803547643  1.08193342378e-23
5.99363647282  1.23338974004e-23
6.1428625584  1.52533108718e-23
6.29580398853  1.83844654767e-23
6.4525532657  2.15935777534e-23
6.6132051955  2.48825886469e-23
6.77785694388  2.82534874264e-23
6.94660809603  3.17083128892e-23
7.11956071652  3.57643775889e-23
7.29681941106  4.01572380089e-23
7.47849138981  4.46594693205e-23
7.66468653214  4.92737945767e-23
7.85551745316  5.40030046276e-23
8.0510995718  5.8769202556e-23
8.25155118063  6.34200426981e-23
8.45699351738  6.81866767615e-23
8.66755083831  7.30719877158e-23
8.88335049333  7.80789303097e-23
9.10452300303  8.28582673417e-23
9.33120213764  8.73536750008e-23
9.5635249979  9.19610067131e-23
9.80163209803  9.66830490989e-23
10.0456674507  1.01366433703e-22
10.295778654  1.05497052013e-22
10.5521169811  1.09726378071e-22
10.8148374712  1.14061003437e-22
11.0840990237  1.18267988427e-22
11.3600644943  1.22048163443e-22
11.6429007931  1.25922455064e-22
11.9327789861  1.29892754311e-22
12.2298743982  1.33448360604e-22
12.5343667197  1.36937842607e-22
12.8464401144  1.40514203711e-22
13.1662833315  1.43881793533e-22
13.4940898196  1.47051354466e-22
13.8300578436  1.5029982929e-22
14.1743906047  1.53379106629e-22
14.5272963631  1.5628528555e-22
14.8889885645  1.59263820829e-22
15.2596859686  1.6201320074e-22
15.6396127818  1.64698143529e-22
16.0289987924  1.67409619024e-22
16.4280795102  1.69857141171e-22
16.8370963082  1.72352961673e-22
17.2562965694  1.74707678487e-22
17.6859338356  1.76988622733e-22
18.1262679613  1.79243398556e-22
18.5775652707  1.81342833639e-22
19.0400987189  1.83464887787e-22
19.5141480567  1.8541395044e-22
20  1.87404e-22

