0.1 20 151
151
0.1  0
0.103595335198  7.15040264174e-39
0.107319934748  1.45578862264e-38
0.111178446136  2.22316936758e-38
0.115175683943  3.01814002253e-38
0.119316635847  3.84169253726e-38
0.123606468853  4.69485452542e-38
0.128050535734  5.57869054684e-38
0.132654381717  6.49430343584e-38
0.137423751394  7.4428356773e-38
0.142364595899  8.42547083231e-38
0.147483080324  9.44343501491e-38
0.152785591422  1.04979984221e-37
0.158278745568  1.15904769186e-37
0.163969397019  1.2722233679e-37
0.169864646463  1.38946808886e-37
0.175971849887  1.51092815055e-37
0.182298627744  1.63675510858e-37
0.188852874473  1.76710596752e-37
0.195642768341  1.90214337677e-37
0.202676781654  6.3657098515e-32
0.209963691323  2.36948064109e-31
0.21751258982  4.16469420783e-31
0.225332896521  6.02445171983e-31
0.233434369463  7.95107374824e-31
0.241827117512  9.94696429658e-31
0.250521612986  1.20146138003e-30
0.259528704717  1.41566022344e-30
0.268859631586  1.63756023326e-30
0.278526036554  1.86743829224e-30
0.288539981181  2.10558123799e-30
0.298913960685  2.35228622089e-30
0.309660919525  2.60786107487e-30
0.320794267559  2.87262470153e-30
0.332327896774  3.14690746806e-30
0.344276198619  3.43105161943e-30
0.356654081967  3.72541170549e-30
0.369476991711  4.03035502333e-30
0.382760928042  4.34626207561e-30
0.396522466412  4.67352704534e-30
0.410778778215  5.01255828771e-30
0.425547652214  5.36377883967e-30
0.440847516738  5.72762694776e-30
0.456697462677  6.10455661495e-30
0.473117267301  6.49503816713e-30
0.490127418939  6.89955884e-30
0.507749142548  4.78901606084e-28
0.526004426187  1.59028202028e-27
0.544916048465  2.74162028569e-27
0.564507606954  3.93435302101e-27
0.584803547643  5.16996849617e-27
0.60582919543  6.45000848943e-27
0.627610785733  7.77607021111e-27
0.650175497219  9.14980829662e-27
0.673551485719  1.0572936871e-26
0.697767919361  1.2047231688e-26
0.722855014966  1.35745323455e-26
0.74884407575  1.5156744581e-26
0.775767530383  1.679584265e-26
0.803658973457  1.84938717888e-26
0.832553207402  2.02529507669e-26
0.862486285909  2.20752745306e-26
0.893495558925  2.3963116942e-26
0.925619719247  2.59188336162e-26
0.958898850812  2.79448648603e-26
0.993374478709  3.10212843438e-26
1.02908962099  2.1157138228e-25
1.06608884235  4.41944181452e-25
1.10441830974  6.80599654959e-25
1.14412584997  9.27835592706e-25
1.18526100936  1.18396049115e-24
1.22787511562  1.44929393821e-24
1.27202134183  1.72416701209e-24
1.31775477286  2.00892269434e-24
1.36513247404  2.30391629787e-24
1.41421356237  2.60951591025e-24
1.46505928036  2.92610285306e-24
1.51773307233  3.25407215766e-24
1.57230066369  3.59383305811e-24
1.62883014287  3.9458095018e-24
1.68739204632  4.31044067846e-24
1.74805944649  4.68818156816e-24
1.81090804305  5.07950350902e-24
1.87601625732  5.48489478536e-24
1.94346533014  5.90486123694e-24
2.01333942322  6.64497524754e-24
2.08572572415  8.7032361345e-24
2.16071455525  1.0843202156e-23
2.23839948618  1.3060107129e-23
2.31887745078  1.53567172669e-23
2.40224886796  1.77358982374e-23
2.48861776706  2.02006187388e-23
2.57809191758  2.27539542039e-23
2.67078296373  2.53990906377e-23
2.76680656368  2.81393285927e-23
2.86628253393  3.09780872874e-23
2.96933499874  3.39189088727e-23
3.0760925451  3.70829094121e-23
3.18668838309  4.04096985765e-23
3.30126051218  4.38560969627e-23
3.41995189335  4.74264049232e-23
3.54291062753  5.11250774224e-23
3.67029014035  5.49567295959e-23
3.80224937364  5.89261425086e-23
3.93895298368  6.3038269121e-23
4.08057154674  6.65924740051e-23
4.22728177184  6.97204973855e-23
4.3792667213  7.29609836914e-23
4.53671603914  7.63179763421e-23
4.69982618773  7.97956641311e-23
4.8688006929  8.33983864534e-23
5.04385039793  8.68128471642e-23
5.22519372662  8.93658196477e-23
5.41305695583  9.20104266844e-23
5.60767449785  9.47501162086e-23
5.80928919286  9.75883067547e-23
6.01815261197  1.00417939319e-22
6.23452537109  1.02504508906e-22
6.45867745619  1.04637315996e-22
6.69088856009  1.06846804649e-22
6.93144843155  1.09135731826e-22
7.18065723674  1.11010688178e-22
7.43882593382  1.1275797392e-22
7.70627666093  1.14568080441e-22
7.98334313818  1.16422083645e-22
8.270371084  1.1785297009e-22
8.56771864659  1.19279346348e-22
8.87575685075  1.20757005613e-22
9.19487006089  1.22029393981e-22
9.5254564606  1.23176859375e-22
9.8679285495  1.24365579995e-22
10.2227136579  1.25395037819e-22
10.5902544803  1.26337412487e-22
10.9710096272  1.27305572553e-22
11.3654541979  1.28088575697e-22
11.774080373  1.28871912075e-22
12.1973980289  1.29583528619e-22
12.6359353735  1.30202304812e-22
13.0902396056  1.30807463806e-22
13.5608775976  1.31288656027e-22
14.0484366031  1.31769215065e-22
14.553524989  1.32144947917e-22
15.0767729955  1.32512740624e-22
15.6188335217  1.32797649932e-22
16.1803829408  1.33061577093e-22
16.7621219439  1.33269839656e-22
17.364776414  1.33437804246e-22
17.9890983325  1.33575791722e-22
18.6358667167  1.33659575739e-22
19.3058885922  1.33714706101e-22
20  1.33739e-22

