0.02 20000 351
351
0.02  0
0.0208052458838  8.63305866184e-41
0.0216429128143  1.76137040713e-40
0.0225143061372  2.69559308683e-40
0.0234207837545  3.66742971489e-40
0.0243637582402  4.67839471519e-40
0.0253446990421  5.73006348574e-40
0.0263651347711  6.82407485372e-40
0.0274266555837  7.96213362926e-40
0.0285309156595  9.14601326202e-40
0.0296796357794  1.03775586048e-39
0.0308746060066  1.16586887886e-39
0.0321176884767  1.29914002126e-39
0.0334108202989  1.43777696562e-39
0.034756016575  1.58199575141e-39
0.0361553735393  1.73202111638e-39
0.0376110718253  1.88808684673e-39
0.039125379864  2.05043614143e-39
0.0407006574185  2.2193219912e-39
0.0423393592613  2.39500757273e-39
0.0440440389997  2.57776665884e-39
0.0458173530554  2.76788404503e-39
0.0476620648032  2.96565599336e-39
0.0495810488781  3.17139069405e-39
0.0515772956543  1.22147312618e-34
0.0536539159056  2.82958574142e-34
0.0558141456523  4.50244465988e-34
0.0580613512047  6.24265671625e-34
0.060399034408  8.05293370239e-34
0.0628308381003  9.93609659312e-34
0.0653605517882  1.18950799422e-33
0.0679921175528  1.39329364551e-33
0.0707296361925  1.60528417465e-33
0.073577373613  1.82580992884e-33
0.0765397674752  2.05521455583e-33
0.0796214341107  2.29385553939e-33
0.0828271757148  2.54210475644e-33
0.0861619878306  2.8003490565e-33
0.0896310671328  3.06899086454e-33
0.0932398195264  3.34844880809e-33
0.0969938685706  3.63915836958e-33
0.100899064242  5.56273134818e-31
0.10496149205  3.05230159451e-30
0.109187482522  5.64882588636e-30
0.113583621065  8.34989220312e-30
0.118156758232  1.11597096466e-29
0.122914020392  1.40826567865e-29
0.127862820842  1.71232884842e-29
0.133010871351  2.02863429897e-29
0.138366194184  2.35767493263e-29
0.1439371346  2.69996349709e-29
0.149732373859  3.05603338443e-29
0.155760942745  3.42643946232e-29
0.162032235645  3.81175893869e-29
0.168556025186  4.21259226118e-29
0.175342477459  4.62956405281e-29
0.182402167871  5.0633240854e-29
0.189746097615  5.51454829202e-29
0.197385710819  5.9839398204e-29
0.205332912377  4.01534468892e-27
0.213600086503  1.01447481737e-26
0.222200116025  1.65209355048e-26
0.231146402466  2.31538427661e-26
0.240452886923  3.00538060908e-26
0.250134071796  3.72315777689e-26
0.260205043382  4.46983430018e-26
0.270681495389  5.24657373333e-26
0.281579753389  6.05458647805e-26
0.292916800258  6.8951316696e-26
0.304710302644  7.76951913893e-26
0.316978638492  8.6791114538e-26
0.329740925688  9.62532604204e-26
0.343017051845  1.06096374004e-25
0.356827705299  1.16335793922e-25
0.371194407346  1.26987476378e-25
0.386139545777  1.38068020006e-25
0.401686409768  1.49594691742e-25
0.417859226171  1.61585453726e-25
0.434683197266  1.74058991297e-25
0.452184540034  1.87034742107e-25
0.470390527014  2.00532926413e-25
0.489329528798  2.14574578587e-25
0.509031058243  3.69220302125e-25
0.529525816463  7.02214245947e-25
0.550845740668  1.0486152899e-24
0.573024053933  1.40896323459e-24
0.596095316971  1.78381961424e-24
0.62009548199  2.17376857174e-24
0.645061948712  2.57941776887e-24
0.671033622664  3.00139933332e-24
0.698050975792  3.44037084366e-24
0.72615610954  3.8970163541e-24
0.755392820452  4.37204746041e-24
0.785806668419  4.86620440888e-24
0.817445047681  5.38025724979e-24
0.850357260677  5.9150070374e-24
0.884594594874  6.47128707828e-24
0.920210402694  7.04996422983e-24
0.957260184645  7.65194025109e-24
0.995801675818  8.27815320801e-24
1.03589493585  9.54225423894e-24
1.07760244251  1.09317954487e-23
1.12098918907  1.23772827754e-23
1.16612278558  1.38809687381e-23
1.21307356424  1.54451965474e-23
1.26191468896  1.70724037569e-23
1.31272226941  1.87651260618e-23
1.36557547962  2.05260012502e-23
1.42055668132  2.23577733134e-23
1.47775155234  2.42632967223e-23
1.53724922008  2.62455408753e-23
1.59914240042  2.83075947256e-23
1.66352754221  3.04526715946e-23
1.73050497751  3.26841141796e-23
1.80017907801  3.50053997624e-23
1.87265841765  3.74201456282e-23
1.94805594178  3.99321147025e-23
2.02648914321  4.22593619319e-23
2.10808024527  4.40971821042e-23
2.19295639229  4.60089971329e-23
2.2812498477  4.79977862207e-23
2.3730982002  5.00666485199e-23
2.46864457808  5.22188079616e-23
2.56803787234  5.44576182799e-23
2.67143296865  5.67865682379e-23
2.77899098875  5.92092870642e-23
2.89087954149  6.17295501087e-23
3.00727298406  6.4285726538e-23
3.12835269366  6.59216138778e-23
3.25430735015  6.7623365795e-23
3.38533323008  6.93936341485e-23
3.52163451252  7.12351775673e-23
3.6634235973  7.31508657489e-23
3.81092143593  7.51436839317e-23
3.96435787592  7.72167375465e-23
4.123972019  7.88210089902e-23
4.29001259367  8.0324707485e-23
4.46273834281  8.1888948331e-23
4.64241842687  8.35161691021e-23
4.82933284333  8.52089055146e-23
5.02377286302  8.6925625329e-23
5.22604148398  8.83815969648e-23
5.43645390367  8.98961893589e-23
5.6553380101  9.14717627176e-23
5.88303489282  9.31107722743e-23
6.11989937441  9.46145167343e-23
6.36630056345  9.5974570586e-23
6.62262242965  9.7389383326e-23
6.88926440224  9.88611596729e-23
7.16664199237  1.00140240835e-22
7.45518744063  1.0129665451e-22
7.75535039062  1.02499628052e-22
8.06759858961  1.03720469186e-22
8.39241861745  1.04875383907e-22
8.7303166448  1.06076798144e-22
9.08181922194  1.072156253e-22
9.44747409926  1.08019849244e-22
9.82785108081  1.0885645309e-22
10.2235429123  1.09469713551e-22
10.6351662047  1.09901761205e-22
11.0633623952  1.10308065154e-22
11.5087987467  1.10472337814e-22
11.9721693877  1.10643224467e-22
12.4541963937  1.1064610123e-22
12.9556309128  1.10637946064e-22
13.4772543361  1.10525051708e-22
14.019879515  1.10398543459e-22
14.5843520286  1.10295092519e-22
15.1715515006  1.10134747896e-22
15.7823929704  1.09835049102e-22
16.4178283193  1.09497417802e-22
17.0788477531  1.09141303111e-22
17.7664813458  1.08840929052e-22
18.4818006444  1.08919748219e-22
19.2259203392  1.09090600005e-22
20  1.09126825558e-22
20.8052458838  1.09010163936e-22
21.6429128143  1.08721471225e-22
22.5143061372  1.0824066372e-22
23.4207837545  1.07546658966e-22
24.3637582402  1.06738587678e-22
25.3446990421  1.06035293126e-22
26.3651347711  1.05310000074e-22
27.4266555837  1.04563308462e-22
28.5309156595  1.03795800507e-22
29.6796357794  1.03008042412e-22
30.8746060066  1.02200586098e-22
32.1176884767  1.01373970958e-22
33.4108202989  1.00528725643e-22
34.756016575  9.96653698791e-23
36.1553735393  9.87844163263e-23
37.6110718253  9.7886372482e-23
39.125379864  9.69717426333e-23
40.7006574185  9.60410298648e-23
42.3393592613  9.50947381252e-23
44.0440389997  9.41333743571e-23
45.8173530554  9.31574506949e-23
47.6620648032  9.21674867327e-23
49.5810488781  9.11640118652e-23
51.5772956543  9.01475677033e-23
53.6539159056  8.91187105637e-23
55.8141456523  8.80780140331e-23
58.0613512047  8.70260716014e-23
60.399034408  8.59634993612e-23
62.8308381003  8.48909387644e-23
65.3605517882  8.38090594253e-23
67.9921175528  8.27185619579e-23
70.7296361925  8.16201808265e-23
73.577373613  8.05146871905e-23
76.5397674752  7.94028917129e-23
79.6214341107  7.8285647302e-23
82.8271757148  7.71638517462e-23
86.1619878306  7.6038450196e-23
89.6310671328  7.49104374408e-23
93.2398195264  7.37808599211e-23
96.9938685706  7.2650817407e-23
100.899064242  7.152146427e-23
104.96149205  7.03940102638e-23
109.187482522  6.9269720727e-23
113.583621065  6.81499161136e-23
118.156758232  6.70359707529e-23
122.914020392  6.592931074e-23
127.862820842  6.48314108594e-23
133.010871351  6.37437904472e-23
138.366194184  6.26680081083e-23
143.9371346  6.16056552155e-23
149.732373859  6.05583481402e-23
155.760942745  5.95277191832e-23
162.032235645  5.85154062076e-23
168.556025186  5.752304101e-23
175.342477459  5.65522365058e-23
182.402167871  5.56045728486e-23
189.746097615  5.46815826511e-23
197.385710819  5.37847355225e-23
205.332912377  5.296800001e-23
213.600086503  5.21259903099e-23
222.200116025  5.13140759237e-23
231.146402466  5.05333086518e-23
240.452886923  4.97846004078e-23
250.134071796  4.9068710388e-23
260.205043382  4.83862339628e-23
270.681495389  4.773759363e-23
281.579753389  4.71230323268e-23
292.916800258  4.65426093438e-23
304.710302644  4.59961990187e-23
316.978638492  4.54834923175e-23
329.740925688  4.50040013393e-23
343.017051845  4.45570667136e-23
356.827705299  4.41418678025e-23
371.194407346  4.37574355792e-23
386.139545777  4.34026680401e-23
401.686409768  4.30763480284e-23
417.859226171  4.27771634217e-23
434.683197266  4.25037298105e-23
452.184540034  4.22546161488e-23
470.390527014  4.20283746728e-23
489.329528798  4.18235786937e-23
509.031058243  4.16400372689e-23
529.525816463  4.14874212364e-23
550.845740668  4.13676392053e-23
573.024053933  4.12799395347e-23
596.095316971  4.09370139565e-23
620.09548199  4.09365321699e-23
645.061948712  4.09629529834e-23
671.033622664  4.10165722034e-23
698.050975792  4.10976195798e-23
726.15610954  4.12062569594e-23
755.392820452  4.13425770022e-23
785.806668419  4.15066024812e-23
817.445047681  4.16982861795e-23
850.357260677  4.19175113833e-23
884.594594874  4.21640929633e-23
920.210402694  4.243777902e-23
957.260184645  4.36828543684e-23
995.801675818  4.43649336085e-23
1035.89493585  4.49920951446e-23
1077.60244251  4.55702265368e-23
1120.98918907  4.61046081486e-23
1166.12278558  4.66000028708e-23
1213.07356424  4.70607286542e-23
1261.91468896  4.74907175867e-23
1312.72226941  4.78935643368e-23
1365.57547962  4.82725661214e-23
1420.55668132  4.8630755868e-23
1477.75155234  4.89709298717e-23
1537.24922008  4.9169123851e-23
1599.14240042  4.94236239818e-23
1663.52754221  4.96509580912e-23
1730.50497751  4.98531662359e-23
1800.17907801  5.00321222274e-23
1872.65841765  5.0189551999e-23
1948.05594178  5.03270494379e-23
2026.48914321  5.04460900766e-23
2108.08024527  5.05480429669e-23
2192.95639229  5.06341810022e-23
2281.2498477  5.0705689911e-23
2373.0982002  5.07636761077e-23
2468.64457808  5.0809173559e-23
2568.03787234  5.0843149799e-23
2671.43296865  5.08665112095e-23
2778.99098875  5.08801076637e-23
2890.87954149  5.08847366199e-23
3007.27298406  5.08811467387e-23
3128.35269366  5.08700410906e-23
3254.30735015  5.08520800097e-23
3385.33323008  5.08278836427e-23
3521.63451252  5.07980342391e-23
3663.4235973  5.07630782178e-23
3810.92143593  5.07235280455e-23
3964.35787592  5.0679863954e-23
4123.972019  5.06325355235e-23
4290.01259367  5.05819631503e-23
4462.73834281  5.05285394208e-23
4642.41842687  5.04726304044e-23
4829.33284333  5.04145768802e-23
5023.77286302  5.03546955073e-23
5226.04148398  5.02932799489e-23
5436.45390367  5.02306019556e-23
5655.3380101  5.01669124152e-23
5883.03489282  5.01024423726e-23
6119.89937441  5.00374040223e-23
6366.30056345  4.99719916776e-23
6622.62242965  4.9906382716e-23
6889.26440224  4.98407385028e-23
7166.64199237  4.97752052923e-23
7455.18744063  4.97099151071e-23
7755.35039062  4.96449865947e-23
8067.59858961  4.95805258603e-23
8392.41861745  4.95166272759e-23
8730.3166448  4.94533742633e-23
9081.81922194  4.93908400519e-23
9447.47409926  4.93290884082e-23
9827.85108081  4.92681743382e-23
10223.5429123  4.92081447609e-23
10635.1662047  4.91490391519e-23
11063.3623952  4.90908901579e-23
11508.7987467  4.90337241805e-23
11972.1693877  4.89775619301e-23
12454.1963937  4.89224189494e-23
12955.6309128  4.88683061069e-23
13477.2543361  4.88152300605e-23
14019.879515  4.87631936916e-23
14584.3520286  4.87121965114e-23
15171.5515006  4.86622350381e-23
15782.3929704  4.86133031478e-23
16417.8283193  4.85653923989e-23
17078.8477531  4.85184923311e-23
17766.4813458  4.84725907405e-23
18481.8006444  4.85328254597e-23
19225.9203392  4.85023435914e-23
20000  4.84722595195e-23

