1 20 101
101
1  0
1.03041055791  2.29366767356e-37
1.06174591785  4.65708706074e-37
1.09403420358  7.09237935007e-37
1.12730439408  9.60173023658e-37
1.16158634964  1.21873918836e-36
1.1969108386  1.48516849438e-36
1.23330956497  1.75970006424e-36
1.27081519692  2.04258029231e-36
1.30946139606  2.33406306593e-36
1.34928284767  2.63440999332e-36
1.39031529185  2.94389063834e-36
1.43259555555  3.26278276244e-36
1.47616158565  3.59137257395e-36
1.52105248304  3.92995498494e-36
1.56730853766  4.27883387596e-36
1.61497126471  4.63832236869e-36
1.66408344188  5.00874310705e-36
1.71468914776  5.39042854673e-36
1.76683380139  5.78372125357e-36
1.82056420303  6.18897421105e-36
1.87592857615  6.60655113706e-36
1.93297661076  7.03682681037e-36
1.99175950792  4.25608879717e-34
2.05233002578  2.69167121455e-32
2.11474252688  5.90104970259e-32
2.17905302696  9.20802718099e-32
2.24531924523  1.26155716895e-31
2.31360065617  1.61267415277e-31
2.3839585429  1.97446879995e-31
2.45645605223  2.3472658242e-31
2.53115825126  2.73139981395e-31
2.60813218585  3.12721553264e-31
2.68744694072  3.53506822817e-31
2.76917370155  3.95532395171e-31
2.85338581877  4.38835988627e-31
2.94015887345  4.83456468519e-31
3.02957074514  7.70579690534e-30
3.12170168173  3.01119275476e-29
3.21663437151  5.31994411232e-29
3.31445401734  7.69890588675e-29
3.41524841318  1.0150213216e-28
3.51910802283  1.26760661687e-28
3.62612606115  1.5278731719e-28
3.73639857773  1.79605457806e-28
3.85002454306  2.07239153041e-28
3.96710593738  2.35713204365e-28
4.08774784223  1.35998725945e-27
4.21205853471  2.94139168676e-27
4.34014958471  4.57088750499e-27
4.472135955  6.24993720016e-27
4.60813610445  7.98004773333e-27
4.74827209431  9.76277189306e-27
4.89266969782  1.15997096891e-26
5.041458513  2.1141999832e-26
5.19477207907  5.13801724496e-26
5.35274799621  8.25379047667e-26
5.51552804914  1.14643161107e-25
5.68325833429  1.47724756204e-25
5.85608939099  1.81812381065e-25
6.03417633655  2.59097082781e-25
6.21767900547  5.15539565275e-25
6.40676209294  7.80770950063e-25
6.6015953026  1.05406816924e-24
6.80235349885  1.33567650932e-24
7.00921686386  1.70312217514e-24
7.22237105921  2.85577653312e-24
7.44200739256  4.08334837986e-24
7.66832298935  5.34825137134e-24
7.9015209697  6.65162076849e-24
8.14181063074  9.10190616706e-24
8.38940763443  1.24190298291e-23
8.64453420113  1.58370290723e-23
8.90741930907  1.93589715795e-23
9.17829889981  2.42689588065e-23
9.45741609003  3.0013609257e-23
9.74502138973  3.59329577327e-23
10.041372927  4.21534958312e-23
10.34673668  4.92403855299e-23
10.661386715  5.65541455549e-23
10.9856054331  6.40778941949e-23
11.3196838233  7.15817996252e-23
11.6639217237  7.92883911976e-23
12.0186280908  8.71550395005e-23
12.3841212763  9.45553076108e-23
12.7607293136  1.02146855677e-22
13.1487902114  1.09603735532e-22
13.5486522576  1.16681693611e-22
13.9606743317  1.23950551314e-22
14.3852262269  1.30616966812e-22
14.8226889821  1.37369204439e-22
15.2734552238  1.4378971532e-22
15.7379295184  1.50046648543e-22
16.2165287354  1.56132688664e-22
16.7096824217  1.61953381623e-22
17.2178331866  1.67645465141e-22
17.7414370999  1.73090945839e-22
18.2809641002  1.78368241291e-22
18.8368984177  1.83489508223e-22
19.4097390079  1.88351040386e-22
20  1.9319e-22

