0.5 20000 301
301
0.5  0
0.51797667599  3.62107779799e-37
0.536599673739  7.37234548061e-37
0.555892230681  1.12584838106e-36
0.575878419714  1.52843418398e-36
0.596583179235  1.94549429597e-36
0.618032344264  2.37754911697e-36
0.640252678672  2.82513775702e-36
0.663271908584  3.28881870899e-36
0.687118756972  3.76917054543e-36
0.711822979493  4.26679264052e-36
0.737415401622  4.78230591795e-36
0.763927957112  5.31635362569e-36
0.791393727841  5.86960213864e-36
0.819846985093  6.44274179012e-36
0.849323232317  7.03648773321e-36
0.879859249433  7.65158083318e-36
0.911493138721  8.28878859188e-36
0.944264372364  8.94890610541e-36
0.978213841706  9.63275705625e-36
1.01338390827  6.47961072619e-31
1.04981845661  2.41185556431e-30
1.0875629491  4.23916797551e-30
1.12666448261  6.13217839301e-30
1.16717184731  8.09324888035e-30
1.20913558756  1.01248264252e-29
1.25260806493  1.22294459926e-29
1.29764352358  1.4409733688e-29
1.34429815793  1.66684100344e-29
1.39263018277  1.90082933665e-29
1.44269990591  2.14323033476e-29
1.49456980343  2.39434646128e-29
1.54830459763  2.65449105428e-29
1.6039713378  2.9239887174e-29
1.66163948387  3.20317572486e-29
1.7213809931  3.49240044106e-29
1.78327040983  3.79202375529e-29
1.84738495855  4.102419532e-29
1.91380464021  4.42397507732e-29
1.98261233206  4.75709162234e-29
2.05389389107  1.54182790537e-27
2.12773826107  3.58807661342e-27
2.20423758369  5.7078948215e-27
2.28348731338  7.90392759975e-27
2.3655863365  1.01789151174e-26
2.4506370947  1.25356960621e-26
2.53874571274  1.49772111816e-26
2.63002213093  1.75065069536e-26
2.72458024232  2.01267393867e-26
2.82253803477  2.28411779587e-26
2.92401773821  2.56532096962e-26
3.02914597715  5.33349449043e-26
3.13805392866  1.48904101006e-25
3.25087748609  2.47909288615e-25
3.36775742859  3.50474044582e-25
3.48883959681  4.56726347321e-25
3.61427507483  5.66798776499e-25
3.74422037875  6.80828678466e-25
3.87883765192  7.98958337636e-25
4.01829486729  1.02400735245e-24
4.16276603701  1.96156731101e-24
4.31243142955  2.93283569276e-24
4.46747779462  3.9390244285e-24
4.62809859623  4.98138902202e-24
4.79449425406  6.06123011667e-24
4.96687239354  7.17989511826e-24
5.14544810495  9.98877532296e-24
5.33044421176  1.32879625925e-23
5.52209154871  1.67057667032e-23
5.72062924983  2.02464523281e-23
5.92630504679  2.39144374696e-23
6.13937557808  2.86276940353e-23
6.36010670917  3.40107303486e-23
6.58877386432  3.95873048612e-23
6.82566237018  4.53643759202e-23
7.07106781187  5.12704373399e-23
7.32529640178  5.71888026445e-23
7.58866536167  6.331995302e-23
7.86150331847  6.9671538803e-23
8.14415071437  7.57095940199e-23
8.43696023158  8.14253822006e-23
8.74029723243  8.73466721256e-23
9.05454021523  9.32798879404e-23
9.38008128661  9.84350912384e-23
9.7173266507  1.03775641375e-22
10.0666971161  1.09110725369e-22
10.4286286208  1.13770593492e-22
10.8035727762  1.18597999494e-22
11.1919974309  1.2314930894e-22
11.5943872539  1.27387680945e-22
12.0112443398  1.31757949444e-22
12.4430888353  1.35519746844e-22
12.8904595879  1.3941679347e-22
13.3539148186  1.42951392943e-22
13.8340328184  1.46451933279e-22
14.3314126696  1.49752219707e-22
14.8466749937  1.53001979185e-22
15.3804627255  1.56015509e-22
15.9334419155  1.58989984063e-22
16.5063025609  1.61693699765e-22
17.0997594668  1.6438133474e-22
17.7145531376  1.66848501741e-22
18.3514507018  1.67808427413e-22
19.0112468682  1.67715814339e-22
19.6947649184  1.67923434682e-22
20.4028577337  1.68409683437e-22
21.1364088592  1.69152694495e-22
21.8963336065  1.70130287642e-22
22.6835801957  1.71319914376e-22
23.4991309386  1.72698602485e-22
24.3440034645  1.73904052906e-22
25.2192519896  1.74588711422e-22
26.1259686331  1.75184102098e-22
27.0652847792  1.75693139623e-22
28.0383724893  1.76118635947e-22
29.0464459643  1.76463304593e-22
30.0907630598  1.76729764884e-22
31.1726268555  1.76920546095e-22
32.2933872809  1.7703809153e-22
33.4544428005  1.7708476253e-22
34.6572421578  1.77062842425e-22
35.9032861837  1.76974540434e-22
37.1941296691  1.76821995519e-22
38.5313833047  1.76607280196e-22
39.9167156909  1.76332404327e-22
41.35185542  1.75999318872e-22
42.8385932329  1.75609919637e-22
44.3787842538  1.75166051003e-22
45.9743503045  1.74669509654e-22
47.627282303  1.7412204831e-22
49.3396427475  1.73525379466e-22
51.1135682897  1.72881179144e-22
52.9512724014  1.72191090672e-22
54.8550481358  1.71456728483e-22
56.8272709893  1.70679681942e-22
58.8704018652  1.6986151921e-22
60.9869901447  1.69003791142e-22
63.1796768676  1.68108035216e-22
65.4511980279  1.67175779502e-22
67.8043879881  1.66208546664e-22
70.2421830153  1.65207857983e-22
72.767624945  1.64175237409e-22
75.3838649774  1.63112215616e-22
78.0941676085  1.62020334065e-22
80.9019147041  1.60901149033e-22
83.8106097193  1.59756235615e-22
86.8238820702  1.58587191653e-22
89.9454916625  1.57395641569e-22
93.1793335833  1.5618324006e-22
96.5294429608  1.54951675628e-22
100  1.5370267387e-22
103.595335198  1.524380005e-22
107.319934748  1.5115946402e-22
111.178446136  1.49868917977e-22
115.175683943  1.48568262742e-22
119.316635847  1.472594467e-22
123.606468853  1.45944466799e-22
128.050535734  1.44625368337e-22
132.654381717  1.43304243902e-22
137.423751394  1.41983231383e-22
142.364595899  1.40664510932e-22
147.483080324  1.39350300808e-22
152.785591422  1.38042852027e-22
158.278745568  1.36744441726e-22
163.969397019  1.35457365218e-22
169.864646463  1.34183926694e-22
175.971849887  1.32926428577e-22
182.298627744  1.31687159554e-22
188.852874473  1.30468381356e-22
195.642768341  1.29272314389e-22
202.676781654  1.28187729724e-22
209.963691323  1.27041592348e-22
217.51258982  1.25924511684e-22
225.332896521  1.24838373965e-22
233.434369463  1.23784941775e-22
241.827117512  1.22765837405e-22
250.521612986  1.21782526926e-22
259.528704717  1.20836305352e-22
268.859631586  1.19928283251e-22
278.526036554  1.19059375181e-22
288.539981181  1.18230290257e-22
298.913960685  1.17441525153e-22
309.660919525  1.16693359781e-22
320.794267559  1.1598585583e-22
332.327896774  1.15318858286e-22
344.276198619  1.14692000004e-22
356.654081967  1.14104709325e-22
369.476991711  1.13556220711e-22
382.760928042  1.13045588304e-22
396.522466412  1.1257170234e-22
410.778778215  1.12133308357e-22
425.547652214  1.11729029235e-22
440.847516738  1.11357390298e-22
456.697462677  1.11016848119e-22
473.117267301  1.10705824609e-22
490.127418939  1.1042275063e-22
507.749142548  1.10167575881e-22
526.004426187  1.09954228527e-22
544.916048465  1.09786060952e-22
564.507606954  1.09662348559e-22
584.803547643  1.09582238884e-22
605.82919543  1.09054603191e-22
627.610785733  1.09097660895e-22
650.175497219  1.0917823898e-22
673.551485719  1.09296730168e-22
697.767919361  1.09453428925e-22
722.855014966  1.09648529602e-22
748.84407575  1.09882125414e-22
775.767530383  1.10154208255e-22
803.658973457  1.10464669364e-22
832.553207402  1.10813300819e-22
862.486285909  1.11199797848e-22
893.495558925  1.11623761898e-22
925.619719247  1.12084704424e-22
958.898850812  1.14270930354e-22
993.374478709  1.15356784154e-22
1029.08962099  1.16361133952e-22
1066.08884235  1.17292295453e-22
1104.41830974  1.18157702003e-22
1144.12584997  1.18964037798e-22
1185.26100936  1.19717345669e-22
1227.87511562  1.20423114977e-22
1272.02134183  1.21086353782e-22
1317.75477286  1.21711648472e-22
1365.13247404  1.22303213322e-22
1414.21356237  1.2286493189e-22
1465.05928036  1.23400391774e-22
1517.73307233  1.23723667003e-22
1572.30066369  1.24139166355e-22
1628.83014287  1.24515692225e-22
1687.39204632  1.24855958883e-22
1748.05944649  1.25162464656e-22
1810.90804305  1.25437515451e-22
1876.01625732  1.256832451e-22
1943.46533014  1.25901633022e-22
2013.33942322  1.26094519598e-22
2085.72572415  1.2626361961e-22
2160.71455525  1.2641053399e-22
2238.39948618  1.26536760143e-22
2318.87745078  1.26643701016e-22
2402.24886796  1.26732673085e-22
2488.61776706  1.26804913409e-22
2578.09191758  1.2686158586e-22
2670.78296373  1.2690378664e-22
2766.80656368  1.26932549178e-22
2866.28253393  1.26948848479e-22
2969.33499874  1.26953604992e-22
3076.0925451  1.26947688077e-22
3186.68838309  1.26931919091e-22
3301.26051218  1.26907074173e-22
3419.95189335  1.26873886743e-22
3542.91062753  1.26833049771e-22
3670.29014035  1.26785217829e-22
3802.24937364  1.26731008976e-22
3938.95298368  1.26671006477e-22
4080.57154674  1.26605760401e-22
4227.28177184  1.26535789091e-22
4379.2667213  1.26461580556e-22
4536.71603914  1.26383593758e-22
4699.82618773  1.2630225985e-22
4868.8006929  1.26217983338e-22
5043.85039793  1.26131143197e-22
5225.19372662  1.2604209395e-22
5413.05695583  1.25951166695e-22
5607.67449785  1.25858670115e-22
5809.28919286  1.2576489145e-22
6018.15261197  1.25670097444e-22
6234.52537109  1.25574535274e-22
6458.67745619  1.25478433455e-22
6690.88856009  1.25382002727e-22
6931.44843155  1.25285436917e-22
7180.65723674  1.2518891379e-22
7438.82593382  1.25092595877e-22
7706.27666093  1.24996631286e-22
7983.34313818  1.24901154489e-22
8270.371084  1.24806287094e-22
8567.71864659  1.24712138598e-22
8875.75685075  1.24618807108e-22
9194.87006089  1.24526380056e-22
9525.4564606  1.24434934876e-22
9867.9285495  1.24344539668e-22
10222.7136579  1.24255253832e-22
10590.2544803  1.24167128685e-22
10971.0096272  1.24080208043e-22
11365.4541979  1.23994528786e-22
11774.080373  1.23910121397e-22
12197.3980289  1.23827010469e-22
12635.9353735  1.23745215199e-22
13090.2396056  1.23664749842e-22
13560.8775976  1.23585624153e-22
14048.4366031  1.23507843799e-22
14553.524989  1.23431410742e-22
15076.7729955  1.23356323611e-22
15618.8335217  1.23282578037e-22
16180.3829408  1.23210166975e-22
16762.1219439  1.23139081002e-22
17364.776414  1.23069308592e-22
17989.0983325  1.23000836372e-22
18635.8667167  1.23118114777e-22
19305.8885922  1.23072672294e-22
20000  1.23027732798e-22

