1 20 101
101
1  0
1.03041055791  7.01598940515e-39
1.06174591785  1.42453389624e-38
1.09403420358  2.1694537073e-38
1.12730439408  2.93702694542e-38
1.16158634964  3.72794251395e-38
1.1969108386  4.54291026617e-38
1.23330956497  5.38266164242e-38
1.27081519692  6.24795032653e-38
1.30946139606  7.13955292227e-38
1.34928284767  8.05826965039e-38
1.39031529185  9.00492506677e-38
1.43259555555  9.98036880252e-38
1.47616158565  1.09854763265e-37
1.52105248304  1.2021149731e-37
1.56730853766  1.30883185416e-37
1.61497126471  1.41879405511e-37
1.66408344188  1.53210026793e-37
1.71468914776  1.64885218591e-37
1.76683380139  1.76915459485e-37
1.82056420303  1.89311546716e-37
1.87592857615  2.02084605876e-37
1.93297661076  2.15246100891e-37
1.99175950792  4.24250309986e-35
2.05233002578  2.71579112976e-33
2.11474252688  5.95456113281e-33
2.17905302696  9.29182393861e-33
2.24531924523  1.27305747682e-32
2.31360065617  1.62738999291e-32
2.3839585429  1.9924979585e-32
2.45645605223  2.36870906101e-32
2.53115825126  2.75636095305e-32
2.60813218585  3.1558015554e-32
2.68744694072  3.56738936932e-32
2.76917370155  3.99149379829e-32
2.85338581877  4.42849547956e-32
2.94015887345  4.87878662577e-32
3.02957074514  1.34805308746e-30
3.12170168173  5.38638299209e-30
3.21663437151  9.54752076215e-30
3.31445401734  1.38352010533e-29
3.41524841318  1.82532720943e-29
3.51910802283  2.28056991406e-29
3.62612606115  2.74965680331e-29
3.73639857773  3.23300888658e-29
3.85002454306  3.73105997637e-29
3.96710593738  4.24425707767e-29
4.08774784223  3.26230245859e-28
4.21205853471  7.26224214094e-28
4.34014958471  1.13838222206e-27
4.472135955  1.563074185e-27
4.60813610445  2.00068126748e-27
4.74827209431  2.45159622547e-27
4.89266969782  2.91622375892e-27
5.041458513  5.89116993334e-27
5.19477207907  1.56153925545e-26
5.35274799621  2.56353342109e-26
5.51552804914  3.59599878832e-26
5.68325833429  4.6598620034e-26
5.85608939099  5.75607789239e-26
6.03417633655  8.59430614383e-26
6.21767900547  1.86844885945e-25
6.40676209294  2.91216556865e-25
6.6015953026  3.98762228527e-25
6.80235349885  5.09578424065e-25
7.00921686386  6.63490020468e-25
7.22237105921  1.22000459059e-24
7.44200739256  1.8139370367e-24
7.66832298935  2.42593129986e-24
7.9015209697  3.05653664999e-24
8.14181063074  4.49318328199e-24
8.38940763443  6.53656668985e-24
8.64453420113  8.64209052717e-24
8.90741930907  1.08116445191e-23
9.17829889981  1.44708105558e-23
9.45741609003  1.90029480203e-23
9.74502138973  2.36729103136e-23
10.041372927  2.87501197184e-23
10.34673668  3.54639141905e-23
10.661386715  4.24067301428e-23
10.9856054331  4.95826263426e-23
11.3196838233  5.74158403504e-23
11.6639217237  6.55323194332e-23
12.0186280908  7.38540716017e-23
12.3841212763  8.20342952049e-23
12.7607293136  9.04444008404e-23
13.1487902114  9.87787891353e-23
13.5486522576  1.06817375795e-22
13.9606743317  1.15075340465e-22
14.3852262269  1.22736084826e-22
14.8226889821  1.30509360524e-22
15.2734552238  1.37934925514e-22
15.7379295184  1.45196052161e-22
16.2165287354  1.52273301515e-22
16.7096824217  1.59061068852e-22
17.2178331866  1.65705415883e-22
17.7414370999  1.7207139226e-22
18.2809641002  1.78245478785e-22
18.8368984177  1.84241786333e-22
19.4097390079  1.89939821083e-22
20  1.95614e-22

