0.1 20000 301
301
0.1  0
0.10415259619  6.96348370871e-40
0.108477632931  1.42161327766e-39
0.112982270983  2.17699550733e-39
0.117673968462  2.96374571069e-39
0.122560493193  3.78316647302e-39
0.127649935564  4.6366144707e-39
0.132950721924  5.52550271741e-39
0.138471628537  6.45130290359e-39
0.144221796108  7.41554783303e-39
0.150210744918  8.41983396067e-39
0.156448390588  9.46582403577e-39
0.162945060494  1.05552498549e-38
0.169711510868  1.1689915129e-38
0.176758944602  1.28716984702e-38
0.1840990298  1.41025565013e-38
0.191743919097  1.53845270961e-38
0.199706269776  1.67197327529e-38
0.207999264725  5.06824084811e-32
0.216636634267  1.05407756562e-31
0.225632678887  1.62405627362e-31
0.235002292913  2.21770389574e-31
0.244760989175  2.83600330639e-31
0.254924924685  3.4799781948e-31
0.265510927395  4.1506947599e-31
0.276536524049  4.84926347552e-31
0.28801996921  5.57684092902e-31
0.299980275477  6.33463173612e-31
0.312437244967  7.1238905354e-31
0.325411502097  7.94592406552e-31
0.338924527734  8.80209332868e-31
0.352998694759  9.69381584404e-31
0.367657305107  1.06225679946e-30
0.382924628351  1.15898874716e-30
0.398825941877  1.25973758203e-30
0.415387572744  1.36467010918e-30
0.432636941262  1.47396006045e-30
0.450602606401  1.58778838208e-30
0.469314313065  1.70634353425e-30
0.488803041347  1.82982180316e-30
0.509101057818  2.64842677e-28
0.530241968947  8.75632292622e-28
0.552260776746  1.51178553455e-27
0.575193936719  2.17435565176e-27
0.599079418219  2.86443963042e-27
0.623956767313  3.58318001008e-27
0.649867172259  4.33176677536e-27
0.676853531693  5.11143932613e-27
0.70496052566  5.92348852954e-27
0.734234689588  6.76925885723e-27
0.764724491332  7.65015061131e-27
0.796480411421  8.56762224282e-27
0.829555026638  9.52319276634e-27
0.864003097066  1.0518444275e-26
0.899881656755  1.15550245599e-26
0.937250108145  1.26346498382e-26
0.976170320425  1.37591075947e-26
1.01670673196  8.98345154884e-26
1.05892645697  2.80345485574e-25
1.10289939667  4.78767606945e-25
1.148698355  6.85429397767e-25
1.19639915912  9.00673018241e-25
1.24608078501  1.1248548371e-24
1.29782548821  1.35834602162e-24
1.35171893999  1.60153315218e-24
1.40785036919  1.85481886225e-24
1.46631270998  2.11862250507e-24
1.5272027557  2.39338084791e-24
1.59062131914  2.67954879523e-24
1.65667339944  2.97760014182e-24
1.7254683559  3.28802835727e-24
1.7971200891  3.61134740297e-24
1.87174722945  3.94809258305e-24
1.94947333358  4.29882143064e-24
2.03042708895  5.32793898477e-24
2.11474252688  7.54790169739e-24
2.20255924448  9.86005049704e-24
2.29402263574  1.22682134996e-23
2.3892841323  1.47763777873e-23
2.48850145414  1.73886960097e-23
2.59183887071  2.0109493259e-23
2.6994674729  2.29432742312e-23
2.81156545633  2.5894730684e-23
2.92831841634  2.89687492051e-23
3.04991965532  3.24179064898e-23
3.17657050272  3.63804272234e-23
3.30848064838  4.0507495442e-23
3.44586848972  4.48059441382e-23
3.58896149333  4.92828900512e-23
3.73799657156  5.39457454496e-23
3.89322047476  5.88022304036e-23
4.05489019986  6.33948315679e-23
4.2232734158  6.72348807501e-23
4.39864890674  7.12343916683e-23
4.58130703365  7.53999861245e-23
4.77155021497  7.97385608973e-23
4.96969342739  8.42572991609e-23
5.1760647273  8.7628965777e-23
5.39100579394  9.09013546003e-23
5.61487249513  9.43096325172e-23
5.84803547643  9.7859442453e-23
6.0908807748  1.01112799868e-22
6.34381045777  1.03728240839e-22
6.60724328913  1.06452290513e-22
6.8816154222  1.0928945897e-22
7.16738112202  1.11738290773e-22
7.4650135174  1.13915957303e-22
7.77500538429  1.1618405353e-22
8.09786996163  1.18344363898e-22
8.43414180111  1.20110788841e-22
8.78437765219  1.21950566279e-22
9.14915738387  1.23656294034e-22
9.52908494479  1.25115996011e-22
9.92478936312  1.26636313517e-22
10.3369257881  1.27895506898e-22
10.7661765745  1.29131601157e-22
11.2132524127  1.30264922188e-22
11.6788935051  1.31269320362e-22
12.1638707918  1.32222155191e-22
12.6689872269  1.33024200484e-22
13.1950791077  1.33778427559e-22
13.74301746  1.34420606376e-22
14.3137094794  1.34995614001e-22
14.9081000339  1.35514437426e-22
15.5271732278  1.35934577101e-22
16.1719540317  1.36318137162e-22
16.8435099786  1.36625415375e-22
17.5429529322  1.36862250311e-22
18.2714409272  1.38073997859e-22
19.030180087  1.41034021345e-22
19.8204266202  1.44040438401e-22
20.6434889008  1.47069467957e-22
21.5007296344  1.50096348302e-22
22.3935681139  1.53095249998e-22
23.3234825702  1.56039185632e-22
24.2920126187  1.57883602232e-22
25.3007618091  1.57256635436e-22
26.35140028  1.56579344294e-22
27.445667524  1.55853360856e-22
28.5853752678  1.55080256897e-22
29.772410472  1.54261547875e-22
31.0087384549  1.53398696881e-22
32.2964061465  1.52493118578e-22
33.6375454776  1.51546183145e-22
35.0343769094  1.50559220245e-22
36.48921311  1.49533523011e-22
38.0044627833  1.48470352081e-22
39.5826346568  1.47370939673e-22
41.2263416354  1.46236493735e-22
42.9383051273  1.45068202155e-22
44.72135955  1.43867237066e-22
46.5784570227  1.42634759239e-22
48.5126722543  1.41371922577e-22
50.5272076339  1.40079878724e-22
52.6253985329  1.38759781793e-22
54.8107188272  1.37412793212e-22
57.0867866488  1.36040086694e-22
59.457370376  1.34642853336e-22
61.9263948728  1.33222306832e-22
64.4979479868  1.31779688801e-22
67.1762873173  1.30316274205e-22
69.9658472649  1.28833376852e-22
72.8712463726  1.27332354938e-22
75.8972949729  1.25814616614e-22
79.0490031521  1.24281625507e-22
82.331589045  1.22734906163e-22
85.7504874747  1.21176049327e-22
89.3113589503  1.1960671699e-22
93.0200990391  1.18028647092e-22
96.8828481275  1.16443657793e-22
100.906001587  1.14853651158e-22
105.096220365  1.1326061613e-22
109.460442007  1.11666630635e-22
114.005892151  1.10073862624e-22
118.740096485  1.08484569895e-22
123.670893207  1.06901098472e-22
128.806446006  1.05325879365e-22
134.155257575  1.0376142349e-22
139.72618369  1.02210314576e-22
145.52844787  1.00675199877e-22
151.571656651  9.91587785447e-23
157.86581549  9.76637875504e-23
164.421345329  9.61929851158e-23
171.24909985  9.47491316472e-23
178.360383446  9.33349682677e-23
185.766969933  9.19531931214e-23
193.481122048  9.06064357175e-23
201.51561175  8.93753332188e-23
209.883741365  8.81038835193e-23
218.599365612  8.68747712384e-23
227.67691454  8.56900589104e-23
237.131417418  8.45515994486e-23
246.978527622  8.34610098667e-23
257.23454855  8.24196473784e-23
267.916460612  8.14285886305e-23
279.041949347  8.04886127781e-23
290.629434703  7.96001890238e-23
302.698101535  7.87634691292e-23
315.267931366  7.79782852764e-23
328.359735471  7.72441535042e-23
341.995189335  7.65602828001e-23
356.196868537  7.59255897902e-23
370.988286128  7.53387188579e-23
386.393931562  7.47980674637e-23
402.439311242  7.43018164378e-23
419.150990746  7.38479651403e-23
436.556638818  7.34343716883e-23
454.685073167  7.30587991429e-23
473.566308191  7.27189702199e-23
493.231604661  7.24126382128e-23
513.713521483  7.21420892034e-23
535.045969603  7.19230521015e-23
557.26426815  7.17562212681e-23
580.405202916  7.16403942661e-23
604.507087258  7.11534949401e-23
629.60982553  7.117387204e-23
655.754979155  7.12376560887e-23
682.985835434  7.13452972325e-23
711.347479213  7.14971169739e-23
740.886867531  7.16933053287e-23
771.652907362  7.1933919282e-23
803.696536592  7.2218882573e-23
837.070808348  7.25479868126e-23
871.830978841  7.29208939079e-23
908.03459885  7.33371397406e-23
945.741609003  7.50321431581e-23
985.014439024  7.61220437257e-23
1025.91811109  7.71191480073e-23
1068.52034748  7.80339776661e-23
1112.89168271  7.88758534519e-23
1159.10558033  7.96530900382e-23
1207.23855449  8.0373150638e-23
1257.37029671  8.10427708064e-23
1309.58380774  8.1668058371e-23
1363.96553504  8.22545746788e-23
1420.60551588  8.28074010888e-23
1479.5975264  8.3331193713e-23
1541.03923691  8.36376455592e-23
1605.03237354  8.40265189763e-23
1671.68288673  8.43725456464e-23
1741.10112659  8.46790811238e-23
1813.40202564  8.49491918227e-23
1888.70528906  8.51856888849e-23
1967.13559293  8.53911571092e-23
2048.82279061  8.5567979753e-23
2133.90212774  8.57183598672e-23
2222.51446619  8.58443386992e-23
2314.80651723  8.59478116083e-23
2410.93108447  8.60305418611e-23
2511.04731682  8.60941726143e-23
2615.32097202  8.61402373453e-23
2723.92469106  8.617016895e-23
2837.03828399  8.61853076973e-23
2954.84902768  8.61869082011e-23
3077.55197581  8.61761455497e-23
3205.3502819  8.6154120713e-23
3338.45553557  8.6121865332e-23
3477.08811294  8.60803459819e-23
3621.47754143  8.60304679866e-23
3771.86287983  8.5973078854e-23
3928.49311406  8.59089713902e-23
4091.62756943  8.5838886544e-23
4261.53633998  8.57635160258e-23
4438.50073566  8.5683504737e-23
4622.81374809  8.55994530425e-23
4814.78053566  8.55119189127e-23
5014.71892873  8.54214199564e-23
5222.95995589  8.5328435363e-23
5439.84839201  8.52334077689e-23
5665.74332907  8.51367450587e-23
5901.01877067  8.50388221112e-23
6146.0642513  8.49399824958e-23
6401.28548122  8.48405401245e-23
6667.10501821  8.47407808625e-23
6943.96296717  8.46409640987e-23
7232.31770876  8.45413242781e-23
7532.64665837  8.44420723942e-23
7845.44705649  8.43433974416e-23
8171.23679203  8.42454678277e-23
8510.55525972  8.41484327415e-23
8863.96425316  8.40524234785e-23
9232.048895  8.39575547187e-23
9615.41860565  8.38639257583e-23
10014.7081123  8.3771621691e-23
10430.5784998  8.36807145397e-23
10863.7183051  8.35912643366e-23
11314.8446575  8.35033201508e-23
11784.7044657  8.34169210636e-23
12274.0756543  8.33320970907e-23
12783.7684522  8.32488700514e-23
13314.6267339  8.31672543862e-23
13867.5294163  8.30872579217e-23
14443.3919145  8.30088825857e-23
15043.1676568  8.29321250722e-23
15667.8496638  8.28569774582e-23
16318.4721919  8.27834277743e-23
16996.1124464  8.271146053e-23
17701.8923642  8.26410571966e-23
18436.9804721  8.27275489205e-23
19202.5938207  8.26809379932e-23
20000  8.26349433862e-23

