0.1 20 151
151
0.1  0
0.103595335198  7.74341722929e-39
0.107319934748  1.57652362638e-38
0.111178446136  2.40754665815e-38
0.115175683943  3.26844775348e-38
0.119316635847  4.16030112892e-38
0.123606468853  5.08421962268e-38
0.128050535734  6.04135608325e-38
0.132654381717  7.03290480787e-38
0.137423751394  8.0601030328e-38
0.142364595899  9.12423247706e-38
0.147483080324  1.02266209418e-37
0.152785591422  1.1368643967e-37
0.158278745568  1.2551726548e-37
0.163969397019  1.37773449135e-37
0.169864646463  1.50470283674e-37
0.175971849887  1.63623611975e-37
0.182298627744  1.77249846518e-37
0.188852874473  1.91365989867e-37
0.195642768341  2.05989655887e-37
0.202676781654  6.88048336599e-32
0.209963691323  2.56109254837e-31
0.21751258982  4.50147897797e-31
0.225332896521  6.51162880384e-31
0.233434369463  8.59405025394e-31
0.241827117512  1.07513417354e-30
0.250521612986  1.29861950768e-30
0.259528704717  1.5301398887e-30
0.268859631586  1.76998420348e-30
0.278526036554  2.01845172532e-30
0.288539981181  2.27585248743e-30
0.298913960685  2.54250766974e-30
0.309660919525  2.81874999967e-30
0.320794267559  3.10492416733e-30
0.332327896774  3.40138725556e-30
0.344276198619  3.70850918556e-30
0.356654081967  4.0266731784e-30
0.369476991711  4.35627623326e-30
0.382760928042  4.69772962278e-30
0.396522466412  5.05145940618e-30
0.410778778215  5.417906961e-30
0.425547652214  5.79752953374e-30
0.440847516738  6.19080081045e-30
0.456697462677  6.5982115078e-30
0.473117267301  7.02026998535e-30
0.490127418939  7.45750287991e-30
0.507749142548  5.16118389423e-28
0.526004426187  1.71381427802e-27
0.544916048465  2.95457134847e-27
0.564507606954  4.23993779459e-27
0.584803547643  5.57151747297e-27
0.60582919543  6.95097190422e-27
0.627610785733  8.38002234617e-27
0.650175497219  9.86045194167e-27
0.673551485719  1.13941079435e-26
0.697767919361  1.29829040194e-26
0.722855014966  1.46288226398e-26
0.74884407575  1.63339175517e-26
0.775767530383  1.81003163411e-26
0.803658973457  1.99302230879e-26
0.832553207402  2.18259211161e-26
0.862486285909  2.37897758428e-26
0.893495558925  2.58242377296e-26
0.925619719247  2.79318453408e-26
0.958898850812  3.01152285103e-26
0.993374478709  3.34247629063e-26
1.02908962099  2.26936126269e-25
1.06608884235  4.7384374057e-25
1.10441830974  7.29628511235e-25
1.14412584997  9.9460960179e-25
1.18526100936  1.26911765076e-24
1.22787511562  1.55349518424e-24
1.27202134183  1.84809704327e-24
1.31775477286  2.15329082664e-24
1.36513247404  2.46945734952e-24
1.41421356237  2.79699111868e-24
1.46505928036  3.13630082474e-24
1.51773307233  3.48780985208e-24
1.57230066369  3.8519568072e-24
1.62883014287  4.22919606598e-24
1.68739204632  4.61999834061e-24
1.74805944649  5.02485126697e-24
1.81090804305  5.4442600131e-24
1.87601625732  5.87874790949e-24
1.94346533014  6.32885710216e-24
2.01333942322  7.11531064283e-24
2.08572572415  9.28556394683e-24
2.16071455525  1.15419305565e-23
2.23839948618  1.38794211091e-23
2.31887745078  1.63009522822e-23
2.40224886796  1.8809545618e-23
2.48861776706  2.14083312929e-23
2.57809191758  2.41005520239e-23
2.67078296373  2.68895671145e-23
2.76680656368  2.97788566463e-23
2.86628253393  3.27720258216e-23
2.96933499874  3.58728094618e-23
3.0760925451  3.91426963016e-23
3.18668838309  4.2554201878e-23
3.30126051218  4.60883625151e-23
3.41995189335  4.97495880735e-23
3.54291062753  5.35424469631e-23
3.67029014035  5.74716718434e-23
3.80224937364  6.15421655288e-23
3.93895298368  6.57590071065e-23
4.08057154674  6.93748394555e-23
4.22728177184  7.25299308724e-23
4.3792667213  7.57984584015e-23
4.53671603914  7.91845004513e-23
4.69982618773  8.26922820628e-23
4.8688006929  8.63261801812e-23
5.04385039793  8.97579556724e-23
5.22519372662  9.22824642327e-23
5.41305695583  9.48975767423e-23
5.60767449785  9.76067113125e-23
5.80928919286  1.00413248351e-22
6.01815261197  1.03211252988e-22
6.23452537109  1.05273945641e-22
6.45867745619  1.07382320153e-22
6.69088856009  1.09566497796e-22
6.93144843155  1.11829203947e-22
7.18065723674  1.13660195416e-22
7.43882593382  1.15355331081e-22
7.70627666093  1.17111412556e-22
7.98334313818  1.1891037259e-22
8.270371084  1.20305607044e-22
8.56771864659  1.21697490985e-22
8.87575685075  1.23139417818e-22
9.19487006089  1.24376737755e-22
9.5254564606  1.2548916099e-22
9.8679285495  1.26641579569e-22
10.2227136579  1.27638775299e-22
10.5902544803  1.2855101162e-22
10.9710096272  1.2948793725e-22
11.3654541979  1.30238242999e-22
11.774080373  1.30987663404e-22
12.1973980289  1.31660986214e-22
12.6359353735  1.3223634721e-22
13.0902396056  1.32796438125e-22
13.5608775976  1.33230568267e-22
14.0484366031  1.33662857002e-22
14.553524989  1.33992023618e-22
15.0767729955  1.34312761312e-22
15.6188335217  1.34554762084e-22
16.1803829408  1.3477613067e-22
16.7621219439  1.34944253242e-22
17.364776414  1.35071729003e-22
17.9890983325  1.35168475674e-22
18.6358667167  1.35208972669e-22
19.3058885922  1.35218599788e-22
20  1.35195e-22

