1 20 101
101
1  0
1.03041055791  4.50197899318e-35
1.06174591785  9.14086567925e-35
1.09403420358  1.39208234975e-34
1.12730439408  1.88461424999e-34
1.16158634964  2.39212432009e-34
1.1969108386  2.91506805458e-34
1.23330956497  3.45391479979e-34
1.27081519692  4.00914817514e-34
1.30946139606  4.58126650722e-34
1.34928284767  5.17078327696e-34
1.39031529185  5.77822758057e-34
1.43259555555  6.40414460435e-34
1.47616158565  7.04909611403e-34
1.52105248304  7.71366095895e-34
1.56730853766  8.39843559156e-34
1.61497126471  9.1040346028e-34
1.66408344188  9.83109127364e-34
1.71468914776  1.05802581435e-33
1.76683380139  1.13522075958e-33
1.82056420303  1.21476324616e-33
1.87592857615  1.29672466414e-33
1.93297661076  1.38117857456e-33
1.99175950792  1.74788579784e-32
2.05233002578  1.03192766229e-30
2.11474252688  2.26091216853e-30
2.17905302696  3.52727077926e-30
2.24531924523  4.83214006186e-30
2.31360065617  6.17669114735e-30
2.3839585429  7.56213078148e-30
2.45645605223  8.98970240785e-30
2.53115825126  1.04606872838e-29
2.60813218585  1.19764056306e-29
2.68744694072  1.35382178179e-29
2.76917370155  1.51475255851e-29
2.85338581877  1.68057732994e-29
2.94015887345  1.85144492519e-29
3.02957074514  1.39770937702e-28
3.12170168173  5.13887695261e-28
3.21663437151  8.99381552142e-28
3.31445401734  1.29659849228e-27
3.41524841318  1.70589502118e-27
3.51910802283  2.12763848588e-27
3.62612606115  2.56220740463e-27
3.73639857773  3.00999180665e-27
3.85002454306  3.47139358217e-27
3.96710593738  3.94682684309e-27
4.08774784223  1.48406195502e-26
4.21205853471  3.00844171131e-26
4.34014958471  4.57917870644e-26
4.472135955  6.19768268994e-26
4.60813610445  7.86540628255e-26
4.74827209431  9.58384628005e-26
4.89266969782  1.13545449966e-25
5.041458513  1.77546869699e-25
5.19477207907  3.65552689437e-25
5.35274799621  5.59275871042e-25
5.51552804914  7.58890282681e-25
5.68325833429  9.64575079945e-25
5.85608939099  1.17651486665e-24
6.03417633655  1.55293332198e-24
6.21767900547  2.6035408666e-24
6.40676209294  3.68981015738e-24
6.6015953026  4.80911350333e-24
6.80235349885  5.96245548851e-24
7.00921686386  7.3103921886e-24
7.22237105921  1.02972132333e-23
7.44200739256  1.34571604761e-23
7.66832298935  1.67132034776e-23
7.9015209697  2.00682645634e-23
8.14181063074  2.45389210276e-23
8.38940763443  2.98707987036e-23
8.64453420113  3.53648217543e-23
8.90741930907  4.10259211113e-23
9.17829889981  4.71693999138e-23
9.45741609003  5.36656850458e-23
9.74502138973  6.03595258331e-23
10.041372927  6.71805078762e-23
10.34673668  7.37818514183e-23
10.661386715  8.05767850006e-23
10.9856054331  8.75392727065e-23
11.3196838233  9.39314868101e-23
11.6639217237  1.00437855076e-22
12.0186280908  1.0705331491e-22
12.3841212763  1.13026977164e-22
12.7607293136  1.19141961865e-22
13.1487902114  1.25096969421e-22
13.5486522576  1.30659850207e-22
13.9606743317  1.36371123151e-22
14.3852262269  1.41553239746e-22
14.8226889821  1.46793168628e-22
15.2734552238  1.51754371402e-22
15.7379295184  1.56573756683e-22
16.2165287354  1.61252368527e-22
16.7096824217  1.65714916234e-22
17.2178331866  1.70070724169e-22
17.7414370999  1.74226044825e-22
18.2809641002  1.7824531063e-22
18.8368984177  1.8213796272e-22
19.4097390079  1.85823250022e-22
20  1.89487e-22

