1 20 101
101
1  0
1.03041055791  7.16268993651e-38
1.06174591785  1.45432012701e-37
1.09403420358  2.21481580711e-37
1.12730439408  2.99843858512e-37
1.16158634964  3.80589176901e-37
1.1969108386  4.63790005471e-37
1.23330956497  5.49521017656e-37
1.27081519692  6.37859157752e-37
1.30946139606  7.28883709973e-37
1.34928284767  8.22676369611e-37
1.39031529185  9.19321316356e-37
1.43259555555  1.01890528985e-36
1.47616158565  1.12151766754e-36
1.52105248304  1.22725054488e-36
1.56730853766  1.33619881801e-36
1.61497126471  1.44846026892e-36
1.66408344188  1.56413565317e-36
1.71468914776  1.6833287904e-36
1.76683380139  1.80614665743e-36
1.82056420303  1.93269948431e-36
1.87592857615  2.06310085327e-36
1.93297661076  2.19746780061e-36
1.99175950792  2.20491070247e-34
2.05233002578  1.40419070218e-32
2.11474252688  3.07864723529e-32
2.17905302696  4.80402492578e-32
2.24531924523  6.58187231443e-32
2.31360065617  8.41378503406e-32
2.3839585429  1.03014072415e-31
2.45645605223  1.22464330935e-31
2.53115825126  1.42506082667e-31
2.60813218585  1.63157315251e-31
2.68744694072  1.8443656334e-31
2.76917370155  2.06362925234e-31
2.85338581877  2.28956080027e-31
2.94015887345  2.52236305263e-31
3.02957074514  4.92041116193e-30
3.12170168173  1.94146075583e-29
3.21663437151  3.43495805535e-29
3.31445401734  4.97387344098e-29
3.41524841318  6.55958810208e-29
3.51910802283  8.1935252307e-29
3.62612606115  9.877151299e-29
3.73639857773  1.16119773754e-28
3.85002454306  1.33995604806e-28
3.96710593738  1.52415049853e-28
4.08774784223  9.57288822713e-28
4.21205853471  2.09020687403e-27
4.34014958471  3.25757759536e-27
4.472135955  4.46044871162e-27
4.60813610445  5.69989980962e-27
4.74827209431  6.97704330701e-27
4.89266969782  8.29302545068e-27
5.041458513  1.54964275597e-26
5.19477207907  3.85173501032e-26
5.35274799621  6.22383517448e-26
5.51552804914  8.66807222805e-26
5.68325833429  1.11866398941e-25
5.85608939099  1.3781798608e-25
6.03417633655  1.98584508547e-25
6.21767900547  4.03892060135e-25
6.40676209294  6.16242388767e-25
6.6015953026  8.35050409365e-25
6.80235349885  1.06051250395e-24
7.00921686386  1.35965064474e-24
7.22237105921  2.33720594724e-24
7.44200739256  3.3789608436e-24
7.66832298935  4.45239608757e-24
7.9015209697  5.55847509618e-24
8.14181063074  7.76283956724e-24
8.38940763443  1.07960588485e-23
8.64453420113  1.39215200204e-23
8.90741930907  1.71420282103e-23
9.17829889981  2.18957211559e-23
9.45741609003  2.75618838525e-23
9.74502138973  3.34003577179e-23
10.041372927  3.95927988703e-23
10.34673668  4.69594174839e-23
10.661386715  5.45665886666e-23
10.9856054331  6.2401631092e-23
11.3196838233  7.04055702912e-23
11.6639217237  7.86457960145e-23
12.0186280908  8.70661862735e-23
12.3841212763  9.50738779712e-23
12.7607293136  1.03293084759e-22
13.1487902114  1.11383377695e-22
13.5486522576  1.19091918221e-22
13.9606743317  1.27009041373e-22
14.3852262269  1.34292922126e-22
14.8226889821  1.41674231196e-22
15.2734552238  1.48701652193e-22
15.7379295184  1.55556363833e-22
16.2165287354  1.6222869671e-22
16.7096824217  1.68616516408e-22
17.2178331866  1.74864219325e-22
17.7414370999  1.80842728806e-22
18.2809641002  1.86636108981e-22
18.8368984177  1.92257716799e-22
19.4097390079  1.97596699766e-22
20  2.02912e-22

