0.2 20 151
151
0.2  0
0.206235454919  9.87080827556e-43
0.212665314327  2.00493614512e-42
0.219295639229  3.05452541741e-42
0.22613267959  4.13683802266e-42
0.233182880236  5.25289418519e-42
0.240452886923  6.40374593717e-42
0.247949552606  7.59047811023e-42
0.255679943893  8.81420935812e-42
0.263651347711  1.00760932112e-41
0.271871278176  1.13773191636e-41
0.280347483669  1.27191137948e-41
0.289087954149  1.41027419258e-41
0.298100928677  1.55295078108e-41
0.307394903187  1.70007563677e-41
0.316978638492  1.85178744448e-41
0.326861168545  2.00822921288e-41
0.33705180895  2.16954840926e-41
0.34756016575  2.33589709851e-41
0.358396144475  2.50743208653e-41
0.369569959484  2.68431506797e-41
0.381092143593  2.86671277869e-41
0.392973557999  3.05479715293e-41
0.405225402524  3.24874548535e-41
0.417859226171  3.44874059818e-41
0.430886938006  3.65497101357e-41
0.444320818391  3.86763113124e-41
0.458173530554  4.0869214118e-41
0.472458132527  4.31304856565e-41
0.487188089458  4.54622574787e-41
0.502377286302  3.23142389424e-35
0.518040040906  2.29996856901e-34
0.534191117512  4.35910807269e-34
0.550845740668  6.4824459341e-34
0.568019609583  8.67198368308e-34
0.585728912925  1.09297852517e-33
0.60399034408  1.32579789198e-33
0.622821116889  1.56587593212e-33
0.642238981873  1.81343895123e-33
0.662262242965  2.06872031058e-33
0.682909774767  2.33196064696e-33
0.704201040337  2.6034080996e-33
0.72615610954  2.883318544e-33
0.748795677965  3.1719558332e-33
0.772141086431  3.46959204641e-33
0.796214341107  3.77650774557e-33
0.821038134255  4.09299223976e-33
0.846635865618  4.41934385793e-33
0.87303166448  4.75587023012e-33
0.900250412412  5.10288857742e-33
0.928317766723  5.46072601102e-33
0.957260184645  5.82971984055e-33
0.987104948279  6.21021789202e-33
1.0178801903  3.40197466551e-29
1.0496149205  9.438852161e-29
1.08233905309  1.56639430439e-28
1.11608343495  2.20831152945e-28
1.15087987467  2.87024198411e-28
1.18676117255  3.55280962632e-28
1.2237611515  4.25665786733e-28
1.26191468896  4.98245017823e-28
1.30125774973  5.7308707153e-28
1.34182741991  6.50262496496e-28
1.38366194184  7.29844040879e-28
1.42680075014  8.11906720924e-28
1.47128450892  8.96527891677e-28
1.51715515006  9.83787319908e-28
1.56445591277  1.07376725929e-27
1.61323138435  1.16655252796e-27
1.66352754221  1.26223058842e-27
1.71539179718  1.36089163005e-27
1.76887303828  1.46262865406e-27
1.82402167871  1.56753756121e-27
1.88088970345  1.67571724216e-27
1.93953071822  1.78726967073e-27
2  3.1693045206e-27
2.06235454919  2.20942431838e-26
2.12665314327  4.29157161249e-26
2.19295639229  6.43863458452e-26
2.2613267959  8.6526371284e-26
2.33182880236  1.09356662375e-25
2.40452886923  1.32898739721e-25
2.47949552606  1.57174794877e-25
2.55679943893  1.8220771127e-25
2.63651347711  2.08021085772e-25
2.71871278176  2.34639250939e-25
2.80347483669  2.6208729795e-25
2.89087954149  2.9039110026e-25
2.98100928677  3.20513756353e-25
3.07394903187  6.74509309645e-25
3.16978638492  1.12652838957e-24
3.26861168545  1.59264019248e-24
3.3705180895  2.07328409105e-24
3.4756016575  2.56891315643e-24
3.58396144475  3.07999458528e-24
3.69569959484  3.60701014018e-24
3.81092143593  4.15045660374e-24
3.92973557999  4.71084624693e-24
4.05225402524  5.95568432635e-24
4.17859226171  8.16415881963e-24
4.30886938006  1.04414875286e-23
4.44320818391  1.27898171401e-23
4.58173530554  1.52113612687e-23
4.72458132527  1.77084025436e-23
4.87188089458  2.02832947599e-23
5.02377286302  2.31535675159e-23
5.18040040906  2.72074115423e-23
5.34191117512  3.14014100576e-23
5.50845740668  3.57261660164e-23
5.68019609583  4.01857560792e-23
5.85728912925  4.4784384006e-23
6.0399034408  4.94623291047e-23
6.22821116889  5.4052687494e-23
6.42238981873  5.87856561587e-23
6.62262242965  6.36661858871e-23
6.82909774767  6.8698877231e-23
7.04201040337  7.36943017001e-23
7.2615610954  7.80538721328e-23
7.48795677965  8.25455625082e-23
7.72141086431  8.71772915479e-23
7.96214341107  9.19434751111e-23
8.21038134255  9.60267369708e-23
8.46635865618  1.00069002719e-22
8.7303166448  1.04237295296e-22
9.00250412412  1.08473205466e-22
9.28317766723  1.12038269439e-22
9.57260184645  1.15658676497e-22
9.87104948279  1.1939195798e-22
10.178801903  1.22801243918e-22
10.496149205  1.25989314913e-22
10.8233905309  1.29276781274e-22
11.1608343495  1.32356814084e-22
11.5087987467  1.35181937025e-22
11.8676117255  1.38095139599e-22
12.237611515  1.40747027625e-22
12.6191468896  1.43279277906e-22
13.0125774973  1.45854254739e-22
13.4182741991  1.48113782208e-22
13.8366194184  1.50420956092e-22
14.2680075014  1.52562874732e-22
14.7128450892  1.54622472763e-22
15.1715515006  1.56624138779e-22
15.6445591277  1.58477382662e-22
16.1323138435  1.6031338369e-22
16.6352754221  1.61998807939e-22
17.1539179718  1.63665053349e-22
17.6887303828  1.65207987154e-22
18.2402167871  1.66703659366e-22
18.8088970345  1.68118535822e-22
19.3953071822  1.69441933906e-22
20  1.70739e-22

