0.5 20 151
151
0.5  0
0.512448710082  5.38055657436e-42
0.52520736093  1.08950751265e-41
0.538283669269  1.6546890964e-41
0.55168554395  2.23394224351e-41
0.565421090737  2.82761729961e-41
0.579498617203  3.43607333301e-41
0.59392663776  4.05967835194e-41
0.608713878807  4.69880952704e-41
0.623869284008  5.35385341954e-41
0.6394020197  6.02520621506e-41
0.655321480438  6.71327396322e-41
0.67163729468  7.41847282319e-41
0.688359330604  8.14122931549e-41
0.705497702082  8.88198057985e-41
0.723062774796  9.64117463968e-41
0.741065172505  1.0419270673e-40
0.759515783475  1.12167392902e-40
0.778425767058  1.20340628186e-40
0.797806560447  1.28717355943e-40
0.817669885593  1.37302642611e-40
0.83802775629  1.46101680768e-40
0.858892485448  1.55119792275e-40
0.880276692535  1.64362431494e-40
0.90219331121  1.73835188584e-40
0.924655597149  1.83543792888e-40
0.947677136058  1.93494116393e-40
0.971271851895  2.03692177282e-40
0.995454015286  1.19306131466e-35
1.02023825216  2.06241977453e-33
1.04563955259  4.65099009216e-33
1.07167327987  7.30400913263e-33
1.0983551798  1.00230815028e-32
1.1257013902  1.28098517603e-32
1.15372845069  1.56660054078e-32
1.18245331269  1.85932699127e-32
1.21189334964  2.15934157519e-32
1.24206636756  2.46682574826e-32
1.27299061578  2.78196548399e-32
1.30468479801  3.10495138612e-32
1.33716808361  3.43597880397e-32
1.37046011922  3.77524795052e-32
1.40458104063  4.12296402357e-32
1.43955148495  4.47933732978e-32
1.47539260312  4.84458341194e-32
1.51212607267  5.21892317926e-32
1.54977411084  5.60258304106e-32
1.58835948804  5.99579504363e-32
1.62790554158  6.39879701065e-32
1.66843618984  6.81183268697e-32
1.70997594668  7.23515188607e-32
1.75254993629  7.66901064112e-32
1.79618390842  8.1136713599e-32
1.84090425388  8.56940298342e-32
1.88673802057  9.03648114865e-32
1.93371292981  9.51518835522e-32
1.9818573931  1.00058141362e-31
2.03120052932  1.2220445094e-29
2.08177218234  3.18628844023e-29
2.13360293905  5.1994369775e-29
2.18672414789  7.26270771977e-29
2.24116793778  9.37734858061e-29
2.29696723759  1.15446385435e-28
2.35415579601  1.37658884351e-28
2.41276820199  1.60424417187e-28
2.47283990568  1.83756753058e-28
2.53440723981  2.07670003899e-28
2.59750744173  2.32178632994e-28
2.66217867588  2.57297463725e-28
2.72846005693  2.83041688539e-28
2.79639167337  3.09426878135e-28
2.86601461181  3.36468990882e-28
2.9373709818  3.64184382473e-28
3.01050394131  8.33016080485e-28
3.08545772284  3.71159251856e-27
3.16227766017  6.69878878723e-27
3.24101021575  9.76035853652e-27
3.32170300885  1.28981534742e-26
3.40440484432  1.61140714109e-26
3.48916574214  1.94100574076e-26
3.57603696765  2.27881049526e-26
3.66507106256  2.62502571666e-26
3.75632187674  2.97986080389e-26
3.84984460077  3.34353036939e-26
3.94569579937  3.71625436885e-26
4.04393344553  7.01582611491e-26
4.14461695564  1.40936130849e-25
4.2478072254  2.1347618691e-25
4.35356666667  2.87822303225e-25
4.46195924519  3.64019446035e-25
4.57305051927  4.42113701125e-25
4.68690767949  5.22152301697e-25
4.80359958925  6.04183656937e-25
4.92319682653  6.88257381295e-25
5.04577172647  9.50803301487e-25
5.1713984252  1.52321155536e-24
5.30015290463  2.10987129804e-24
5.43211303844  2.71113735483e-24
5.56735863914  3.32737338526e-24
5.70597150638  3.95895210306e-24
5.84803547643  4.60625550157e-24
5.99363647282  5.32920981376e-24
6.1428625584  7.25674851128e-24
6.29580398853  9.35296834089e-24
6.4525532657  1.15013786363e-23
6.6132051955  1.37032788056e-23
6.77785694388  1.59600006086e-23
6.94660809603  1.82729089624e-23
7.11956071652  2.16604663278e-23
7.29681941106  2.55978605321e-23
7.47849138981  2.96332856943e-23
7.66468653214  3.37691825324e-23
7.85551745316  3.80080525317e-23
8.0510995718  4.2456579946e-23
8.25155118063  4.73175915955e-23
8.45699351738  5.22996298945e-23
8.66755083831  5.74057080943e-23
8.88335049333  6.26389144684e-23
9.10452300303  6.7783051754e-23
9.33120213764  7.28043572721e-23
9.5635249979  7.79506803435e-23
9.80163209803  8.32251335827e-23
10.0456674507  8.84839499154e-23
10.295778654  9.324403393e-23
10.5521169811  9.81187429944e-23
10.8148374712  1.03114819739e-22
11.0840990237  1.07987639509e-22
11.3600644943  1.12422956552e-22
11.6429007931  1.16968701546e-22
11.9327789861  1.21627120903e-22
12.2298743982  1.25830383951e-22
12.5343667197  1.29966303153e-22
12.8464401144  1.34205196074e-22
13.1662833315  1.38209078229e-22
13.4940898196  1.4199032607e-22
13.8300578436  1.45865717226e-22
14.1743906047  1.49546537706e-22
14.5272963631  1.53028305919e-22
14.8889885645  1.56596761178e-22
15.2596859686  1.59897772618e-22
15.6396127818  1.63124870969e-22
16.0289987924  1.66385065209e-22
16.4280795102  1.69337949433e-22
16.8370963082  1.72349540118e-22
17.2562965694  1.75196986941e-22
17.6859338356  1.77959554563e-22
18.1262679613  1.80691782641e-22
18.5775652707  1.83239355953e-22
19.0400987189  1.85815639469e-22
19.5141480567  1.88191655395e-22
20  1.90618e-22

