0.2 20000 301
301
0.2  0
0.207824460767  2.78796297589e-43
0.215955032466  5.6849974864e-43
0.22440369086  8.69537066125e-43
0.233182880236  1.18235165701e-42
0.242305531726  1.50740427536e-42
0.251785082359  1.84517370102e-42
0.261635494852  2.19615744477e-42
0.271871278176  2.56087248118e-42
0.282507508925  2.93985601006e-42
0.293559853524  3.3336662477e-42
0.305044591308  3.74288324912e-42
0.316978638492  4.1681097624e-42
0.329379573097  4.60997211653e-42
0.342265660832  5.06912114394e-42
0.355655882008  5.54623313909e-42
0.369569959484  6.04201085469e-42
0.384028387728  6.55718453671e-42
0.399052462994  7.09251300005e-42
0.414664314697  7.64878474618e-42
0.430886938006  8.22681912458e-42
0.447744227714  8.82746753956e-42
0.465261013431  9.45161470432e-42
0.483463096161  1.01001799441e-41
0.502377286302  1.21015456549e-35
0.522031443137  1.12150692432e-34
0.542454515866  2.16113992327e-34
0.563676586253  3.24144576029e-34
0.585728912925  4.3640156505e-34
0.608643977422  5.53050306103e-34
0.632455532034  6.74262614645e-34
0.65719864952  8.00217027951e-34
0.682909774767  9.31099068083e-34
0.709626778467  1.06710151516e-33
0.737389012904  1.20842469129e-33
0.766237369911  1.35527675565e-33
0.796214341107  1.5078740111e-33
0.827364080478  1.66644122274e-33
0.859732469416  1.83121194901e-33
0.893367184302  2.00242888569e-33
0.928317766723  2.1803442234e-33
0.964635696448  2.365220019e-33
1.00237446725  2.69026324736e-30
1.04158966572  4.70789128777e-29
1.08233905309  9.32041487457e-29
1.12468265038  1.41133910106e-28
1.16868282675  1.90938794153e-28
1.21440439138  2.42692160006e-28
1.26191468896  2.96470236762e-28
1.31128369884  3.52352235777e-28
1.36258413812  4.10420467336e-28
1.41589156877  4.70760461893e-28
1.47128450892  5.33461096051e-28
1.52884454851  5.9861472347e-28
1.58865646945  6.66317310895e-28
1.65080837054  7.36668579517e-28
1.71539179718  8.09772151845e-28
1.78250187627  8.85735704341e-28
1.85223745626  9.64671126018e-28
1.9247012528  1.04669468325e-27
2  1.131927191e-27
2.07824460767  1.91159999748e-26
2.15955032466  3.78036511183e-26
2.2440369086  5.72224062278e-26
2.33182880236  7.74008677748e-26
2.42305531726  9.83687572253e-26
2.51785082359  1.20156958818e-25
2.61635494852  1.42797565053e-25
2.71871278176  1.66323923964e-25
2.82507508925  1.90770688237e-25
2.93559853524  2.16173866249e-25
3.05044591308  4.21591126783e-25
3.16978638492  8.7253109834e-25
3.29379573097  1.34111288048e-24
3.42265660832  1.82802666146e-24
3.55655882008  2.33398963133e-24
3.69569959484  2.85974703824e-24
3.84028387728  3.40607328616e-24
3.99052462994  3.97377307555e-24
4.14664314697  6.29897180277e-24
4.30886938006  8.83165027415e-24
4.47744227714  1.14634129622e-23
4.65261013431  1.41981362698e-23
4.83463096161  1.70398482535e-23
5.02377286302  2.02219378999e-23
5.22031443137  2.51852809974e-23
5.42454515866  3.03428015117e-23
5.63676586253  3.57020961106e-23
5.85728912925  4.12710586611e-23
6.08643977422  4.70193705365e-23
6.32455532034  5.29264833426e-23
6.5719864952  5.90646960107e-23
6.82909774767  6.54430496998e-23
7.09626778467  7.16610795169e-23
7.37389012904  7.7366291228e-23
7.66237369911  8.32947039652e-23
7.96214341107  8.94550498667e-23
8.27364080478  9.47081088342e-23
8.59732469416  1.00001604942e-22
8.93367184302  1.05502194813e-22
9.28317766723  1.10259380889e-22
9.64635696448  1.14969363962e-22
10.0237446725  1.19802804612e-22
10.4158966572  1.23884263998e-22
10.8233905309  1.28125399478e-22
11.2468265038  1.32037584434e-22
11.6868282675  1.35734877938e-22
12.1440439138  1.393546214e-22
12.6191468896  1.42613991249e-22
13.1128369884  1.45868229826e-22
13.6258413812  1.48784554992e-22
14.1589156877  1.5166726029e-22
14.7128450892  1.54301354569e-22
15.2884454851  1.56822877733e-22
15.8865646945  1.59219992567e-22
16.5080837054  1.61436128835e-22
17.1539179718  1.63609323428e-22
17.8250187627  1.65648687597e-22
18.5223745626  1.65745654399e-22
19.247012528  1.65379515493e-22
20  1.65238289155e-22
20.7824460767  1.65295494351e-22
21.5955032466  1.65524123843e-22
22.440369086  1.65896567385e-22
23.3182880236  1.66384532842e-22
24.2305531726  1.66930156383e-22
25.1785082359  1.67358556963e-22
26.1635494852  1.6769907982e-22
27.1871278176  1.67954785404e-22
28.2507508925  1.6812861782e-22
29.3559853524  1.68223410282e-22
30.5044591308  1.68241890469e-22
31.6978638492  1.68186685768e-22
32.9379573097  1.68060328454e-22
34.2265660832  1.67865260772e-22
35.5655882008  1.67603839973e-22
36.9569959484  1.67278343283e-22
38.4028387728  1.66890972837e-22
39.9052462994  1.66443860579e-22
41.4664314697  1.65939073145e-22
43.0886938006  1.65378616727e-22
44.7744227714  1.64764441951e-22
46.5261013431  1.64098448755e-22
48.3463096161  1.63382491301e-22
50.2377286302  1.62618382904e-22
52.2031443137  1.61807901016e-22
54.2454515866  1.60952792252e-22
56.3676586253  1.60054777466e-22
58.5728912925  1.591155569e-22
60.8643977422  1.58136815389e-22
63.2455532034  1.57120227633e-22
65.719864952  1.56067463533e-22
68.2909774767  1.5498019359e-22
70.9626778467  1.53860094348e-22
73.7389012904  1.52708853881e-22
76.6237369911  1.51528177297e-22
79.6214341107  1.50319792229e-22
82.7364080478  1.49085454301e-22
85.9732469416  1.47826952504e-22
89.3367184302  1.46546114453e-22
92.8317766723  1.45244811454e-22
96.4635696448  1.43924963323e-22
100.237446725  1.42588542862e-22
104.158966572  1.41237579914e-22
108.233905309  1.3987416488e-22
112.468265038  1.3850045159e-22
116.868282675  1.37118659388e-22
121.440439138  1.35731074304e-22
126.191468896  1.34340049153e-22
131.128369884  1.32948002404e-22
136.258413812  1.31557415675e-22
141.589156877  1.30170829681e-22
147.128450892  1.28790838488e-22
152.884454851  1.2742008195e-22
158.865646945  1.26061236199e-22
165.080837054  1.2471700211e-22
171.539179718  1.2339009171e-22
178.250187627  1.22083212516e-22
185.223745626  1.20799049889e-22
192.47012528  1.19540247509e-22
200  1.18391778176e-22
207.824460767  1.17189340078e-22
215.955032466  1.16019828996e-22
224.40369086  1.1488548819e-22
233.182880236  1.13788403703e-22
242.305531726  1.12730480702e-22
251.785082359  1.117134209e-22
261.635494852  1.10738701689e-22
271.871278176  1.09807557581e-22
282.507508925  1.08920964566e-22
293.559853524  1.08079627884e-22
305.044591308  1.07283973701e-22
316.978638492  1.06534145029e-22
329.379573097  1.05830002155e-22
342.265660832  1.05171127722e-22
355.655882008  1.04556836486e-22
369.569959484  1.03986189715e-22
384.028387728  1.03458014082e-22
399.052462994  1.02970924935e-22
414.664314697  1.02523353831e-22
430.886938006  1.02113580436e-22
447.744227714  1.01739769253e-22
465.261013431  1.01400012558e-22
483.463096161  1.01092383274e-22
502.377286302  1.00815063253e-22
522.031443137  1.00579261638e-22
542.454515866  1.00393939473e-22
563.676586253  1.00258229006e-22
585.728912925  1.0017109596e-22
608.643977422  9.96764207584e-23
632.455532034  9.97218859162e-23
657.19864952  9.98091976425e-23
682.909774767  9.99387871058e-23
709.626778467  1.00110957823e-22
737.389012904  1.00325883424e-22
766.237369911  1.00583606676e-22
796.214341107  1.00884039798e-22
827.364080478  1.01226966049e-22
859.732469416  1.01612042559e-22
893.367184302  1.02038804348e-22
928.317766723  1.02506669445e-22
964.635696448  1.04695733614e-22
1002.37446725  1.05781554361e-22
1041.58966572  1.06779728849e-22
1082.33905309  1.0769990128e-22
1124.68265038  1.08550632528e-22
1168.68282675  1.09339572829e-22
1214.40439138  1.10073599583e-22
1261.91468896  1.10758928258e-22
1311.28369884  1.11401202336e-22
1362.58413812  1.12005566783e-22
1415.89156877  1.12576728426e-22
1471.28450892  1.13119005866e-22
1528.84454851  1.13445274894e-22
1588.65646945  1.13856993512e-22
1650.80837054  1.14226480347e-22
1715.39179718  1.14556909838e-22
1782.50187627  1.14851186711e-22
1852.23745626  1.15111977279e-22
1924.7012528  1.1534173625e-22
2000  1.15542729754e-22
2078.24460767  1.15717055215e-22
2159.55032466  1.15866658533e-22
2244.0369086  1.15993348989e-22
2331.82880236  1.16098812202e-22
2423.05531726  1.1618462143e-22
2517.85082359  1.16252247423e-22
2616.35494852  1.1630306706e-22
2718.71278176  1.16338370905e-22
2825.07508925  1.1635936986e-22
2935.59853524  1.16367201013e-22
3050.44591308  1.16362932809e-22
3169.78638492  1.16347569624e-22
3293.79573097  1.16322055833e-22
3422.65660832  1.16287279438e-22
3556.55882008  1.1624407532e-22
3695.69959484  1.1619322817e-22
3840.28387728  1.1613547514e-22
3990.52462994  1.16071508273e-22
4146.64314697  1.16001976715e-22
4308.86938006  1.15927488781e-22
4477.44227714  1.15848613861e-22
4652.61013431  1.15765884218e-22
4834.63096161  1.15679796684e-22
5023.77286302  1.15590814272e-22
5220.31443137  1.15499367716e-22
5424.54515866  1.15405856951e-22
5636.76586253  1.15310652545e-22
5857.28912925  1.15214097086e-22
6086.43977422  1.15116506529e-22
6324.55532034  1.15018171506e-22
6571.9864952  1.14919358611e-22
6829.09774767  1.14820311646e-22
7096.26778467  1.14721252845e-22
7373.89012904  1.14622384065e-22
7662.37369911  1.14523887948e-22
7962.14341107  1.14425929051e-22
8273.64080478  1.14328654954e-22
8597.32469416  1.14232197324e-22
8933.67184302  1.14136672956e-22
9283.17766723  1.14042184774e-22
9646.35696448  1.13948822801e-22
10023.7446725  1.13856665086e-22
10415.8966572  1.13765778607e-22
10823.3905309  1.13676220117e-22
11246.8265038  1.1358803697e-22
11686.8282675  1.135012679e-22
12144.0439138  1.13415943754e-22
12619.1468896  1.13332088201e-22
13112.8369884  1.1324971839e-22
13625.8413812  1.13168845576e-22
14158.9156877  1.13089475701e-22
14712.8450892  1.13011609948e-22
15288.4454851  1.1293524525e-22
15886.5646945  1.12860374767e-22
16508.0837054  1.12786988328e-22
17153.9179718  1.1271507284e-22
17825.0187627  1.12644612667e-22
18522.3745626  1.127454197e-22
19247.012528  1.12698806733e-22
20000  1.12652756366e-22

