0.2 20 151
151
0.2  0
0.206235454919  3.60475805815e-35
0.212665314327  7.32190264812e-35
0.219295639229  1.11549376757e-34
0.22613267959  1.51074762888e-34
0.233182880236  1.91832442836e-34
0.240452886923  2.33860836164e-34
0.247949552606  2.77199560251e-34
0.255679943893  3.21889467639e-34
0.263651347711  3.67972684542e-34
0.271871278176  4.15492650552e-34
0.280347483669  4.64494159591e-34
0.289087954149  5.15023402133e-34
0.298100928677  5.67128008745e-34
0.307394903187  6.20857094985e-34
0.316978638492  6.76261307699e-34
0.326861168545  7.33392872768e-34
0.33705180895  7.92305644328e-34
0.34756016575  8.53055155544e-34
0.358396144475  9.15698670953e-34
0.369569959484  9.80295240444e-34
0.381092143593  1.04690575492e-33
0.392973557999  1.11559300369e-33
0.405225402524  1.18642173369e-33
0.417859226171  1.25945871044e-33
0.430886938006  1.33477278108e-33
0.444320818391  1.41243493917e-33
0.458173530554  1.4925183917e-33
0.472458132527  1.57509862801e-33
0.487188089458  1.66025349103e-33
0.502377286302  1.19651866869e-30
0.518040040906  8.50563878856e-30
0.534191117512  1.61191033717e-29
0.550845740668  2.39699350307e-29
0.568019609583  3.20655342242e-29
0.585728912925  4.04135321367e-29
0.60399034408  4.90217978724e-29
0.622821116889  5.78984458727e-29
0.642238981873  6.70518435652e-29
0.662262242965  7.6490619251e-29
0.682909774767  8.62236702382e-29
0.704201040337  9.62601712287e-29
0.72615610954  1.06609582966e-28
0.748795677965  1.17281661156e-28
0.772141086431  1.28286465657e-28
0.796214341107  1.39634369971e-28
0.821038134255  1.51336071013e-28
0.846635865618  1.63402599202e-28
0.87303166448  1.75845328853e-28
0.900250412412  1.88675988904e-28
0.928317766723  2.01906673966e-28
0.957260184645  2.1554985573e-28
0.987104948279  2.29618394717e-28
1.0178801903  1.04264096001e-26
1.0496149205  2.85134382825e-26
1.08233905309  4.71643712247e-26
1.11608343495  6.63967894247e-26
1.15087987467  8.6228822008e-26
1.18676117255  1.06679163317e-25
1.2237611515  1.27767090532e-25
1.26191468896  1.49512481845e-25
1.30125774973  1.71935835194e-25
1.34182741991  1.95058287587e-25
1.38366194184  2.18901635028e-25
1.42680075014  2.4348835306e-25
1.47128450892  2.68841617951e-25
1.51715515006  2.94985328543e-25
1.56445591277  3.21944128779e-25
1.61323138435  3.49743430933e-25
1.66352754221  3.78409439564e-25
1.71539179718  4.07969176217e-25
1.76887303828  4.38450504896e-25
1.82402167871  4.6988215833e-25
1.88088970345  5.02293765054e-25
1.93953071822  5.35715877341e-25
2  6.0866912959e-25
2.06235454919  1.21550718298e-24
2.12665314327  1.88095390875e-24
2.19295639229  2.56714744982e-24
2.2613267959  3.27473463534e-24
2.33182880236  4.00438246084e-24
2.40452886923  4.75677871695e-24
2.47949552606  5.53263263774e-24
2.55679943893  6.33267556927e-24
2.63651347711  7.15766165895e-24
2.71871278176  8.00836856649e-24
2.80347483669  8.88559819689e-24
2.89087954149  9.79017745635e-24
2.98100928677  1.07266183661e-23
3.07394903187  1.29542150068e-23
3.16978638492  1.55911893598e-23
3.26861168545  1.83103773862e-23
3.3705180895  2.11143422844e-23
3.4756016575  2.40057271662e-23
3.58396144475  2.69872575485e-23
3.69569959484  3.00617439221e-23
3.81092143593  3.32320844017e-23
3.92973557999  3.65012674569e-23
4.05225402524  3.99010099358e-23
4.17859226171  4.34464524995e-23
4.30886938006  4.71024322997e-23
4.44320818391  5.08723955859e-23
4.58173530554  5.47598960528e-23
4.72458132527  5.87685981892e-23
4.87188089458  6.29022807328e-23
5.02377286302  6.69880497761e-23
5.18040040906  7.03019856303e-23
5.34191117512  7.370792628e-23
5.50845740668  7.72200548766e-23
5.68019609583  8.08416820708e-23
5.85728912925  8.45762217305e-23
6.0399034408  8.81930589919e-23
6.22821116889  9.10694196744e-23
6.42238981873  9.4033613076e-23
6.62262242965  9.70902219491e-23
6.82909774767  1.00242127556e-22
7.04201040337  1.03309048817e-22
7.2615610954  1.05724510194e-22
7.48795677965  1.08211693181e-22
7.72141086431  1.10776419755e-22
7.96214341107  1.1341405134e-22
8.21038134255  1.15544244595e-22
8.46635865618  1.17621500495e-22
8.7303166448  1.19763519573e-22
9.00250412412  1.21935345222e-22
9.28317766723  1.23698639851e-22
9.57260184645  1.25483808189e-22
9.87104948279  1.2732463321e-22
10.178801903  1.28970024247e-22
10.496149205  1.30478693321e-22
10.8233905309  1.32034398584e-22
11.1608343495  1.33470212934e-22
11.5087987467  1.34760116954e-22
11.8676117255  1.36090236666e-22
12.237611515  1.37278627408e-22
12.6191468896  1.38398815268e-22
13.0125774973  1.39534589703e-22
13.4182741991  1.40494506803e-22
13.8366194184  1.41472179581e-22
14.2680075014  1.42349009855e-22
14.7128450892  1.4317062488e-22
15.1715515006  1.43950607433e-22
15.6445591277  1.44638833531e-22
16.1323138435  1.45309351745e-22
16.6352754221  1.45892284214e-22
17.1539179718  1.46457989796e-22
17.6887303828  1.46954830526e-22
18.2402167871  1.47421279989e-22
18.8088970345  1.47840966011e-22
19.3953071822  1.48208906323e-22
20  1.48556e-22

