1 20 101
101
1  0
1.03041055791  3.05531834279e-36
1.06174591785  6.20355062097e-36
1.09403420358  9.44752239917e-36
1.12730439408  1.2790145169e-35
1.16158634964  1.62344189621e-35
1.1969108386  1.97834350429e-35
1.23330956497  2.34403786828e-35
1.27081519692  2.72085320189e-35
1.30946139606  3.10912770004e-35
1.34928284767  3.50920984229e-35
1.39031529185  3.9214587057e-35
1.43259555555  4.34624428705e-35
1.47616158565  4.78394783491e-35
1.52105248304  5.23496219187e-35
1.56730853766  5.69969214705e-35
1.61497126471  6.17855479944e-35
1.66408344188  6.67197993225e-35
1.71468914776  7.18041039865e-35
1.76683380139  7.70430251918e-35
1.82056420303  8.24412649138e-35
1.87592857615  8.80036681176e-35
1.93297661076  9.3735227106e-35
1.99175950792  2.83869664704e-33
2.05233002578  1.76378322696e-31
2.11474252688  3.86619796387e-31
2.17905302696  6.03254830589e-31
2.24531924523  8.26477857043e-31
2.31360065617  1.05648922027e-30
2.3839585429  1.29349535738e-30
2.45645605223  1.53770898335e-30
2.53115825126  1.78934928193e-30
2.60813218585  2.04864210239e-30
2.68744694072  2.31582016217e-30
2.76917370155  2.59112325582e-30
2.85338581877  2.87479847014e-30
2.94015887345  3.167100406e-30
3.02957074514  3.46867995044e-29
3.12170168173  1.32261874752e-28
3.21663437151  2.32804262476e-28
3.31445401734  3.36404200304e-28
3.41524841318  4.43154670041e-28
3.51910802283  5.5315148112e-28
3.62612606115  6.66493356593e-28
3.73639857773  7.83282021733e-28
3.85002454306  9.03622295338e-28
3.96710593738  1.0276221838e-27
4.08774784223  4.71527456027e-27
4.21205853471  9.89014719471e-27
4.34014958471  1.52223905931e-26
4.472135955  2.07167904881e-26
4.60813610445  2.63782781494e-26
4.74827209431  3.2211934809e-26
4.89266969782  3.82229962223e-26
5.041458513  6.4053369453e-26
5.19477207907  1.43051403954e-25
5.35274799621  2.24451812758e-25
5.51552804914  3.08327653407e-25
5.68325833429  3.94754205167e-25
5.85608939099  4.83809036583e-25
6.03417633655  6.6258457893e-25
6.21767900547  1.21169950746e-24
6.40676209294  1.77955723925e-24
6.6015953026  2.36468384147e-24
6.80235349885  2.96760447011e-24
7.00921686386  3.71290908778e-24
7.22237105921  5.72345391588e-24
7.44200739256  7.85913612323e-24
7.66832298935  1.0059765618e-23
7.9015209697  1.23273174835e-23
8.14181063074  1.59378223745e-23
8.38940763443  2.0569743321e-23
8.64453420113  2.53425235677e-23
8.90741930907  3.02604467245e-23
9.17829889981  3.62665099067e-23
9.45741609003  4.29573955438e-23
9.74502138973  4.9851754746e-23
10.041372927  5.69690873232e-23
10.34673668  6.43772534761e-23
10.661386715  7.20119533903e-23
10.9856054331  7.98477988702e-23
11.3196838233  8.73010726215e-23
11.6639217237  9.49173017451e-23
12.0186280908  1.0267450406e-22
12.3841212763  1.09806873367e-22
12.7607293136  1.1711495233e-22
13.1487902114  1.24260800145e-22
13.5486522576  1.30986879624e-22
13.9606743317  1.37893254595e-22
14.3852262269  1.44189434769e-22
14.8226889821  1.50560642336e-22
15.2734552238  1.56602755492e-22
15.7379295184  1.62479284267e-22
16.2165287354  1.68189158228e-22
16.7096824217  1.73641958536e-22
17.2178331866  1.78968902908e-22
17.7414370999  1.84057285736e-22
18.2809641002  1.88982357764e-22
18.8368984177  1.93755609814e-22
19.4097390079  1.98285176803e-22
20  2.02793e-22

