0.5 20 151
151
0.5  0
0.512448710082  9.29430653714e-38
0.52520736093  1.88200173293e-37
0.538283669269  2.85828937454e-37
0.55168554395  3.85888405976e-37
0.565421090737  4.88439097128e-37
0.579498617203  5.93543035925e-37
0.59392663776  7.01263791648e-37
0.608713878807  8.11666516286e-37
0.623869284008  9.24817983947e-37
0.6394020197  1.04078663124e-36
0.655321480438  1.15964259867e-36
0.67163729468  1.28145777306e-36
0.688359330604  1.40630583103e-36
0.705497702082  1.53426228356e-36
0.723062774796  1.66540452165e-36
0.741065172505  1.79981186314e-36
0.759515783475  1.93756560068e-36
0.778425767058  2.07874905091e-36
0.797806560447  2.22344760482e-36
0.817669885593  2.37174877942e-36
0.83802775629  2.52374227068e-36
0.858892485448  2.67952000775e-36
0.880276692535  2.8391762086e-36
0.90219331121  3.00280743696e-36
0.924655597149  3.17051266076e-36
0.947677136058  3.34239331198e-36
0.971271851895  3.518553348e-36
0.995454015286  3.13415293099e-33
1.02023825216  5.41168448752e-31
1.04563955259  1.22039150709e-30
1.07167327987  1.9165254673e-30
1.0983551798  2.6299913672e-30
1.1257013902  3.36122072739e-30
1.15372845069  4.1106558122e-30
1.18245331269  4.8787498972e-30
1.21189334964  5.66596754336e-30
1.24206636756  6.47278487801e-30
1.27299061578  7.29968988285e-30
1.30468479801  8.14718268902e-30
1.33716808361  9.01577587968e-30
1.37046011922  9.90599479996e-30
1.40458104063  1.08183778747e-29
1.43955148495  1.17534769343e-29
1.47539260312  1.2711857548e-29
1.51212607267  1.36940993665e-29
1.54977411084  1.47007964723e-29
1.58835948804  1.57325577389e-29
1.62790554158  1.67900071993e-29
1.66843618984  1.78737844232e-29
1.70997594668  1.8984544904e-29
1.75254993629  2.01229604552e-29
1.79618390842  2.12897196167e-29
1.84090425388  2.24855280713e-29
1.88673802057  2.37111090714e-29
1.93371292981  2.49672038766e-29
1.9818573931  2.6254572202e-29
2.03120052932  5.94806498681e-28
2.08177218234  1.51556257747e-27
2.13360293905  2.45924310722e-27
2.18672414789  3.42641884762e-27
2.24116793778  4.41767476881e-27
2.29696723759  5.43361040515e-27
2.35415579601  6.47484021789e-27
2.41276820199  7.54199396677e-27
2.47283990568  8.63571709091e-27
2.53440723981  9.75667109922e-27
2.59750744173  1.09055339705e-26
2.66217867588  1.20830005633e-26
2.72846005693  1.32897830367e-26
2.79639167337  1.45266112803e-26
2.86601461181  1.57942333564e-26
2.9373709818  1.70934159519e-26
3.01050394131  2.55646595846e-26
3.08545772284  7.31217682378e-26
3.16227766017  1.22461931089e-25
3.24101021575  1.73030536706e-25
3.32170300885  2.24858170144e-25
3.40440484432  2.77976177948e-25
3.48916574214  3.32416687111e-25
3.57603696765  3.88212624504e-25
3.66507106256  4.45397736794e-25
3.75632187674  5.04006610852e-25
3.84984460077  5.64074694672e-25
3.94569579937  6.25638318814e-25
4.04393344553  8.89391052279e-25
4.14461695564  1.41390814126e-24
4.2478072254  1.9514843526e-24
4.35356666667  2.50244482473e-24
4.46195924519  3.06712279124e-24
4.57305051927  3.64585978234e-24
4.68690767949  4.23900583146e-24
4.80359958925  4.846919687e-24
4.92319682653  5.46996902921e-24
5.04577172647  6.59137008991e-24
5.1713984252  8.5710483717e-24
5.30015290463  1.06000155355e-23
5.43211303844  1.26794987472e-23
5.56735863914  1.48107557262e-23
5.70597150638  1.69950755056e-23
5.84803547643  1.92337792124e-23
5.99363647282  2.15772358587e-23
6.1428625584  2.49559547064e-23
6.29580398853  2.8518159438e-23
6.4525532657  3.21690538775e-23
6.6132051955  3.59108461698e-23
6.77785694388  3.97457994371e-23
6.94660809603  4.36762331471e-23
7.11956071652  4.7693572755e-23
7.29681941106  5.18059212908e-23
7.47849138981  5.60206566961e-23
7.66468653214  6.03403281396e-23
7.85551745316  6.4767548258e-23
8.0510995718  6.91344959046e-23
8.25155118063  7.31160862559e-23
8.45699351738  7.71968079351e-23
8.66755083831  8.13791290565e-23
8.88335049333  8.56655791841e-23
9.10452300303  8.96844853446e-23
9.33120213764  9.33753656859e-23
9.5635249979  9.71581394258e-23
9.80163209803  1.01035094473e-22
10.0456674507  1.04869236155e-22
10.295778654  1.08201813885e-22
10.5521169811  1.11613677018e-22
10.8148374712  1.15110486742e-22
11.0840990237  1.18494202329e-22
11.3600644943  1.21510504922e-22
11.6429007931  1.24601905668e-22
11.9327789861  1.27769897046e-22
12.2298743982  1.30588351671e-22
12.5343667197  1.3334796558e-22
12.8464401144  1.36176286757e-22
13.1662833315  1.3882726367e-22
13.4940898196  1.41309742204e-22
13.8300578436  1.4385402805e-22
14.1743906047  1.46250821808e-22
14.5272963631  1.48496714055e-22
14.8889885645  1.50798523225e-22
15.2596859686  1.52906005801e-22
15.6396127818  1.54955710958e-22
16.0289987924  1.57023736577e-22
16.4280795102  1.58874302701e-22
16.8370963082  1.60760688174e-22
17.2562965694  1.62527959601e-22
17.6859338356  1.64231041724e-22
18.1262679613  1.65908215231e-22
18.5775652707  1.67453005922e-22
19.0400987189  1.69012206106e-22
19.5141480567  1.70427048024e-22
20  1.71871e-22

