1 20 101
101
1  0
1.03041055791  4.98614548569e-35
1.06174591785  1.01239224374e-34
1.09403420358  1.54179420527e-34
1.12730439408  2.0872955758e-34
1.16158634964  2.64938594736e-34
1.1969108386  3.22856980071e-34
1.23330956497  3.82536695817e-34
1.27081519692  4.44031305015e-34
1.30946139606  5.07395999588e-34
1.34928284767  5.72687649874e-34
1.39031529185  6.39964855672e-34
1.43259555555  7.09287998834e-34
1.47616158565  7.80719297455e-34
1.52105248304  8.5432286172e-34
1.56730853766  9.30164751438e-34
1.61497126471  1.00831303534e-33
1.66408344188  1.08883785215e-33
1.71468914776  1.17181147356e-33
1.76683380139  1.2573083691e-33
1.82056420303  1.34540527292e-33
1.87592857615  1.43618125275e-33
1.93297661076  1.52971778076e-33
1.99175950792  1.90982844685e-32
2.05233002578  1.12615222817e-30
2.11474252688  2.46732575094e-30
2.17905302696  3.8492851088e-30
2.24531924523  5.27327062174e-30
2.31360065617  6.74056032858e-30
2.3839585429  8.25247113402e-30
2.45645605223  9.81035999057e-30
2.53115825126  1.14156251164e-29
2.60813218585  1.30697072503e-29
2.68744694072  1.47740909448e-29
2.76917370155  1.65303058983e-29
2.85338581877  1.83399283283e-29
2.94015887345  2.0204582386e-29
3.02957074514  1.47790390492e-28
3.12170168173  5.41291709012e-28
3.21663437151  9.46759622166e-28
3.31445401734  1.36455804077e-27
3.41524841318  1.79506194239e-27
3.51910802283  2.23865770783e-27
3.62612606115  2.69574346799e-27
3.73639857773  3.16672946113e-27
3.85002454306  3.65203840108e-27
3.96710593738  4.15210585666e-27
4.08774784223  1.53299974343e-26
4.21205853471  3.09664676125e-26
4.34014958471  4.70784515726e-26
4.472135955  6.3680409954e-26
4.60813610445  8.07872431522e-26
4.74827209431  9.8414304692e-26
4.89266969782  1.16577415008e-25
5.041458513  1.81593187418e-25
5.19477207907  3.72096331833e-25
5.35274799621  5.68392783153e-25
5.51552804914  7.70658719074e-25
5.68325833429  9.79075674952e-25
5.85608939099  1.19383070674e-24
6.03417633655  1.57479727766e-24
6.21767900547  2.63699932108e-24
6.40676209294  3.73525439969e-24
6.6015953026  4.86690802797e-24
6.80235349885  6.03297587445e-24
7.00921686386  7.39729738613e-24
7.22237105921  1.04337760511e-23
7.44200739256  1.36465789972e-23
7.66832298935  1.69570850733e-23
7.9015209697  2.03682654862e-23
8.14181063074  2.49388016985e-23
8.38940763443  3.04036884848e-23
8.64453420113  3.60347655272e-23
8.90741930907  4.18370867641e-23
9.17829889981  4.81549147979e-23
9.45741609003  5.48462777253e-23
9.74502138973  6.17411287326e-23
10.041372927  6.87685547995e-23
10.34673668  7.557882584e-23
10.661386715  8.25889768998e-23
10.9856054331  8.97721276036e-23
11.3196838233  9.63697185114e-23
11.6639217237  1.03085452269e-22
12.0186280908  1.09914071827e-22
12.3841212763  1.16082945562e-22
12.7607293136  1.2239790913e-22
13.1487902114  1.2854990082e-22
13.5486522576  1.34300716768e-22
13.9606743317  1.40204984727e-22
14.3852262269  1.45563797273e-22
14.8226889821  1.50982648422e-22
15.2734552238  1.56113721462e-22
15.7379295184  1.61098459592e-22
16.2165287354  1.6593662632e-22
16.7096824217  1.70550079055e-22
17.2178331866  1.75054192629e-22
17.7414370999  1.79352457153e-22
18.2809641002  1.83506932373e-22
18.8368984177  1.87527449357e-22
19.4097390079  1.91337114691e-22
20  1.95126e-22

