0.1617491 20000 301
301
0.1617491  0
0.16819606583  6.22806520241e-25
0.174899993636  1.3075797665e-24
0.181871125362  2.01964657867e-24
0.189120111172  2.76009481865e-24
0.196658025722  3.53005570817e-24
0.204496385083  4.33070579296e-24
0.212647164326  5.1632682237e-24
0.221122815828  6.02901477443e-24
0.229936288285  6.92926809169e-24
0.239101046504  7.86540353982e-24
0.248631091967  8.83885130219e-24
0.258540984227  9.85109856614e-24
0.268845863147  1.0903691795e-23
0.279561472033  1.1998239091e-23
0.290704181684  1.31364126514e-23
0.302291015403  1.43199513239e-23
0.314339675006  1.55506632627e-23
0.326868567863  1.68304286913e-23
0.339896835025  1.81612027746e-23
0.353444380458  1.95450186062e-23
0.367531901462  2.09839903142e-23
0.382180920282  2.24803162914e-23
0.397413816996  2.40362825539e-23
0.413253863701  2.55081366738e-23
0.42972526007  2.70090054049e-23
0.44685317032  2.85696954854e-23
0.464663761662  3.01925912636e-23
0.483184244273  3.18801721227e-23
0.502442912867  3.36350162688e-23
0.522469189927  3.54598046697e-23
0.543293670648  3.73573251504e-23
0.564948169685  3.93304766529e-23
0.587465769756  4.13822736645e-23
0.610880872182  4.31401931328e-23
0.635229249447  4.4518192186e-23
0.660548099848  4.59511152717e-23
0.686876104323  4.74411515417e-23
0.714253485551  4.89905774028e-23
0.742722069396  5.06017599945e-23
0.772325348811  5.22771608051e-23
0.803108550284  5.39523726919e-23
0.83511870293  5.50744038421e-23
0.868404710343  5.62411567031e-23
0.903017425308  5.74544137846e-23
0.939009727489  5.87160286435e-23
0.97643660422  6.0027928715e-23
1.01535523451  6.11368992269e-23
1.05582507639  6.18828139915e-23
1.09790795778  6.26584592894e-23
1.1416681709  6.34650201147e-23
1.18717257054  6.43037286928e-23
1.23449067615  6.51758663629e-23
1.2836947781  6.60827655356e-23
1.33486004808  6.70258117284e-23
1.38806465396  6.80064456826e-23
1.44338987922  6.90261655644e-23
1.50092024712  7.0079580269e-23
1.56074364983  7.07304683336e-23
1.6229514827  7.14072993749e-23
1.68763878391  7.21111074231e-23
1.75490437966  7.28429677228e-23
1.82485103513  7.36039983756e-23
1.89758561151  7.43953620479e-23
1.97321922923  7.52182677476e-23
2.05186743776  7.5947626984e-23
2.13365039209  7.66382205071e-23
2.21869303635  7.73563395797e-23
2.30712529466  7.81030813099e-23
2.39908226963  7.88795865344e-23
2.49470444876  7.96870415612e-23
2.5941379191  8.04468477599e-23
2.69753459038  8.12322683689e-23
2.80505242713  8.20489941279e-23
2.91685569002  8.28982727917e-23
3.03311518676  8.3671773659e-23
3.1540085331  8.41898835616e-23
3.27972042417  8.47286441932e-23
3.41044291664  8.52888786468e-23
3.54637572213  8.57987365626e-23
3.68772651233  8.61829155743e-23
3.8347112363  8.65824071224e-23
3.98755445031  8.69978215309e-23
4.14648966099  8.72704897956e-23
4.31175968202  8.75399523697e-23
4.4836170051  8.78201551335e-23
4.6623241857  8.81055793964e-23
4.84815424419  8.84017559313e-23
5.04139108291  8.89388178141e-23
5.24232991995  9.03711778005e-23
5.45127774015  9.18606285273e-23
5.66855376406  9.21754237913e-23
5.89448993571  9.21318414268e-23
6.12943142967  9.20730371061e-23
6.37373717841  9.200045823e-23
6.62778042067  9.19124234442e-23
6.89194927169  9.1807971127e-23
7.1666473161  9.16865260193e-23
7.45229422457  9.15515904022e-23
7.74932639488  9.13974958051e-23
8.05819761873  9.12369722939e-23
8.37937977491  9.10810458226e-23
8.7133635503  9.09244594933e-23
9.06065918948  9.07708483532e-23
9.42179727427  9.06403550557e-23
9.79732953432  9.05028982725e-23
10.18782969  9.03621892709e-23
10.593894329  9.02189109045e-23
11.0161438175  9.00688665369e-23
11.4552232483  8.98852386605e-23
11.9118034262  8.9694291778e-23
12.3865818928  8.94460668207e-23
12.880283992  8.91761651785e-23
13.3936639785  8.88510749367e-23
13.9275061699  8.84989770041e-23
14.482626145  8.8085313643e-23
15.0598719899  8.76446011467e-23
15.6601255933  8.71581320293e-23
16.2843039942  8.66455734517e-23
16.9333607829  8.61042567427e-23
17.6082875575  8.55411785265e-23
18.3101154391  8.54638131294e-23
19.0399166471  8.59257385513e-23
19.7988061372  8.62243475157e-23
20.5879433048  8.63443521512e-23
21.4085337563  8.62696524191e-23
22.2618311508  8.59832914599e-23
23.1491391157  8.5467409376e-23
24.0718132379  8.47092412566e-23
25.0312631354  8.38972256587e-23
26.0289546101  8.3073449067e-23
27.0664118878  8.22381822241e-23
28.1452199466  8.13916944788e-23
29.2670269382  8.05342548761e-23
30.4335467062  7.96661332799e-23
31.6465614043  7.87876015299e-23
32.9079242187  7.78989346361e-23
34.2195621998  7.70004120134e-23
35.583479206  7.60923187575e-23
37.0017589648  7.51749469665e-23
38.4765682571  7.42485971069e-23
40.0101602264  7.33135794281e-23
41.6048778219  7.23702154241e-23
43.2631573775  7.1418839345e-23
44.9875323342  7.04597997545e-23
46.7806371103  6.94934611359e-23
48.6452111261  6.85202055407e-23
50.5841029896  6.75404342789e-23
52.6002748478  6.65545696443e-23
54.6968069125  6.55630566691e-23
56.876902166  6.45663648984e-23
59.1438912545  6.35649901749e-23
61.5012375764  6.25594564211e-23
63.9525425738  6.15503174017e-23
66.5015512342  6.05381584495e-23
69.1521578121  5.95235981326e-23
71.9084117788  5.85072898369e-23
74.7745240083  5.74899232369e-23
77.754873211  5.64722256203e-23
80.8540126232  5.54549630313e-23
84.0766769631  5.44389411918e-23
87.4277896646  5.3425006156e-23
90.9124703989  5.24140446501e-23
94.5360428959  5.14069840477e-23
98.3040430779  5.04047919244e-23
102.222227517  4.94084751389e-23
106.29658223  4.8419078383e-23
110.533331822  4.74376821442e-23
114.938948999  4.64654000306e-23
119.520164454  4.55033754062e-23
124.28397715  4.45527772969e-23
129.237665015  4.36147955328e-23
134.388796059  4.26906351057e-23
139.745239935  4.17815097358e-23
145.315179964  4.08886346567e-23
151.107125636  4.00132186494e-23
157.129925612  3.91564553782e-23
163.39278124  3.83195141027e-23
169.905260614  3.75035298683e-23
176.677313192  3.67095933e-23
183.719284993  3.59387401489e-23
191.041934409  3.51919407636e-23
198.656448636  3.4470089678e-23
206.574460768  3.3815986195e-23
214.80806757  3.31449674993e-23
223.369847955  3.25011043336e-23
232.272882204  3.18848871238e-23
241.530771953  3.12966877017e-23
251.157660966  3.07367539814e-23
261.168256748  3.02052061248e-23
271.577853012  2.97020343155e-23
282.402353047  2.92270982253e-23
293.658294009  2.87801282167e-23
305.362872193  2.83607282879e-23
317.533969298  2.79683807283e-23
330.190179749  2.76024524211e-23
343.350839105  2.72622027026e-23
357.036053597  2.69467926717e-23
371.266730847  2.66552958402e-23
386.064611809  2.63867100242e-23
401.452303985  2.61399704159e-23
417.45331596  2.59139638409e-23
434.092093323  2.57075443401e-23
451.394056009  2.55195504636e-23
469.385637136  2.53488252185e-23
488.094323389  2.51942411276e-23
507.548697013  2.50553106437e-23
527.778479476  2.49387962638e-23
548.814576882  2.48464769206e-23
570.689127183  2.47777408568e-23
593.43554928  2.45172320952e-23
617.088594078  2.45128023173e-23
641.684397579  2.45279422784e-23
667.260536085  2.45628738341e-23
693.856083607  2.46177844692e-23
721.511671563  2.46928261333e-23
750.269550849  2.47881142864e-23
780.17365639  2.49037271634e-23
811.26967426  2.5039705269e-23
843.605111482  2.51960511084e-23
877.229368604  2.53727291559e-23
912.193815172  2.55696660628e-23
948.55186821  2.64258680816e-23
986.359073828  2.69455699818e-23
1025.67319208  2.74256406582e-23
1066.55428522  2.78699996672e-23
1109.06480944  2.82822234218e-23
1153.26971029  2.86655887043e-23
1199.23652195  2.9023108711e-23
1247.03547031  2.93575630827e-23
1296.73958036  2.96715230614e-23
1348.42478766  2.99673726667e-23
1402.17005444  3.02473266069e-23
1458.05749015  3.05134454927e-23
1516.17247699  3.0681341029e-23
1576.60380026  3.08854167257e-23
1639.44378409  3.10683603642e-23
1704.78843241  3.12316859688e-23
1772.73757569  3.1376794304e-23
1843.3950234  3.15049842201e-23
1916.86872264  3.16174625687e-23
1993.27092306  3.17153528887e-23
2072.7183483  3.17997030316e-23
2155.33237439  3.18714918651e-23
2241.2392151  3.19316351776e-23
2330.57011485  3.19809908842e-23
2423.46154915  3.20203636238e-23
2520.05543311  3.20505088225e-23
2620.49933831  3.2072136293e-23
2724.94671818  3.20859134252e-23
2833.55714248  3.20924680225e-23
2946.49654106  3.20923908286e-23
3063.93745738  3.20862377845e-23
3186.0593121  3.20745320523e-23
3313.04867722  3.20577658382e-23
3445.09956106  3.20364020407e-23
3582.41370469  3.20108757507e-23
3725.20089017  3.19815956249e-23
3873.67926098  3.19489451502e-23
4028.07565535  3.19132838182e-23
4188.62595275  3.18749482212e-23
4355.57543434  3.18342530849e-23
4529.1791576  3.17914922462e-23
4709.70234608  3.17469395856e-23
4897.42079456  3.1700849922e-23
5092.62129037  3.16534598753e-23
5295.60205158  3.16049887014e-23
5506.67318258  3.15556391041e-23
5726.15714784  3.15055980263e-23
5954.38926454  3.14550374218e-23
6191.71821491  3.1404115011e-23
6438.50657887  3.13529750189e-23
6695.13138796  3.13017488977e-23
6961.98470143  3.12505560334e-23
7239.4742051  3.11995044347e-23
7528.02383429  3.11486914066e-23
7828.07442144  3.10982042047e-23
8140.08436961  3.10481206722e-23
8464.53035282  3.0998509857e-23
8801.90804427  3.09494326092e-23
9152.73287358  3.09009421571e-23
9517.54081431  3.08530846623e-23
9896.88920273  3.08058997527e-23
10291.3575893  3.07594210319e-23
10701.5486242  3.07136765669e-23
11128.0889778  3.06686893511e-23
11571.6302982  3.06244777453e-23
12032.8502069  3.05810558935e-23
12512.4533337  3.05384341171e-23
13011.1723936  3.04966192843e-23
13529.7693059  3.0455615158e-23
14069.0363584  3.04154227204e-23
14629.7974178  3.03760404761e-23
15212.9091881  3.0337464734e-23
15819.2625199  3.02996898685e-23
16449.7837712  3.0262708561e-23
17105.4362223  3.02265120223e-23
17787.221548  3.01910901966e-23
18496.1813477  3.02384655643e-23
19233.3987364  3.02149057698e-23
20000  3.01916566664e-23

