0.2 20 151
151
0.2  0
0.206235454919  2.1411512948e-36
0.212665314327  4.34905785147e-36
0.219295639229  6.62580091713e-36
0.22613267959  8.97352662652e-36
0.233182880236  1.1394448025e-35
0.240452886923  1.38908471547e-35
0.247949552606  1.64650772056e-35
0.255679943893  1.91195647337e-35
0.263651347711  2.18568119483e-35
0.271871278176  2.46793990709e-35
0.280347483669  2.75899867673e-35
0.289087954149  3.05913186556e-35
0.298100928677  3.36862238923e-35
0.307394903187  3.68776198394e-35
0.316978638492  4.01685148143e-35
0.326861168545  4.35620109254e-35
0.33705180895  4.70613069967e-35
0.34756016575  5.06697015824e-35
0.358396144475  5.4390596077e-35
0.369569959484  5.8227497921e-35
0.381092143593  6.21840239073e-35
0.392973557999  6.62639035908e-35
0.405225402524  7.04709828034e-35
0.417859226171  7.480922728e-35
0.430886938006  7.92827263958e-35
0.444320818391  8.38956970219e-35
0.458173530554  8.86524874999e-35
0.472458132527  9.35575817409e-35
0.487188089458  9.86156034519e-35
0.502377286302  2.24496944621e-31
0.518040040906  1.59723102375e-30
0.534191117512  3.02712450083e-30
0.550845740668  4.50159815948e-30
0.568019609583  6.02204188827e-30
0.585728912925  7.5898889087e-30
0.60399034408  9.2066171262e-30
0.622821116889  1.08737505233e-29
0.642238981873  1.25928605961e-29
0.662262242965  1.43655678356e-29
0.682909774767  1.61935432556e-29
0.704201040337  1.80785099672e-29
0.72615610954  2.00222448035e-29
0.748795677965  2.20265799946e-29
0.772141086431  2.40934048943e-29
0.796214341107  2.62246677614e-29
0.821038134255  2.84223775962e-29
0.846635865618  3.0688606034e-29
0.87303166448  3.30254892981e-29
0.900250412412  3.54352302133e-29
0.928317766723  3.79201002828e-29
0.957260184645  4.04824418288e-29
0.987104948279  4.31246702008e-29
1.0178801903  4.33999513914e-27
1.0496149205  1.19642873525e-26
1.08233905309  1.98262842177e-26
1.11608343495  2.79333967181e-26
1.15087987467  3.62932668911e-26
1.18676117255  4.4913775032e-26
1.2237611515  5.38030471223e-26
1.26191468896  6.29694624895e-26
1.30125774973  7.24216617057e-26
1.34182741991  8.21685547324e-26
1.38366194184  9.22193293193e-26
1.42680075014  1.02583459665e-25
1.47128450892  1.13270715349e-25
1.51715515006  1.24291170538e-25
1.56445591277  1.35655213485e-25
1.61323138435  1.47373556319e-25
1.66352754221  1.59457245145e-25
1.71539179718  1.71917670456e-25
1.76887303828  1.84766577868e-25
1.82402167871  1.98016079195e-25
1.88088970345  2.11678663863e-25
1.93953071822  2.25767210685e-25
2  2.65127682898e-25
2.06235454919  6.4870332975e-25
2.12665314327  1.06984471814e-24
2.19295639229  1.50411614724e-24
2.2613267959  1.95192697594e-24
2.33182880236  2.4136993258e-24
2.40452886923  2.88986847902e-24
2.47949552606  3.38088328868e-24
2.55679943893  3.88720660189e-24
2.63651347711  4.40931569607e-24
2.71871278176  4.94770272885e-24
2.80347483669  5.50287520198e-24
2.89087954149  6.07535643975e-24
2.98100928677  6.66937261212e-24
3.07394903187  8.55324730631e-24
3.16978638492  1.08383096781e-23
3.26861168545  1.3194614067e-23
3.3705180895  1.56243816048e-23
3.4756016575  1.81299026724e-23
3.58396144475  2.07135390582e-23
3.69569959484  2.33777261851e-23
3.81092143593  2.61249754057e-23
3.92973557999  2.89578763695e-23
4.05225402524  3.21441303653e-23
4.17859226171  3.57972131065e-23
4.30886938006  3.95641890115e-23
4.44320818391  4.34486089586e-23
4.58173530554  4.74541345331e-23
4.72458132527  5.15845414783e-23
4.87188089458  5.5843723255e-23
5.02377286302  6.00889465859e-23
5.18040040906  6.37201135797e-23
5.34191117512  6.7455098498e-23
5.50845740668  7.13065300666e-23
5.68019609583  7.52780387749e-23
5.85728912925  7.93733683007e-23
6.0399034408  8.33539255024e-23
6.22821116889  8.65750319622e-23
6.42238981873  8.9894653848e-23
6.62262242965  9.33177724968e-23
6.82909774767  9.68476146558e-23
7.04201040337  1.00290221107e-22
7.2615610954  1.03035865437e-22
7.48795677965  1.05863250954e-22
7.72141086431  1.08778786647e-22
7.96214341107  1.11777553406e-22
8.21038134255  1.14229062798e-22
8.46635865618  1.1662731425e-22
8.7303166448  1.19100336645e-22
9.00250412412  1.21608205857e-22
9.28317766723  1.23650021255e-22
9.57260184645  1.25717667591e-22
9.87104948279  1.27849777505e-22
10.178801903  1.29756198486e-22
10.496149205  1.3150478212e-22
10.8233905309  1.33307881825e-22
11.1608343495  1.34977573568e-22
11.5087987467  1.36484607372e-22
11.8676117255  1.38038626383e-22
12.237611515  1.39433423007e-22
12.6191468896  1.40752390797e-22
13.0125774973  1.42089914227e-22
13.4182741991  1.43222600241e-22
13.8366194184  1.44376396356e-22
14.2680075014  1.45418492556e-22
14.7128450892  1.46400249112e-22
15.1715515006  1.47340905635e-22
15.6445591277  1.48187116279e-22
16.1323138435  1.49016178212e-22
16.6352754221  1.49750502116e-22
17.1539179718  1.50464623207e-22
17.6887303828  1.51095701852e-22
18.2402167871  1.51687602696e-22
18.8088970345  1.52219318727e-22
19.3953071822  1.5268696955e-22
20  1.53129e-22

