0.5 20 151
151
0.5  0
0.512448710082  6.01305063622e-41
0.52520736093  1.21758107206e-40
0.538283669269  1.84920076322e-40
0.55168554395  2.49654615521e-40
0.565421090737  3.16000877742e-40
0.579498617203  3.8399899073e-40
0.59392663776  4.53690081307e-40
0.608713878807  5.25116300248e-40
0.623869284008  5.98320847773e-40
0.6394020197  6.73347999675e-40
0.655321480438  7.50243134103e-40
0.67163729468  8.29052759e-40
0.688359330604  9.09824540242e-40
0.705497702082  9.92607330459e-40
0.723062774796  1.07745119859e-39
0.741065172505  1.16440746015e-39
0.759515783475  1.25352870829e-39
0.778425767058  1.34486884559e-39
0.797806560447  1.43848311666e-39
0.817669885593  1.53442814158e-39
0.83802775629  1.6327619501e-39
0.858892485448  1.73354401676e-39
0.880276692535  1.83683529688e-39
0.90219331121  1.9426982634e-39
0.924655597149  2.05119694468e-39
0.947677136058  2.16239696322e-39
0.971271851895  2.27636557534e-39
0.995454015286  4.74283832547e-35
1.02023825216  8.19857903071e-33
1.04563955259  1.84887219783e-32
1.07167327987  2.90350629384e-32
1.0983551798  3.98439805806e-32
1.1257013902  5.09220123868e-32
1.15372845069  6.22758586055e-32
1.18245331269  7.3912386304e-32
1.21189334964  8.58386335219e-32
1.24206636756  9.80618135278e-32
1.27299061578  1.10589319182e-31
1.30468479801  1.23428727408e-31
1.33716808361  1.36587803775e-31
1.37046011922  1.50074507196e-31
1.40458104063  1.63896994738e-31
1.43955148495  1.78063626561e-31
1.47539260312  1.92582970968e-31
1.51212607267  2.07463809594e-31
1.54977411084  2.22715142711e-31
1.58835948804  2.38346194676e-31
1.62790554158  2.54366419511e-31
1.66843618984  2.70785506614e-31
1.70997594668  2.87613386627e-31
1.75254993629  3.0486023744e-31
1.79618390842  3.22536490343e-31
1.84090425388  3.40652836342e-31
1.88673802057  3.5922023262e-31
1.93371292981  3.78249909164e-31
1.9818573931  3.9775337556e-31
2.03120052932  3.40444184814e-29
2.08177218234  8.85689995477e-29
2.13360293905  1.44451102018e-28
2.18672414789  2.01724524674e-28
2.24116793778  2.60423907797e-28
2.29696723759  3.20584754125e-28
2.35415579601  3.82243450322e-28
2.41276820199  4.45437288986e-28
2.47283990568  5.10204491202e-28
2.53440723981  5.76584229664e-28
2.59750744173  6.44616652365e-28
2.66217867588  7.1434290688e-28
2.72846005693  7.85805165249e-28
2.79639167337  8.59046649491e-28
2.86601461181  9.34111657739e-28
2.9373709818  1.01104559104e-27
3.01050394131  2.05775798886e-27
3.08545772284  8.40043728755e-27
3.16227766017  1.49822343145e-26
3.24101021575  2.17279011076e-26
3.32170300885  2.8641517601e-26
3.40440484432  3.57272653091e-26
3.48916574214  4.29894298551e-26
3.57603696765  5.04324035632e-26
3.66507106256  5.80606881149e-26
3.75632187674  6.58788972722e-26
3.84984460077  7.38917596678e-26
3.94569579937  8.21041216653e-26
4.04393344553  1.43225047018e-25
4.14461695564  2.72634890579e-25
4.2478072254  4.05266705389e-25
4.35356666667  5.4120071022e-25
4.46195924519  6.80519121083e-25
4.57305051927  8.23306200958e-25
4.68690767949  9.69648310755e-25
4.80359958925  1.11963396155e-24
4.92319682653  1.27335386811e-24
5.04577172647  1.68887905057e-24
5.1713984252  2.55840437144e-24
5.30015290463  3.44957862958e-24
5.43211303844  4.36294082766e-24
5.56735863914  5.29904338815e-24
5.70597150638  6.25845248741e-24
5.84803547643  7.24174839812e-24
5.99363647282  8.31508795427e-24
6.1428625584  1.07218671931e-23
6.29580398853  1.33214782929e-23
6.4525532657  1.59858130025e-23
6.6132051955  1.87164827729e-23
6.77785694388  2.15151391758e-23
6.94660809603  2.43834749031e-23
7.11956071652  2.80763462323e-23
7.29681941106  3.22058534098e-23
7.47849138981  3.64381746626e-23
7.66468653214  4.07758697959e-23
7.85551745316  4.52215623475e-23
8.0510995718  4.97730054668e-23
8.25155118063  5.44234647509e-23
8.45699351738  5.91897084738e-23
8.66755083831  6.40746193692e-23
8.88335049333  6.90811519437e-23
9.10452300303  7.39145252326e-23
9.33120213764  7.85276020304e-23
9.5635249979  8.32555325395e-23
9.80163209803  8.8101176321e-23
10.0456674507  9.29163868578e-23
10.295778654  9.72041672083e-23
10.5521169811  1.01594704441e-22
10.8148374712  1.06094554723e-22
11.0840990237  1.10468447841e-22
11.3600644943  1.14414202139e-22
11.6429007931  1.1845819554e-22
11.9327789861  1.22602411801e-22
12.2298743982  1.26325021397e-22
12.5343667197  1.2998227867e-22
12.8464401144  1.33730592214e-22
13.1662833315  1.37265602632e-22
13.4940898196  1.40598411196e-22
13.8300578436  1.44014198096e-22
14.1743906047  1.4725623362e-22
14.5272963631  1.50320514321e-22
14.8889885645  1.53461087706e-22
15.2596859686  1.56364075128e-22
15.6396127818  1.59200988642e-22
16.0289987924  1.62066380324e-22
16.4280795102  1.64656537477e-22
16.8370963082  1.67297967959e-22
17.2562965694  1.69791924499e-22
17.6859338356  1.72209063759e-22
18.1262679613  1.74599384925e-22
18.5775652707  1.76827439742e-22
19.0400987189  1.79079876013e-22
19.5141480567  1.81151600639e-22
20  1.83267e-22

