0.5 20 151
151
0.5  0
0.512448710082  5.79833528472e-41
0.52520736093  1.17410341593e-40
0.538283669269  1.78316909046e-40
0.55168554395  2.40739892901e-40
0.565421090737  3.04717048012e-40
0.579498617203  3.70287069235e-40
0.59392663776  4.37489614826e-40
0.608713878807  5.06365330431e-40
0.623869284008  5.76955873667e-40
0.6394020197  6.49303939318e-40
0.655321480438  7.23453285157e-40
0.67163729468  7.99448758414e-40
0.688359330604  8.77336322899e-40
0.705497702082  9.57163086804e-40
0.723062774796  1.03897733119e-39
0.741065172505  1.12282853919e-39
0.759515783475  1.20876742595e-39
0.778425767058  1.29684596929e-39
0.797806560447  1.38711744112e-39
0.817669885593  1.47963643972e-39
0.83802775629  1.57445892269e-39
0.858892485448  1.67164224087e-39
0.880276692535  1.77124517295e-39
0.90219331121  1.87332796109e-39
0.924655597149  1.97795234729e-39
0.947677136058  2.08518161079e-39
0.971271851895  2.19508060632e-39
0.995454015286  4.49836120513e-35
1.02023825216  7.77596376463e-33
1.04563955259  1.75356767588e-32
1.07167327987  2.7538381428e-32
1.0983551798  3.77901276382e-32
1.1257013902  4.82971158812e-32
1.15372845069  5.90657010251e-32
1.18245331269  7.0102396158e-32
1.21189334964  8.14138765268e-32
1.24206636756  9.3006983575e-32
1.27299061578  1.0488872908e-31
1.30468479801  1.17066299396e-31
1.33716808361  1.29547059796e-31
1.37046011922  1.42338558932e-31
1.40458104063  1.55448533397e-31
1.43955148495  1.68884912404e-31
1.47539260312  1.82655822585e-31
1.51212607267  1.96769592902e-31
1.54977411084  2.11234759689e-31
1.58835948804  2.26060071812e-31
1.62790554158  2.41254495959e-31
1.66843618984  2.56827222069e-31
1.70997594668  2.72787668884e-31
1.75254993629  2.89145489649e-31
1.79618390842  3.0591057795e-31
1.84090425388  3.23093073699e-31
1.88673802057  3.40703369265e-31
1.93371292981  3.58752115758e-31
1.9818573931  3.77250229476e-31
2.03120052932  3.18401509584e-29
2.08177218234  8.28257723508e-29
2.13360293905  1.35080804181e-28
2.18672414789  1.88636851495e-28
2.24116793778  2.43526306221e-28
2.29696723759  2.99782366764e-28
2.35415579601  3.57439058083e-28
2.41276820199  4.16531252272e-28
2.47283990568  4.77094689647e-28
2.53440723981  5.39166000369e-28
2.59750744173  6.02782726595e-28
2.66217867588  6.67983345183e-28
2.72846005693  7.34807290967e-28
2.79639167337  8.03294980606e-28
2.86601461181  8.7348783703e-28
2.9373709818  9.45428314493e-28
3.01050394131  1.92393078021e-27
3.08545772284  7.85317214245e-27
3.16227766017  1.40059444153e-26
3.24101021575  2.03119048445e-26
3.32170300885  2.67748674201e-26
3.40440484432  3.33987410905e-26
3.48916574214  4.01875321268e-26
3.57603696765  4.71453465459e-26
3.66507106256  5.4276392594e-26
3.75632187674  6.15849832918e-26
3.84984460077  6.9075539043e-26
3.94569579937  7.6752590308e-26
4.04393344553  1.34093555459e-25
4.14461695564  2.55535790318e-25
4.2478072254  3.80001623523e-25
4.35356666667  5.07566334875e-25
4.46195924519  6.38307078443e-25
4.57305051927  7.72302929236e-25
4.68690767949  9.09634931027e-25
4.80359958925  1.05038614537e-24
4.92319682653  1.19464170183e-24
5.04577172647  1.5871356608e-24
5.1713984252  2.41013010873e-24
5.30015290463  3.25361499523e-24
5.43211303844  4.11810047936e-24
5.56735863914  5.0041094218e-24
5.70597150638  5.91217770116e-24
5.84803547643  6.842854538e-24
5.99363647282  7.86018061577e-24
6.1428625584  1.01680091668e-23
6.29580398853  1.2661980562e-23
6.4525532657  1.52180454108e-23
6.6132051955  1.78377496802e-23
6.77785694388  2.05226778275e-23
6.94660809603  2.3274453759e-23
7.11956071652  2.68504720691e-23
7.29681941106  3.08614109058e-23
7.47849138981  3.4972211772e-23
7.66468653214  3.91853609746e-23
7.85551745316  4.3503406723e-23
8.0510995718  4.7932282143e-23
8.25155118063  5.24810503215e-23
8.45699351738  5.71430710925e-23
8.66755083831  6.19211641535e-23
8.88335049333  6.6818219405e-23
9.10452300303  7.15502412461e-23
9.33120213764  7.60718552799e-23
9.5635249979  8.07060458381e-23
9.80163209803  8.54556157858e-23
10.0456674507  9.01747086067e-23
10.295778654  9.4374039032e-23
10.5521169811  9.86739862994e-23
10.8148374712  1.03080991161e-22
11.0840990237  1.07378430869e-22
11.3600644943  1.1128803369e-22
11.6429007931  1.15294975536e-22
11.9327789861  1.19401223816e-22
12.2298743982  1.23091804083e-22
12.5343667197  1.26718307631e-22
12.8464401144  1.30435101762e-22
13.1662833315  1.33941133682e-22
13.4940898196  1.37247389921e-22
13.8300578436  1.40635963411e-22
14.1743906047  1.4385254945e-22
14.5272963631  1.46893185465e-22
14.8889885645  1.50009525472e-22
15.2596859686  1.52891831143e-22
15.6396127818  1.5570936839e-22
16.0289987924  1.58555235607e-22
16.4280795102  1.61128130058e-22
16.8370963082  1.63751972817e-22
17.2562965694  1.6622918523e-22
17.6859338356  1.68629998273e-22
18.1262679613  1.71004470618e-22
18.5775652707  1.73218535218e-22
19.0400987189  1.75456952933e-22
19.5141480567  1.77516746937e-22
20  1.7962e-22

