0.5 20 151
151
0.5  0
0.512448710082  2.01142522897e-40
0.52520736093  4.072929757e-40
0.538283669269  6.18576042943e-40
0.55168554395  8.35119513485e-40
0.565421090737  1.0570543578e-39
0.579498617203  1.28451480718e-39
0.59392663776  1.51763843494e-39
0.608713878807  1.75656623961e-39
0.623869284008  2.00144273022e-39
0.6394020197  2.2524160137e-39
0.655321480438  2.50963788448e-39
0.67163729468  2.77326391625e-39
0.688359330604  3.0434535561e-39
0.705497702082  3.32037022093e-39
0.723062774796  3.60418139632e-39
0.741065172505  3.89505873779e-39
0.759515783475  4.19317817465e-39
0.778425767058  4.49872001639e-39
0.797806560447  4.81186906173e-39
0.817669885593  5.13281471044e-39
0.83802775629  5.46175107781e-39
0.858892485448  5.79887711212e-39
0.880276692535  6.14439671497e-39
0.90219331121  6.49851886453e-39
0.924655597149  6.86145774205e-39
0.947677136058  7.23343286129e-39
0.971271851895  7.61466920137e-39
0.995454015286  9.77627707388e-35
1.02023825216  1.68989687066e-32
1.04563955259  3.81090797634e-32
1.07167327987  5.9847267867e-32
1.0983551798  8.21266807734e-32
1.1257013902  1.04960793584e-31
1.15372845069  1.28363416895e-31
1.18245331269  1.52348705152e-31
1.21189334964  1.76931165208e-31
1.24206636756  2.02125665101e-31
1.27299061578  2.27947443044e-31
1.30468479801  2.54412116642e-31
1.33716808361  2.81535692337e-31
1.37046011922  3.09334575093e-31
1.40458104063  3.37825578313e-31
1.43955148495  3.67025934012e-31
1.47539260312  3.96953303235e-31
1.51212607267  4.27625786744e-31
1.54977411084  4.59061935962e-31
1.58835948804  4.91280764196e-31
1.62790554158  5.24301758134e-31
1.66843618984  5.58144889632e-31
1.70997594668  5.92830627794e-31
1.75254993629  6.28379951353e-31
1.79618390842  6.64814361358e-31
1.84090425388  7.02155894177e-31
1.88673802057  7.40427134828e-31
1.93371292981  7.79651230637e-31
1.9818573931  8.19851905241e-31
2.03120052932  5.37793351757e-29
2.08177218234  1.39594625988e-28
2.13360293905  2.27546496153e-28
2.18672414789  3.17688140983e-28
2.24116793778  4.10074080219e-28
2.29696723759  5.04760191001e-28
2.35415579601  6.01803741667e-28
2.41276820199  7.01263426388e-28
2.47283990568  8.0319940067e-28
2.53440723981  9.07673317733e-28
2.59750744173  1.0147483658e-27
2.66217867588  1.12448930634e-27
2.72846005693  1.23696251318e-27
2.79639167337  1.3522360127e-27
2.86601461181  1.47037952498e-27
2.9373709818  1.59146450593e-27
3.01050394131  3.03432047127e-27
3.08545772284  1.16935811445e-26
3.16227766017  2.06790755468e-26
3.24101021575  2.98882855786e-26
3.32170300885  3.9326781182e-26
3.40440484432  4.90002709761e-26
3.48916574214  5.89146057101e-26
3.57603696765  6.90757818017e-26
3.66507106256  7.94899449637e-26
3.75632187674  9.01633939217e-26
3.84984460077  1.01102584223e-25
3.94569579937  1.12314132141e-25
4.04393344553  1.89274252047e-25
4.14461695564  3.51089164891e-25
4.2478072254  5.16932851609e-25
4.35356666667  6.86905618277e-25
4.46195924519  8.61110268334e-25
4.57305051927  1.03965216476e-24
4.68690767949  1.22263929379e-24
4.80359958925  1.41018233027e-24
4.92319682653  1.60239470452e-24
5.04577172647  2.09598645549e-24
5.1713984252  3.11193095e-24
5.30015290463  4.15316984146e-24
5.43211303844  5.22033289509e-24
5.56735863914  6.31406555565e-24
5.70597150638  7.43502933781e-24
5.84803547643  8.58390222625e-24
5.99363647282  9.8305649704e-24
6.1428625584  1.24872079496e-23
6.29580398853  1.53502499569e-23
6.4525532657  1.8284574324e-23
6.6132051955  2.12919557977e-23
6.77785694388  2.43742133117e-23
6.94660809603  2.7533211086e-23
7.11956071652  3.14741088356e-23
7.29681941106  3.58349917871e-23
7.47849138981  4.03044494737e-23
7.66468653214  4.48851851263e-23
7.85551745316  4.95799692791e-23
8.0510995718  5.43588304104e-23
8.25155118063  5.91615908224e-23
8.45699351738  6.40839275784e-23
8.66755083831  6.91288178207e-23
8.88335049333  7.42993128151e-23
9.10452300303  7.92691564563e-23
9.33120213764  8.39859865608e-23
9.5635249979  8.88202535663e-23
9.80163209803  9.37748813486e-23
10.0456674507  9.86948415494e-23
10.295778654  1.03060210702e-22
10.5521169811  1.07530084646e-22
10.8148374712  1.1211124692e-22
11.0840990237  1.16562968003e-22
11.3600644943  1.20576057876e-22
11.6429007931  1.24689063333e-22
11.9327789861  1.2890399977e-22
12.2298743982  1.3268761703e-22
12.5343667197  1.36403945814e-22
12.8464401144  1.40212801596e-22
13.1662833315  1.43803376548e-22
13.4940898196  1.47186995118e-22
13.8300578436  1.50654857062e-22
14.1743906047  1.53945032446e-22
14.5272963631  1.57053426366e-22
14.8889885645  1.60239211276e-22
15.2596859686  1.63181784039e-22
15.6396127818  1.66056310307e-22
16.0289987924  1.68959582762e-22
16.4280795102  1.71583068076e-22
16.8370963082  1.74258446952e-22
17.2562965694  1.76784121556e-22
17.6859338356  1.79231765061e-22
18.1262679613  1.81651582199e-22
18.5775652707  1.83905360962e-22
19.0400987189  1.86183575011e-22
19.5141480567  1.88277251449e-22
20  1.90415e-22

