1 20 101
101
1  0
1.03041055791  4.12774666753e-38
1.06174591785  8.38102041413e-38
1.09403420358  1.27636385883e-37
1.12730439408  1.72795346263e-37
1.16158634964  2.19327615822e-37
1.1969108386  2.6727495766e-37
1.23330956497  3.16680404914e-37
1.27081519692  3.67588299382e-37
1.30946139606  4.20044331323e-37
1.34928284767  4.74095580461e-37
1.39031529185  5.29790558242e-37
1.43259555555  5.87179251369e-37
1.47616158565  6.46313166672e-37
1.52105248304  7.07245377332e-37
1.56730853766  7.70030570512e-37
1.61497126471  8.34725096445e-37
1.66408344188  9.01387019006e-37
1.71468914776  9.70076167823e-37
1.76683380139  1.04085419198e-36
1.82056420303  1.11378461534e-36
1.87592857615  1.18893289356e-36
1.93297661076  1.26636647284e-36
1.99175950792  1.36219996097e-34
2.05233002578  8.68126768635e-33
2.11474252688  1.90335445292e-32
2.17905302696  2.97006398864e-32
2.24531924523  4.06921275647e-32
2.31360065617  5.20178725157e-32
2.3839585429  6.36880396893e-32
2.45645605223  7.57131031576e-32
2.53115825126  8.81038555149e-32
2.60813218585  1.00871417564e-31
2.68744694072  1.14027248299e-31
2.76917370155  1.27583155186e-31
2.85338581877  1.41551304764e-31
2.94015887345  1.55944233564e-31
3.02957074514  3.23753499568e-30
3.12170168173  1.28076480111e-29
3.21663437151  2.26687935027e-29
3.31445401734  3.28298219302e-29
3.41524841318  4.32998529012e-29
3.51910802283  5.40882833554e-29
3.62612606115  6.52047959987e-29
3.73639857773  7.66593679934e-29
3.85002454306  8.84622799132e-29
3.96710593738  1.00624124969e-28
4.08774784223  6.66591451323e-28
4.21205853471  1.46354593341e-27
4.34014958471  2.28473624593e-27
4.472135955  3.13089941401e-27
4.60813610445  4.00279487611e-27
4.74827209431  4.90120516565e-27
4.89266969782  5.82693661333e-27
5.041458513  1.11596674264e-26
5.19477207907  2.8335534947e-26
5.35274799621  4.60337301815e-26
5.51552804914  6.42701374072e-26
5.68325833429  8.30611239508e-26
5.85608939099  1.02423554879e-25
6.03417633655  1.49358458046e-25
6.21767900547  3.10881509583e-25
6.40676209294  4.77950409511e-25
6.6015953026  6.50099967895e-25
6.80235349885  8.27484690394e-25
7.00921686386  1.0664213308e-24
7.22237105921  1.87514433104e-24
7.44200739256  2.73743218306e-24
7.66832298935  3.62594268974e-24
7.9015209697  4.54147329663e-24
8.14181063074  6.44397055621e-24
8.38940763443  9.09063396744e-24
8.64453420113  1.18177838896e-23
8.90741930907  1.46278679624e-23
9.17829889981  1.89349471598e-23
9.45741609003  2.41282295127e-23
9.74502138973  2.94794424794e-23
10.041372927  3.51908943544e-23
10.34673668  4.21797505109e-23
10.661386715  4.93996472839e-23
10.9856054331  5.68422963305e-23
11.3196838233  6.45751315132e-23
11.6639217237  7.25496778673e-23
12.0186280908  8.07054166804e-23
12.3841212763  8.85268935149e-23
12.7607293136  9.65583611958e-23
13.1487902114  1.04477301121e-22
13.5486522576  1.12045889931e-22
13.9606743317  1.19819675589e-22
14.3852262269  1.26985296271e-22
14.8226889821  1.34248927859e-22
15.2734552238  1.41171226596e-22
15.7379295184  1.47928398634e-22
16.2165287354  1.54508886825e-22
16.7096824217  1.60812870396e-22
17.2178331866  1.66979851346e-22
17.7414370999  1.72882961864e-22
18.2809641002  1.7860679811e-22
18.8368984177  1.84164473481e-22
19.4097390079  1.89442906387e-22
20  1.94698e-22

