0.5 20000 301
301
0.5  0
0.51797667599  8.4968094557e-41
0.536599673739  1.72991076925e-40
0.555892230681  2.6417878056e-40
0.575878419714  3.586449878e-40
0.596583179235  4.56507571839e-40
0.618032344264  5.57888643808e-40
0.640252678672  6.62914705141e-40
0.663271908584  7.71716805425e-40
0.687118756972  8.84430705916e-40
0.711822979493  1.00119704894e-39
0.737415401622  1.1221615334e-39
0.763927957112  1.24747509655e-39
0.791393727841  1.37729410234e-39
0.819846985093  1.51178053654e-39
0.849323232317  1.65110220884e-39
0.879859249433  1.79543296227e-39
0.911493138721  1.94495289007e-39
0.944264372364  2.09984856047e-39
0.978213841706  2.26031324942e-39
1.01338390827  5.97610548398e-33
1.04981845661  2.22446433206e-32
1.0875629491  3.90980896242e-32
1.12666448261  5.65574738149e-32
1.16717184731  7.46445813907e-32
1.20913558756  9.33819811115e-32
1.25260806493  1.1279305316e-31
1.29764352358  1.32902018313e-31
1.34429815793  1.53733968169e-31
1.39263018277  1.75314896451e-31
1.44269990591  1.97671731443e-31
1.49456980343  2.20832369593e-31
1.54830459763  2.44825710318e-31
1.6039713378  2.69681692067e-31
1.66163948387  2.95431329677e-31
1.7213809931  3.22106753072e-31
1.78327040983  3.49741247353e-31
1.84738495855  3.78369294333e-31
1.91380464021  4.08026615563e-31
1.98261233206  4.38750216903e-31
2.05389389107  6.00734582072e-29
2.12773826107  1.41773146946e-28
2.20423758369  2.2641021335e-28
2.28348731338  3.14090265993e-28
2.3655863365  4.04922710431e-28
2.4506370947  4.99020885714e-28
2.53874571274  5.96502205815e-28
2.63002213093  6.97488306128e-28
2.72458024232  8.02105195251e-28
2.82253803477  9.10483412211e-28
2.92401773821  1.02275818935e-27
3.02914597715  3.58239290248e-27
3.13805392866  1.2832699545e-26
3.25087748609  2.24155857181e-26
3.36775742859  3.23430087708e-26
3.48883959681  4.26273559587e-26
3.61427507483  5.3281459901e-26
3.74422037875  6.43186145924e-26
3.87883765192  7.57525919912e-26
4.01829486729  1.09217228927e-25
4.16276603701  2.92213893486e-25
4.31243142955  4.81789901538e-25
4.46747779462  6.78181802534e-25
4.62809859623  8.81634650673e-25
4.79449425406  1.09240231067e-24
4.96687239354  1.31074777454e-24
5.14544810495  2.3594830792e-24
5.33044421176  3.64000313688e-24
5.52209154871  4.96656218291e-24
5.72062924983  6.34081547324e-24
5.92630504679  7.76447777583e-24
6.13937557808  1.07150616605e-23
6.36010670917  1.45800799296e-23
6.58877386432  1.8584058561e-23
6.82566237018  2.27319936454e-23
7.07106781187  2.75356854125e-23
7.32529640178  3.37995781579e-23
7.58866536167  4.02886788439e-23
7.86150331847  4.70110844509e-23
8.14415071437  5.40059022347e-23
8.43696023158  6.12827825632e-23
8.74029723243  6.88212911314e-23
9.05454021523  7.64704515664e-23
9.38008128661  8.36034770552e-23
9.7173266507  9.099295872e-23
10.0666971161  9.84208935999e-23
10.4286286208  1.05118253959e-22
10.8035727762  1.12056406872e-22
11.1919974309  1.18668686042e-22
11.5943872539  1.24908939208e-22
12.0112443398  1.31345842447e-22
12.4430888353  1.36978740557e-22
12.8904595879  1.42814160235e-22
13.3539148186  1.48152807766e-22
13.8340328184  1.53456842328e-22
14.3314126696  1.58415953375e-22
14.8466749937  1.63275484998e-22
15.3804627255  1.67805333928e-22
15.9334419155  1.72287466938e-22
16.5063025609  1.76378846218e-22
17.0997594668  1.80452412483e-22
17.7145531376  1.84212301893e-22
18.3514507018  1.8547008904e-22
19.0112468682  1.84967067827e-22
19.6947649184  1.84944165098e-22
20.4028577337  1.8537580296e-22
21.1364088592  1.86236283778e-22
21.8963336065  1.87499728559e-22
22.6835801957  1.89140014184e-22
23.4991309386  1.91130709425e-22
24.3440034645  1.93039027133e-22
25.2192519896  1.94350286598e-22
26.1259686331  1.95539830227e-22
27.0652847792  1.96611713177e-22
28.0383724893  1.97569846775e-22
29.0464459643  1.98418004359e-22
30.0907630598  1.99159826989e-22
31.1726268555  1.99798829035e-22
32.2933872809  2.0033840366e-22
33.4544428005  2.00781828186e-22
34.6572421578  2.01132269379e-22
35.9032861837  2.01392788636e-22
37.1941296691  2.015663471e-22
38.5313833047  2.01655810707e-22
39.9167156909  2.01663955167e-22
41.35185542  2.01593470901e-22
42.8385932329  2.01446967931e-22
44.3787842538  2.01226980736e-22
45.9743503045  2.00935973085e-22
47.627282303  2.00576342855e-22
49.3396427475  2.00150426831e-22
51.1135682897  1.99660505513e-22
52.9512724014  1.9910880793e-22
54.8550481358  1.98497516453e-22
56.8272709893  1.97828771645e-22
58.8704018652  1.97104677113e-22
60.9869901447  1.96327304404e-22
63.1796768676  1.95498697913e-22
65.4511980279  1.94620879834e-22
67.8043879881  1.93695855121e-22
70.2421830153  1.92725616484e-22
72.767624945  1.91712149398e-22
75.3838649774  1.90657437108e-22
78.0941676085  1.89563465635e-22
80.9019147041  1.88432228749e-22
83.8106097193  1.87265732896e-22
86.8238820702  1.86066002045e-22
89.9454916625  1.84835082419e-22
93.1793335833  1.83575047081e-22
96.5294429608  1.82288000313e-22
100  1.80976081749e-22
103.595335198  1.79641470178e-22
107.319934748  1.78286386972e-22
111.178446136  1.76913099045e-22
115.175683943  1.7552392125e-22
119.316635847  1.74121218144e-22
123.606468853  1.72707404996e-22
128.050535734  1.71284947945e-22
132.654381717  1.69856363195e-22
137.423751394  1.6842421514e-22
142.364595899  1.66991113305e-22
147.483080324  1.65559707995e-22
152.785591422  1.64132684573e-22
158.278745568  1.62712756261e-22
163.969397019  1.6130265543e-22
169.864646463  1.59905123309e-22
175.971849887  1.58522898136e-22
182.298627744  1.57158701759e-22
188.852874473  1.55815224753e-22
195.642768341  1.54495110188e-22
202.676781654  1.53299485334e-22
209.963691323  1.52031614083e-22
217.51258982  1.50794670097e-22
225.332896521  1.49590914236e-22
233.434369463  1.48422465748e-22
241.827117512  1.47291283052e-22
250.521612986  1.46199145279e-22
259.528704717  1.45147635002e-22
268.859631586  1.4413812258e-22
278.526036554  1.43171752541e-22
288.539981181  1.42249432389e-22
298.913960685  1.41371824183e-22
309.660919525  1.40539339177e-22
320.794267559  1.39752135742e-22
332.327896774  1.39010120743e-22
344.276198619  1.3831295443e-22
356.654081967  1.37660058881e-22
369.476991711  1.37050629941e-22
382.760928042  1.36483652586e-22
396.522466412  1.35957919613e-22
410.778778215  1.35472053599e-22
425.547652214  1.35024532175e-22
440.847516738  1.34613716863e-22
456.697462677  1.34237886227e-22
473.117267301  1.33895275124e-22
490.127418939  1.33584124946e-22
507.749142548  1.33304415916e-22
526.004426187  1.33072163826e-22
544.916048465  1.32891255873e-22
564.507606954  1.32760899006e-22
584.803547643  1.32680149427e-22
605.82919543  1.3208526625e-22
627.610785733  1.32145067434e-22
650.175497219  1.32247588085e-22
673.551485719  1.32393297264e-22
697.767919361  1.32582548674e-22
722.855014966  1.32815578538e-22
748.84407575  1.3309250446e-22
775.767530383  1.33413325286e-22
803.658973457  1.33777921956e-22
832.553207402  1.34186059352e-22
862.486285909  1.34637389093e-22
893.495558925  1.35131453233e-22
925.619719247  1.35667688797e-22
958.898850812  1.38183233791e-22
993.374478709  1.39435493512e-22
1029.08962099  1.40593810293e-22
1066.08884235  1.41667790006e-22
1104.41830974  1.42666011857e-22
1144.12584997  1.43596184482e-22
1185.26100936  1.44465272072e-22
1227.87511562  1.45279597099e-22
1272.02134183  1.46044924557e-22
1317.75477286  1.46766531487e-22
1365.13247404  1.47449264706e-22
1414.21356237  1.48097588983e-22
1465.05928036  1.48715627438e-22
1517.73307233  1.49090516934e-22
1572.30066369  1.49570824136e-22
1628.83014287  1.50006335617e-22
1687.39204632  1.50400170712e-22
1748.05944649  1.50755199869e-22
1810.90804305  1.5107407187e-22
1876.01625732  1.51359237353e-22
1943.46533014  1.51612969232e-22
2013.33942322  1.51837380461e-22
2085.72572415  1.52034439539e-22
2160.71455525  1.52205984081e-22
2238.39948618  1.52353732716e-22
2318.87745078  1.52479295546e-22
2402.24886796  1.52584183353e-22
2488.61776706  1.52669815726e-22
2578.09191758  1.52737528233e-22
2670.78296373  1.52788578779e-22
2766.80656368  1.52824153235e-22
2866.28253393  1.52845370444e-22
2969.33499874  1.52853286679e-22
3076.0925451  1.52848899616e-22
3186.68838309  1.52833151892e-22
3301.26051218  1.52806934301e-22
3419.95189335  1.52771088667e-22
3542.91062753  1.52726410446e-22
3670.29014035  1.52673651092e-22
3802.24937364  1.52613520206e-22
3938.95298368  1.52546687522e-22
4080.57154674  1.52473784729e-22
4227.28177184  1.52395407168e-22
4379.2667213  1.52312115412e-22
4536.71603914  1.52224436759e-22
4699.82618773  1.52132866634e-22
4868.8006929  1.5203786993e-22
5043.85039793  1.51939882282e-22
5225.19372662  1.518393113e-22
5413.05695583  1.51736537752e-22
5607.67449785  1.51631916708e-22
5809.28919286  1.51525778664e-22
6018.15261197  1.51418430616e-22
6234.52537109  1.51310157133e-22
6458.67745619  1.5120122138e-22
6690.88856009  1.51091866142e-22
6931.44843155  1.50982314807e-22
7180.65723674  1.50872772341e-22
7438.82593382  1.50763426232e-22
7706.27666093  1.50654447421e-22
7983.34313818  1.50545991202e-22
8270.371084  1.50438198108e-22
8567.71864659  1.50331194765e-22
8875.75685075  1.50225094728e-22
9194.87006089  1.50119999289e-22
9525.4564606  1.50015998262e-22
9867.9285495  1.49913170734e-22
10222.7136579  1.49811585802e-22
10590.2544803  1.49711303267e-22
10971.0096272  1.4961237431e-22
11365.4541979  1.49514842138e-22
11774.080373  1.49418742598e-22
12197.3980289  1.49324104763e-22
12635.9353735  1.4923095149e-22
13090.2396056  1.49139299954e-22
13560.8775976  1.49049162142e-22
14048.4366031  1.48960545328e-22
14553.524989  1.48873452522e-22
15076.7729955  1.48787882881e-22
15618.8335217  1.48703832109e-22
16180.3829408  1.48621292815e-22
16762.1219439  1.48540254862e-22
17364.776414  1.48460705676e-22
17989.0983325  1.4838263055e-22
18635.8667167  1.48517409927e-22
19305.8885922  1.48465700168e-22
20000  1.48414553195e-22

