0.5 20 151
151
0.5  0
0.512448710082  6.35693380354e-37
0.52520736093  1.28721388589e-36
0.538283669269  1.95495557121e-36
0.55168554395  2.63932230182e-36
0.565421090737  3.34072799847e-36
0.579498617203  4.05959688746e-36
0.59392663776  4.79636375722e-36
0.608713878807  5.5514742213e-36
0.623869284008  6.32538498787e-36
0.6394020197  7.11856413597e-36
0.655321480438  7.93149139859e-36
0.67163729468  8.76465845283e-36
0.688359330604  9.61856921728e-36
0.705497702082  1.04937401568e-35
0.723062774796  1.1390700595e-35
0.741065172505  1.2309993034e-35
0.759515783475  1.32521734831e-35
0.778425767058  1.42178117948e-35
0.797806560447  1.52074920092e-35
0.817669885593  1.62218127078e-35
0.83802775629  1.7261387375e-35
0.858892485448  1.83268447694e-35
0.880276692535  1.94188293043e-35
0.90219331121  2.05380014369e-35
0.924655597149  2.16850380684e-35
0.947677136058  2.28606329528e-35
0.971271851895  2.4065497117e-35
0.995454015286  9.70103622209e-33
1.02023825216  1.67268033026e-30
1.04563955259  3.77205169408e-30
1.07167327987  5.92369198883e-30
1.0983551798  8.12890257604e-30
1.1257013902  1.03890172178e-29
1.15372845069  1.27054028834e-29
1.18245331269  1.50794605762e-29
1.21189334964  1.75126261808e-29
1.24206636756  2.00063713319e-29
1.27299061578  2.25622043038e-29
1.30468479801  2.5181670923e-29
1.33716808361  2.78663555032e-29
1.37046011922  3.06178818035e-29
1.40458104063  3.34379140102e-29
1.43955148495  3.63281577435e-29
1.47539260312  3.92903610895e-29
1.51212607267  4.23263156568e-29
1.54977411084  4.54378576606e-29
1.58835948804  4.8626869033e-29
1.62790554158  5.18952785614e-29
1.66843618984  5.52450630552e-29
1.70997594668  5.86782485409e-29
1.75254993629  6.21969114882e-29
1.79618390842  6.58031800653e-29
1.84090425388  6.94992354264e-29
1.88673802057  7.32873130308e-29
1.93371292981  7.71697039949e-29
1.9818573931  8.11487564781e-29
2.03120052932  1.32625924386e-27
2.08177218234  3.34197715191e-27
2.13360293905  5.40788123566e-27
2.18672414789  7.52522100139e-27
2.24116793778  9.69527706491e-27
2.29696723759  1.1919361926e-26
2.35415579601  1.41988207624e-26
2.41276820199  1.65350322432e-26
2.47283990568  1.89294093628e-26
2.53440723981  2.13834002956e-26
2.59750744173  2.38984892717e-26
2.66217867588  2.64761974748e-26
2.72846005693  2.91180839621e-26
2.79639167337  3.18257466073e-26
2.86601461181  3.46008230671e-26
2.9373709818  3.74449917714e-26
3.01050394131  5.28889833288e-26
3.08545772284  1.36936558908e-25
3.16227766017  2.24127856107e-25
3.24101021575  3.13489991666e-25
3.32170300885  4.05077013861e-25
3.40440484432  4.9894431663e-25
3.48916574214  5.95148673075e-25
3.57603696765  6.93748269804e-25
3.66507106256  7.94802742121e-25
3.75632187674  8.98373210095e-25
3.84984460077  1.00452231553e-24
3.94569579937  1.11331425984e-24
4.04393344553  1.51183038623e-24
4.14461695564  2.28386862194e-24
4.2478072254  3.07512861799e-24
4.35356666667  3.88608894662e-24
4.46195924519  4.71724009529e-24
4.57305051927  5.56908476332e-24
4.68690767949  6.44213816597e-24
4.80359958925  7.33692834602e-24
4.92319682653  8.25399649313e-24
5.04577172647  9.72619993044e-24
5.1713984252  1.2150478511e-23
5.30015290463  1.4635115374e-23
5.43211303844  1.71816132849e-23
5.56735863914  1.97915124242e-23
5.70597150638  2.2466391319e-23
5.84803547643  2.52078677976e-23
5.99363647282  2.80533628145e-23
6.1428625584  3.16824914142e-23
6.29580398853  3.54744753504e-23
6.4525532657  3.93608699039e-23
6.6132051955  4.33440256556e-23
6.77785694388  4.74263517096e-23
6.94660809603  5.16103171506e-23
7.11956071652  5.56826215316e-23
7.29681941106  5.97575330312e-23
7.47849138981  6.39338993146e-23
7.66468653214  6.8214246344e-23
7.85551745316  7.26011629719e-23
8.0510995718  7.68955613968e-23
8.25155118063  8.07122602547e-23
8.45699351738  8.46239850677e-23
8.66755083831  8.86331017369e-23
8.88335049333  9.27420350683e-23
9.10452300303  9.65675176443e-23
9.33120213764  1.00047019693e-22
9.5635249979  1.03613152365e-22
9.80163209803  1.07268072542e-22
10.0456674507  1.10877393608e-22
10.295778654  1.13991303341e-22
10.5521169811  1.17179126777e-22
10.8148374712  1.20446318792e-22
11.0840990237  1.23602100497e-22
11.3600644943  1.2640149423e-22
11.6429007931  1.29270585645e-22
11.9327789861  1.32210785303e-22
12.2298743982  1.34855437738e-22
12.5343667197  1.37454888686e-22
12.8464401144  1.40119059257e-22
13.1662833315  1.4262590972e-22
13.4940898196  1.44983493983e-22
13.8300578436  1.47399776011e-22
14.1743906047  1.49679504627e-22
14.5272963631  1.51819525146e-22
14.8889885645  1.54012826655e-22
15.2596859686  1.560277974e-22
15.6396127818  1.57990879244e-22
16.0289987924  1.59972715067e-22
16.4280795102  1.61756241502e-22
16.8370963082  1.63574730186e-22
17.2562965694  1.65285741792e-22
17.6859338356  1.66939845267e-22
18.1262679613  1.68572376474e-22
18.5775652707  1.70085576353e-22
19.0400987189  1.71614532394e-22
19.5141480567  1.73014623583e-22
20  1.74444e-22

