1 20 101
101
1  0
1.03041055791  1.41551719804e-35
1.06174591785  2.8740810638e-35
1.09403420358  4.37700067048e-35
1.12730439408  5.92562490088e-35
1.16158634964  7.52134365813e-35
1.1969108386  9.16558911306e-35
1.23330956497  1.08598369896e-34
1.27081519692  1.26056078893e-34
1.30946139606  1.44044686561e-34
1.34928284767  1.62580337824e-34
1.39031529185  1.81679668583e-34
1.43259555555  2.01359820646e-34
1.47616158565  2.21638457113e-34
1.52105248304  2.42533778229e-34
1.56730853766  2.64064537717e-34
1.61497126471  2.86250059614e-34
1.66408344188  3.0911025561e-34
1.71468914776  3.32665642919e-34
1.76683380139  3.56937362699e-34
1.82056420303  3.81947199018e-34
1.87592857615  4.07717598414e-34
1.93297661076  4.34271690032e-34
1.99175950792  7.87618047078e-33
2.05233002578  4.77654838383e-31
2.11474252688  1.04678473272e-30
2.17905302696  1.63322218467e-30
2.24531924523  2.23749352672e-30
2.31360065617  2.8601410974e-30
2.3839585429  3.5017237281e-30
2.45645605223  4.16281724453e-30
2.53115825126  4.84401498364e-30
2.60813218585  5.54592832604e-30
2.68744694072  6.26918724478e-30
2.76917370155  7.01444087076e-30
2.85338581877  7.78235807529e-30
2.94015887345  8.57362807044e-30
3.02957074514  7.47584005149e-29
3.12170168173  2.79264267965e-28
3.21663437151  4.89989272941e-28
3.31445401734  7.07122542883e-28
3.41524841318  9.30858956706e-28
3.51910802283  1.1613993197e-27
3.62612606115  1.39895054375e-27
3.73639857773  1.64372583306e-27
3.85002454306  1.89594487548e-27
3.96710593738  2.15583403969e-27
4.08774784223  8.78639103393e-27
4.21205853471  1.80763341958e-26
4.34014958471  2.76487897122e-26
4.472135955  3.75123489414e-26
4.60813610445  4.76758645098e-26
4.74827209431  5.8148458257e-26
4.89266969782  6.89395294228e-26
5.041458513  1.11069185629e-25
5.19477207907  2.37203092733e-25
5.35274799621  3.67172802324e-25
5.51552804914  5.01094963295e-25
5.68325833429  6.39089771898e-25
5.85608939099  7.81281079619e-25
6.03417633655  1.0489371548e-24
6.21767900547  1.83275809785e-24
6.40676209294  2.64326105055e-24
6.6015953026  3.47841185022e-24
6.80235349885  4.33896005164e-24
7.00921686386  5.37179438432e-24
7.22237105921  7.89965952116e-24
7.44200739256  1.0579778468e-23
7.66832298935  1.33414013273e-23
7.9015209697  1.61870066784e-23
8.14181063074  2.0310849857e-23
8.38940763443  2.5412833715e-23
8.64453420113  3.06699717486e-23
8.90741930907  3.60869822828e-23
9.17829889981  4.2281415639e-23
9.45741609003  4.89920348614e-23
9.74502138973  5.59067277583e-23
10.041372927  6.29905717313e-23
10.34673668  7.00600013428e-23
10.661386715  7.73405626426e-23
10.9856054331  8.48056107693e-23
11.3196838233  9.17589768462e-23
11.6639217237  9.88480056252e-23
12.0186280908  1.06061325302e-22
12.3841212763  1.12627101268e-22
12.7607293136  1.19351061165e-22
13.1487902114  1.25912881353e-22
13.5486522576  1.32066758244e-22
13.9606743317  1.38385227117e-22
14.3852262269  1.44133041782e-22
14.8226889821  1.49947359262e-22
15.2734552238  1.55456665276e-22
15.7379295184  1.60811589418e-22
16.2165287354  1.66011495607e-22
16.7096824217  1.70973114844e-22
17.2178331866  1.75816595705e-22
17.7414370999  1.80437923843e-22
18.2809641002  1.84910396125e-22
18.8368984177  1.89244460064e-22
19.4097390079  1.93349345239e-22
20  1.97431e-22

