0.5 20 151
151
0.5  0
0.512448710082  1.34080823735e-39
0.52520736093  2.71499914075e-39
0.538283669269  4.12340385246e-39
0.55168554395  5.56687420803e-39
0.565421090737  7.04628325155e-39
0.579498617203  8.56252576361e-39
0.59392663776  1.01165188026e-38
0.608713878807  1.17092022592e-38
0.623869284008  1.33415394249e-38
0.6394020197  1.5014517575e-38
0.655321480438  1.6729148565e-38
0.67163729468  1.84864694432e-38
0.688359330604  2.02875430776e-38
0.705497702082  2.21334587991e-38
0.723062774796  2.40253330598e-38
0.741065172505  2.5964310109e-38
0.759515783475  2.79515626844e-38
0.778425767058  2.99882927222e-38
0.797806560447  3.20757320834e-38
0.817669885593  3.42151432996e-38
0.83802775629  3.64078203356e-38
0.858892485448  3.86550893732e-38
0.880276692535  4.09583096121e-38
0.90219331121  4.33188740931e-38
0.924655597149  4.57382105399e-38
0.947677136058  4.82177822226e-38
0.971271851895  5.07590888434e-38
0.995454015286  2.97434700566e-34
1.02023825216  5.14086537507e-32
1.04563955259  1.15932273701e-31
1.07167327987  1.82062365328e-31
1.0983551798  2.49838925632e-31
1.1257013902  3.19302947435e-31
1.15372845069  3.90496444175e-31
1.18245331269  4.63462475316e-31
1.21189334964  5.38245172393e-31
1.24206636756  6.148897657e-31
1.27299061578  6.93442611649e-31
1.30468479801  7.73951220809e-31
1.33716808361  8.56464286639e-31
1.37046011922  9.41031714937e-31
1.40458104063  1.02770465403e-30
1.43955148495  1.11653552571e-30
1.47539260312  1.20757805692e-30
1.51212607267  1.30088731228e-30
1.54977411084  1.39651972738e-30
1.58835948804  1.4945331429e-30
1.62790554158  1.5949868396e-30
1.66843618984  1.6979415742e-30
1.70997594668  1.80345961609e-30
1.75254993629  1.911604785e-30
1.79618390842  2.02244248962e-30
1.84090425388  2.13603976714e-30
1.88673802057  2.25246532381e-30
1.93371292981  2.37178957648e-30
1.9818573931  2.4940846952e-30
2.03120052932  1.17647965513e-28
2.08177218234  3.04221450676e-28
2.13360293905  4.9544013429e-28
2.18672414789  6.91419669813e-28
2.24116793778  8.92278590176e-28
2.29696723759  1.09813837947e-27
2.35415579601  1.30912354644e-27
2.41276820199  1.52536169976e-27
2.47283990568  1.74698362523e-27
2.53440723981  1.9741233649e-27
2.59750744173  2.20691829811e-27
2.66217867588  2.44550922458e-27
2.72846005693  2.69004044959e-27
2.79639167337  2.94065987126e-27
2.86601461181  3.19751906997e-27
2.9373709818  3.46077340007e-27
3.01050394131  6.06359755015e-27
3.08545772284  2.14342351135e-26
3.16227766017  3.73832962807e-26
3.24101021575  5.37294479251e-26
3.32170300885  7.0482576575e-26
3.40440484432  8.7652814908e-26
3.48916574214  1.05250547879e-25
3.57603696765  1.23286419002e-25
3.66507106256  1.41771336786e-25
3.75632187674  1.60716481335e-25
3.84984460077  1.80133311108e-25
3.94569579937  2.0003356985e-25
4.04393344553  3.18872539223e-25
4.14461695564  5.6538121257e-25
4.2478072254  8.18027315932e-25
4.35356666667  1.07696365548e-24
4.46195924519  1.34234684188e-24
4.57305051927  1.61433738496e-24
4.68690767949  1.89309979088e-24
4.80359958925  2.17880266155e-24
4.92319682653  2.47161879663e-24
5.04577172647  3.14661807449e-24
5.1713984252  4.48314042199e-24
5.30015290463  5.85293872794e-24
5.43211303844  7.25684147786e-24
5.56735863914  8.69569778441e-24
5.70597150638  1.0170377901e-23
5.84803547643  1.1681773748e-23
5.99363647282  1.33003725703e-23
6.1428625584  1.63459298057e-23
6.29580398853  1.96083540401e-23
6.4525532657  2.29520042214e-23
6.6132051955  2.63789026662e-23
6.77785694388  2.98911220414e-23
6.94660809603  3.3490786618e-23
7.11956071652  3.7662453223e-23
7.29681941106  4.21587618172e-23
7.47849138981  4.67670168955e-23
7.66468653214  5.14900056369e-23
7.85551745316  5.63305846133e-23
8.0510995718  6.11984559705e-23
8.25155118063  6.59173694791e-23
8.45699351738  7.075377176e-23
8.66755083831  7.57105879805e-23
8.88335049333  8.07908161372e-23
9.10452300303  8.56315603879e-23
9.33120213764  9.01742306465e-23
9.5635249979  9.48300016752e-23
9.80163209803  9.96016893914e-23
10.0456674507  1.04332837993e-22
10.295778654  1.08499052582e-22
10.5521169811  1.12764778682e-22
10.8148374712  1.17136710358e-22
11.0840990237  1.2137923932e-22
11.3600644943  1.25189770537e-22
11.6429007931  1.29095174151e-22
11.9327789861  1.33097355553e-22
12.2298743982  1.36680589551e-22
12.5343667197  1.40196866879e-22
12.8464401144  1.43800690441e-22
13.1662833315  1.47193765932e-22
13.4940898196  1.50386928933e-22
13.8300578436  1.53659593455e-22
14.1743906047  1.56761395675e-22
14.5272963631  1.59688396036e-22
14.8889885645  1.62688271154e-22
15.2596859686  1.65456405981e-22
15.6396127818  1.6815920533e-22
16.0289987924  1.70888689523e-22
16.4280795102  1.73352264352e-22
16.8370963082  1.75864445525e-22
17.2562965694  1.78234648867e-22
17.6859338356  1.80530630417e-22
18.1262679613  1.82799807791e-22
18.5775652707  1.84911427902e-22
19.0400987189  1.87045757133e-22
19.5141480567  1.89005775845e-22
20  1.91007e-22

