1 20 101
101
1  0
1.03041055791  2.07134520784e-38
1.06174591785  4.20568117908e-38
1.09403420358  6.40492349798e-38
1.12730439408  8.67104600277e-38
1.16158634964  1.10060825572e-37
1.1969108386  1.34121288761e-37
1.23330956497  1.58913444058e-37
1.27081519692  1.8445954263e-37
1.30946139606  2.10782512312e-37
1.34928284767  2.37905978187e-37
1.39031529185  2.65854283793e-37
1.43259555555  2.94652512965e-37
1.47616158565  3.24326512352e-37
1.52105248304  3.54902914617e-37
1.56730853766  3.86409162333e-37
1.61497126471  4.1887353262e-37
1.66408344188  4.52325162519e-37
1.71468914776  4.86794075147e-37
1.76683380139  5.22311206639e-37
1.82056420303  5.58908433915e-37
1.87592857615  5.9661860329e-37
1.93297661076  6.35475559954e-37
1.99175950792  9.004615322e-35
2.05233002578  5.75218628697e-33
2.11474252688  1.26118393597e-32
2.17905302696  1.96800983095e-32
2.24531924523  2.69633069575e-32
2.31360065617  3.44680020438e-32
2.3839585429  4.22009190946e-32
2.45645605223  5.01689984672e-32
2.53115825126  5.8379391579e-32
2.60813218585  6.6839467326e-32
2.68744694072  7.55568186965e-32
2.76917370155  8.45392695856e-32
2.85338581877  9.37948818177e-32
2.94015887345  1.03331962382e-31
3.02957074514  2.41622873084e-30
3.12170168173  9.60182367851e-30
3.21663437151  1.70059365775e-29
3.31445401734  2.46352126805e-29
3.41524841318  3.24964993263e-29
3.51910802283  4.05968520849e-29
3.62612606115  4.89435410902e-29
3.73639857773  5.75440575648e-29
3.85002454306  6.64061205438e-29
3.96710593738  7.55376838021e-29
4.08774784223  5.28412560843e-28
4.21205853471  1.16635723337e-27
4.34014958471  1.82370215931e-27
4.472135955  2.50103731119e-27
4.60813610445  3.19897060293e-27
4.74827209431  3.91812843545e-27
4.89266969782  4.65915625889e-27
5.041458513  9.07870052635e-27
5.19477207907  2.33853015918e-26
5.35274799621  3.81269743774e-26
5.51552804914  5.3316949657e-26
5.68325833429  6.89688605595e-26
5.85608939099  8.50967548049e-26
6.03417633655  1.25014815195e-25
6.21767900547  2.63858358545e-25
6.40676209294  4.0747151849e-25
6.6015953026  5.55452034752e-25
6.80235349885  7.07932721073e-25
7.00921686386  9.15419833891e-25
7.22237105921  1.6337580844e-24
7.44200739256  2.39992648785e-24
7.66832298935  3.18939449991e-24
7.9015209697  4.00287067466e-24
8.14181063074  5.75025433899e-24
8.38940763443  8.20134087701e-24
8.64453420113  1.07269663241e-23
8.90741930907  1.33293974502e-23
9.17829889981  1.7459915968e-23
9.45741609003  2.24912824389e-23
9.74502138973  2.76756555712e-23
10.041372927  3.32449401274e-23
10.34673668  4.02535356569e-23
10.661386715  4.74965592075e-23
10.9856054331  5.49697514217e-23
11.3196838233  6.28683779476e-23
11.6639217237  7.10275390877e-23
12.0186280908  7.93791255154e-23
12.3841212763  8.74557606026e-23
12.7607293136  9.57526992889e-23
13.1487902114  1.03947430073e-22
13.5486522576  1.11803919557e-22
13.9606743317  1.1987392062e-22
14.3852262269  1.2732986488e-22
14.8226889821  1.34890533678e-22
15.2734552238  1.42101401559e-22
15.7379295184  1.49144225288e-22
16.2165287354  1.56004761101e-22
16.7096824217  1.62579486046e-22
17.2178331866  1.69013025274e-22
17.7414370999  1.75173748917e-22
18.2809641002  1.81145893637e-22
18.8368984177  1.86943176699e-22
19.4097390079  1.92451294861e-22
20  1.97936e-22

