1 20 101
101
1  0
1.03041055791  9.11361845819e-39
1.06174591785  1.85043871383e-38
1.09403420358  2.81807343332e-38
1.12730439408  3.81513446448e-38
1.16158634964  4.84251667787e-38
1.1969108386  5.90114215756e-38
1.23330956497  6.9919610287e-38
1.27081519692  8.11595231029e-38
1.30946139606  9.27412479385e-38
1.34928284767  1.04675179488e-37
1.39031529185  1.16972028554e-37
1.43259555555  1.2964283166e-37
1.47616158565  1.42698960958e-37
1.52105248304  1.56152134433e-37
1.56730853766  1.70014426418e-37
1.61497126471  1.84298278437e-37
1.66408344188  1.99016510364e-37
1.71468914776  2.14182331936e-37
1.76683380139  2.29809354603e-37
1.82056420303  2.45911603748e-37
1.87592857615  2.62503531273e-37
1.93297661076  2.79600028571e-37
1.99175950792  5.34154657535e-35
2.05233002578  3.41875340345e-33
2.11474252688  7.49584381629e-33
2.17905302696  1.16969208232e-32
2.24531924523  1.60257549258e-32
2.31360065617  2.04862312885e-32
2.3839585429  2.50823532259e-32
2.45645605223  2.98182457957e-32
2.53115825126  3.46981595008e-32
2.60813218585  3.97264741042e-32
2.68744694072  4.490770256e-32
2.76917370155  5.02464950639e-32
2.85338581877  5.57476432263e-32
2.94015887345  6.14160843735e-32
3.02957074514  1.65117098889e-30
3.12170168173  6.59204945256e-30
3.21663437151  1.16831827869e-29
3.31445401734  1.69291403263e-29
3.41524841318  2.23346303612e-29
3.51910802283  2.7904504364e-29
3.62612606115  3.36437613426e-29
3.73639857773  3.95575523279e-29
3.85002454306  4.56511849965e-29
3.96710593738  5.19301284343e-29
4.08774784223  3.89709276153e-28
4.21205853471  8.65735418093e-28
4.34014958471  1.35623778059e-27
4.472135955  1.86165659359e-27
4.60813610445  2.38244547467e-27
4.74827209431  2.91907183617e-27
4.89266969782  3.47201730472e-27
5.041458513  6.92994251901e-27
5.19477207907  1.81974608909e-26
5.35274799621  2.98076307827e-26
5.51552804914  4.17708724184e-26
5.68325833429  5.40979229067e-26
5.85608939099  6.67998458777e-26
6.03417633655  9.91400169559e-26
6.21767900547  2.1320032317e-25
6.40676209294  3.31181493228e-25
6.6015953026  4.52750536489e-25
6.80235349885  5.78016562181e-25
7.00921686386  7.50689401951e-25
7.22237105921  1.36532074704e-24
7.44200739256  2.02113485153e-24
7.66832298935  2.69689262881e-24
7.9015209697  3.39320057712e-24
8.14181063074  4.94846411606e-24
8.38940763443  7.15050520792e-24
8.64453420113  9.41951159792e-24
8.90741930907  1.17575197381e-23
9.17829889981  1.56252289051e-23
9.45741609003  2.0390959546e-23
9.74502138973  2.53016187146e-23
10.041372927  3.06200316743e-23
10.34673668  3.7544291637e-23
10.661386715  4.47033350933e-23
10.9856054331  5.20985544094e-23
11.3196838233  6.00881317277e-23
11.6639217237  6.8358584981e-23
12.0186280908  7.68336327725e-23
12.3841212763  8.51209052209e-23
12.7607293136  9.36388789304e-23
13.1487902114  1.02071109319e-22
13.5486522576  1.10188464803e-22
13.9606743317  1.18527035141e-22
14.3852262269  1.26251942629e-22
14.8226889821  1.34088650426e-22
15.2734552238  1.41570279044e-22
15.7379295184  1.48882962338e-22
16.2165287354  1.56007922986e-22
16.7096824217  1.6283810154e-22
17.2178331866  1.69523317706e-22
17.7414370999  1.75927517168e-22
18.2809641002  1.82137898559e-22
18.8368984177  1.88168674035e-22
19.4097390079  1.9389853725e-22
20  1.99604e-22

