0.5 20 151
151
0.5  0
0.512448710082  9.15664870105e-42
0.52520736093  1.85412743321e-41
0.538283669269  2.81595529306e-41
0.55168554395  3.80173018526e-41
0.565421090737  4.81204832914e-41
0.579498617203  5.84752078835e-41
0.59392663776  6.90877384044e-41
0.608713878807  7.99644935568e-41
0.623869284008  9.11120518522e-41
0.6394020197  1.0253715559e-40
0.655321480438  1.14246714937e-40
0.67163729468  1.26247812102e-40
0.688359330604  1.38547705626e-40
0.705497702082  1.51153834766e-40
0.723062774796  1.64073824001e-40
0.741065172505  1.77315487636e-40
0.759515783475  1.90886834535e-40
0.778425767058  2.04796072959e-40
0.797806560447  2.19051615537e-40
0.817669885593  2.33662084348e-40
0.83802775629  2.48636316139e-40
0.858892485448  2.63983367671e-40
0.880276692535  2.79712521194e-40
0.90219331121  2.9583329006e-40
0.924655597149  3.12355424483e-40
0.947677136058  3.29288917428e-40
0.971271851895  3.46644010662e-40
0.995454015286  1.54850522518e-35
1.02023825216  2.67685325868e-33
1.04563955259  6.03660705358e-33
1.07167327987  9.48001005036e-33
1.0983551798  1.30091448984e-32
1.1257013902  1.66261460995e-32
1.15372845069  2.03332012992e-32
1.18245331269  2.41325526099e-32
1.21189334964  2.80264979665e-32
1.24206636756  3.20173925167e-32
1.27299061578  3.61076500453e-32
1.30468479801  4.02997444343e-32
1.33716808361  4.45962111586e-32
1.37046011922  4.89996488202e-32
1.40458104063  5.35127207194e-32
1.43955148495  5.81381564659e-32
1.47539260312  6.28787536296e-32
1.51212607267  6.77373794328e-32
1.54977411084  7.27169724839e-32
1.58835948804  7.78205445556e-32
1.62790554158  8.30511824054e-32
1.66843618984  8.84120496436e-32
1.70997594668  9.39063886458e-32
1.75254993629  9.95375225146e-32
1.79618390842  1.05308857089e-31
1.84090425388  1.11223883006e-31
1.88673802057  1.17286177808e-31
1.93371292981  1.23499408111e-31
1.9818573931  1.2986733182e-31
2.03120052932  1.52331276575e-29
2.08177218234  3.97094907852e-29
2.13360293905  6.47952522099e-29
2.18672414789  9.05055843769e-29
2.24116793778  1.16856037486e-28
2.29696723759  1.43862548898e-28
2.35415579601  1.71541452772e-28
2.41276820199  1.99909489946e-28
2.47283990568  2.2898381806e-28
2.53440723981  2.58782021937e-28
2.59750744173  2.89322124216e-28
2.66217867588  3.20622596254e-28
2.72846005693  3.52702369295e-28
2.79639167337  3.85580845925e-28
2.86601461181  4.19277911801e-28
2.9373709818  4.53813947685e-28
3.01050394131  1.01904893193e-27
3.08545772284  4.48327174242e-27
3.16227766017  8.07819698815e-27
3.24101021575  1.17626265982e-26
3.32170300885  1.55387890003e-26
3.40440484432  1.94089681043e-26
3.48916574214  2.33755046836e-26
3.57603696765  2.74407977907e-26
3.66507106256  3.16073062084e-26
3.75632187674  3.58775499368e-26
3.84984460077  4.02541117175e-26
3.94569579937  4.47396385958e-26
4.04393344553  8.3168207366e-26
4.14461695564  1.65412156838e-25
4.2478072254  2.49703768476e-25
4.35356666667  3.36094023785e-25
4.46195924519  4.24635173579e-25
4.57305051927  5.15380769582e-25
4.68690767949  6.08385696816e-25
4.80359958925  7.037062068e-25
4.92319682653  8.01399951572e-25
5.04577172647  1.09603698439e-24
5.1713984252  1.73251760584e-24
5.30015290463  2.38484495275e-24
5.43211303844  3.05341356771e-24
5.56735863914  3.73862781637e-24
5.70597150638  4.44090213209e-24
5.84803547643  5.16066126652e-24
5.99363647282  5.95874176809e-24
6.1428625584  7.98054713735e-24
6.29580398853  1.01751372125e-23
6.4525532657  1.24243669188e-23
6.6132051955  1.47295966421e-23
6.77785694388  1.70922206384e-23
6.94660809603  1.95136678771e-23
7.11956071652  2.29124432852e-23
7.29681941106  2.6815555658e-23
7.47849138981  3.08158454596e-23
7.66468653214  3.49157321571e-23
7.85551745316  3.91176954563e-23
8.0510995718  4.34895156246e-23
8.25155118063  4.81592363038e-23
8.45699351738  5.29452209809e-23
8.66755083831  5.78503643293e-23
8.88335049333  6.28776330926e-23
9.10452300303  6.77866139452e-23
9.33120213764  7.25393522915e-23
9.5635249979  7.74104215612e-23
9.80163209803  8.24027678893e-23
10.0456674507  8.73735870815e-23
10.295778654  9.18433602664e-23
10.5521169811  9.6420560505e-23
10.8148374712  1.01111721221e-22
11.0840990237  1.0567998995e-22
11.3600644943  1.09821127801e-22
11.6429007931  1.14065369301e-22
11.9327789861  1.184148074e-22
12.2298743982  1.22334209881e-22
12.5343667197  1.26189082671e-22
12.8464401144  1.30139931848e-22
13.1662833315  1.33871046964e-22
13.4940898196  1.37393983292e-22
13.8300578436  1.41004631645e-22
14.1743906047  1.4443452161e-22
14.5272963631  1.47679490059e-22
14.8889885645  1.51005249851e-22
15.2596859686  1.54082453186e-22
15.6396127818  1.57091093619e-22
16.0289987924  1.60130273562e-22
16.4280795102  1.62880341201e-22
16.8370963082  1.65684969386e-22
17.2562965694  1.68335422375e-22
17.6859338356  1.70905942138e-22
18.1262679613  1.73448159333e-22
18.5775652707  1.75818372802e-22
19.0400987189  1.78214693891e-22
19.5141480567  1.80420076243e-22
20  1.82672e-22

