0.5 20 151
151
0.5  0
0.512448710082  1.00681183559e-37
0.52520736093  2.03869068847e-37
0.538283669269  3.09626066271e-37
0.55168554395  4.18016140096e-37
0.565421090737  5.2910484713e-37
0.579498617203  6.42959376379e-37
0.59392663776  7.5964858968e-37
0.608713878807  8.79243063353e-37
0.623869284008  1.00181513089e-36
0.6394020197  1.12743892669e-36
0.655321480438  1.25619043091e-36
0.67163729468  1.38814751544e-36
0.688359330604  1.52338999094e-36
0.705497702082  1.66199965517e-36
0.723062774796  1.80406034246e-36
0.741065172505  1.94965797437e-36
0.759515783475  2.09888061169e-36
0.778425767058  2.25181850772e-36
0.797806560447  2.4085641628e-36
0.817669885593  2.56921238031e-36
0.83802775629  2.73386032399e-36
0.858892485448  2.90260757671e-36
0.880276692535  3.07555620068e-36
0.90219331121  3.2528107992e-36
0.924655597149  3.43447857995e-36
0.947677136058  3.62066941976e-36
0.971271851895  3.81149593114e-36
0.995454015286  3.37771183087e-33
1.02023825216  5.83219793598e-31
1.04563955259  1.31522166608e-30
1.07167327987  2.06544849674e-30
1.0983551798  2.83435404003e-30
1.1257013902  3.62240334769e-30
1.15372845069  4.43007305007e-30
1.18245331269  5.25785164439e-30
1.21189334964  6.10623979018e-30
1.24206636756  6.97575061209e-30
1.27299061578  7.86691001028e-30
1.30468479801  8.78025697844e-30
1.33716808361  9.71634392981e-30
1.37046011922  1.06757370313e-29
1.40458104063  1.1659016546e-29
1.43955148495  1.26667771839e-29
1.47539260312  1.36996284618e-29
1.51212607267  1.47581950719e-29
1.54977411084  1.58431172597e-29
1.58835948804  1.69550512111e-29
1.62790554158  1.80946694493e-29
1.66843618984  1.92626612415e-29
1.70997594668  2.04597330162e-29
1.75254993629  2.16866087898e-29
1.79618390842  2.2944030605e-29
1.84090425388  2.42327589795e-29
1.88673802057  2.55535733657e-29
1.93371292981  2.69072726228e-29
1.9818573931  2.8294675499e-29
2.03120052932  6.38899624115e-28
2.08177218234  1.62775661355e-27
2.13360293905  2.64123359093e-27
2.18672414789  3.67994353044e-27
2.24116793778  4.74451466775e-27
2.29696723759  5.83559087996e-27
2.35415579601  6.95383207505e-27
2.41276820199  8.09991459103e-27
2.47283990568  9.27453160494e-27
2.53440723981  1.04783935522e-26
2.59750744173  1.17122285562e-26
2.66217867588  1.29767828686e-26
2.72846005693  1.42728213211e-26
2.79639167337  1.56011277876e-26
2.86601461181  1.69625056582e-26
2.9373709818  1.83577783256e-26
3.01050394131  2.74292800609e-26
3.08545772284  7.83337042397e-26
3.16227766017  1.31146619906e-25
3.24101021575  1.85274440923e-25
3.32170300885  2.40749905044e-25
3.40440484432  2.97606565103e-25
3.48916574214  3.55878809317e-25
3.57603696765  4.15601882078e-25
3.66507106256  4.76811905276e-25
3.75632187674  5.3954590014e-25
3.84984460077  6.03841809633e-25
3.94569579937  6.69738521399e-25
4.04393344553  9.50572690238e-25
4.14461695564  1.50860982676e-24
4.2478072254  2.08054064833e-24
4.35356666667  2.66671107188e-24
4.46195924519  3.26747562675e-24
4.57305051927  3.88319766916e-24
4.68690767949  4.51424960197e-24
4.80359958925  5.16101309989e-24
4.92319682653  5.82387934037e-24
5.04577172647  7.00689166277e-24
5.1713984252  9.08549091967e-24
5.30015290463  1.12158419356e-23
5.43211303844  1.33992331959e-23
5.56735863914  1.56369852658e-23
5.70597150638  1.79304515892e-23
5.84803547643  2.02810193073e-23
5.99363647282  2.27387475652e-23
6.1428625584  2.62270586565e-23
6.29580398853  2.99008188672e-23
6.4525532657  3.36660462295e-23
6.6132051955  3.75250180394e-23
6.77785694388  4.14800682919e-23
6.94660809603  4.55335890923e-23
7.11956071652  4.9636106884e-23
7.29681941106  5.38170013571e-23
7.47849138981  5.81019893165e-23
7.66468653214  6.24936624216e-23
7.85551745316  6.69946768571e-23
8.0510995718  7.14249411122e-23
8.25155118063  7.54357372629e-23
8.45699351738  7.95463918905e-23
8.66755083831  8.37593912136e-23
8.88335049333  8.8077283351e-23
9.10452300303  9.21245051858e-23
9.33120213764  9.58399348774e-23
9.5635249979  9.96478691831e-23
9.80163209803  1.03550611229e-22
10.0456674507  1.07416324433e-22
10.295778654  1.10803293632e-22
10.5521169811  1.1427103852e-22
10.8148374712  1.1782512131e-22
11.0840990237  1.21267620016e-22
11.3600644943  1.24344359047e-22
11.6429007931  1.27497700942e-22
11.9327789861  1.30729176251e-22
12.2298743982  1.33613383787e-22
12.5343667197  1.36440594992e-22
12.8464401144  1.39338196462e-22
13.1662833315  1.42059014586e-22
13.4940898196  1.44611971515e-22
13.8300578436  1.47228490486e-22
14.1743906047  1.49699141397e-22
14.5272963631  1.52020555477e-22
14.8889885645  1.54399766777e-22
15.2596859686  1.56588136714e-22
15.6396127818  1.5872142577e-22
16.0289987924  1.60875366977e-22
16.4280795102  1.6281604867e-22
16.8370963082  1.64794871939e-22
17.2562965694  1.66657395219e-22
17.6859338356  1.68458434639e-22
18.1262679613  1.70236888202e-22
18.5775652707  1.7188773376e-22
19.0400987189  1.73556055945e-22
19.5141480567  1.75085986002e-22
20  1.76648e-22

