0.2 20 151
151
0.2  0
0.206235454919  9.02018830041e-43
0.212665314327  1.83216014883e-42
0.219295639229  2.79130073893e-42
0.22613267959  3.78034471859e-42
0.233182880236  4.80022439397e-42
0.240452886923  5.85190113806e-42
0.247949552606  6.93636629677e-42
0.255679943893  8.05464212352e-42
0.263651347711  9.2077827428e-42
0.271871278176  1.03968751438e-41
0.280347483669  1.16230402051e-41
0.289087954149  1.28874337512e-41
0.298100928677  1.41912476421e-41
0.307394903187  1.55357108967e-41
0.316978638492  1.69220908514e-41
0.326861168545  1.83516943546e-41
0.33705180895  1.98258689988e-41
0.34756016575  2.13460043907e-41
0.358396144475  2.2913533461e-41
0.369569959484  2.45299338157e-41
0.381092143593  2.61967291281e-41
0.392973557999  2.79154905756e-41
0.405225402524  2.96878383207e-41
0.417859226171  3.15154430381e-41
0.430886938006  3.34000274897e-41
0.444320818391  3.53433681482e-41
0.458173530554  3.7347296872e-41
0.472458132527  3.9413702632e-41
0.487188089458  4.15445332917e-41
0.502377286302  2.96123032553e-35
0.518040040906  2.10765808549e-34
0.534191117512  3.99462388366e-34
0.550845740668  5.94042013268e-34
0.568019609583  7.94688100565e-34
0.585728912925  1.00158978602e-33
0.60399034408  1.21494210214e-33
0.622821116889  1.434946162e-33
0.642238981873  1.66180934885e-33
0.662262242965  1.89574551157e-33
0.682909774767  2.13697516627e-33
0.704201040337  2.38572570416e-33
0.72615610954  2.64223160587e-33
0.748795677965  2.90673466251e-33
0.772141086431  3.17948420359e-33
0.796214341107  3.460737332e-33
0.821038134255  3.75075916642e-33
0.846635865618  4.04982309121e-33
0.87303166448  4.35821101411e-33
0.900250412412  4.67621363196e-33
0.928317766723  5.00413070475e-33
0.957260184645  5.34227133816e-33
0.987104948279  5.69095427495e-33
1.0178801903  3.13059042969e-29
1.0496149205  8.68589508595e-29
1.08233905309  1.44143990009e-28
1.11608343495  2.03215020555e-28
1.15087987467  2.6412772484e-28
1.18676117255  3.26939521233e-28
1.2237611515  3.91709618249e-28
1.26191468896  4.58499070366e-28
1.30125774973  5.27370835572e-28
1.34182741991  5.98389834712e-28
1.38366194184  6.71623012691e-28
1.42680075014  7.47139401568e-28
1.47128450892  8.25010185638e-28
1.51715515006  9.05308768526e-28
1.56445591277  9.88110842382e-28
1.61323138435  1.07349445923e-27
1.66352754221  1.16154010455e-27
1.71539179718  1.25233077313e-27
1.76887303828  1.34595204731e-27
1.82402167871  1.44249217767e-27
1.88088970345  1.54204216618e-27
1.93953071822  1.64469585201e-27
2  2.91993033016e-27
2.06235454919  2.03863574657e-26
2.12665314327  3.9603178618e-26
2.19295639229  5.94191278802e-26
2.2613267959  7.98528844339e-26
2.33182880236  1.00923709827e-25
2.40452886923  1.22651466128e-25
2.47949552606  1.45056634655e-25
2.55679943893  1.68160335273e-25
2.63651347711  1.91984346309e-25
2.71871278176  2.16551125079e-25
2.80347483669  2.41883829057e-25
2.89087954149  2.68006337702e-25
2.98100928677  2.95811961799e-25
3.07394903187  6.24060307506e-25
3.16978638492  1.04323765161e-24
3.26861168545  1.47548380288e-24
3.3705180895  1.9212062111e-24
3.4756016575  2.38082502924e-24
3.58396144475  2.85477350947e-24
3.69569959484  3.34349841161e-24
3.81092143593  3.84746042423e-24
3.92973557999  4.36713459891e-24
4.05225402524  5.53588014708e-24
4.17859226171  7.6185962964e-24
4.30886938006  9.766245859e-24
4.44320818391  1.19808532817e-23
4.58173530554  1.42645061282e-23
4.72458132527  1.66193570466e-23
4.87188089458  1.90476257986e-23
5.02377286302  2.1769945774e-23
5.18040040906  2.56877141874e-23
5.34191117512  2.97416021132e-23
5.50845740668  3.39218792161e-23
5.68019609583  3.82324859661e-23
5.85728912925  4.26774856864e-23
6.0399034408  4.72165435688e-23
6.22821116889  5.17348587518e-23
6.42238981873  5.63936919498e-23
6.62262242965  6.11977748696e-23
6.82909774767  6.61516360019e-23
7.04201040337  7.10731933515e-23
7.2615610954  7.53868466444e-23
7.48795677965  7.98313335197e-23
7.72141086431  8.44143873827e-23
7.96214341107  8.91303130552e-23
8.21038134255  9.31563052515e-23
8.46635865618  9.71384137712e-23
8.7303166448  1.01244673582e-22
9.00250412412  1.05417186896e-22
9.28317766723  1.08924218018e-22
9.57260184645  1.12485293119e-22
9.87104948279  1.16157392836e-22
10.178801903  1.19505735151e-22
10.496149205  1.22632558117e-22
10.8233905309  1.25856866901e-22
11.1608343495  1.28876598085e-22
11.5087987467  1.31645002829e-22
11.8676117255  1.34499718888e-22
12.237611515  1.37092009783e-22
12.6191468896  1.39563214404e-22
13.0125774973  1.4207488722e-22
13.4182741991  1.4426525732e-22
13.8366194184  1.46500894172e-22
14.2680075014  1.48568241426e-22
14.7128450892  1.50550437717e-22
15.1715515006  1.52471431061e-22
15.6445591277  1.54240006579e-22
16.1323138435  1.55987111746e-22
16.6352754221  1.57576470334e-22
17.1539179718  1.59142731508e-22
17.6887303828  1.60580307269e-22
18.2402167871  1.61967817093e-22
18.8088970345  1.632718009e-22
19.3953071822  1.64480849005e-22
20  1.6566e-22

