0.1 20 151
151
0.1  0
0.103595335198  2.91221791503e-43
0.107319934748  5.92913982579e-43
0.111178446136  9.05453019191e-43
0.115175683943  1.22922888179e-42
0.119316635847  1.56464557195e-42
0.123606468853  1.91212161642e-42
0.128050535734  2.27209058943e-42
0.132654381717  2.64500165362e-42
0.137423751394  3.03132012056e-42
0.142364595899  3.43152803132e-42
0.147483080324  3.84612475797e-42
0.152785591422  4.27562762665e-42
0.158278745568  4.72057256315e-42
0.163969397019  5.18151476156e-42
0.169864646463  5.65902937707e-42
0.175971849887  6.15371224363e-42
0.182298627744  6.66618061741e-42
0.188852874473  7.19707394701e-42
0.195642768341  7.74705467136e-42
0.202676781654  2.58842117153e-34
0.209963691323  9.63478995031e-34
0.21751258982  1.6934499306e-33
0.225332896521  2.44966576815e-33
0.233434369463  3.23307009987e-33
0.241827117512  4.04464044328e-33
0.250521612986  4.8853894609e-33
0.259528704717  5.75636622388e-33
0.268859631586  6.65865752099e-33
0.278526036554  7.59338921469e-33
0.288539981181  8.56172764597e-33
0.298913960685  9.56488108972e-33
0.309660919525  1.06041012623e-32
0.320794267559  1.16806848836e-32
0.332327896774  1.27959752947e-32
0.344276198619  1.39513641345e-32
0.356654081967  1.5148293076e-32
0.369476991711  1.63882556249e-32
0.382760928042  1.76727989839e-32
0.396522466412  1.90035259824e-32
0.410778778215  2.0382097077e-32
0.425547652214  2.18102324234e-32
0.440847516738  2.32897140226e-32
0.456697462677  2.48223879445e-32
0.473117267301  2.64101666314e-32
0.490127418939  2.80550312843e-32
0.507749142548  1.93456226419e-29
0.526004426187  6.48513345377e-29
0.544916048465  1.1199312931e-28
0.564507606954  1.60829829623e-28
0.584803547643  2.11422373012e-28
0.60582919543  2.63833887921e-28
0.627610785733  3.18129772474e-28
0.650175497219  3.74377776074e-28
0.673551485719  4.32648083947e-28
0.697767919361  4.93013404708e-28
0.722855014966  5.55549061094e-28
0.74884407575  6.20333083945e-28
0.775767530383  6.87446309572e-28
0.803658973457  7.56972480623e-28
0.832553207402  8.28998350574e-28
0.862486285909  9.03613791978e-28
0.893495558925  9.80911908611e-28
0.925619719247  1.06098915164e-27
0.958898850812  1.14394543997e-27
0.993374478709  1.44194636841e-27
1.02908962099  4.02265968484e-26
1.06608884235  8.98056866709e-26
1.10441830974  1.41167310961e-25
1.14412584997  1.94375557807e-25
1.18526100936  2.4949681948e-25
1.22787511562  3.06599875275e-25
1.27202134183  3.65755977335e-25
1.31775477286  4.27038939554e-25
1.36513247404  4.90525229684e-25
1.41421356237  5.56294064749e-25
1.46505928036  6.2442750989e-25
1.51773307233  6.95010580766e-25
1.57230066369  7.68131349633e-25
1.62883014287  8.4388105524e-25
1.68739204632  9.22354216675e-25
1.74805944649  1.0036487513e-24
1.81090804305  1.08786609695e-24
1.87601625732  1.17511133847e-24
1.94346533014  1.26549333886e-24
2.01333942322  1.55659396635e-24
2.08572572415  2.69422052773e-24
2.16071455525  3.87773550391e-24
2.23839948618  5.1038018106e-24
2.31887745078  6.37394931076e-24
2.40224886796  7.68976287107e-24
2.48861776706  9.05288433945e-24
2.57809191758  1.04650145938e-23
2.67078296373  1.19279156642e-23
2.76680656368  1.34434129317e-23
2.86628253393  1.50133974058e-23
2.96933499874  1.66398280844e-23
3.0760925451  1.94259495149e-23
3.18668838309  2.27719823552e-23
3.30126051218  2.62383162919e-23
3.41995189335  2.98292765526e-23
3.54291062753  3.35493438716e-23
3.67029014035  3.74031600803e-23
3.80224937364  4.13955338997e-23
3.93895298368  4.55314469401e-23
4.08057154674  4.95108871275e-23
4.22728177184  5.33938666552e-23
4.3792667213  5.74164523125e-23
4.53671603914  6.15836634079e-23
4.69982618773  6.59006997106e-23
4.8688006929  7.03729479389e-23
5.04385039793  7.46715172354e-23
5.22519372662  7.80887253907e-23
5.41305695583  8.16286322188e-23
5.60767449785  8.52958105631e-23
5.80928919286  8.90948362611e-23
6.01815261197  9.28978105873e-23
6.23452537109  9.58243794521e-23
6.45867745619  9.88216514731e-23
6.69088856009  1.0192668547e-22
6.93144843155  1.05143355847e-22
7.18065723674  1.07781121494e-22
7.43882593382  1.10240694671e-22
7.70627666093  1.12788697749e-22
7.98334313818  1.15400464105e-22
8.270371084  1.17462293839e-22
8.56771864659  1.19524696533e-22
8.87575685075  1.21661249517e-22
9.19487006089  1.23539442238e-22
9.5254564606  1.25263780898e-22
9.8679285495  1.27050115314e-22
10.2227136579  1.28628963777e-22
10.5902544803  1.30097656903e-22
10.9710096272  1.31607629684e-22
11.3654541979  1.32858771658e-22
11.774080373  1.34115297147e-22
12.1973980289  1.35282373483e-22
12.6359353735  1.36331793349e-22
13.0902396056  1.37372411775e-22
13.5608775976  1.38261376027e-22
14.0484366031  1.39156816503e-22
14.553524989  1.39910324034e-22
15.0767729955  1.40657598688e-22
15.6188335217  1.41279945549e-22
16.1803829408  1.41873474307e-22
16.7621219439  1.42381332457e-22
17.364776414  1.42832305868e-22
17.9890983325  1.43242932619e-22
18.6358667167  1.43576476825e-22
19.3058885922  1.43874708222e-22
20  1.44135e-22

