0.1 20000 301
301
0.1  0
0.10415259619  5.95968397682e-41
0.108477632931  1.21668495634e-40
0.112982270983  1.86317736716e-40
0.117673968462  2.5365159972e-40
0.122560493193  3.23781566153e-40
0.127649935564  3.96823746901e-40
0.132950721924  4.72899074463e-40
0.138471628537  5.52133503179e-40
0.144221796108  6.34658217763e-40
0.150210744918  7.206098505e-40
0.156448390588  8.10130707463e-40
0.162945060494  9.03369004122e-40
0.169711510868  1.00047911073e-39
0.176758944602  1.10162180793e-39
0.1840990298  1.20696455292e-39
0.191743919097  1.31668175673e-39
0.199706269776  1.43095507296e-39
0.207999264725  1.37088421257e-32
0.216636634267  2.8511242984e-32
0.225632678887  4.39283277763e-32
0.235002292913  5.99856218443e-32
0.244760989175  7.67097104939e-32
0.254924924685  9.41282830116e-32
0.265510927395  1.12270178508e-31
0.276536524049  1.31165433665e-31
0.28801996921  1.50845332469e-31
0.299980275477  1.71342458e-31
0.312437244967  1.92690746384e-31
0.325411502097  2.14925542979e-31
0.338924527734  2.3808366089e-31
0.352998694759  2.62203441924e-31
0.367657305107  2.87324820065e-31
0.382924628351  3.13489387598e-31
0.398825941877  3.40740463965e-31
0.415387572744  3.69123167491e-31
0.432636941262  3.98684490082e-31
0.450602606401  4.29473375029e-31
0.469314313065  4.61540798039e-31
0.488803041347  4.94939851635e-31
0.509101057818  1.27202177932e-28
0.530241968947  4.21486737137e-28
0.552260776746  7.27991745736e-28
0.575193936719  1.04722466964e-27
0.599079418219  1.37971404778e-27
0.623956767313  1.72601036717e-27
0.649867172259  2.08668697433e-27
0.676853531693  2.46234102453e-27
0.70496052566  2.8535944705e-27
0.734234689588  3.26109509217e-27
0.764724491332  3.68551756912e-27
0.796480411421  4.12756459768e-27
0.829555026638  4.58796805431e-27
0.864003097066  5.06749020733e-27
0.899881656755  5.56692497901e-27
0.937250108145  6.08709925998e-27
0.976170320425  6.62887427833e-27
1.01670673196  6.19217177718e-26
1.05892645697  2.00814461033e-25
1.10289939667  3.45474859058e-25
1.148698355  4.9614241926e-25
1.19639915912  6.53066594826e-25
1.24608078501  8.16507197728e-25
1.29782548821  9.86734828878e-25
1.35171893999  1.16403132615e-24
1.40785036919  1.34869023102e-24
1.46631270998  1.54101727453e-24
1.5272027557  1.74133088353e-24
1.59062131914  1.94996270782e-24
1.65667339944  2.16725816929e-24
1.7254683559  2.39357703382e-24
1.7971200891  2.62929400689e-24
1.87174722945  2.87479935401e-24
1.94947333358  3.13049954682e-24
2.03042708895  4.02712594497e-24
2.11474252688  6.05112785563e-24
2.20255924448  8.15917839253e-24
2.29402263574  1.03547677557e-23
2.3892841323  1.26415310791e-23
2.48850145414  1.50232544491e-23
2.59183887071  1.75038811731e-23
2.6994674729  2.00875183079e-23
2.81156545633  2.27784434599e-23
2.92831841634  2.55811118672e-23
3.04991965532  2.8914180783e-23
3.17657050272  3.30048491067e-23
3.30848064838  3.72653863673e-23
3.44586848972  4.17028465358e-23
3.58896149333  4.63245765063e-23
3.73799657156  5.11382282593e-23
3.89322047476  5.61517715317e-23
4.05489019986  6.09376713637e-23
4.2232734158  6.5039258811e-23
4.39864890674  6.93111686223e-23
4.58130703365  7.37604735977e-23
4.77155021497  7.8394540242e-23
4.96969342739  8.32210409612e-23
5.1760647273  8.68234041736e-23
5.39100579394  9.03199618008e-23
5.61487249513  9.39617173469e-23
5.84803547643  9.7754700295e-23
6.0908807748  1.01249271842e-22
6.34381045777  1.04094945737e-22
6.60724328913  1.07058788979e-22
6.8816154222  1.10145708661e-22
7.16738112202  1.12801663271e-22
7.4650135174  1.1515601166e-22
7.77500538429  1.17608126631e-22
8.09786996163  1.19940791215e-22
8.43414180111  1.21840501475e-22
8.78437765219  1.23819099031e-22
9.14915738387  1.25659840614e-22
9.52908494479  1.27245752693e-22
9.92478936312  1.28897521296e-22
10.3369257881  1.30269885658e-22
10.7661765745  1.31618331272e-22
11.2132524127  1.32850091152e-22
11.6788935051  1.33935799957e-22
12.1638707918  1.34967521873e-22
12.6689872269  1.35839892911e-22
13.1950791077  1.36667272857e-22
13.74301746  1.37385477544e-22
14.3137094794  1.38034770408e-22
14.9081000339  1.38626785183e-22
15.5271732278  1.39102141156e-22
16.1719540317  1.39533056984e-22
16.8435099786  1.39871506083e-22
17.5429529322  1.4012612793e-22
18.2714409272  1.41846280705e-22
19.030180087  1.46205548638e-22
19.8204266202  1.50671646599e-22
20.6434889008  1.55220877352e-22
21.5007296344  1.59828580777e-22
22.3935681139  1.6446904305e-22
23.3234825702  1.69115402548e-22
24.2920126187  1.72186417886e-22
25.3007618091  1.71534893018e-22
26.35140028  1.70827910532e-22
27.445667524  1.70067275363e-22
28.5853752678  1.69254725333e-22
29.772410472  1.68391935493e-22
31.0087384549  1.67480522455e-22
32.2964061465  1.66522048699e-22
33.6375454776  1.65518026897e-22
35.0343769094  1.6446992425e-22
36.48921311  1.63379166843e-22
38.0044627833  1.62247144055e-22
39.5826346568  1.61075213009e-22
41.2263416354  1.59864703097e-22
42.9383051273  1.58616920574e-22
44.72135955  1.57333153249e-22
46.5784570227  1.56014675268e-22
48.5126722543  1.54662752018e-22
50.5272076339  1.53278645138e-22
52.6253985329  1.51863617672e-22
54.8107188272  1.50418939339e-22
57.0867866488  1.48945891954e-22
59.457370376  1.47445774971e-22
61.9263948728  1.45919911167e-22
64.4979479868  1.44369652447e-22
67.1762873173  1.42796385752e-22
69.9658472649  1.4120153906e-22
72.8712463726  1.39586587447e-22
75.8972949729  1.37953059161e-22
79.0490031521  1.3630254168e-22
82.331589045  1.34636687674e-22
85.7504874747  1.3295722081e-22
89.3113589503  1.31265941317e-22
93.0200990391  1.29564731191e-22
96.8828481275  1.27855558939e-22
100.906001587  1.26140483713e-22
105.096220365  1.24421658685e-22
109.460442007  1.22701333489e-22
114.005892151  1.20981855545e-22
118.740096485  1.1926567005e-22
123.670893207  1.17555318449e-22
128.806446006  1.15853435133e-22
134.155257575  1.14162742175e-22
139.72618369  1.12486041875e-22
145.52844787  1.10826206928e-22
151.571656651  1.09186168048e-22
157.86581549  1.07568898928e-22
164.421345329  1.05977398467e-22
171.24909985  1.04414670266e-22
178.360383446  1.02883699481e-22
185.766969933  1.01387427208e-22
193.481122048  9.99287226908e-23
201.51561175  9.85950809772e-23
209.883741365  9.72173086653e-23
218.599365612  9.58851087779e-23
227.67691454  9.46007449834e-23
237.131417418  9.33662553261e-23
246.978527622  9.21834233544e-23
257.23454855  9.10537517746e-23
267.916460612  8.9978439466e-23
279.041949347  8.89583626389e-23
290.629434703  8.79940608272e-23
302.698101535  8.70857282869e-23
315.267931366  8.62332112256e-23
328.359735471  8.54360111243e-23
341.995189335  8.46932942548e-23
356.196868537  8.40039073386e-23
370.988286128  8.33663991761e-23
386.393931562  8.27790479983e-23
402.439311242  8.22398943e-23
419.150990746  8.17467790349e-23
436.556638818  8.12973873872e-23
454.685073167  8.08892990862e-23
473.566308191  8.05200480474e-23
493.231604661  8.01871997016e-23
513.713521483  7.989325203e-23
535.045969603  7.96553367869e-23
557.26426815  7.94742205101e-23
580.405202916  7.93486027427e-23
604.507087258  7.88189456619e-23
629.60982553  7.88415720863e-23
655.754979155  7.89114434052e-23
682.985835434  7.9029049017e-23
711.347479213  7.91947366692e-23
740.886867531  7.9408709366e-23
771.652907362  7.96710237208e-23
803.696536592  7.99815897864e-23
837.070808348  8.0340172367e-23
871.830978841  8.07463937793e-23
908.03459885  8.11997380034e-23
945.741609003  8.30444181928e-23
985.014439024  8.42303112582e-23
1025.91811109  8.53150191393e-23
1068.52034748  8.63100487215e-23
1112.89168271  8.72255854598e-23
1159.10558033  8.80707089228e-23
1207.23855449  8.88535636587e-23
1257.37029671  8.95814958761e-23
1309.58380774  9.02611636707e-23
1363.96553504  9.08986265703e-23
1420.60551588  9.14994187613e-23
1479.5975264  9.20686093316e-23
1541.03923691  9.24016801547e-23
1605.03237354  9.28242439076e-23
1671.68288673  9.32002407492e-23
1741.10112659  9.35333230998e-23
1813.40202564  9.38268276441e-23
1888.70528906  9.40838124426e-23
1967.13559293  9.43070886155e-23
2048.82279061  9.44992474928e-23
2133.90212774  9.46626839586e-23
2222.51446619  9.47996165789e-23
2314.80651723  9.49121050028e-23
2410.93108447  9.50020650395e-23
2511.04731682  9.50712817502e-23
2615.32097202  9.51214208405e-23
2723.92469106  9.51540385942e-23
2837.03828399  9.51705905555e-23
2954.84902768  9.51724391376e-23
3077.55197581  9.51608603086e-23
3205.3502819  9.51370494883e-23
3338.45553557  9.51021267702e-23
3477.08811294  9.50571415668e-23
3621.47754143  9.50030767656e-23
3771.86287983  9.49408524702e-23
3928.49311406  9.48713293904e-23
4091.62756943  9.47953119374e-23
4261.53633998  9.47135510725e-23
4438.50073566  9.46267469485e-23
4622.81374809  9.45355513801e-23
4814.78053566  9.44405701705e-23
5014.71892873  9.43423653199e-23
5222.95995589  9.42414571339e-23
5439.84839201  9.41383262499e-23
5665.74332907  9.40334155918e-23
5901.01877067  9.39271322645e-23
6146.0642513  9.38198493942e-23
6401.28548122  9.37119079205e-23
6667.10501821  9.36036183437e-23
6943.96296717  9.34952624281e-23
7232.31770876  9.3387094864e-23
7532.64665837  9.32793448863e-23
7845.44705649  9.31722178502e-23
8171.23679203  9.30658967622e-23
8510.55525972  9.29605437652e-23
8863.96425316  9.2856301575e-23
9232.048895  9.27532948677e-23
9615.41860565  9.26516316147e-23
10014.7081123  9.25514043653e-23
10430.5784998  9.24526914741e-23
10863.7183051  9.23555582732e-23
11314.8446575  9.22600581871e-23
11784.7044657  9.21662337915e-23
12274.0756543  9.20741178138e-23
12783.7684522  9.19837340771e-23
13314.6267339  9.18950983866e-23
13867.5294163  9.18082193615e-23
14443.3919145  9.17230992099e-23
15043.1676568  9.16397344515e-23
15667.8496638  9.15581165875e-23
16318.4721919  9.14782327199e-23
16996.1124464  9.1400066122e-23
17701.8923642  9.13235967629e-23
18436.9804721  9.14175755337e-23
19202.5938207  9.1366952774e-23
20000  9.13169984747e-23

