1 20 101
101
1  0
1.03041055791  1.09986473009e-37
1.06174591785  2.23317696024e-37
1.09403420358  3.40095384761e-37
1.12730439408  4.60424348163e-37
1.16158634964  5.84412582476e-37
1.1969108386  7.12171368168e-37
1.23330956497  8.43815369811e-37
1.27081519692  9.7946273899e-37
1.30946139606  1.11923522034e-36
1.34928284767  1.26325826084e-36
1.39031529185  1.41166112234e-36
1.43259555555  1.56457699767e-36
1.47616158565  1.72214313007e-36
1.52105248304  1.88450093647e-36
1.56730853766  2.05179613434e-36
1.61497126471  2.22417887251e-36
1.66408344188  2.40180386593e-36
1.71468914776  2.58483053449e-36
1.76683380139  2.77342314616e-36
1.82056420303  2.96775096437e-36
1.87592857615  3.16798839995e-36
1.93297661076  3.37431516765e-36
1.99175950792  2.66357990315e-34
2.05233002578  1.69145032478e-32
2.11474252688  3.70836262004e-32
2.17905302696  5.78661034345e-32
2.24531924523  7.92805873961e-32
2.31360065617  1.01346297762e-31
2.3839585429  1.24083038692e-31
2.45645605223  1.47511216598e-31
2.53115825126  1.71651858464e-31
2.60813218585  1.96526630719e-31
2.68744694072  2.22157858675e-31
2.76917370155  2.48568546574e-31
2.85338581877  2.75782398227e-31
2.94015887345  3.03823838291e-31
3.02957074514  5.42612155698e-30
3.12170168173  2.13249580975e-29
3.21663437151  3.77072871273e-29
3.31445401734  5.45878119228e-29
3.41524841318  7.19816828951e-29
3.51910802283  8.9904511188e-29
3.62612606115  1.08372382689e-28
3.73639857773  1.27401872465e-28
3.85002454306  1.47010059642e-28
3.96710593738  1.67214542731e-28
4.08774784223  1.01967171719e-27
4.21205853471  2.21928978936e-27
4.34014958471  3.45538891639e-27
4.472135955  4.7290785075e-27
4.60813610445  6.04150170968e-27
4.74827209431  7.39383643366e-27
4.89266969782  8.78729641107e-27
5.041458513  1.63246558116e-26
5.19477207907  4.03675880503e-26
5.35274799621  6.51416792723e-26
5.51552804914  9.066916443e-26
5.68325833429  1.16972954653e-25
5.85608939099  1.44076657813e-25
6.03417633655  2.07190262854e-25
6.21767900547  4.19780650281e-25
6.40676209294  6.39662536453e-25
6.6015953026  8.66231153458e-25
6.80235349885  1.09968984851e-24
7.00921686386  1.40836904194e-24
7.22237105921  2.4087901462e-24
7.44200739256  3.47477751922e-24
7.66832298935  4.57318216298e-24
7.9015209697  5.70498990477e-24
8.14181063074  7.92712858117e-24
8.38940763443  1.09724107885e-23
8.64453420113  1.41103017267e-23
8.90741930907  1.73436176791e-23
9.17829889981  2.20375265726e-23
9.45741609003  2.76030396104e-23
9.74502138973  3.33378030048e-23
10.041372927  3.94029315504e-23
10.34673668  4.65240954468e-23
10.661386715  5.38764315661e-23
10.9856054331  6.14462231622e-23
11.3196838233  6.9123500476e-23
11.6639217237  7.70216569976e-23
12.0186280908  8.50899354494e-23
12.3841212763  9.27382251687e-23
12.7607293136  1.00587263916e-22
13.1487902114  1.08308466505e-22
13.5486522576  1.15657131189e-22
13.9606743317  1.23204401399e-22
14.3852262269  1.30139888883e-22
14.8226889821  1.3716685312e-22
15.2734552238  1.43855131708e-22
15.7379295184  1.50377744227e-22
16.2165287354  1.56725850549e-22
16.7096824217  1.62801997117e-22
17.2178331866  1.68744450574e-22
17.7414370999  1.74430265467e-22
18.2809641002  1.799419985e-22
18.8368984177  1.85292310372e-22
19.4097390079  1.90371004863e-22
20  1.95426e-22

