0.2 20 151
151
0.2  0
0.206235454919  9.20028902331e-44
0.212665314327  1.86874179838e-43
0.219295639229  2.84703297691e-43
0.22613267959  3.85582460813e-43
0.233182880236  4.89606761306e-43
0.240452886923  5.96874255979e-43
0.247949552606  7.07486058788e-43
0.255679943893  8.21546436147e-43
0.263651347711  9.3916290521e-43
0.271871278176  1.06044633523e-42
0.280347483669  1.18551105204e-42
0.289087954149  1.31447494588e-42
0.298100928677  1.44745958245e-42
0.307394903187  1.58459031754e-42
0.316978638492  1.72599641523e-42
0.326861168545  1.87181116964e-42
0.33705180895  2.0221720307e-42
0.34756016575  2.17722073361e-42
0.358396144475  2.3371034325e-42
0.369569959484  2.5019708382e-42
0.381092143593  2.67197836028e-42
0.392973557999  2.84728625356e-42
0.405225402524  3.02805976916e-42
0.417859226171  3.21446931031e-42
0.430886938006  3.4066905929e-42
0.444320818391  3.6049048112e-42
0.458173530554  3.80929880861e-42
0.472458132527  4.02006525381e-42
0.487188089458  4.23740282234e-42
0.502377286302  8.26040970108e-36
0.518040040906  5.87935799827e-35
0.534191117512  1.11430907562e-34
0.550845740668  1.65709323557e-34
0.568019609583  2.21679992631e-34
0.585728912925  2.79395674625e-34
0.60399034408  3.38910774285e-34
0.622821116889  4.00281392549e-34
0.642238981873  4.6356537943e-34
0.662262242965  5.28822388548e-34
0.682909774767  5.96113933358e-34
0.704201040337  6.65503445139e-34
0.72615610954  7.37056332782e-34
0.748795677965  8.10840044452e-34
0.772141086431  8.8692413116e-34
0.796214341107  9.65380312332e-34
0.821038134255  1.04628254341e-33
0.846635865618  1.12970708556e-33
0.87303166448  1.21573257757e-33
0.900250412412  1.30444010996e-33
0.928317766723  1.39591330145e-33
0.957260184645  1.49023837775e-33
0.987104948279  1.58750425285e-33
1.0178801903  1.64984003735e-29
1.0496149205  4.57777627815e-29
1.08233905309  7.59699759112e-29
1.11608343495  1.0710349996e-28
1.15087987467  1.39207682437e-28
1.18676117255  1.72312785827e-28
1.2237611515  2.06450016116e-28
1.26191468896  2.41651552208e-28
1.30125774973  2.77950576256e-28
1.34182741991  3.15381304944e-28
1.38366194184  3.53979021739e-28
1.42680075014  3.93780110149e-28
1.47128450892  4.34822088022e-28
1.51715515006  4.77143642909e-28
1.56445591277  5.20784668533e-28
1.61323138435  5.65786302397e-28
1.66352754221  6.12190964557e-28
1.71539179718  6.60042397611e-28
1.76887303828  7.09385707934e-28
1.82402167871  7.60267408192e-28
1.88088970345  8.1273546119e-28
1.93953071822  8.66839325085e-28
2  1.72839013351e-27
2.06235454919  1.37459284659e-26
2.12665314327  2.69690224292e-26
2.19295639229  4.0604376424e-26
2.2613267959  5.46648435944e-26
2.33182880236  6.91636778107e-26
2.40452886923  8.41145461627e-26
2.47949552606  9.95315418427e-26
2.55679943893  1.1542919743e-25
2.63651347711  1.31822498592e-25
2.71871278176  1.48726898205e-25
2.80347483669  1.66158330927e-25
2.89087954149  1.84133228213e-25
2.98100928677  2.03386006729e-25
3.07394903187  4.70667142233e-25
3.16978638492  8.12929739463e-25
3.26861168545  1.16586315167e-24
3.3705180895  1.52980006578e-24
3.4756016575  1.905083541e-24
3.58396144475  2.29206733218e-24
3.69569959484  2.69111622327e-24
3.81092143593  3.10260637122e-24
3.92973557999  3.52692566051e-24
4.05225402524  4.5861169018e-24
4.17859226171  6.54029652934e-24
4.30886938006  8.55540215173e-24
4.44320818391  1.06333332754e-23
4.58173530554  1.27760486284e-23
4.72458132527  1.49855680062e-23
4.87188089458  1.72639741765e-23
5.02377286302  1.98803677738e-23
5.18040040906  2.39361467157e-23
5.34191117512  2.81354589353e-23
5.50845740668  3.24656942651e-23
5.68019609583  3.69309345308e-23
5.85728912925  4.15353888183e-23
6.0399034408  4.62868314283e-23
6.22821116889  5.11989252673e-23
6.42238981873  5.62641918555e-23
6.62262242965  6.14873796509e-23
6.82909774767  6.68734122065e-23
7.04201040337  7.22442338811e-23
7.2615610954  7.70359120857e-23
7.48795677965  8.1973398203e-23
7.72141086431  8.70648216808e-23
7.96214341107  9.23040874377e-23
8.21038134255  9.67962703606e-23
8.46635865618  1.01244234553e-22
8.7303166448  1.05830874147e-22
9.00250412412  1.10492953589e-22
9.28317766723  1.14430232183e-22
9.57260184645  1.18429784916e-22
9.87104948279  1.22554032803e-22
10.178801903  1.26321952737e-22
10.496149205  1.2984672922e-22
10.8233905309  1.33481398627e-22
11.1608343495  1.36891313318e-22
11.5087987467  1.40024732714e-22
11.8676117255  1.43255843588e-22
12.237611515  1.46207988492e-22
12.6191468896  1.49034021011e-22
13.0125774973  1.5190816224e-22
13.4182741991  1.5443491526e-22
13.8366194184  1.57015268573e-22
14.2680075014  1.59411814872e-22
14.7128450892  1.61716963252e-22
15.1715515006  1.639594835e-22
15.6445591277  1.66039771044e-22
16.1323138435  1.68101558562e-22
16.6352754221  1.6999671779e-22
17.1539179718  1.71870155983e-22
17.6887303828  1.73604552631e-22
18.2402167871  1.75287087438e-22
18.8088970345  1.76880529491e-22
19.3953071822  1.78379363603e-22
20  1.79853e-22

