0.5 20 151
151
0.5  0
0.512448710082  6.04566625664e-41
0.52520736093  1.22418540062e-40
0.538283669269  1.85923108457e-40
0.55168554395  2.51008776773e-40
0.565421090737  3.17714910319e-40
0.579498617203  3.86081854501e-40
0.59392663776  4.56150959216e-40
0.608713878807  5.27964603873e-40
0.623869284008  6.01566223014e-40
0.6394020197  6.77000332592e-40
0.655321480438  7.5431255689e-40
0.67163729468  8.33549656121e-40
0.688359330604  9.14759554704e-40
0.705497702082  9.97991370253e-40
0.723062774796  1.08329544329e-39
0.741065172505  1.17072336767e-39
0.759515783475  1.26032802181e-39
0.778425767058  1.35216360068e-39
0.797806560447  1.44628564855e-39
0.817669885593  1.54275109258e-39
0.83802775629  1.64161827731e-39
0.858892485448  1.74294699988e-39
0.880276692535  1.84679854623e-39
0.90219331121  1.95323572816e-39
0.924655597149  2.06232292133e-39
0.947677136058  2.17412610418e-39
0.971271851895  2.28871289786e-39
0.995454015286  5.35197402451e-35
1.02023825216  9.25159554164e-33
1.04563955259  2.08633935517e-32
1.07167327987  3.27642953756e-32
1.0983551798  4.49614989526e-32
1.1257013902  5.74623814319e-32
1.15372845069  7.02745036347e-32
1.18245331269  8.34056146272e-32
1.21189334964  9.68636564073e-32
1.24206636756  1.10656768708e-31
1.27299061578  1.24793293921e-31
1.30468479801  1.39281782143e-31
1.33716808361  1.54130996342e-31
1.37046011922  1.69349917667e-31
1.40458104063  1.84947750871e-31
1.43955148495  2.00933929882e-31
1.47539260312  2.17318123508e-31
1.51212607267  2.34110241287e-31
1.54977411084  2.51320439478e-31
1.58835948804  2.68959127204e-31
1.62790554158  2.8703697275e-31
1.66843618984  3.05564910012e-31
1.70997594668  3.24554145112e-31
1.75254993629  3.44016163178e-31
1.79618390842  3.63962735285e-31
1.84090425388  3.84405925578e-31
1.88673802057  4.0535809857e-31
1.93371292981  4.26831926615e-31
1.9818573931  4.48840397581e-31
2.03120052932  3.56417483303e-29
2.08177218234  9.26710406596e-29
2.13360293905  1.51120215242e-28
2.18672414789  2.11024623482e-28
2.24116793778  2.72420496943e-28
2.29696723759  3.35344969263e-28
2.35415579601  3.99836098608e-28
2.41276820199  4.65932890698e-28
2.47283990568  5.33675322392e-28
2.53440723981  6.03104365871e-28
2.59750744173  6.74262013417e-28
2.66217867588  7.47191302811e-28
2.72846005693  8.21936343366e-28
2.79639167337  8.98542342601e-28
2.86601461181  9.77055633587e-28
2.9373709818  1.05752370297e-27
3.01050394131  2.11389297444e-27
3.08545772284  8.49932810279e-27
3.16227766017  1.512545177e-26
3.24101021575  2.19165488222e-26
3.32170300885  2.88767266712e-26
3.40440484432  3.60101949924e-26
3.48916574214  4.33212682717e-26
3.57603696765  5.08143684142e-26
3.66507106256  5.84940274194e-26
3.75632187674  6.63648901215e-26
3.84984460077  7.44317169994e-26
3.94569579937  8.26993870554e-26
4.04393344553  1.43732736754e-25
4.14461695564  2.72870070327e-25
4.2478072254  4.05222590353e-25
4.35356666667  5.4087034668e-25
4.46195924519  6.7989538219e-25
4.57305051927  8.22381782423e-25
4.68690767949  9.6841572643e-25
4.80359958925  1.1180855389e-24
4.92319682653  1.27148174358e-24
5.04577172647  1.68998563239e-24
5.1713984252  2.56825695841e-24
5.30015290463  3.46839497465e-24
5.43211303844  4.39094410529e-24
5.56735863914  5.33646232925e-24
5.70597150638  6.30552151771e-24
5.84803547643  7.29870777995e-24
5.99363647282  8.38588202331e-24
6.1428625584  1.08805469337e-23
6.29580398853  1.35777287012e-23
6.4525532657  1.63420633365e-23
6.6132051955  1.91752227726e-23
6.77785694388  2.20789205696e-23
6.94660809603  2.50549129507e-23
7.11956071652  2.89552212273e-23
7.29681941106  3.33417712378e-23
7.47849138981  3.7837535027e-23
7.66468653214  4.24452317362e-23
7.85551745316  4.71676482063e-23
8.0510995718  5.20162969309e-23
8.25155118063  5.70107492165e-23
8.45699351738  6.2129550479e-23
8.66755083831  6.73757966874e-23
8.88335049333  7.27526608918e-23
9.10452300303  7.79533799166e-23
9.33120213764  8.29289869212e-23
9.5635249979  8.80284737039e-23
9.80163209803  9.32549245517e-23
10.0456674507  9.84512206894e-23
10.295778654  1.0309014466e-22
10.5521169811  1.07840324565e-22
10.8148374712  1.12708771695e-22
11.0840990237  1.1744597374e-22
11.3600644943  1.21731441532e-22
11.6429007931  1.26123606416e-22
11.9327789861  1.30624625955e-22
12.2298743982  1.34671159641e-22
12.5343667197  1.38647829359e-22
12.8464401144  1.42723507894e-22
13.1662833315  1.46567927363e-22
13.4940898196  1.50193139315e-22
13.8300578436  1.53908609693e-22
14.1743906047  1.57434421699e-22
14.5272963631  1.60766204964e-22
14.8889885645  1.64180941038e-22
15.2596859686  1.67335832264e-22
15.6396127818  1.70418178499e-22
16.0289987924  1.73531687775e-22
16.4280795102  1.76347974321e-22
16.8370963082  1.79220090277e-22
17.2562965694  1.81932791301e-22
17.6859338356  1.84562601007e-22
18.1262679613  1.87162680148e-22
18.5775652707  1.89584792808e-22
19.0400987189  1.92034145254e-22
19.5141480567  1.94292660825e-22
20  1.96599e-22

