1 20 101
101
1  0
1.03041055791  7.88247743171e-38
1.06174591785  1.60046653998e-37
1.09403420358  2.43738536356e-37
1.12730439408  3.29975535548e-37
1.16158634964  4.18835049998e-37
1.1969108386  5.10396831858e-37
1.23330956497  6.04743058588e-37
1.27081519692  7.0195840671e-37
1.30946139606  8.02130127806e-37
1.34928284767  9.05348126827e-37
1.39031529185  1.01170504278e-36
1.43259555555  1.12129633189e-36
1.47616158565  1.23422035325e-36
1.52105248304  1.35057845709e-36
1.56730853766  1.47047507579e-36
1.61497126471  1.59401781756e-36
1.66408344188  1.72131756303e-36
1.71468914776  1.85248856478e-36
1.76683380139  1.98764854988e-36
1.82056420303  2.12691882553e-36
1.87592857615  2.27042438796e-36
1.93297661076  2.41829403461e-36
1.99175950792  2.17950167424e-34
2.05233002578  1.38635289479e-32
2.11474252688  3.03950656403e-32
2.17905302696  4.74293355867e-32
2.24531924523  6.49816271857e-32
2.31360065617  8.30676937649e-32
2.3839585429  1.01703767719e-31
2.45645605223  1.2090657508e-31
2.53115825126  1.40693350526e-31
2.60813218585  1.61081852852e-31
2.68744694072  1.82090380909e-31
2.76917370155  2.03737790025e-31
2.85338581877  2.2604350893e-31
2.94015887345  2.49027557191e-31
3.02957074514  4.70105522289e-30
3.12170168173  1.85224574394e-29
3.21663437151  3.27641762083e-29
3.31445401734  4.74389935907e-29
3.41524841318  6.25600803569e-29
3.51910802283  7.81410078079e-29
3.62612606115  9.41957599555e-29
3.73639857773  1.10738746073e-28
3.85002454306  1.27784813628e-28
3.96710593738  1.45349261607e-28
4.08774784223  9.0884277337e-28
4.21205853471  1.98347850238e-27
4.34014958471  3.09079450347e-27
4.472135955  4.23178460193e-27
4.60813610445  5.40747284586e-27
4.74827209431  6.61891442522e-27
4.89266969782  7.86719661888e-27
5.041458513  1.47323544057e-26
5.19477207907  3.66885372298e-26
5.35274799621  5.93124198233e-26
5.51552804914  8.26243073085e-26
5.68325833429  1.06645122298e-25
5.85608939099  1.31396423673e-25
6.03417633655  1.89637236114e-25
6.21767900547  3.86936937374e-25
6.40676209294  5.91005615858e-25
6.6015953026  8.01280136707e-25
6.80235349885  1.01794922305e-24
7.00921686386  1.30593782994e-24
7.22237105921  2.25107813836e-24
7.44200739256  3.25835452311e-24
7.66832298935  4.2962627447e-24
7.9015209697  5.36573433436e-24
8.14181063074  7.50285032489e-24
8.38940763443  1.04456471804e-23
8.64453420113  1.34779361302e-23
8.90741930907  1.66024386786e-23
9.17829889981  2.12179093201e-23
9.45741609003  2.67206209901e-23
9.74502138973  3.23906731921e-23
10.041372927  3.84046779607e-23
10.34673668  4.55600908237e-23
10.661386715  5.29491749206e-23
10.9856054331  6.05597146757e-23
11.3196838233  6.83366571159e-23
11.6639217237  7.63434275799e-23
12.0186280908  8.45255115106e-23
12.3841212763  9.23090012665e-23
12.7607293136  1.0029820976e-22
13.1487902114  1.08162477351e-22
13.5486522576  1.15656291959e-22
13.9606743317  1.23352846848e-22
14.3852262269  1.30432710121e-22
14.8226889821  1.37607099307e-22
15.2734552238  1.44438809007e-22
15.7379295184  1.5110355066e-22
16.2165287354  1.57591179423e-22
16.7096824217  1.63802450101e-22
17.2178331866  1.69877384038e-22
17.7414370999  1.75690434683e-22
18.2809641002  1.81325686746e-22
18.8368984177  1.8679608043e-22
19.4097390079  1.91990723448e-22
20  1.97162e-22

