0.5 20000 301
301
0.5  0
0.51797667599  1.40172237598e-39
0.536599673739  2.85384136991e-39
0.555892230681  4.35816890915e-39
0.575878419714  5.91658206591e-39
0.596583179235  7.53102539941e-39
0.618032344264  9.20351338234e-39
0.640252678672  1.09361329144e-38
0.663271908584  1.27310459263e-38
0.687118756972  1.45904920776e-38
0.711822979493  1.65167915508e-38
0.737415401622  1.8512347947e-38
0.763927957112  2.05796512846e-38
0.791393727841  2.27212811069e-38
0.819846985093  2.49399096999e-38
0.849323232317  2.72383054277e-38
0.879859249433  2.9619336186e-38
0.911493138721  3.20859729813e-38
0.944264372364  3.46412936375e-38
0.978213841706  3.72884866366e-38
1.01338390827  2.66491547898e-32
1.04981845661  9.91951165962e-32
1.0875629491  1.74349348902e-31
1.12666448261  2.52205627775e-31
1.16717184731  3.32861100846e-31
1.20913558756  4.1641640853e-31
1.25260806493  5.029758096e-31
1.29764352358  5.92647311284e-31
1.34429815793  6.85542804031e-31
1.39263018277  7.81778201126e-31
1.44269990591  8.81473583325e-31
1.49456980343  9.84753348692e-31
1.54830459763  1.09174636782e-30
1.6039713378  1.20258614461e-30
1.66163948387  1.31741098292e-30
1.7213809931  1.43636415906e-30
1.78327040983  1.5595941006e-30
1.84738495855  1.68725457161e-30
1.91380464021  1.81950486447e-30
1.98261233206  1.95650999865e-30
2.05389389107  1.73390182278e-28
2.12773826107  4.08237856067e-28
2.20423758369  6.51529090934e-28
2.28348731338  9.03567461201e-28
2.3655863365  1.16466745571e-27
2.4506370947  1.43515487022e-27
2.53874571274  1.71536721395e-27
2.63002213093  2.0056541307e-27
2.72458024232  2.30637783515e-27
2.82253803477  2.61791356479e-27
2.92401773821  2.94065004817e-27
3.02914597715  8.64223179016e-27
3.13805392866  2.90440294151e-26
3.25087748609  5.01793400511e-26
3.36775742859  7.20745359495e-26
3.48883959681  9.47569375328e-26
3.61427507483  1.18254847484e-25
3.74422037875  1.42597586062e-25
3.87883765192  1.67815527689e-25
4.01829486729  2.31832401839e-25
4.16276603701  5.58124444822e-25
4.31243142955  8.96147780474e-25
4.46747779462  1.24632418809e-24
4.62809859623  1.60909061134e-24
4.79449425406  1.9848997035e-24
4.96687239354  2.37422039222e-24
5.14544810495  3.89423649e-24
5.33044421176  5.73238850107e-24
5.52209154871  7.63662823839e-24
5.72062924983  9.60933177723e-24
5.92630504679  1.16529606208e-23
6.13937557808  1.51784845674e-23
6.36010670917  1.96022406341e-23
6.58877386432  2.41850455597e-23
6.82566237018  2.89326176838e-23
7.07106781187  3.41228996326e-23
7.32529640178  4.01910746305e-23
7.58866536167  4.64774208599e-23
7.86150331847  5.2989782308e-23
8.14415071437  5.94923629839e-23
8.43696023158  6.59859527701e-23
8.74029723243  7.27130088754e-23
9.05454021523  7.95031025215e-23
9.38008128661  8.5655213257e-23
9.7173266507  9.20285129951e-23
10.0666971161  9.84181165097e-23
10.4286286208  1.04102975046e-22
10.8035727762  1.09992223303e-22
11.1919974309  1.15577646634e-22
11.5943872539  1.20817462473e-22
12.0112443398  1.26222550687e-22
12.4430888353  1.3095811427e-22
12.8904595879  1.35863937237e-22
13.3539148186  1.40336095973e-22
13.8340328184  1.44773439819e-22
14.3314126696  1.48912038274e-22
14.8466749937  1.52961679757e-22
15.3804627255  1.56732970681e-22
15.9334419155  1.60462859832e-22
16.5063025609  1.63860133149e-22
17.0997594668  1.67240028291e-22
17.7145531376  1.70352002926e-22
18.3514507018  1.71632416365e-22
19.0112468682  1.71659696017e-22
19.6947649184  1.72091043559e-22
20.4028577337  1.72903416346e-22
21.1364088592  1.74073604183e-22
21.8963336065  1.75578172917e-22
22.6835801957  1.77393406897e-22
23.4991309386  1.79495250242e-22
24.3440034645  1.81313615417e-22
25.2192519896  1.82321737706e-22
26.1259686331  1.83224411564e-22
27.0652847792  1.84025124106e-22
28.0383724893  1.84727239051e-22
29.0464459643  1.85334001794e-22
30.0907630598  1.85848544384e-22
31.1726268555  1.86273890384e-22
32.2933872809  1.86612959649e-22
33.4544428005  1.86868573017e-22
34.6572421578  1.87043456918e-22
35.9032861837  1.87140247919e-22
37.1941296691  1.87161497202e-22
38.5313833047  1.87109674988e-22
39.9167156909  1.86987174921e-22
41.35185542  1.86796318407e-22
42.8385932329  1.86539358922e-22
44.3787842538  1.86218486305e-22
45.9743503045  1.85835831026e-22
47.627282303  1.85393468454e-22
49.3396427475  1.84893423117e-22
51.1135682897  1.84337672977e-22
52.9512724014  1.83728153707e-22
54.8550481358  1.83066762994e-22
56.8272709893  1.82355364859e-22
58.8704018652  1.8159579401e-22
60.9869901447  1.80789860212e-22
63.1796768676  1.79939352707e-22
65.4511980279  1.79046044644e-22
67.8043879881  1.78111697552e-22
70.2421830153  1.77138065833e-22
72.767624945  1.76126901267e-22
75.3838649774  1.75079957534e-22
78.0941676085  1.73998994719e-22
80.9019147041  1.72885783801e-22
83.8106097193  1.71742111093e-22
86.8238820702  1.70569782611e-22
89.9454916625  1.69370628339e-22
93.1793335833  1.68146506344e-22
96.5294429608  1.66899306716e-22
100  1.6563095526e-22
103.595335198  1.64343416893e-22
107.319934748  1.63038698675e-22
111.178446136  1.61718852411e-22
115.175683943  1.60385976722e-22
119.316635847  1.59042218524e-22
123.606468853  1.57689773799e-22
128.050535734  1.56330887573e-22
132.654381717  1.54967852998e-22
137.423751394  1.53603009426e-22
142.364595899  1.52238739388e-22
147.483080324  1.50877464376e-22
152.785591422  1.49521639341e-22
158.278745568  1.48173745827e-22
163.969397019  1.46836283704e-22
169.864646463  1.45511761442e-22
175.971849887  1.44202684948e-22
182.298627744  1.42911544968e-22
188.852874473  1.41640803142e-22
195.642768341  1.40392876814e-22
202.676781654  1.39262010986e-22
209.963691323  1.38064701545e-22
217.51258982  1.36897120771e-22
225.332896521  1.35761329639e-22
233.434369463  1.3465925727e-22
241.827117512  1.3359268314e-22
250.521612986  1.32563220028e-22
259.528704717  1.31572298079e-22
268.859631586  1.3062115041e-22
278.526036554  1.29710800619e-22
288.539981181  1.28842052561e-22
298.913960685  1.28015482707e-22
309.660919525  1.27231435359e-22
320.794267559  1.264900209e-22
332.327896774  1.25791117248e-22
344.276198619  1.25134374567e-22
356.654081967  1.24519223243e-22
369.476991711  1.23944885106e-22
382.760928042  1.23410387786e-22
396.522466412  1.22914582147e-22
410.778778215  1.22456162723e-22
425.547652214  1.22033691204e-22
440.847516738  1.21645623213e-22
456.697462677  1.2129033905e-22
473.117267301  1.20966180095e-22
490.127418939  1.2067149539e-22
507.749142548  1.20406250633e-22
526.004426187  1.20185306557e-22
544.916048465  1.20012256445e-22
564.507606954  1.19886347654e-22
584.803547643  1.19806689297e-22
605.82919543  1.19249779605e-22
627.610785733  1.19300983194e-22
650.175497219  1.19392002336e-22
673.551485719  1.19523265366e-22
697.767919361  1.19695094637e-22
722.855014966  1.19907704552e-22
748.84407575  1.20161200486e-22
775.767530383  1.20455578624e-22
803.658973457  1.20790726712e-22
832.553207402  1.21166425711e-22
862.486285909  1.21582352324e-22
893.495558925  1.22038082355e-22
925.619719247  1.22533094824e-22
958.898850812  1.24866743067e-22
993.374478709  1.26027306342e-22
1029.08962099  1.27100804019e-22
1066.08884235  1.28096127559e-22
1104.41830974  1.29021221673e-22
1144.12584997  1.29883227751e-22
1185.26100936  1.30688599838e-22
1227.87511562  1.3144319915e-22
1272.02134183  1.32152371627e-22
1317.75477286  1.32821011986e-22
1365.13247404  1.33453616917e-22
1414.21356237  1.34054329508e-22
1465.05928036  1.34626976516e-22
1517.73307233  1.34973608761e-22
1572.30066369  1.35418344616e-22
1628.83014287  1.35821499072e-22
1687.39204632  1.36185967302e-22
1748.05944649  1.36514413851e-22
1810.90804305  1.36809297796e-22
1876.01625732  1.37072894517e-22
1943.46533014  1.37307314586e-22
2013.33942322  1.37514520205e-22
2085.72572415  1.37696339568e-22
2160.71455525  1.37854479423e-22
2238.39948618  1.37990536094e-22
2318.87745078  1.38106005171e-22
2402.24886796  1.38202290044e-22
2488.61776706  1.38280709429e-22
2578.09191758  1.38342504021e-22
2670.78296373  1.38388842387e-22
2766.80656368  1.38420826187e-22
2866.28253393  1.38439494816e-22
2969.33499874  1.38445829536e-22
3076.0925451  1.38440757167e-22
3186.68838309  1.38425153384e-22
3301.26051218  1.38399845685e-22
3419.95189335  1.38365616058e-22
3542.91062753  1.38323203395e-22
3670.29014035  1.38273305688e-22
3802.24937364  1.38216582028e-22
3938.95298368  1.38153654446e-22
4080.57154674  1.38085109607e-22
4227.28177184  1.38011500386e-22
4379.2667213  1.37933347341e-22
4536.71603914  1.37851140091e-22
4699.82618773  1.37765338629e-22
4868.8006929  1.37676374562e-22
5043.85039793  1.37584652302e-22
5225.19372662  1.37490550206e-22
5413.05695583  1.3739442168e-22
5607.67449785  1.37296596245e-22
5809.28919286  1.37197380574e-22
6018.15261197  1.37097059507e-22
6234.52537109  1.36995897028e-22
6458.67745619  1.36894137239e-22
6690.88856009  1.36792005292e-22
6931.44843155  1.36689708321e-22
7180.65723674  1.36587436338e-22
7438.82593382  1.36485363115e-22
7706.27666093  1.36383647049e-22
7983.34313818  1.36282432003e-22
8270.371084  1.36181848122e-22
8567.71864659  1.36082012637e-22
8875.75685075  1.35983030636e-22
9194.87006089  1.35884995817e-22
9525.4564606  1.3578799122e-22
9867.9285495  1.35692089925e-22
10222.7136579  1.35597355732e-22
10590.2544803  1.35503843813e-22
10971.0096272  1.35411601341e-22
11365.4541979  1.35320668082e-22
11774.080373  1.35231076976e-22
12197.3980289  1.35142854675e-22
12635.9353735  1.35056022067e-22
13090.2396056  1.34970594763e-22
13560.8775976  1.34886583569e-22
14048.4366031  1.34803994917e-22
14553.524989  1.34722831286e-22
15076.7729955  1.34643091587e-22
15618.8335217  1.34564771527e-22
16180.3829408  1.3448786395e-22
16762.1219439  1.34412359155e-22
17364.776414  1.34338245187e-22
17989.0983325  1.34265508115e-22
18635.8667167  1.34390633165e-22
19305.8885922  1.34342414694e-22
20000  1.34294725059e-22

