0.1 20 151
151
0.1  0
0.103595335198  1.19240370441e-36
0.107319934748  2.42767831892e-36
0.111178446136  3.70736519642e-36
0.115175683943  5.03306110666e-36
0.119316635847  6.40642022858e-36
0.123606468853  7.8291562144e-36
0.128050535734  9.3030443279e-36
0.132654381717  1.08299236595e-35
0.137423751394  1.24116994212e-35
0.142364595899  1.40503453235e-35
0.147483080324  1.57479060388e-35
0.152785591422  1.7506499752e-35
0.158278745568  1.93283208039e-35
0.163969397019  2.12156424294e-35
0.169864646463  2.31708195935e-35
0.175971849887  2.51962919305e-35
0.182298627744  2.72945867872e-35
0.188852874473  2.94683223775e-35
0.195642768341  3.17202110487e-35
0.202676781654  1.05911937585e-30
0.209963691323  3.94223296018e-30
0.21751258982  6.92900414201e-30
0.225332896521  1.00231597594e-29
0.233434369463  1.32285606428e-29
0.241827117512  1.65492064324e-29
0.250521612986  1.99892405689e-29
0.259528704717  2.35529554635e-29
0.268859631586  2.72447978541e-29
0.278526036554  3.10693743535e-29
0.288539981181  3.50314571981e-29
0.298913960685  3.91359902017e-29
0.309660919525  4.33880949251e-29
0.320794267559  4.77930770663e-29
0.332327896774  5.23564330809e-29
0.344276198619  5.70838570405e-29
0.356654081967  6.19812477377e-29
0.369476991711  6.70547160464e-29
0.382760928042  7.23105925469e-29
0.396522466412  7.77554354252e-29
0.410778778215  8.3396038656e-29
0.425547652214  8.92394404802e-29
0.440847516738  9.52929321869e-29
0.456697462677  1.01564067212e-28
0.473117267301  1.08060670561e-28
0.490127418939  1.14790848578e-28
0.507749142548  2.57223520939e-27
0.526004426187  8.35223417801e-27
0.544916048465  1.4340043484e-26
0.564507606954  2.05431346055e-26
0.584803547643  2.69692476455e-26
0.60582919543  3.36264009895e-26
0.627610785733  4.05229013109e-26
0.650175497219  4.76673539357e-26
0.673551485719  5.50686735805e-26
0.697767919361  6.27360954755e-26
0.722855014966  7.06791868888e-26
0.74884407575  7.89078590634e-26
0.775767530383  8.7432379585e-26
0.803658973457  9.62633851934e-26
0.832553207402  1.05411895055e-25
0.862486285909  1.14889324511e-25
0.893495558925  1.24707499325e-25
0.925619719247  1.34878670433e-25
0.958898850812  1.45415529237e-25
0.993374478709  1.58390349429e-25
1.02908962099  5.45433565081e-25
1.06608884235  1.03766643318e-24
1.10441830974  1.54759672285e-24
1.14412584997  2.0758607157e-24
1.18526100936  2.62311756983e-24
1.22787511562  3.19005014226e-24
1.27202134183  3.77736584101e-24
1.31775477286  4.38579750781e-24
1.36513247404  5.01610433247e-24
1.41421356237  5.66907280026e-24
1.46505928036  6.3455176732e-24
1.51773307233  7.04628300676e-24
1.57230066369  7.77224320301e-24
1.62883014287  8.52430410171e-24
1.68739204632  9.30340411062e-24
1.74805944649  1.01105153764e-23
1.81090804305  1.09466449976e-23
1.87601625732  1.18128362813e-23
1.94346533014  1.27101700452e-23
2.01333942322  1.3945077139e-23
2.08572572415  1.65170333093e-23
2.16071455525  1.91891703187e-23
2.23839948618  2.19573796106e-23
2.31887745078  2.48251153055e-23
2.40224886796  2.77959557112e-23
2.48861776706  3.08736077877e-23
2.57809191758  3.40619117726e-23
2.67078296373  3.73648459728e-23
2.76680656368  4.0786531729e-23
2.86628253393  4.43312385575e-23
2.96933499874  4.80033894782e-23
3.0760925451  5.12389725995e-23
3.18668838309  5.43535062317e-23
3.30126051218  5.75800177878e-23
3.41995189335  6.09225332495e-23
3.54291062753  6.43852233461e-23
3.67029014035  6.79724087585e-23
3.80224937364  7.16885655108e-23
3.93895298368  7.55383305547e-23
4.08057154674  7.8725135701e-23
4.22728177184  8.13975079313e-23
4.3792667213  8.41659609011e-23
4.53671603914  8.70339490349e-23
4.69982618773  9.00050509556e-23
4.8688006929  9.30829739494e-23
5.04385039793  9.59765219615e-23
5.22519372662  9.80603287057e-23
5.41305695583  1.00218912903e-22
5.60767449785  1.02455105439e-22
5.80928919286  1.04771696591e-22
6.01815261197  1.07073827578e-22
6.23452537109  1.08712090218e-22
6.45867745619  1.10383816468e-22
6.69088856009  1.12115646881e-22
6.93144843155  1.13909742403e-22
7.18065723674  1.15362404861e-22
7.43882593382  1.16707721941e-22
7.70627666093  1.1810140768e-22
7.98334313818  1.19527919609e-22
8.270371084  1.20606147016e-22
8.56771864659  1.21677490284e-22
8.87575685075  1.22787351933e-22
9.19487006089  1.23716718791e-22
9.5254564606  1.24533928371e-22
9.8679285495  1.25380519374e-22
10.2227136579  1.26086726787e-22
10.5902544803  1.26713383889e-22
10.9710096272  1.27356289718e-22
11.3654541979  1.278516414e-22
11.774080373  1.28343218689e-22
12.1973980289  1.2877726118e-22
12.6359353735  1.29137738877e-22
13.0902396056  1.29482761413e-22
13.5608775976  1.29724730208e-22
14.0484366031  1.29960704954e-22
14.553524989  1.30104986997e-22
15.0767729955  1.30237573732e-22
15.6188335217  1.30299928188e-22
16.1803829408  1.30341196171e-22
16.7621219439  1.30335378781e-22
17.364776414  1.30297616688e-22
17.9890983325  1.30234639512e-22
18.6358667167  1.30131081992e-22
19.3058885922  1.30003398621e-22
20  1.2985e-22

