1 20 101
101
1  0
1.03041055791  1.22029053942e-34
1.06174591785  2.47769079495e-34
1.09403420358  3.77332929377e-34
1.12730439408  5.1083688822e-34
1.16158634964  6.48400776934e-34
1.1969108386  7.90148060252e-34
1.23330956497  9.36205957538e-34
1.27081519692  1.08670555697e-33
1.30946139606  1.24178193318e-33
1.34928284767  1.40157426852e-33
1.39031529185  1.56622597792e-33
1.43259555555  1.73588483766e-33
1.47616158565  1.91070311799e-33
1.52105248304  2.09083771975e-33
1.56730853766  2.27645031525e-33
1.61497126471  2.46770749334e-33
1.66408344188  2.66478090891e-33
1.71468914776  2.86784743701e-33
1.76683380139  3.07708933151e-33
1.82056420303  3.29269438877e-33
1.87592857615  3.5148561161e-33
1.93297661076  3.74377390551e-33
1.99175950792  3.80039799339e-32
2.05233002578  2.19386664314e-30
2.11474252688  4.80564178287e-30
2.17905302696  7.49684246173e-30
2.24531924523  1.02698840547e-29
2.31360065617  1.31272553896e-29
2.3839585429  1.6071520981e-29
2.45645605223  1.91053233316e-29
2.53115825126  2.22313853043e-29
2.60813218585  2.54525125657e-29
2.68744694072  2.87715961042e-29
2.76917370155  3.21916148248e-29
2.85338581877  3.57156382229e-29
2.94015887345  3.93468291385e-29
3.02957074514  2.53574282425e-28
3.12170168173  9.13221654016e-28
3.21663437151  1.5929292702e-27
3.31445401734  2.29330717421e-27
3.41524841318  3.01498396103e-27
3.51910802283  3.75860734157e-27
3.62612606115  4.52484472399e-27
3.73639857773  5.3143838127e-27
3.85002454306  6.12793322559e-27
3.96710593738  6.96622313001e-27
4.08774784223  2.37631159739e-26
4.21205853471  4.72252996482e-26
4.34014958471  7.14009814178e-26
4.472135955  9.63118591579e-26
4.60813610445  1.21980290588e-25
4.74827209431  1.48429313339e-25
4.89266969782  1.75682665628e-25
5.041458513  2.66588622836e-25
5.19477207907  5.27847204499e-25
5.35274799621  7.9705080539e-25
5.51552804914  1.07444103798e-24
5.68325833429  1.36026686229e-24
5.85608939099  1.65478480939e-24
6.03417633655  2.15431574391e-24
6.21767900547  3.49123633338e-24
6.40676209294  4.87341876521e-24
6.6015953026  6.29763413594e-24
6.80235349885  7.76516069068e-24
7.00921686386  9.45341367553e-24
7.22237105921  1.29569509418e-23
7.44200739256  1.66578800446e-23
7.66832298935  2.04713564662e-23
7.9015209697  2.44008028334e-23
8.14181063074  2.94126316728e-23
8.38940763443  3.52658743594e-23
8.64453420113  4.12971174217e-23
8.90741930907  4.75117739504e-23
9.17829889981  5.40866599147e-23
9.45741609003  6.09531102644e-23
9.74502138973  6.80283732002e-23
10.041372927  7.52186197357e-23
10.34673668  8.20676970563e-23
10.661386715  8.91156721968e-23
10.9856054331  9.63349453291e-23
11.3196838233  1.02912694667e-22
11.6639217237  1.09602128649e-22
12.0186280908  1.16401462523e-22
12.3841212763  1.2251940034e-22
12.7607293136  1.28780885568e-22
13.1487902114  1.34875243176e-22
13.5486522576  1.40562481059e-22
13.9606743317  1.46401258995e-22
14.3852262269  1.51693316755e-22
14.8226889821  1.57043486252e-22
15.2734552238  1.62105429723e-22
15.7379295184  1.67020032234e-22
16.2165287354  1.71788528826e-22
16.7096824217  1.76333433198e-22
17.2178331866  1.80769092148e-22
17.7414370999  1.84999811767e-22
18.2809641002  1.89087497645e-22
18.8368984177  1.93041858445e-22
19.4097390079  1.96788272618e-22
20  2.00514e-22

