0.2 20 151
151
0.2  0
0.206235454919  3.49401637879e-35
0.212665314327  7.09696666566e-35
0.219295639229  1.0812247123e-34
0.22613267959  1.46433598993e-34
0.233182880236  1.85939163306e-34
0.240452886923  2.26676403446e-34
0.247949552606  2.68683719708e-34
0.255679943893  3.12000709604e-34
0.263651347711  3.56668205189e-34
0.271871278176  4.02728311548e-34
0.280347483669  4.50224446492e-34
0.289087954149  4.99201381476e-34
0.298100928677  5.49705283812e-34
0.307394903187  6.01783760179e-34
0.316978638492  6.55485901503e-34
0.326861168545  7.10862329234e-34
0.33705180895  7.67965243059e-34
0.34756016575  8.26848470107e-34
0.358396144475  8.87567515695e-34
0.369569959484  9.50179615639e-34
0.381092143593  1.01474379022e-33
0.392973557999  1.08132089979e-33
0.405225402524  1.1499737022e-33
0.417859226171  1.22076691187e-33
0.430886938006  1.29376726089e-33
0.444320818391  1.36904356183e-33
0.458173530554  1.44666677267e-33
0.472458132527  1.52671006368e-33
0.487188089458  1.60924888634e-33
0.502377286302  1.1607227929e-30
0.518040040906  8.25118677405e-30
0.534191117512  1.56368905959e-29
0.550845740668  2.32528605339e-29
0.568019609583  3.1106275658e-29
0.585728912925  3.92045388619e-29
0.60399034408  4.75552838414e-29
0.622821116889  5.61663822901e-29
0.642238981873  6.50459513198e-29
0.662262242965  7.42023611114e-29
0.682909774767  8.36442428053e-29
0.704201040337  9.33804966375e-29
0.72615610954  1.03420300329e-28
0.748795677965  1.13773117737e-28
0.772141086431  1.24448707776e-28
0.796214341107  1.35457133617e-28
0.821038134255  1.46808772174e-28
0.846635865618  1.58514323883e-28
0.87303166448  1.70584822791e-28
0.900250412412  1.83031646959e-28
0.928317766723  1.95866529181e-28
0.957260184645  2.09101568051e-28
0.987104948279  2.22749239363e-28
1.0178801903  1.01324539784e-26
1.0496149205  2.77102687985e-26
1.08233905309  4.58361119781e-26
1.11608343495  6.45270695477e-26
1.15087987467  8.38007602338e-26
1.18676117255  1.03675352067e-25
1.2237611515  1.24169579507e-25
1.26191468896  1.45302761104e-25
1.30125774973  1.67094817706e-25
1.34182741991  1.89566291241e-25
1.38366194184  2.12738364076e-25
1.42680075014  2.3663287899e-25
1.47128450892  2.61272359756e-25
1.51715515006  2.8668003238e-25
1.56445591277  3.1287984699e-25
1.61323138435  3.39896500414e-25
1.66352754221  3.67755459461e-25
1.71539179718  3.96482984924e-25
1.76887303828  4.26106156337e-25
1.82402167871  4.56652897499e-25
1.88088970345  4.88152002798e-25
1.93953071822  5.20633164353e-25
2  5.916428157e-25
2.06235454919  1.18303329952e-24
2.12665314327  1.83154718343e-24
2.19295639229  2.50027996278e-24
2.2613267959  3.18986200762e-24
2.33182880236  3.90094334122e-24
2.40452886923  4.63419425282e-24
2.47949552606  5.39030592944e-24
2.55679943893  6.16999110742e-24
2.63651347711  6.9739847443e-24
2.71871278176  7.80304471156e-24
2.80347483669  8.65795250907e-24
2.89087954149  9.53951400174e-24
2.98100928677  1.04521744154e-23
3.07394903187  1.26396966116e-23
3.16978638492  1.52311578056e-23
3.26861168545  1.79034136968e-23
3.3705180895  2.06589832437e-23
3.4756016575  2.35004639391e-23
3.58396144475  2.64305342583e-23
3.69569959484  2.94519561845e-23
3.81092143593  3.25675778117e-23
3.92973557999  3.578033603e-23
4.05225402524  3.91340853633e-23
4.17859226171  4.26490046091e-23
4.30886938006  4.62735094574e-23
4.44320818391  5.00110164887e-23
4.58173530554  5.3865048803e-23
4.72458132527  5.7839239341e-23
4.87188089458  6.19373343087e-23
5.02377286302  6.59910699117e-23
5.18040040906  6.92956945668e-23
5.34191117512  7.26923321963e-23
5.50845740668  7.61948677299e-23
5.68019609583  7.98066027757e-23
5.85728912925  8.35309418767e-23
6.0399034408  8.71395163693e-23
6.22821116889  9.00155773576e-23
6.42238981873  9.29794794912e-23
6.62262242965  9.60357880155e-23
6.82909774767  9.91873839099e-23
7.04201040337  1.02255677311e-22
7.2615610954  1.04679449516e-22
7.48795677965  1.07175235539e-22
7.72141086431  1.09748833368e-22
7.96214341107  1.12395610331e-22
8.21038134255  1.14535028704e-22
8.46635865618  1.16621755765e-22
8.7303166448  1.18773541288e-22
9.00250412412  1.20955304936e-22
9.28317766723  1.22727135181e-22
9.57260184645  1.24520986244e-22
9.87104948279  1.26370764694e-22
10.178801903  1.28025388304e-22
10.496149205  1.29543577797e-22
10.8233905309  1.311091003e-22
11.1608343495  1.32554716296e-22
11.5087987467  1.33854363319e-22
11.8676117255  1.35194529795e-22
12.237611515  1.36392330085e-22
12.6191468896  1.37521674793e-22
13.0125774973  1.38667020697e-22
13.4182741991  1.39638218481e-22
13.8366194184  1.40627604924e-22
14.2680075014  1.4151705008e-22
14.7128450892  1.42352010232e-22
15.1715515006  1.43146268633e-22
15.6445591277  1.43850103982e-22
16.1323138435  1.44536188846e-22
16.6352754221  1.45133707201e-22
17.1539179718  1.45713991663e-22
17.6887303828  1.46224737516e-22
18.2402167871  1.46705525625e-22
18.8088970345  1.47139997334e-22
19.3953071822  1.47523184309e-22
20  1.47886e-22

