1 20 101
101
1  0
1.03041055791  8.62598516208e-37
1.06174591785  1.75142913455e-36
1.09403420358  2.66728958788e-36
1.12730439408  3.61100186857e-36
1.16158634964  4.58341296622e-36
1.1969108386  5.58539562787e-36
1.23330956497  6.61784914127e-36
1.27081519692  7.68170014204e-36
1.30946139606  8.77790344528e-36
1.34928284767  9.90744290255e-36
1.39031529185  1.10713322849e-35
1.43259555555  1.22706161927e-35
1.47616158565  1.35063709933e-35
1.52105248304  1.47797057867e-35
1.56730853766  1.60917634017e-35
1.61497126471  1.74437214207e-35
1.66408344188  1.88367932374e-35
1.71468914776  2.02722291452e-35
1.76683380139  2.17513174598e-35
1.82056420303  2.32753856753e-35
1.87592857615  2.48458016554e-35
1.93297661076  2.64639748618e-35
1.99175950792  1.12216929058e-33
2.05233002578  7.04369304395e-32
2.11474252688  1.54411180335e-31
2.17905302696  2.40939134021e-31
2.24531924523  3.30098451053e-31
2.31360065617  4.21969152658e-31
2.3839585429  5.16633693556e-31
2.45645605223  6.14177035956e-31
2.53115825126  7.14686725819e-31
2.60813218585  8.18252971427e-31
2.68744694072  9.24968724344e-31
2.76917370155  1.03492976285e-30
2.85338581877  1.14823477788e-30
2.94015887345  1.26498546163e-30
3.02957074514  1.65966561624e-29
3.12170168173  6.41133249058e-29
3.21663437151  1.13075002056e-28
3.31445401734  1.63525631124e-28
3.41524841318  2.15510491969e-28
3.51910802283  2.69076241436e-28
3.62612606115  3.24270955229e-28
3.73639857773  3.81144171062e-28
3.85002454306  4.39746933118e-28
3.96710593738  5.00131837864e-28
4.08774784223  2.56084103145e-27
4.21205853471  5.45617417407e-27
4.34014958471  8.43955601289e-27
4.472135955  1.15136641579e-26
4.60813610445  1.46812576467e-26
4.74827209431  1.79451794207e-26
4.89266969782  2.13083588768e-26
5.041458513  3.71535626681e-26
5.19477207907  8.65047089815e-26
5.35274799621  1.37356651188e-25
5.51552804914  1.89755029328e-25
5.68325833429  2.43746871381e-25
5.85608939099  2.99380635473e-25
6.03417633655  4.1792470791e-25
6.21767900547  7.9680446823e-25
6.40676209294  1.18864418664e-24
6.6015953026  1.5923999695e-24
6.80235349885  2.00843419097e-24
7.00921686386  2.5365578219e-24
7.22237105921  4.07679046743e-24
7.44200739256  5.71516132662e-24
7.66832298935  7.40335595771e-24
7.9015209697  9.14288952938e-24
8.14181063074  1.21511563e-23
8.38940763443  1.61209060482e-23
8.64453420113  2.0211378101e-23
8.90741930907  2.44262436911e-23
9.17829889981  2.99090241478e-23
9.45741609003  3.61683387854e-23
9.74502138973  4.26180026732e-23
10.041372927  4.9330014327e-23
10.34673668  5.66161412646e-23
10.661386715  6.41300470304e-23
10.9856054331  7.18498540233e-23
11.3196838233  7.93522142715e-23
11.6639217237  8.7036327109e-23
12.0186280908  9.48704924253e-23
12.3841212763  1.02148779612e-22
12.7607293136  1.09610401671e-22
13.1487902114  1.16921499692e-22
13.5486522576  1.23829516402e-22
13.9606743317  1.30923232492e-22
14.3852262269  1.37408089987e-22
14.8226889821  1.43973093555e-22
15.2734552238  1.50207512865e-22
15.7379295184  1.56277262947e-22
16.2165287354  1.62176923446e-22
16.7096824217  1.6781367008e-22
17.2178331866  1.73323184024e-22
17.7414370999  1.78590115788e-22
18.2809641002  1.83691299528e-22
18.8368984177  1.88638559019e-22
19.4097390079  1.93334723203e-22
20  1.98009e-22

