0.5 20 151
151
0.5  0
0.512448710082  1.45347404308e-42
0.52520736093  2.94313584011e-42
0.538283669269  4.46988637281e-42
0.55168554395  6.034649055e-42
0.565421090737  7.63837029115e-42
0.579498617203  9.28202004874e-42
0.59392663776  1.0966592445e-41
0.608713878807  1.26931063479e-41
0.623869284008  1.44626059929e-41
0.6394020197  1.62761616141e-41
0.655321480438  1.81348700916e-41
0.67163729468  2.00398556149e-41
0.688359330604  2.19922703633e-41
0.705497702082  2.3993295202e-41
0.723062774796  2.60441403969e-41
0.741065172505  2.81460463462e-41
0.759515783475  3.03002843312e-41
0.778425767058  3.25081572843e-41
0.797806560447  3.47710005781e-41
0.817669885593  3.70901828321e-41
0.83802775629  3.94671067412e-41
0.858892485448  4.19032099235e-41
0.880276692535  4.43999657903e-41
0.90219331121  4.69588844369e-41
0.924655597149  4.95815135563e-41
0.947677136058  5.22694393748e-41
0.971271851895  5.50242876117e-41
0.995454015286  6.03629631524e-36
1.02023825216  1.04349041e-33
1.04563955259  2.35318907919e-33
1.07167327987  3.69549586643e-33
1.0983551798  5.07122262974e-33
1.1257013902  6.48120144031e-33
1.15372845069  7.92628508574e-33
1.18245331269  9.40734758588e-33
1.21189334964  1.09252847214e-32
1.24206636756  1.24810145755e-32
1.27299061578  1.40754780895e-32
1.30468479801  1.57096396315e-32
1.33716808361  1.738448758e-32
1.37046011922  1.91010349217e-32
1.40458104063  2.08603198637e-32
1.43955148495  2.26634064621e-32
1.47539260312  2.45113852652e-32
1.51212607267  2.6405373973e-32
1.54977411084  2.83465181134e-32
1.58835948804  3.03359917351e-32
1.62790554158  3.23749981174e-32
1.66843618984  3.44647704984e-32
1.70997594668  3.66065728204e-32
1.75254993629  3.88017004947e-32
1.79618390842  4.1051481185e-32
1.84090425388  4.33572756104e-32
1.88673802057  4.57204783685e-32
1.93371292981  4.81425187786e-32
1.9818573931  5.06248617464e-32
2.03120052932  7.59102592657e-30
2.08177218234  1.98114352562e-29
2.13360293905  3.23361012516e-29
2.18672414789  4.51725991187e-29
2.24116793778  5.83286926666e-29
2.29696723759  7.18123390032e-29
2.35415579601  8.56316933481e-29
2.41276820199  9.97951139645e-29
2.47283990568  1.14311167215e-28
2.53440723981  1.29188632742e-28
2.59750744173  1.4443650878e-28
2.66217867588  1.60064017594e-28
2.72846005693  1.76080611061e-28
2.79639167337  1.92495976385e-28
2.86601461181  2.09320041957e-28
2.9373709818  2.26562983358e-28
3.01050394131  5.50652349614e-28
3.08545772284  2.55121785351e-27
3.16227766017  4.62729993618e-27
3.24101021575  6.75507110676e-27
3.32170300885  8.93581829019e-27
3.40440484432  1.11708604525e-26
3.48916574214  1.34615493986e-26
3.57603696765  1.58092705899e-26
3.66507106256  1.82154439822e-26
3.75632187674  2.06815248843e-26
3.84984460077  2.32090048388e-26
3.94569579937  2.57994125238e-26
4.04393344553  5.05781740635e-26
4.14461695564  1.04001045895e-25
4.2478072254  1.58754009414e-25
4.35356666667  2.1487018047e-25
4.46195924519  2.72383499415e-25
4.57305051927  3.31328751627e-25
4.68690767949  3.9174158855e-25
4.80359958925  4.53658549258e-25
4.92319682653  5.17117082551e-25
5.04577172647  7.28131171629e-25
5.1713984252  1.19543874745e-24
5.30015290463  1.67438107634e-24
5.43211303844  2.16524783363e-24
5.56735863914  2.66833590681e-24
5.70597150638  3.18394957513e-24
5.84803547643  3.7124006936e-24
5.99363647282  4.3092289537e-24
6.1428625584  6.02150610382e-24
6.29580398853  7.88835814125e-24
6.4525532657  9.80168997824e-24
6.6132051955  1.17626588419e-23
6.77785694388  1.37724507713e-23
6.94660809603  1.58322813347e-23
7.11956071652  1.90456600878e-23
7.29681941106  2.28435339737e-23
7.47849138981  2.67359651214e-23
7.66468653214  3.07253077629e-23
7.85551745316  3.48139747444e-23
8.0510995718  3.9166562597e-23
8.25155118063  4.40973314064e-23
8.45699351738  4.91508636386e-23
8.66755083831  5.4330215786e-23
8.88335049333  5.96385204401e-23
9.10452300303  6.49149602369e-23
9.33120213764  7.01351540277e-23
9.5635249979  7.54853171766e-23
9.80163209803  8.09686855855e-23
10.0456674507  8.6446681338e-23
10.295778654  9.14530942157e-23
10.5521169811  9.65803990676e-23
10.8148374712  1.01835360583e-22
11.0840990237  1.06968431106e-22
11.3600644943  1.11659016209e-22
11.6429007931  1.1646638478e-22
11.9327789861  1.21392918429e-22
12.2298743982  1.25844812088e-22
12.5343667197  1.30227674563e-22
12.8464401144  1.34719659006e-22
13.1662833315  1.38964143995e-22
13.4940898196  1.42974200764e-22
13.8300578436  1.47084097601e-22
14.1743906047  1.50988869631e-22
14.5272963631  1.54683792922e-22
14.8889885645  1.58470710271e-22
15.2596859686  1.61975886809e-22
15.6396127818  1.65403586517e-22
16.0289987924  1.68866953467e-22
16.4280795102  1.72008146803e-22
16.8370963082  1.75211975382e-22
17.2562965694  1.78242606314e-22
17.6859338356  1.81183903038e-22
18.1262679613  1.84093501787e-22
18.5775652707  1.86808055103e-22
19.0400987189  1.89553556117e-22
19.5141480567  1.92088380846e-22
20  1.94677e-22

