0.2 20 151
151
0.2  0
0.206235454919  9.07921727364e-36
0.212665314327  1.84414997973e-35
0.219295639229  2.8095672774e-35
0.22613267959  3.80508365526e-35
0.233182880236  4.8316375206e-35
0.240452886923  5.89019653768e-35
0.247949552606  6.9817585399e-35
0.255679943893  8.10735247041e-35
0.263651347711  9.26803935196e-35
0.271871278176  1.04649132871e-34
0.280347483669  1.16991024897e-34
0.289087954149  1.29717703478e-34
0.298100928677  1.42841165213e-34
0.307394903187  1.56373780718e-34
0.316978638492  1.70328306292e-34
0.326861168545  1.84717895942e-34
0.33705180895  1.99556113779e-34
0.34756016575  2.14856946809e-34
0.358396144475  2.30634818112e-34
0.369569959484  2.4690460044e-34
0.381092143593  2.6368163024e-34
0.392973557999  2.80981722105e-34
0.405225402524  2.98821183684e-34
0.417859226171  3.17216831056e-34
0.430886938006  3.36186004577e-34
0.444320818391  3.55746585229e-34
0.458173530554  3.75917011476e-34
0.472458132527  3.96716296641e-34
0.487188089458  4.1816404683e-34
0.502377286302  5.3510264718e-31
0.518040040906  3.80593160763e-30
0.534191117512  7.21295480522e-30
0.550845740668  1.07261997006e-29
0.568019609583  1.43489779968e-29
0.585728912925  1.80847046467e-29
0.60399034408  2.19369010722e-29
0.622821116889  2.59091984834e-29
0.642238981873  3.00053413018e-29
0.662262242965  3.42291906896e-29
0.682909774767  3.85847281896e-29
0.704201040337  4.30760594782e-29
0.72615610954  4.77074182357e-29
0.748795677965  5.2483170137e-29
0.772141086431  5.74078169666e-29
0.796214341107  6.24860008627e-29
0.821038134255  6.77225086926e-29
0.846635865618  7.3122276565e-29
0.87303166448  7.86903944832e-29
0.900250412412  8.44321111426e-29
0.928317766723  9.03528388789e-29
0.957260184645  9.64581587697e-29
0.987104948279  1.02753825895e-28
1.0178801903  6.92767001532e-27
1.0496149205  1.90360730141e-26
1.08233905309  3.15219830179e-26
1.11608343495  4.43971696666e-26
1.15087987467  5.76737695448e-26
1.18676117255  7.13642976231e-26
1.2237611515  8.54816590546e-26
1.26191468896  1.0003916134e-25
1.30125774973  1.15050526871e-25
1.34182741991  1.30529905868e-25
1.38366194184  1.46491889714e-25
1.42680075014  1.62951524714e-25
1.47128450892  1.79924326274e-25
1.51715515006  1.97426293528e-25
1.56445591277  2.15473924422e-25
1.61323138435  2.3408423126e-25
1.66352754221  2.53274756744e-25
1.71539179718  2.73063590511e-25
1.76887303828  2.93469386182e-25
1.82402167871  3.14511378948e-25
1.88088970345  3.362094037e-25
1.93953071822  3.58583913729e-25
2  4.13555581601e-25
2.06235454919  9.10836860723e-25
2.12665314327  1.45651613845e-24
2.19295639229  2.01920820886e-24
2.2613267959  2.59944348446e-24
2.33182880236  3.19776891457e-24
2.40452886923  3.81474850092e-24
2.47949552606  4.45096382925e-24
2.55679943893  5.10701461757e-24
2.63651347711  5.78351928146e-24
2.71871278176  6.48111551702e-24
2.80347483669  7.20046090198e-24
2.89087954149  7.94223351552e-24
2.98100928677  8.71092089961e-24
3.07394903187  1.08100167043e-23
3.16978638492  1.33264660021e-23
3.26861168545  1.59213713306e-23
3.3705180895  1.85971787351e-23
3.4756016575  2.13564105218e-23
3.58396144475  2.42016676355e-23
3.69569959484  2.71356321116e-23
3.81092143593  3.01610696038e-23
3.92973557999  3.32808319915e-23
4.05225402524  3.66334540379e-23
4.17859226171  4.02786153717e-23
4.30886938006  4.40374229014e-23
4.44320818391  4.79134198055e-23
4.58173530554  5.19102597294e-23
4.72458132527  5.60317102292e-23
4.87188089458  6.02816563229e-23
5.02377286302  6.44956218539e-23
5.18040040906  6.79840091233e-23
5.34191117512  7.15703718346e-23
5.50845740668  7.5268547561e-23
5.68019609583  7.90820223275e-23
5.85728912925  8.30143908439e-23
6.0399034408  8.6827557366e-23
6.22821116889  8.98784267834e-23
6.42238981873  9.30225092279e-23
6.62262242965  9.62646155942e-23
6.82909774767  9.96078020009e-23
7.04201040337  1.02862614697e-22
7.2615610954  1.0543369545e-22
7.48795677965  1.08081166581e-22
7.72141086431  1.10811178647e-22
7.96214341107  1.13618953946e-22
8.21038134255  1.15899948824e-22
8.46635865618  1.18127719385e-22
8.7303166448  1.2042494576e-22
9.00250412412  1.22754329808e-22
9.28317766723  1.24648052045e-22
9.57260184645  1.26565487233e-22
9.87104948279  1.28542702823e-22
10.178801903  1.30308710904e-22
10.496149205  1.31926864796e-22
10.8233905309  1.33595468317e-22
11.1608343495  1.35137729055e-22
11.5087987467  1.36526107e-22
11.8676117255  1.37957770785e-22
12.237611515  1.39239228503e-22
12.6191468896  1.4044869564e-22
13.0125774973  1.4167472496e-22
13.4182741991  1.42707959611e-22
13.8366194184  1.43760097837e-22
14.2680075014  1.4470299489e-22
14.7128450892  1.45585997502e-22
15.1715515006  1.46427737577e-22
15.6445591277  1.47176981658e-22
16.1323138435  1.4790936172e-22
16.6352754221  1.4855315254e-22
17.1539179718  1.49178381593e-22
17.6887303828  1.49728703564e-22
18.2402167871  1.50243815814e-22
18.8088970345  1.50705015495e-22
19.3953071822  1.51105881067e-22
20  1.51482e-22

