1 20000 251
251
1  0
1.04040904696  7.06592595144e-39
1.082450985  1.44173792365e-38
1.12619179768  2.20658977425e-38
1.17170013492  3.0023485592e-38
1.21904742069  3.83026319827e-38
1.26830796516  4.69163307886e-38
1.31955908129  5.58781009541e-38
1.37288120617  6.5202007711e-38
1.4283580273  7.49026846539e-38
1.4860766139  8.4995356707e-38
1.54612755358  9.5495864019e-38
1.6086050945  1.06420686824e-37
1.6736072933  1.17786971307e-37
1.74123616901  1.29612556513e-37
1.81159786313  1.41916002347e-37
1.88480280626  1.54716618702e-37
1.96096589137  1.68034495764e-37
2.04020665416  1.8103518129e-33
2.12264946065  5.52207743101e-33
2.20842370239  9.38379034394e-33
2.29766399949  1.34015513953e-32
2.39051041194  1.75816663417e-32
2.48710865943  2.19306957492e-32
2.58761035005  2.64554652903e-32
2.6921732182  3.11630764563e-32
2.8009613722  3.60609177029e-32
2.91414555182  4.11566760465e-32
3.03190339627  1.33150342034e-30
3.15441972299  6.27188583847e-30
3.28188681771  1.14119044017e-29
3.41450473624  1.67596262165e-29
3.55248161847  2.23234443732e-29
3.69603401502  2.81120911191e-29
3.8453872271  3.41346515631e-29
4.00077566014  4.27270203653e-29
4.16244319166  5.34136612389e-28
4.33064355406  1.04540359769e-27
4.50564073281  1.57733039461e-27
4.68770938077  2.13075184645e-27
4.87713524927  2.70653653173e-27
5.07421563659  7.58431842256e-27
5.27925985453  2.00289256618e-26
5.49258971391  3.29764076193e-26
5.71454002959  4.64470849832e-26
5.945459146  6.04620995814e-26
6.18570948383  1.6263005341e-25
6.43566810884  2.95689200983e-25
6.69572732367  4.34125141899e-25
6.96629528353  5.78155147252e-25
7.24779663678  1.24722305398e-24
7.54067319143  2.01680394021e-24
7.84538460853  2.81748285661e-24
8.1624091236  4.53999499766e-24
8.49224429718  7.21312437185e-24
8.83540779578  9.99427235645e-24
9.19243820431  1.44381360885e-23
9.56389587139  2.04411520088e-23
9.95036378878  2.66867440813e-23
10.3524485064  3.53220680545e-23
10.7707810842  4.46195095971e-23
11.2060180829  5.46434821452e-23
11.6588425938  6.54786262889e-23
12.1299653117  7.65987664753e-23
12.6201256496  8.77508405656e-23
13.1300928996  9.90635055136e-23
13.6606674402  1.09952115407e-22
14.2126819923  1.2077724157e-22
14.7870029263  1.31204038127e-22
15.384531622  1.41214661724e-22
16.0062058827  1.51135304358e-22
16.6530014079  1.60234423807e-22
17.3259333238  1.69166699349e-22
18.0260577771  1.77505059002e-22
18.7544735924  1.77208331423e-22
19.5123239965  1.78365203224e-22
20.3007984131  1.80930142715e-22
21.1211343295  1.84858538114e-22
21.9746192385  1.90106562062e-22
22.8625926593  1.96631034957e-22
23.7864482397  2.04389286963e-22
24.7476359436  2.09372941713e-22
25.7476643266  2.13085673474e-22
26.7881029035  2.16529018201e-22
27.8705846117  2.19713340785e-22
28.996808374  2.22648592386e-22
30.1685417653  2.25344328503e-22
31.3876237862  2.27809726533e-22
32.6559677498  2.30053602857e-22
33.9755642841  2.32084429468e-22
35.3484844568  2.33910350189e-22
36.7768830251  2.35539196502e-22
38.2630018183  2.36978503014e-22
39.8091732557  2.3823552261e-22
41.4178240072  2.39317241299e-22
43.0914788025  2.402303928e-22
44.832764393  2.409814729e-22
46.6444136747  2.41576753593e-22
48.5292699773  2.42022297054e-22
50.4902915267  2.4232396946e-22
52.5305560881  2.42487454683e-22
54.6532657959  2.42518267895e-22
56.8617521799  2.42421769088e-22
59.159481394  2.42203176536e-22
61.5500596558  2.41867580228e-22
64.0372389068  2.41419955251e-22
66.624922701  2.40865175171e-22
69.3171723311  2.40208025373e-22
72.118213203  2.39453216381e-22
75.032441467  2.38605397117e-22
78.0644309178  2.37669168098e-22
81.2189401726  2.36649094508e-22
84.5009201401  2.35549719096e-22
87.9155217902  2.34375574848e-22
91.4681042388  2.33131197315e-22
95.1642431583  2.31821136512e-22
99.009739529  2.30449968251e-22
103.010628743  2.29022304747e-22
107.173190077  2.27542804325e-22
111.503956548  2.26016180028e-22
116.009725165  2.24447206875e-22
120.697567597  2.22840727545e-22
125.574841273  2.21201656181e-22
130.649200932  2.19534980036e-22
135.928610627  2.17845758645e-22
141.421356237  2.16139120222e-22
147.136058463  2.14420254965e-22
153.081686359  2.1269440499e-22
159.267571411  2.10966850649e-22
165.703422184  2.09242893017e-22
172.399339552  2.07527832445e-22
179.36583256  2.05826943126e-22
186.613834911  2.0414544376e-22
194.154722129  2.02488464521e-22
202.000329413  2.00981528037e-22
210.162970211  1.99385627975e-22
218.655455543  1.97828874967e-22
227.491114114  1.96315641222e-22
236.683813228  1.94850007886e-22
246.247980551  1.93435722889e-22
256.198626761  1.92076160724e-22
266.551369101  1.9077428535e-22
277.322455892  1.89532617457e-22
288.528792035  1.88353207222e-22
300.187965542  1.87237613604e-22
312.318275138  1.86186891067e-22
324.938758985  1.85201584421e-22
338.069224556  1.8428173223e-22
351.730279727  1.83426879067e-22
365.943365117  1.82636096616e-22
380.730787743  1.81908013514e-22
396.115756024  1.81240853703e-22
412.122416211  1.80632483097e-22
428.775890281  1.80080464634e-22
446.102315367  1.79582122394e-22
464.128884777  1.79134616975e-22
482.883890678  1.7873503832e-22
502.396768493  1.78380619654e-22
522.698143103  1.78089581088e-22
543.819876914  1.77876649551e-22
565.795119858  1.77740632965e-22
588.658361426  1.77680027485e-22
612.445484796  1.77012569407e-22
637.193823152  1.77157300276e-22
662.942218274  1.7736753149e-22
689.731081504  1.77644076379e-22
717.602457167  1.77987510517e-22
746.600088557  1.78398168467e-22
776.769486596  1.78876143075e-22
808.158001257  1.79421287323e-22
840.814895881  1.80033218716e-22
874.791424493  1.80711326086e-22
910.140912246  1.81454778681e-22
946.918839109  1.8434524314e-22
985.182926946  1.86156079712e-22
1024.99323011  1.87815230219e-22
1066.41222967  1.89339994859e-22
1109.50493154  1.90745586509e-22
1154.33896842  1.9204548721e-22
1200.98470601  1.93251728267e-22
1249.51535339  1.94375112528e-22
1300.00707798  1.95425392336e-22
1352.53912504  1.96411413147e-22
1407.19394206  1.97341230252e-22
1464.05730815  1.98222204269e-22
1523.21846867  1.98782877728e-22
1584.7702753  1.99457438732e-22
1648.80933177  2.00062648912e-22
1715.43614549  2.00603860282e-22
1784.75528525  2.01085953349e-22
1856.87554538  2.01513394079e-22
1931.9101165  2.01890282326e-22
2009.97676312  2.02220393181e-22
2091.19800853  2.02507212416e-22
2175.70132706  2.02753966963e-22
2263.61934415  2.02963651202e-22
2355.09004453  2.031390497e-22
2450.25698873  2.03282756914e-22
2549.26953846  2.03397194325e-22
2652.28309095  2.03484625347e-22
2759.45932292  2.03547168347e-22
2870.96644429  2.03586808023e-22
2986.97946215  2.03605405403e-22
3107.68045551  2.0360470662e-22
3233.25886097  2.03586350671e-22
3363.91177012  2.03551876292e-22
3499.84423881  2.0350272807e-22
3641.26960901  2.03440261919e-22
3788.40984363  2.03365750008e-22
3941.49587491  2.03280385225e-22
4100.76796681  2.03185285246e-22
4266.47609215  2.03081496282e-22
4438.88032492  2.02969996544e-22
4618.25124841  2.02851699476e-22
4804.87037999  2.02727456804e-22
4999.03061281  2.02598061413e-22
5201.0366756  2.02464250094e-22
5411.20561086  2.02326706184e-22
5629.8672725  2.02186062101e-22
5857.36484349  2.02042901801e-22
6094.05537452  2.01897763167e-22
6340.31034432  2.0175114033e-22
6596.51624277  2.0160348593e-22
6863.0751774  2.01455213331e-22
7140.40550453  2.01306698772e-22
7428.94248588  2.01158283473e-22
7729.13897165  2.01010275686e-22
8041.46611132  2.00862952689e-22
8366.41409304  2.00716562729e-22
8704.49291301  2.00571326906e-22
9056.2331759  2.00427440993e-22
9422.18692758  2.002850772e-22
9802.92852161  2.0014438587e-22
10199.0555206  2.00005497105e-22
10611.1896341  1.99868522337e-22
11039.9776943  1.99733555815e-22
11486.0926714  1.99600676027e-22
11950.2347295  1.99469947059e-22
12433.1323259  1.9934141987e-22
12935.5433539  1.99215133502e-22
13458.2563327  1.99091116223e-22
14002.0916449  1.98969386594e-22
14567.9028237  1.98849954471e-22
15156.577893  1.9873282194e-22
15769.0407609  1.98617984185e-22
16406.2526695  1.98505430294e-22
17069.213704  1.98395144003e-22
17758.9643622  1.98287104387e-22
18476.5871871  1.98436508547e-22
19223.2084664  1.98365795275e-22
20000  1.98295897842e-22

