0.1 20 151
151
0.1  0
0.103595335198  2.71549555433e-43
0.107319934748  5.52862227613e-43
0.111178446136  8.44289033312e-43
0.115175683943  1.14619360953e-42
0.119316635847  1.45895266725e-42
0.123606468853  1.78295646145e-42
0.128050535734  2.1186092781e-42
0.132654381717  2.46632993862e-42
0.137423751394  2.82655232244e-42
0.142364595899  3.19972590841e-42
0.147483080324  3.58631633566e-42
0.152785591422  3.98680598462e-42
0.158278745568  4.4016945789e-42
0.163969397019  4.83149980883e-42
0.169864646463  5.27675797748e-42
0.175971849887  5.73802466979e-42
0.182298627744  6.21587544585e-42
0.188852874473  6.71090655905e-42
0.195642768341  7.2237357001e-42
0.202676781654  2.41593827895e-34
0.209963691323  8.9927628885e-34
0.21751258982  1.58060463881e-33
0.225332896521  2.28642902676e-33
0.233434369463  3.01763016736e-33
0.241827117512  3.77512043994e-33
0.250521612986  4.5598450269e-33
0.259528704717  5.37278309315e-33
0.268859631586  6.21494900784e-33
0.278526036554  7.08739361008e-33
0.288539981181  7.99120552018e-33
0.298913960685  8.92751249802e-33
0.309660919525  9.89748285019e-33
0.320794267559  1.09023268878e-32
0.332327896774  1.19432984369e-32
0.344276198619  1.30216964024e-32
0.356654081967  1.41388663895e-32
0.369476991711  1.52962023825e-32
0.382760928042  1.64951484837e-32
0.396522466412  1.77372007161e-32
0.410778778215  1.90239088896e-32
0.425547652214  2.0356878535e-32
0.440847516738  2.17377729072e-32
0.456697462677  2.31683150608e-32
0.473117267301  2.465029e-32
0.490127418939  2.61855469058e-32
0.507749142548  1.80861886491e-29
0.526004426187  6.06295036944e-29
0.544916048465  1.0470239352e-28
0.564507606954  1.50359851466e-28
0.584803547643  1.97658848068e-28
0.60582919543  2.46658402144e-28
0.627610785733  2.97419654434e-28
0.650175497219  3.50005943894e-28
0.673551485719  4.04482886729e-28
0.697767919361  4.60918458264e-28
0.722855014966  5.19383077767e-28
0.74884407575  5.79949696313e-28
0.775767530383  6.42693887814e-28
0.803658973457  7.07693943317e-28
0.832553207402  7.75030968694e-28
0.862486285909  8.44788985845e-28
0.893495558925  9.17055037541e-28
0.925619719247  9.91919296029e-28
0.958898850812  1.06947517555e-27
0.993374478709  1.34878268926e-27
1.02908962099  3.7737451185e-26
1.06608884235  8.42537876423e-26
1.10441830974  1.32442542317e-25
1.14412584997  1.8236384425e-25
1.18526100936  2.34079984323e-25
1.22787511562  2.87655492982e-25
1.27202134183  3.43157220762e-25
1.31775477286  4.00654421697e-25
1.36513247404  4.60218839734e-25
1.41421356237  5.21924798259e-25
1.46505928036  5.8584929283e-25
1.51773307233  6.52072087254e-25
1.57230066369  7.20675813115e-25
1.62883014287  7.91746072879e-25
1.68739204632  8.65371546708e-25
1.74805944649  9.41644103112e-25
1.81090804305  1.02065891358e-24
1.87601625732  1.10251457135e-24
1.94346533014  1.18731321438e-24
2.01333942322  1.46205031407e-24
2.08572572415  2.53793301596e-24
2.16071455525  3.65721705876e-24
2.23839948618  4.81674311471e-24
2.31887745078  6.01795801907e-24
2.40224886796  7.2623606257e-24
2.48861776706  8.55150367725e-24
2.57809191758  9.88699574269e-24
2.67078296373  1.12705032244e-23
2.76680656368  1.27037524376e-23
2.86628253393  1.41885317642e-23
2.96933499874  1.57266938846e-23
3.0760925451  1.84044913143e-23
3.18668838309  2.16312576028e-23
3.30126051218  2.49740369555e-23
3.41995189335  2.84370004309e-23
3.54291062753  3.20244690509e-23
3.67029014035  3.5740919193e-23
3.80224937364  3.95909881751e-23
3.93895298368  4.35794800425e-23
4.08057154674  4.74599561075e-23
4.22728177184  5.12826083906e-23
4.3792667213  5.52426978367e-23
4.53671603914  5.93451657726e-23
4.69982618773  6.35951311822e-23
4.8688006929  6.7997897094e-23
5.04385039793  7.22420742082e-23
5.22519372662  7.56574081472e-23
5.41305695583  7.91953818627e-23
5.60767449785  8.28605575925e-23
5.80928919286  8.66575086753e-23
6.01815261197  9.04598751196e-23
6.23452537109  9.33975873091e-23
6.45867745619  9.64068043948e-23
6.69088856009  9.95242129215e-23
6.93144843155  1.02753702734e-22
7.18065723674  1.05419148907e-22
7.43882593382  1.07913058521e-22
7.70627666093  1.10496632545e-22
7.98334313818  1.13144894085e-22
8.270371084  1.15236330947e-22
8.56771864659  1.17328468397e-22
8.87575685075  1.19495825202e-22
9.19487006089  1.21401252362e-22
9.5254564606  1.23150715589e-22
9.8679285495  1.24963077884e-22
10.2227136579  1.26566885592e-22
10.5902544803  1.28060203953e-22
10.9710096272  1.29595712356e-22
11.3654541979  1.30873987998e-22
11.774080373  1.32158708693e-22
12.1973980289  1.33352822569e-22
12.6359353735  1.344276776e-22
13.0902396056  1.35494093914e-22
13.5608775976  1.36407541662e-22
14.0484366031  1.37328456606e-22
14.553524989  1.38109214383e-22
15.0767729955  1.38885411386e-22
15.6188335217  1.39541313227e-22
16.1803829408  1.40170740347e-22
16.7621219439  1.40718156749e-22
17.364776414  1.41207922006e-22
17.9890983325  1.41657150042e-22
18.6358667167  1.42028992961e-22
19.3058885922  1.42364920317e-22
20  1.42662e-22

