0.5 20 151
151
0.5  0
0.512448710082  8.90234645149e-41
0.52520736093  1.8026338363e-40
0.538283669269  2.73774941348e-40
0.55168554395  3.69614695608e-40
0.565421090737  4.67840612498e-40
0.579498617203  5.68512101313e-40
0.59392663776  6.71690050483e-40
0.608713878807  7.77436864405e-40
0.623869284008  8.85816501184e-40
0.6394020197  9.96894511318e-40
0.655321480438  1.11073807734e-39
0.67163729468  1.22741605446e-39
0.688359330604  1.3469990122e-39
0.705497702082  1.46955927708e-39
0.723062774796  1.59517097638e-39
0.741065172505  1.72391008292e-39
0.759515783475  1.8558544611e-39
0.778425767058  1.9910839139e-39
0.797806560447  2.1296802312e-39
0.817669885593  2.27172723925e-39
0.83802775629  2.41731085134e-39
0.858892485448  2.56651911979e-39
0.880276692535  2.71944228919e-39
0.90219331121  2.87617285099e-39
0.924655597149  3.03680559944e-39
0.947677136058  3.20143768892e-39
0.971271851895  3.37016869271e-39
0.995454015286  5.91605591947e-35
1.02023825216  1.02265339871e-32
1.04563955259  2.30619888137e-32
1.07167327987  3.62170133521e-32
1.0983551798  4.96995640637e-32
1.1257013902  6.35177955053e-32
1.15372845069  7.7680065261e-32
1.18245331269  9.21949389973e-32
1.21189334964  1.07071195644e-31
1.24206636756  1.22317832702e-31
1.27299061578  1.3794407169e-31
1.30468479801  1.53959363715e-31
1.33716808361  1.70373395195e-31
1.37046011922  1.87196093713e-31
1.40458104063  2.04437634024e-31
1.43955148495  2.22108444209e-31
1.47539260312  2.4021921198e-31
1.51212607267  2.58780891145e-31
1.54977411084  2.77804708236e-31
1.58835948804  2.97302169293e-31
1.62790554158  3.17285066831e-31
1.66843618984  3.37765486965e-31
1.70997594668  3.58755816724e-31
1.75254993629  3.80268751543e-31
1.79618390842  4.02317302939e-31
1.84090425388  4.24914806383e-31
1.88673802057  4.48074929364e-31
1.93371292981  4.71811679659e-31
1.9818573931  4.96139413799e-31
2.03120052932  3.87095655614e-29
2.08177218234  1.00633274864e-28
2.13360293905  1.64098724775e-28
2.18672414789  2.29144300659e-28
2.24116793778  2.95809343575e-28
2.29696723759  3.64134174076e-28
2.35415579601  4.34160116588e-28
2.41276820199  5.05929524414e-28
2.47283990568  5.79485805342e-28
2.53440723981  6.54873447901e-28
2.59750744173  7.32138048273e-28
2.66217867588  8.11326337864e-28
2.72846005693  8.92486211573e-28
2.79639167337  9.75666756758e-28
2.86601461181  1.06091828293e-27
2.9373709818  1.14829235216e-27
3.01050394131  2.2895446781e-27
3.08545772284  9.18561641933e-27
3.16227766017  1.63416178955e-26
3.24101021575  2.3675785347e-26
3.32170300885  3.11925546472e-26
3.40440484432  3.88964721109e-26
3.48916574214  4.67921972446e-26
3.57603696765  5.48845055645e-26
3.66507106256  6.31782914847e-26
3.75632187674  7.16785712778e-26
3.84984460077  8.03904861083e-26
3.94569579937  8.93193051429e-26
4.04393344553  1.54262793189e-25
4.14461695564  2.91502683587e-25
4.2478072254  4.32159493199e-25
4.35356666667  5.76318294499e-25
4.46195924519  7.24066278046e-25
4.57305051927  8.75492805217e-25
4.68690767949  1.03068946226e-24
4.80359958925  1.18975011568e-24
4.92319682653  1.35277096902e-24
5.04577172647  1.78738351986e-24
5.1713984252  2.69290327684e-24
5.30015290463  3.62096813966e-24
5.43211303844  4.57213942332e-24
5.56735863914  5.54699241808e-24
5.70597150638  6.54611673744e-24
5.84803547643  7.57011667479e-24
5.99363647282  8.68613065188e-24
6.1428625584  1.11557201127e-23
6.29580398853  1.38216452401e-23
6.4525532657  1.65539450256e-23
6.6132051955  1.93542720268e-23
6.77785694388  2.2224319946e-23
6.94660809603  2.51658246541e-23
7.11956071652  2.89218751602e-23
7.29681941106  3.31107285487e-23
7.47849138981  3.74038735799e-23
7.66468653214  4.18039068469e-23
7.85551745316  4.63134895908e-23
8.0510995718  5.09233209828e-23
8.25155118063  5.56130687823e-23
8.45699351738  6.04195792032e-23
8.66755083831  6.53457593336e-23
8.88335049333  7.03945886404e-23
9.10452300303  7.52630857809e-23
9.33120213764  7.99027520412e-23
9.5635249979  8.46579340218e-23
9.80163209803  8.95315077661e-23
10.0456674507  9.43735201038e-23
10.295778654  9.86809562548e-23
10.5521169811  1.03091590412e-22
10.8148374712  1.07612037981e-22
11.0840990237  1.12005577882e-22
11.3600644943  1.15968166073e-22
11.6429007931  1.20029412488e-22
11.9327789861  1.24191309096e-22
12.2298743982  1.27929515117e-22
12.5343667197  1.31601997006e-22
12.8464401144  1.3536591422e-22
13.1662833315  1.38915087682e-22
13.4940898196  1.42260680699e-22
13.8300578436  1.45689570352e-22
14.1743906047  1.4894381412e-22
14.5272963631  1.52019387805e-22
14.8889885645  1.5517153534e-22
15.2596859686  1.58084826963e-22
15.6396127818  1.60931618574e-22
16.0289987924  1.63806967182e-22
16.4280795102  1.66405955226e-22
16.8370963082  1.69056384077e-22
17.2562965694  1.71558537838e-22
17.6859338356  1.73983410568e-22
18.1262679613  1.76381278944e-22
18.5775652707  1.78616103221e-22
19.0400987189  1.80875264174e-22
19.5141480567  1.82952256267e-22
20  1.85073e-22

