0.5 20 151
151
0.5  0
0.512448710082  5.58242485706e-41
0.52520736093  1.13038376913e-40
0.538283669269  1.71676989448e-40
0.55168554395  2.31775552158e-40
0.565421090737  2.93370414034e-40
0.579498617203  3.56498829067e-40
0.59392663776  4.21198978773e-40
0.608713878807  4.87509995291e-40
0.623869284008  5.55471985049e-40
0.6394020197  6.25126053021e-40
0.655321480438  6.96514327589e-40
0.67163729468  7.69679986025e-40
0.688359330604  8.446672806e-40
0.705497702082  9.21521565355e-40
0.723062774796  1.00028932353e-39
0.741065172505  1.08101819567e-39
0.759515783475  1.16375700847e-39
0.778425767058  1.24855580425e-39
0.797806560447  1.33546587127e-39
0.817669885593  1.42453977476e-39
0.83802775629  1.51583138864e-39
0.858892485448  1.60939592819e-39
0.880276692535  1.7052899834e-39
0.90219331121  1.80357155319e-39
0.924655597149  1.90430008052e-39
0.947677136058  2.00753648831e-39
0.971271851895  2.11334321633e-39
0.995454015286  4.34614803789e-35
1.02023825216  7.51284616334e-33
1.04563955259  1.69423168528e-32
1.07167327987  2.66065570359e-32
1.0983551798  3.65114118674e-32
1.1257013902  4.66628720314e-32
1.15372845069  5.70670773643e-32
1.18245331269  6.77303205689e-32
1.21189334964  7.86590510198e-32
1.24206636756  8.98598786647e-32
1.27299061578  1.01339578022e-31
1.30468479801  1.13105092277e-31
1.33716808361  1.25163537484e-31
1.37046011922  1.37522206868e-31
1.40458104063  1.50188575236e-31
1.43955148495  1.63170303499e-31
1.47539260312  1.76475243306e-31
1.51212607267  1.90111441789e-31
1.54977411084  2.04087146435e-31
1.58835948804  2.18410810072e-31
1.62790554158  2.33091095981e-31
1.66843618984  2.48136883136e-31
1.70997594668  2.63557271576e-31
1.75254993629  2.79361587905e-31
1.79618390842  2.95559390939e-31
1.84090425388  3.12160477481e-31
1.88673802057  3.29174888249e-31
1.93371292981  3.46612913952e-31
1.9818573931  3.64485101507e-31
2.03120052932  3.08287330513e-29
2.08177218234  8.01960615977e-29
2.13360293905  1.30792509265e-28
2.18672414789  1.82648677949e-28
2.24116793778  2.35795931453e-28
2.29696723759  2.90266414458e-28
2.35415579601  3.46093071965e-28
2.41276820199  4.03309669221e-28
2.47283990568  4.61950812138e-28
2.53440723981  5.2205196823e-28
2.59750744173  5.83649488057e-28
2.66217867588  6.46780627217e-28
2.72846005693  7.11483568873e-28
2.79639167337  7.77797446854e-28
2.86601461181  8.45762369318e-28
2.9373709818  9.15419443013e-28
3.01050394131  1.86404578146e-27
3.08545772284  7.61273741316e-27
3.16227766017  1.35781545395e-26
3.24101021575  1.96920951625e-26
3.32170300885  2.5958257134e-26
3.40440484432  3.2380430373e-26
3.48916574214  3.89624991574e-26
3.57603696765  4.57084444739e-26
3.66507106256  5.26223464254e-26
3.75632187674  5.97083866988e-26
3.84984460077  6.69708510941e-26
3.94569579937  7.4414132117e-26
4.04393344553  1.30072723041e-25
4.14461695564  2.47962934278e-25
4.2478072254  3.68788307638e-25
4.35356666667  4.92621921084e-25
4.46195924519  6.19538672036e-25
4.57305051927  7.49615322661e-25
4.68690767949  8.82930546311e-25
4.80359958925  1.0195649751e-24
4.92319682653  1.15960124867e-24
5.04577172647  1.54152294785e-24
5.1713984252  2.34293711585e-24
5.30015290463  3.16430442912e-24
5.43211303844  4.0061216695e-24
5.56735863914  4.86889798741e-24
5.70597150638  5.75315520982e-24
5.84803547643  6.65942815583e-24
5.99363647282  7.65076355254e-24
6.1428625584  9.91243799296e-24
6.29580398853  1.23571211064e-23
6.4525532657  1.48626705225e-23
6.6132051955  1.74306016551e-23
6.77785694388  2.00624676481e-23
6.94660809603  2.27598603145e-23
7.11956071652  2.62844418359e-23
7.29681941106  3.02446315084e-23
7.47849138981  3.43034196871e-23
7.66468653214  3.84632612204e-23
7.85551745316  4.27266720762e-23
8.0510995718  4.71053572469e-23
8.25155118063  5.16195074326e-23
8.45699351738  5.6246048312e-23
8.66755083831  6.09877781237e-23
8.88335049333  6.58475647748e-23
9.10452300303  7.0550075985e-23
9.33120213764  7.50513795684e-23
9.5635249979  7.96647539983e-23
9.80163209803  8.43929895498e-23
10.0456674507  8.90928888372e-23
10.295778654  9.32839966478e-23
10.5521169811  9.75755872858e-23
10.8148374712  1.01974027459e-22
11.0840990237  1.06247013183e-22
11.3600644943  1.10096179566e-22
11.6429007931  1.14041180262e-22
11.9327789861  1.1808394158e-22
12.2298743982  1.2170532385e-22
12.5343667197  1.25259662719e-22
12.8464401144  1.28902495455e-22
13.1662833315  1.32330396566e-22
13.4940898196  1.35554373376e-22
13.8300578436  1.38858618892e-22
14.1743906047  1.41986684721e-22
14.5272963631  1.44934506521e-22
14.8889885645  1.4795572148e-22
15.2596859686  1.50737936874e-22
15.6396127818  1.534517541e-22
16.0289987924  1.56191110048e-22
16.4280795102  1.58653123954e-22
16.8370963082  1.61163260044e-22
17.2562965694  1.63521884411e-22
17.6859338356  1.65799821196e-22
18.1262679613  1.68047095301e-22
18.5775652707  1.70127575898e-22
19.0400987189  1.72228977052e-22
19.5141480567  1.74147530816e-22
20  1.76106e-22

