0.5 20000 301
301
0.5  0
0.51797667599  2.57989298706e-38
0.536599673739  5.25254177476e-38
0.555892230681  8.02128124503e-38
0.575878419714  1.088956618e-37
0.596583179235  1.38609755729e-37
0.618032344264  1.69392170935e-37
0.640252678672  2.0128131715e-37
0.663271908584  2.34316985063e-37
0.687118756972  2.68540395972e-37
0.711822979493  3.0399425322e-37
0.737415401622  3.40722795476e-37
0.763927957112  3.7877185194e-37
0.791393727841  4.18188899524e-37
0.819846985093  4.59023122093e-37
0.849323232317  5.01325471839e-37
0.879859249433  5.45148732855e-37
0.911493138721  5.90547586999e-37
0.944264372364  6.37578682126e-37
0.978213841706  6.8630070277e-37
1.01338390827  1.42365733343e-31
1.04981845661  5.29921068147e-31
1.0875629491  9.31410316314e-31
1.12666448261  1.34733444874e-30
1.16717184731  1.77821244789e-30
1.20913558756  2.22458195541e-30
1.25260806493  2.68699994294e-30
1.29764352358  3.16604340714e-30
1.34429815793  3.66231008963e-30
1.39263018277  4.17641922282e-30
1.44269990591  4.70901230264e-30
1.49456980343  5.26075388891e-30
1.54830459763  5.83233243464e-30
1.6039713378  6.42446114501e-30
1.66163948387  7.03787886732e-30
1.7213809931  7.67335101291e-30
1.78327040983  8.33167051223e-30
1.84738495855  9.01365880422e-30
1.91380464021  9.72016686131e-30
1.98261233206  1.04520762513e-29
2.05389389107  5.47155706226e-28
2.12773826107  1.28228324839e-27
2.20423758369  2.04384108982e-27
2.28348731338  2.83277948838e-27
2.3655863365  3.65008286688e-27
2.4506370947  4.49677104141e-27
2.53874571274  5.3739004939e-27
2.63002213093  6.28256569033e-27
2.72458024232  7.2239004464e-27
2.82253803477  8.19907934228e-27
2.92401773821  9.20931918825e-27
3.02914597715  2.23891309808e-26
3.13805392866  6.88108784414e-26
3.25087748609  1.16901643328e-25
3.36775742859  1.66721432411e-25
3.48883959681  2.18332409907e-25
3.61427507483  2.71798975043e-25
3.74422037875  3.27187842415e-25
3.87883765192  3.8456812523e-25
4.01829486729  5.09895087421e-25
4.16276603701  1.09174664468e-24
4.31243142955  1.69451771577e-24
4.46747779462  2.31896042735e-24
4.62809859623  2.96585394753e-24
4.79449425406  3.63600545813e-24
4.96687239354  4.33025116188e-24
5.14544810495  6.50294824209e-24
5.33044421176  9.09671399159e-24
5.52209154871  1.1783734314e-23
5.72062924983  1.45673620239e-23
5.92630504679  1.74510704806e-23
6.13937557808  2.16879086344e-23
6.36010670917  2.6761475942e-23
6.58877386432  3.20174550009e-23
6.82566237018  3.74624041248e-23
7.07106781187  4.31836948884e-23
7.32529640178  4.93154579085e-23
7.58866536167  5.56676783628e-23
7.86150331847  6.22482824349e-23
8.14415071437  6.86343963721e-23
8.43696023158  7.48210450423e-23
8.74029723243  8.12301244698e-23
9.05454021523  8.76743913211e-23
9.38008128661  9.33872547594e-23
9.7173266507  9.93055147878e-23
10.0666971161  1.05229651703e-22
10.4286286208  1.10458359011e-22
10.8035727762  1.15875055873e-22
11.1919974309  1.21001944662e-22
11.5943872539  1.25799602668e-22
12.0112443398  1.30747396586e-22
12.4430888353  1.35037647579e-22
12.8904595879  1.39482147477e-22
13.3539148186  1.4352632279e-22
13.8340328184  1.47536303901e-22
14.3314126696  1.51263083205e-22
14.8466749937  1.54902134447e-22
15.3804627255  1.58280223128e-22
15.9334419155  1.61616195286e-22
16.5063025609  1.64646211086e-22
17.0997594668  1.67657705489e-22
17.7145531376  1.70421366268e-22
18.3514507018  1.71465472184e-22
19.0112468682  1.71312271527e-22
19.6947649184  1.71506444978e-22
20.4028577337  1.72025463684e-22
21.1364088592  1.72846576598e-22
21.8963336065  1.73946755446e-22
22.6835801957  1.75302638516e-22
23.4991309386  1.76890473227e-22
24.3440034645  1.78307484e-22
25.2192519896  1.79151408285e-22
26.1259686331  1.79897909978e-22
27.0652847792  1.80550191213e-22
28.0383724893  1.81111341014e-22
29.0464459643  1.81584339996e-22
30.0907630598  1.81972064961e-22
31.1726268555  1.82277293417e-22
32.2933872809  1.82502708002e-22
33.4544428005  1.82650900837e-22
34.6572421578  1.82724377814e-22
35.9032861837  1.82725562819e-22
37.1941296691  1.82656801901e-22
38.5313833047  1.82520367393e-22
39.9167156909  1.82318462007e-22
41.35185542  1.82053222879e-22
42.8385932329  1.81726725603e-22
44.3787842538  1.81340988247e-22
45.9743503045  1.80897975353e-22
47.627282303  1.80399601945e-22
49.3396427475  1.79847737531e-22
51.1135682897  1.79244210122e-22
52.9512724014  1.78590810266e-22
54.8550481358  1.77889295103e-22
56.8272709893  1.77141392445e-22
58.8704018652  1.76348804891e-22
60.9869901447  1.75513213968e-22
63.1796768676  1.74636284307e-22
65.4511980279  1.73719667858e-22
67.8043879881  1.72765008127e-22
70.2421830153  1.71773944445e-22
72.767624945  1.70748116252e-22
75.3838649774  1.69689167396e-22
78.0941676085  1.68598750425e-22
80.9019147041  1.67478530851e-22
83.8106097193  1.66330191385e-22
86.8238820702  1.65155436088e-22
89.9454916625  1.63955994431e-22
93.1793335833  1.62733625216e-22
96.5294429608  1.61490120307e-22
100  1.60227308137e-22
103.595335198  1.58947056923e-22
107.319934748  1.57651277526e-22
111.178446136  1.56341925883e-22
115.175683943  1.55021004942e-22
119.316635847  1.53690565996e-22
123.606468853  1.52352709351e-22
128.050535734  1.51009584205e-22
132.654381717  1.49663387659e-22
137.423751394  1.48316362759e-22
142.364595899  1.46970795457e-22
147.483080324  1.45629010419e-22
152.785591422  1.44293365582e-22
158.278745568  1.42966245393e-22
163.969397019  1.41650052679e-22
169.864646463  1.40347199114e-22
175.971849887  1.39060094288e-22
182.298627744  1.3779113339e-22
188.852874473  1.36542683593e-22
195.642768341  1.3531706923e-22
202.676781654  1.34206045318e-22
209.963691323  1.33030859402e-22
217.51258982  1.3188515427e-22
225.332896521  1.30770908398e-22
233.434369463  1.29689972245e-22
241.827117512  1.28644050984e-22
250.521612986  1.27634687957e-22
259.528704717  1.26663249246e-22
268.859631586  1.25730909732e-22
278.526036554  1.24838641028e-22
288.539981181  1.23987201615e-22
298.913960685  1.23177129495e-22
309.660919525  1.22408737616e-22
320.794267559  1.21682112254e-22
332.327896774  1.20997114498e-22
344.276198619  1.20353384895e-22
356.654081967  1.19750351265e-22
369.476991711  1.19187239648e-22
382.760928042  1.18663088303e-22
396.522466412  1.18176764672e-22
410.778778215  1.1772698525e-22
425.547652214  1.17312338418e-22
440.847516738  1.16931310444e-22
456.697462677  1.16582315349e-22
473.117267301  1.16263730242e-22
490.127418939  1.15973940553e-22
507.749142548  1.15712903804e-22
526.004426187  1.1549505442e-22
544.916048465  1.15323874859e-22
564.507606954  1.15198624385e-22
584.803547643  1.15118428805e-22
605.82919543  1.14574560457e-22
627.610785733  1.14621739566e-22
650.175497219  1.14707697142e-22
673.551485719  1.14832844628e-22
697.767919361  1.14997491035e-22
722.855014966  1.15201841027e-22
748.84407575  1.15445993871e-22
775.767530383  1.15729943257e-22
803.658973457  1.16053578014e-22
832.553207402  1.16416683695e-22
862.486285909  1.16818944996e-22
893.495558925  1.17259948991e-22
925.619719247  1.17739189093e-22
958.898850812  1.20005288456e-22
993.374478709  1.21131520768e-22
1029.08962099  1.22173231607e-22
1066.08884235  1.23139049787e-22
1104.41830974  1.24036686694e-22
1144.12584997  1.24873075058e-22
1185.26100936  1.25654481209e-22
1227.87511562  1.26386596572e-22
1272.02134183  1.27074612773e-22
1317.75477286  1.27723283679e-22
1365.13247404  1.28336976934e-22
1414.21356237  1.28919717014e-22
1465.05928036  1.29475221344e-22
1517.73307233  1.29811037399e-22
1572.30066369  1.30242273173e-22
1628.83014287  1.30633123703e-22
1687.39204632  1.30986401456e-22
1748.05944649  1.31304694966e-22
1810.90804305  1.31590393253e-22
1876.01625732  1.3184570694e-22
1943.46533014  1.32072686583e-22
2013.33942322  1.32273238631e-22
2085.72572415  1.32449139358e-22
2160.71455525  1.32602047064e-22
2238.39948618  1.32733512771e-22
2318.87745078  1.32844989633e-22
2402.24886796  1.32937841221e-22
2488.61776706  1.33013348835e-22
2578.09191758  1.33072717961e-22
2670.78296373  1.33117083995e-22
2766.80656368  1.33147517316e-22
2866.28253393  1.33165027792e-22
2969.33499874  1.33170568797e-22
3076.0925451  1.33165040795e-22
3186.68838309  1.33149294542e-22
3301.26051218  1.33124133972e-22
3419.95189335  1.33090318785e-22
3542.91062753  1.33048566797e-22
3670.29014035  1.3299955607e-22
3802.24937364  1.32943926856e-22
3938.95298368  1.32882283389e-22
4080.57154674  1.32815195526e-22
4227.28177184  1.32743200283e-22
4379.2667213  1.32666803266e-22
4536.71603914  1.3258648001e-22
4699.82618773  1.32502677256e-22
4868.8006929  1.32415814156e-22
5043.85039793  1.3232628343e-22
5225.19372662  1.32234452477e-22
5413.05695583  1.32140664447e-22
5607.67449785  1.32045239275e-22
5809.28919286  1.31948474696e-22
6018.15261197  1.31850647223e-22
6234.52537109  1.31752013106e-22
6458.67745619  1.3165280927e-22
6690.88856009  1.31553254232e-22
6931.44843155  1.31453548996e-22
7180.65723674  1.3135387793e-22
7438.82593382  1.31254409625e-22
7706.27666093  1.31155297732e-22
7983.34313818  1.31056681783e-22
8270.371084  1.30958687981e-22
8567.71864659  1.30861429985e-22
8875.75685075  1.30765009657e-22
9194.87006089  1.30669517797e-22
9525.4564606  1.30575034849e-22
9867.9285495  1.30481631585e-22
10222.7136579  1.30389369764e-22
10590.2544803  1.30298302768e-22
10971.0096272  1.30208476206e-22
11365.4541979  1.30119928501e-22
11774.080373  1.30032691441e-22
12197.3980289  1.29946790716e-22
12635.9353735  1.29862246415e-22
13090.2396056  1.29779073508e-22
13560.8775976  1.29697282299e-22
14048.4366031  1.29616878849e-22
14553.524989  1.29537865382e-22
15076.7729955  1.2946024066e-22
15618.8335217  1.29384000338e-22
16180.3829408  1.29309137294e-22
16762.1219439  1.29235641935e-22
17364.776414  1.29163502488e-22
17989.0983325  1.29092705261e-22
18635.8667167  1.29214228984e-22
19305.8885922  1.29167269921e-22
20000  1.29120828243e-22

