1 20000 251
251
1  0
1.04040904696  7.4151330151e-37
1.082450985  1.51299044884e-36
1.12619179768  2.31564225245e-36
1.17170013492  3.15072845048e-36
1.21904742069  4.0195596859e-36
1.26830796516  4.92349956352e-36
1.31955908129  5.8639667901e-36
1.37288120617  6.842437401e-36
1.4283580273  7.86044707677e-36
1.4860766139  8.91959355333e-36
1.54612755358  1.00215391296e-35
1.6086050945  1.11680132764e-35
1.6736072933  1.23608153509e-35
1.74123616901  1.36018174203e-35
1.81159786313  1.48929672007e-35
1.88480280626  1.62362911132e-35
1.96096589137  1.76338974648e-35
2.04020665416  4.05073073683e-32
2.12264946065  1.23528969645e-31
2.20842370239  2.09905458172e-31
2.29766399949  2.9977233828e-31
2.39051041194  3.93270653367e-31
2.48710865943  4.90547146258e-31
2.58761035005  5.91754489519e-31
2.6921732182  6.97051525066e-31
2.8009613722  8.06603513468e-31
2.91414555182  9.20582393313e-31
3.03190339627  1.42390486724e-29
3.15441972299  6.50529848012e-29
3.28188681771  1.17920263661e-28
3.41450473624  1.72923858875e-28
3.55248161847  2.30150096951e-28
3.69603401502  2.89688792769e-28
3.8453872271  3.51633390542e-28
4.00077566014  4.30937984569e-28
4.16244319166  3.59454482756e-27
4.33064355406  6.88599000804e-27
4.50564073281  1.03104393514e-26
4.68770938077  1.3873267429e-26
4.87713524927  1.75800659938e-26
5.07421563659  4.07175248999e-26
5.27925985453  9.79994728273e-26
5.49258971391  1.57596129679e-25
5.71454002959  2.19601030635e-25
5.945459146  2.84111490546e-25
6.18570948383  6.43135748698e-25
6.43566810884  1.10586200499e-24
6.69572732367  1.5872865883e-24
6.96629528353  2.08816508021e-24
7.24779663678  3.85474031167e-24
7.54067319143  5.86895071987e-24
7.84538460853  7.96455345105e-24
8.1624091236  1.15146768679e-23
8.49224429718  1.65650581155e-23
8.83540779578  2.1819520456e-23
9.19243820431  2.85875651493e-23
9.56389587139  3.67870355082e-23
9.95036378878  4.53178386499e-23
10.3524485064  5.48540672478e-23
10.7707810842  6.4872454345e-23
11.2060180829  7.50168722548e-23
11.6588425938  8.52484813631e-23
12.1299653117  9.55745797502e-23
12.6201256496  1.05446845771e-22
13.1300928996  1.15387227755e-22
13.6606674402  1.2472427521e-22
14.2126819923  1.33950518987e-22
14.7870029263  1.42739349484e-22
15.384531622  1.51126570382e-22
16.0062058827  1.59406273883e-22
16.6530014079  1.66955669079e-22
17.3259333238  1.74355125455e-22
18.0260577771  1.81246285241e-22
18.7544735924  1.80892544753e-22
19.5123239965  1.81705519568e-22
20.3007984131  1.83642960921e-22
21.1211343295  1.86663162959e-22
21.9746192385  1.9072483614e-22
22.8625926593  1.95786979054e-22
23.7864482397  2.01808748516e-22
24.7476359436  2.05705937981e-22
25.7476643266  2.08608231009e-22
26.7881029035  2.11282262486e-22
27.8705846117  2.13736748219e-22
28.996808374  2.15980056807e-22
30.1685417653  2.18020224995e-22
31.3876237862  2.19864972617e-22
32.6559677498  2.21521717144e-22
33.9755642841  2.22997587864e-22
35.3484844568  2.24299439733e-22
36.7768830251  2.25433866911e-22
38.2630018183  2.26407216012e-22
39.8091732557  2.27225599101e-22
41.4178240072  2.27894906465e-22
43.0914788025  2.28420819173e-22
44.832764393  2.28808821464e-22
46.6444136747  2.29064212989e-22
48.5292699773  2.29192120918e-22
50.4902915267  2.29197511954e-22
52.5305560881  2.29085204264e-22
54.6532657959  2.28859879355e-22
56.8617521799  2.28526093911e-22
59.159481394  2.28088291611e-22
61.5500596558  2.27550814937e-22
64.0372389068  2.26917916979e-22
66.624922701  2.26193773257e-22
69.3171723311  2.2538249353e-22
72.118213203  2.24488133613e-22
75.032441467  2.23514707165e-22
78.0644309178  2.2246619742e-22
81.2189401726  2.21346568842e-22
84.5009201401  2.2015977862e-22
87.9155217902  2.1890978797e-22
91.4681042388  2.17600573124e-22
95.1642431583  2.16236135939e-22
99.009739529  2.14820513967e-22
103.010628743  2.13357789867e-22
107.173190077  2.11852099974e-22
111.503956548  2.10307641838e-22
116.009725165  2.08728680509e-22
120.697567597  2.07119553343e-22
125.574841273  2.05484673048e-22
130.649200932  2.03828528707e-22
135.928610627  2.02155684493e-22
141.421356237  2.00470775776e-22
147.136058463  1.98778502335e-22
153.081686359  1.9708361843e-22
159.267571411  1.95390919486e-22
165.703422184  1.93705225203e-22
172.399339552  1.92031359003e-22
179.36583256  1.90374123765e-22
186.613834911  1.88738273931e-22
194.154722129  1.87128484204e-22
202.000329413  1.85662914552e-22
210.162970211  1.84116093472e-22
218.655455543  1.82608660464e-22
227.491114114  1.81144589943e-22
236.683813228  1.79727585804e-22
246.247980551  1.78361041911e-22
256.198626761  1.77048004451e-22
266.551369101  1.75791137279e-22
277.322455892  1.74592691399e-22
288.528792035  1.73454479637e-22
300.187965542  1.72377857468e-22
312.318275138  1.71363710827e-22
324.938758985  1.70412451532e-22
338.069224556  1.69524020731e-22
351.730279727  1.68697900613e-22
365.943365117  1.67933134396e-22
380.730787743  1.67228354447e-22
396.115756024  1.66581818347e-22
412.122416211  1.65991452699e-22
428.775890281  1.65454904737e-22
446.102315367  1.64969602393e-22
464.128884777  1.64532824865e-22
482.883890678  1.64141789513e-22
502.396768493  1.63793852356e-22
522.698143103  1.6350606675e-22
543.819876914  1.63292204509e-22
565.795119858  1.63151100557e-22
588.658361426  1.63081301344e-22
612.445484796  1.6244277285e-22
637.193823152  1.62566641021e-22
662.942218274  1.62752400959e-22
689.731081504  1.63000788451e-22
717.602457167  1.63312318688e-22
746.600088557  1.63687283184e-22
776.769486596  1.64125749064e-22
808.158001257  1.64627560726e-22
840.814895881  1.65192343854e-22
874.791424493  1.65819511689e-22
910.140912246  1.66508273408e-22
946.918839109  1.69210901212e-22
985.182926946  1.70901411261e-22
1024.99323011  1.72449993368e-22
1066.41222967  1.73872842839e-22
1109.50493154  1.7518420408e-22
1154.33896842  1.76396703084e-22
1200.98470601  1.77521608826e-22
1249.51535339  1.78569040779e-22
1300.00707798  1.79548135133e-22
1352.53912504  1.80467178988e-22
1407.19394206  1.81333719464e-22
1464.05730815  1.82154652996e-22
1523.21846867  1.8267526963e-22
1584.7702753  1.83302944047e-22
1648.80933177  1.83865742734e-22
1715.43614549  1.84368679928e-22
1784.75528525  1.84816328059e-22
1856.87554538  1.85212871074e-22
1931.9101165  1.85562149796e-22
2009.97676312  1.85867700654e-22
2091.19800853  1.86132788882e-22
2175.70132706  1.86360437082e-22
2263.61934415  1.86553449853e-22
2355.09004453  1.86714435105e-22
2450.25698873  1.86845822527e-22
2549.26953846  1.86949879648e-22
2652.28309095  1.87028725812e-22
2759.45932292  1.87084344387e-22
2870.96644429  1.87118593437e-22
2986.97946215  1.87133215087e-22
3107.68045551  1.87129843766e-22
3233.25886097  1.87110013476e-22
3363.91177012  1.87075164236e-22
3499.84423881  1.87026647822e-22
3641.26960901  1.86965732903e-22
3788.40984363  1.86893609656e-22
3941.49587491  1.86811393962e-22
4100.76796681  1.86720131217e-22
4266.47609215  1.86620799852e-22
4438.88032492  1.86514314576e-22
4618.25124841  1.8640152942e-22
4804.87037999  1.86283240586e-22
4999.03061281  1.86160189154e-22
5201.0366756  1.86033063655e-22
5411.20561086  1.85902502547e-22
5629.8672725  1.85769096598e-22
5857.36484349  1.85633391184e-22
6094.05537452  1.85495888534e-22
6340.31034432  1.85357049906e-22
6596.51624277  1.85217297708e-22
6863.0751774  1.85077017573e-22
7140.40550453  1.8493656038e-22
7428.94248588  1.84796244223e-22
7729.13897165  1.84656356341e-22
8041.46611132  1.84517154982e-22
8366.41409304  1.84378871229e-22
8704.49291301  1.8424171076e-22
9056.2331759  1.84105855562e-22
9422.18692758  1.83971465576e-22
9802.92852161  1.83838680294e-22
10199.0555206  1.83707620279e-22
10611.1896341  1.83578388636e-22
11039.9776943  1.83451072407e-22
11486.0926714  1.83325743907e-22
11950.2347295  1.83202461989e-22
12433.1323259  1.83081273245e-22
12935.5433539  1.82962213137e-22
13458.2563327  1.82845307069e-22
14002.0916449  1.82730571383e-22
14567.9028237  1.82618014301e-22
15156.577893  1.82507636797e-22
15769.0407609  1.82399433415e-22
16406.2526695  1.82293393016e-22
17069.213704  1.82189499482e-22
17758.9643622  1.82087732355e-22
18476.5871871  1.82227382081e-22
19223.2084664  1.82160650244e-22
20000  1.82094700514e-22

