0.5 20000 301
301
0.5  0
0.51797667599  2.63646303195e-42
0.536599673739  5.36771574727e-42
0.555892230681  8.19716615281e-42
0.575878419714  1.11283447847e-41
0.596583179235  1.41649091136e-41
0.618032344264  1.73106481087e-41
0.640252678672  2.05694869651e-41
0.663271908584  2.3945492002e-41
0.687118756972  2.74428757362e-41
0.711822979493  3.10660021388e-41
0.737415401622  3.48193920803e-41
0.763927957112  3.87077289714e-41
0.791393727841  4.27358646074e-41
0.819846985093  4.69088252218e-41
0.849323232317  5.12318177579e-41
0.879859249433  5.57102363662e-41
0.911493138721  6.03496691351e-41
0.944264372364  6.51559050634e-41
0.978213841706  7.01349412836e-41
1.01338390827  8.24703701099e-34
1.04981845661  3.06976572586e-33
1.0875629491  5.39554525582e-33
1.12666448261  7.80494435585e-33
1.16717184731  1.03009694298e-32
1.20913558756  1.28867349717e-32
1.25260806493  1.55654674524e-32
1.29764352358  1.83405093447e-32
1.34429815793  2.1215323295e-32
1.39263018277  2.41934964431e-32
1.44269990591  2.72787448987e-32
1.49456980343  3.04749183779e-32
1.54830459763  3.37860050072e-32
1.6039713378  3.72161362996e-32
1.66163948387  4.07695923096e-32
1.7213809931  4.44508069743e-32
1.78327040983  4.82643736455e-32
1.84738495855  5.22150508216e-32
1.91380464021  5.63077680848e-32
1.98261233206  6.05476322523e-32
2.05389389107  1.49700215241e-29
2.12773826107  3.53972270359e-29
2.20423758369  5.65588590575e-29
2.28348731338  7.84813226835e-29
2.3655863365  1.01191972361e-28
2.4506370947  1.24719146019e-28
2.53874571274  1.49092200433e-28
2.63002213093  1.74341547852e-28
2.72458024232  2.00498693945e-28
2.82253803477  2.27596277119e-28
2.92401773821  2.55668109238e-28
3.02914597715  1.14943421271e-27
3.13805392866  4.41057527179e-27
3.25087748609  7.78896528322e-27
3.36775742859  1.12888197399e-26
3.48883959681  1.49145056956e-26
3.61427507483  1.86705472148e-26
3.74422037875  2.25616310167e-26
3.87883765192  2.65926123241e-26
4.01829486729  4.0719264641e-26
4.16276603701  1.23624486512e-25
4.31243142955  2.09510429006e-25
4.46747779462  2.9848425902e-25
4.62809859623  3.90656996462e-25
4.79449425406  4.86143652776e-25
4.96687239354  5.85063374453e-25
5.14544810495  1.1777777799e-24
5.33044421176  1.90747454396e-24
5.52209154871  2.66340635261e-24
5.72062924983  3.44651644365e-24
5.92630504679  4.25778196744e-24
6.13937557808  6.31871368491e-24
6.36010670917  9.12228451628e-24
6.58877386432  1.20266531166e-23
6.82566237018  1.50354435034e-23
7.07106781187  1.88084901858e-23
7.32529640178  2.4384496577e-23
7.58866536167  3.01609790887e-23
7.86150331847  3.61451455094e-23
8.14415071437  4.27766843609e-23
8.43696023158  5.00768480925e-23
8.74029723243  5.76394771803e-23
9.05454021523  6.53813809258e-23
9.38008128661  7.29447138142e-23
9.7173266507  8.0779973872e-23
10.0666971161  8.86903763242e-23
10.4286286208  9.59782677229e-23
10.8035727762  1.03528183246e-22
11.1919974309  1.10764992578e-22
11.5943872539  1.17642450191e-22
12.0112443398  1.2473761016e-22
12.4430888353  1.30983023115e-22
12.8904595879  1.374529796e-22
13.3539148186  1.43385647176e-22
13.8340328184  1.49284752594e-22
14.3314126696  1.54807936799e-22
14.8466749937  1.60224641091e-22
15.3804627255  1.65282833012e-22
15.9334419155  1.70291905593e-22
16.5063025609  1.74876093211e-22
17.0997594668  1.79443680443e-22
17.7145531376  1.83667789937e-22
18.3514507018  1.85152065277e-22
19.0112468682  1.84728189875e-22
19.6947649184  1.84860121014e-22
20.4028577337  1.85521469826e-22
21.1364088592  1.86685803914e-22
21.8963336065  1.88326583889e-22
22.6835801957  1.90417098807e-22
23.4991309386  1.92930400444e-22
24.3440034645  1.95285588202e-22
25.2192519896  1.9683818467e-22
26.1259686331  1.98257831145e-22
27.0652847792  1.9954898446e-22
28.0383724893  2.00715943119e-22
29.0464459643  2.01762853663e-22
30.0907630598  2.02693716898e-22
31.1726268555  2.03512393981e-22
32.2933872809  2.04222612382e-22
33.4544428005  2.04827971722e-22
34.6572421578  2.0533194951e-22
35.9032861837  2.05737906778e-22
37.1941296691  2.0604909362e-22
38.5313833047  2.06268654659e-22
39.9167156909  2.06399634438e-22
41.35185542  2.06444982748e-22
42.8385932329  2.0640755991e-22
44.3787842538  2.06290142004e-22
45.9743503045  2.06095426072e-22
47.627282303  2.05826035295e-22
49.3396427475  2.05484524144e-22
51.1135682897  2.05073383534e-22
52.9512724014  2.04595045971e-22
54.8550481358  2.04051890703e-22
56.8272709893  2.03446248888e-22
58.8704018652  2.02780408772e-22
60.9869901447  2.02056620894e-22
63.1796768676  2.01277103314e-22
65.4511980279  2.00444046856e-22
67.8043879881  1.99559620384e-22
70.2421830153  1.98625976087e-22
72.767624945  1.97645254786e-22
75.3838649774  1.96619591229e-22
78.0941676085  1.95551119382e-22
80.9019147041  1.94441977689e-22
83.8106097193  1.9329431427e-22
86.8238820702  1.92110292047e-22
89.9454916625  1.90892093743e-22
93.1793335833  1.89641926728e-22
96.5294429608  1.88362027652e-22
100  1.87054666823e-22
103.595335198  1.85722152254e-22
107.319934748  1.84366833304e-22
111.178446136  1.8299110385e-22
115.175683943  1.81597404884e-22
119.316635847  1.80188226445e-22
123.606468853  1.78766108779e-22
128.050535734  1.77333642631e-22
132.654381717  1.75893468533e-22
137.423751394  1.74448274998e-22
142.364595899  1.73000795486e-22
147.483080324  1.71553804055e-22
152.785591422  1.70110109573e-22
158.278745568  1.68672548431e-22
163.969397019  1.67243975678e-22
169.864646463  1.65827254534e-22
175.971849887  1.64425244284e-22
182.298627744  1.63040786569e-22
188.852874473  1.61676690152e-22
195.642768341  1.60335714261e-22
202.676781654  1.59121804534e-22
209.963691323  1.57832879615e-22
217.51258982  1.56574973523e-22
225.332896521  1.55350449962e-22
233.434369463  1.54161526336e-22
241.827117512  1.53010253946e-22
250.521612986  1.51898498947e-22
259.528704717  1.50827924522e-22
268.859631586  1.49799974701e-22
278.526036554  1.48815860278e-22
288.539981181  1.47876547205e-22
298.913960685  1.46982747845e-22
309.660919525  1.4613491537e-22
320.794267559  1.45333241546e-22
332.327896774  1.44577658074e-22
344.276198619  1.43867841559e-22
356.654081967  1.43203222145e-22
369.476991711  1.42582995763e-22
382.760928042  1.42006139917e-22
396.522466412  1.41471432909e-22
410.778778215  1.40977476448e-22
425.547652214  1.40522721677e-22
440.847516738  1.40105498896e-22
456.697462677  1.39724051729e-22
473.117267301  1.39376577592e-22
490.127418939  1.39061279486e-22
507.749142548  1.3877814981e-22
526.004426187  1.38543692744e-22
544.916048465  1.38361924702e-22
564.507606954  1.38232041944e-22
584.803547643  1.38153084382e-22
605.82919543  1.3754446818e-22
627.610785733  1.3760995133e-22
650.175497219  1.37719299172e-22
673.551485719  1.37873002193e-22
697.767919361  1.38071431395e-22
722.855014966  1.38314836117e-22
748.84407575  1.38603342869e-22
775.767530383  1.38936955203e-22
803.658973457  1.39315554614e-22
832.553207402  1.39738902465e-22
862.486285909  1.40206642903e-22
893.495558925  1.40718306705e-22
925.619719247  1.41273315984e-22
958.898850812  1.43866815811e-22
993.374478709  1.45159047277e-22
1029.08962099  1.46354414991e-22
1066.08884235  1.47462823599e-22
1104.41830974  1.48493117955e-22
1144.12584997  1.4945324446e-22
1185.26100936  1.50350381394e-22
1227.87511562  1.51191045036e-22
1272.02134183  1.51981176669e-22
1317.75477286  1.52726214378e-22
1365.13247404  1.5343115264e-22
1414.21356237  1.54100592056e-22
1465.05928036  1.54738781046e-22
1517.73307233  1.55126554753e-22
1572.30066369  1.5562280889e-22
1628.83014287  1.56072882238e-22
1687.39204632  1.56479988957e-22
1748.05944649  1.56847086705e-22
1810.90804305  1.57176904702e-22
1876.01625732  1.57471967992e-22
1943.46533014  1.57734618491e-22
2013.33942322  1.57967033303e-22
2085.72572415  1.58171240701e-22
2160.71455525  1.58349134116e-22
2238.39948618  1.58502484399e-22
2318.87745078  1.586329506e-22
2402.24886796  1.58742089457e-22
2488.61776706  1.58831363766e-22
2578.09191758  1.58902149777e-22
2670.78296373  1.58955743738e-22
2766.80656368  1.58993367703e-22
2866.28253393  1.5901617468e-22
2969.33499874  1.59025253229e-22
3076.0925451  1.59021631553e-22
3186.68838309  1.59006281163e-22
3301.26051218  1.58980120172e-22
3419.95189335  1.58944016251e-22
3542.91062753  1.5889878931e-22
3670.29014035  1.58845213936e-22
3802.24937364  1.58784021605e-22
3938.95298368  1.58715902726e-22
4080.57154674  1.58641508522e-22
4227.28177184  1.58561452771e-22
4379.2667213  1.58476313437e-22
4536.71603914  1.58386634208e-22
4699.82618773  1.58292925936e-22
4868.8006929  1.58195668021e-22
5043.85039793  1.5809530972e-22
5225.19372662  1.57992271421e-22
5413.05695583  1.57886945853e-22
5607.67449785  1.57779699276e-22
5809.28919286  1.57670872624e-22
6018.15261197  1.57560782623e-22
6234.52537109  1.57449722888e-22
6458.67745619  1.57337964982e-22
6690.88856009  1.57225759463e-22
6931.44843155  1.57113336905e-22
7180.65723674  1.57000908897e-22
7438.82593382  1.56888669014e-22
7706.27666093  1.56776793778e-22
7983.34313818  1.56665443587e-22
8270.371084  1.5655476362e-22
8567.71864659  1.56444884726e-22
8875.75685075  1.56335924277e-22
9194.87006089  1.56227987006e-22
9525.4564606  1.5612116581e-22
9867.9285495  1.56015542531e-22
10222.7136579  1.55911188706e-22
10590.2544803  1.5580816629e-22
10971.0096272  1.55706528347e-22
11365.4541979  1.55606319719e-22
11774.080373  1.55507577655e-22
12197.3980289  1.55410332417e-22
12635.9353735  1.55314607859e-22
13090.2396056  1.55220421965e-22
13560.8775976  1.55127787372e-22
14048.4366031  1.55036711851e-22
14553.524989  1.54947198772e-22
15076.7729955  1.54859247528e-22
15618.8335217  1.54772853945e-22
16180.3829408  1.54688010655e-22
16762.1219439  1.5460470745e-22
17364.776414  1.54522931608e-22
17989.0983325  1.54442668198e-22
18635.8667167  1.54581624067e-22
19305.8885922  1.54528504995e-22
20000  1.5447596055e-22

