0.5 20000 301
301
0.5  0
0.51797667599  4.51185804664e-42
0.536599673739  9.18593251372e-42
0.555892230681  1.40280556253e-41
0.575878419714  1.90442692934e-41
0.596583179235  2.42408326572e-41
0.618032344264  2.96242298926e-41
0.640252678672  3.52011783037e-41
0.663271908584  4.0978636704e-41
0.687118756972  4.69638140998e-41
0.711822979493  5.3164178685e-41
0.737415401622  5.95874671607e-41
0.763927957112  6.62416943877e-41
0.791393727841  7.31351633884e-41
0.819846985093  8.02764757065e-41
0.849323232317  8.76745421399e-41
0.879859249433  9.53385938597e-41
0.911493138721  1.03278193929e-40
0.944264372364  1.11503249233e-40
0.978213841706  1.20024022847e-40
1.01338390827  1.04790928236e-33
1.04981845661  3.90059596189e-33
1.0875629491  6.85584628969e-33
1.12666448261  9.91734777272e-33
1.16717184731  1.30889204962e-32
1.20913558756  1.637452189e-32
1.25260806493  1.97782516673e-32
1.29764352358  2.33043569393e-32
1.34429815793  2.69572375153e-32
1.39263018277  3.07414513923e-32
1.44269990591  3.46617204428e-32
1.49456980343  3.87229363064e-32
1.54830459763  4.29301664934e-32
1.6039713378  4.72886607081e-32
1.66163948387  5.18038573994e-32
1.7213809931  5.64813905467e-32
1.78327040983  6.13270966896e-32
1.84738495855  6.6347022211e-32
1.91380464021  7.15474308816e-32
1.98261233206  7.69348116756e-32
2.05389389107  1.749468397e-29
2.12773826107  4.13582825492e-29
2.20423758369  6.60798574876e-29
2.28348731338  9.16902559113e-29
2.3655863365  1.18221434004e-28
2.4506370947  1.45706496881e-28
2.53874571274  1.74179739898e-28
2.63002213093  2.03676691443e-28
2.72458024232  2.34234157269e-28
2.82253803477  2.65890266419e-28
2.92401773821  2.98684518805e-28
3.02914597715  1.30523286924e-27
3.13805392866  4.97458799664e-27
3.25087748609  8.77586874048e-27
3.36775742859  1.27138182689e-26
3.48883959681  1.67933502827e-26
3.61427507483  2.1019555147e-26
3.74422037875  2.53977062423e-26
3.87883765192  2.9933266545e-26
4.01829486729  4.55172360828e-26
4.16276603701  1.36344310126e-25
4.31243142955  2.30436921932e-25
4.46747779462  3.27912478529e-25
4.62809859623  4.28892608121e-25
4.79449425406  5.33503311856e-25
4.96687239354  6.41875121043e-25
5.14544810495  1.27481714981e-24
5.33044421176  2.05336919541e-24
5.52209154871  2.85991279674e-24
5.72062924983  3.69545434405e-24
5.92630504679  4.56103641071e-24
6.13937557808  6.70243850788e-24
6.36010670917  9.60262925396e-24
6.58877386432  1.26070915787e-23
6.82566237018  1.5719574395e-23
7.07106781187  1.95757528276e-23
7.32529640178  2.51761544348e-23
7.58866536167  3.09779092522e-23
7.86150331847  3.69882566026e-23
8.14415071437  4.35797159673e-23
8.43696023158  5.07714720095e-23
8.74029723243  5.82217957881e-23
9.05454021523  6.58367275989e-23
9.38008128661  7.32160926048e-23
9.7173266507  8.08607705181e-23
10.0666971161  8.85729115475e-23
10.4286286208  9.56517814558e-23
10.8035727762  1.02985160466e-22
11.1919974309  1.1000839743e-22
11.5943872539  1.16675996797e-22
12.0112443398  1.23554589422e-22
12.4430888353  1.29606890026e-22
12.8904595879  1.35876791124e-22
13.3539148186  1.41625002001e-22
13.8340328184  1.4734032667e-22
14.3314126696  1.52690775215e-22
14.8466749937  1.57937691461e-22
15.3804627255  1.6283527764e-22
15.9334419155  1.67684352157e-22
16.5063025609  1.72119949883e-22
17.0997594668  1.76539001416e-22
17.7145531376  1.80624920153e-22
18.3514507018  1.82147770391e-22
19.0112468682  1.81900422584e-22
19.6947649184  1.82194987714e-22
20.4028577337  1.83005659676e-22
21.1364088592  1.84306580373e-22
21.8963336065  1.86071777353e-22
22.6835801957  1.88275100376e-22
23.4991309386  1.90890156807e-22
24.3440034645  1.93273802914e-22
25.2192519896  1.94761183259e-22
26.1259686331  1.96118981145e-22
27.0652847792  1.97351535212e-22
28.0383724893  1.98463030019e-22
29.0464459643  1.99457502258e-22
30.0907630598  2.00338846828e-22
31.1726268555  2.01110822768e-22
32.2933872809  2.01777059076e-22
33.4544428005  2.0234106041e-22
34.6572421578  2.02806212682e-22
35.9032861837  2.03175788558e-22
37.1941296691  2.03452952873e-22
38.5313833047  2.03640767967e-22
39.9167156909  2.03742198949e-22
41.35185542  2.03760118911e-22
42.8385932329  2.03697314082e-22
44.3787842538  2.03556488946e-22
45.9743503045  2.03340271332e-22
47.627282303  2.0305121747e-22
49.3396427475  2.02691817045e-22
51.1135682897  2.02264498231e-22
52.9512724014  2.01771632734e-22
54.8550481358  2.01215540841e-22
56.8272709893  2.00598496477e-22
58.8704018652  1.99922732287e-22
60.9869901447  1.99190444731e-22
63.1796768676  1.98403799214e-22
65.4511980279  1.97564935228e-22
67.8043879881  1.96675971528e-22
70.2421830153  1.95739011317e-22
72.767624945  1.9475614745e-22
75.3838649774  1.93729467637e-22
78.0941676085  1.92661059634e-22
80.9019147041  1.91553016403e-22
83.8106097193  1.9040744122e-22
86.8238820702  1.89226452699e-22
89.9454916625  1.88012189705e-22
93.1793335833  1.86766816105e-22
96.5294429608  1.85492525317e-22
100  1.84191544595e-22
103.595335198  1.82866139002e-22
107.319934748  1.81518614971e-22
111.178446136  1.80151323405e-22
115.175683943  1.78766662212e-22
119.316635847  1.77367078177e-22
123.606468853  1.75955068079e-22
128.050535734  1.74533178939e-22
132.654381717  1.73104007293e-22
137.423751394  1.71670197365e-22
142.364595899  1.70234438044e-22
147.483080324  1.68799458551e-22
152.785591422  1.67368022697e-22
158.278745568  1.6594292165e-22
163.969397019  1.64526965152e-22
169.864646463  1.63122971136e-22
175.971849887  1.61733753745e-22
182.298627744  1.60362109776e-22
188.852874473  1.59010803605e-22
195.642768341  1.57682550741e-22
202.676781654  1.56480015345e-22
209.963691323  1.55203574766e-22
217.51258982  1.53957959758e-22
225.332896521  1.52745495349e-22
233.434369463  1.51568362139e-22
241.827117512  1.50428576761e-22
250.521612986  1.49327973105e-22
259.528704717  1.48268184731e-22
268.859631586  1.47250628931e-22
278.526036554  1.46276492845e-22
288.539981181  1.45346722045e-22
298.913960685  1.44462011924e-22
309.660919525  1.43622802204e-22
320.794267559  1.42829274783e-22
332.327896774  1.42081355082e-22
344.276198619  1.41378716989e-22
356.654081967  1.407207914e-22
369.476991711  1.40106778333e-22
382.760928042  1.39535662528e-22
396.522466412  1.39006232433e-22
410.778778215  1.3851710253e-22
425.547652214  1.38066739027e-22
440.847516738  1.37653489197e-22
456.697462677  1.37275615093e-22
473.117267301  1.36931333484e-22
490.127418939  1.36618866965e-22
507.749142548  1.3633820477e-22
526.004426187  1.36105635192e-22
544.916048465  1.35925119355e-22
564.507606954  1.35795860598e-22
584.803547643  1.3571690827e-22
605.82919543  1.35115185978e-22
627.610785733  1.3517888102e-22
650.175497219  1.35285905223e-22
673.551485719  1.35436741121e-22
697.767919361  1.35631753524e-22
722.855014966  1.35871187369e-22
748.84407575  1.36155166565e-22
775.767530383  1.36483693856e-22
803.658973457  1.36856651708e-22
832.553207402  1.37273804197e-22
862.486285909  1.37734799872e-22
893.495558925  1.38239175539e-22
925.619719247  1.3878636089e-22
958.898850812  1.41345765992e-22
993.374478709  1.42620749928e-22
1029.08962099  1.43800156562e-22
1066.08884235  1.44893757389e-22
1104.41830974  1.45910278964e-22
1144.12584997  1.4685756189e-22
1185.26100936  1.47742689267e-22
1227.87511562  1.48572091283e-22
1272.02134183  1.49351630982e-22
1317.75477286  1.50086675043e-22
1365.13247404  1.5078215253e-22
1414.21356237  1.51442603926e-22
1465.05928036  1.52072222249e-22
1517.73307233  1.52454631261e-22
1572.30066369  1.52944155508e-22
1628.83014287  1.53388102285e-22
1687.39204632  1.5378964384e-22
1748.05944649  1.54151699321e-22
1810.90804305  1.54476962455e-22
1876.01625732  1.54767925492e-22
1943.46533014  1.55026899958e-22
2013.33942322  1.55256034731e-22
2085.72572415  1.55457331807e-22
2160.71455525  1.55632660101e-22
2238.39948618  1.55783767547e-22
2318.87745078  1.55912291732e-22
2402.24886796  1.56019769263e-22
2488.61776706  1.56107644021e-22
2578.09191758  1.56177274464e-22
2670.78296373  1.56229940081e-22
2766.80656368  1.56266847125e-22
2866.28253393  1.56289133697e-22
2969.33499874  1.56297874276e-22
3076.0925451  1.56294083766e-22
3186.68838309  1.56278721105e-22
3301.26051218  1.56252692518e-22
3419.95189335  1.56216854439e-22
3542.91062753  1.56172016153e-22
3670.29014035  1.56118942201e-22
3802.24937364  1.5605835457e-22
3938.95298368  1.55990934703e-22
4080.57154674  1.5591732536e-22
4227.28177184  1.55838132334e-22
4379.2667213  1.55753926068e-22
4536.71603914  1.55665243162e-22
4699.82618773  1.55572587804e-22
4868.8006929  1.55476433133e-22
5043.85039793  1.55377222531e-22
5225.19372662  1.55275370879e-22
5413.05695583  1.55171265758e-22
5607.67449785  1.55065268616e-22
5809.28919286  1.54957715902e-22
6018.15261197  1.54848920167e-22
6234.52537109  1.54739171149e-22
6458.67745619  1.54628736816e-22
6690.88856009  1.54517864404e-22
6931.44843155  1.5440678142e-22
7180.65723674  1.54295696631e-22
7438.82593382  1.54184801025e-22
7706.27666093  1.54074268754e-22
7983.34313818  1.53964258055e-22
8270.371084  1.53854912145e-22
8567.71864659  1.53746360093e-22
8875.75685075  1.53638717671e-22
9194.87006089  1.53532088171e-22
9525.4564606  1.53426563206e-22
9867.9285495  1.53322223476e-22
10222.7136579  1.53219139511e-22
10590.2544803  1.53117372385e-22
10971.0096272  1.53016974396e-22
11365.4541979  1.52917989728e-22
11774.080373  1.52820455072e-22
12197.3980289  1.52724400225e-22
12635.9353735  1.52629848657e-22
13090.2396056  1.52536818049e-22
13560.8775976  1.52445320803e-22
14048.4366031  1.52355364522e-22
14553.524989  1.52266952466e-22
15076.7729955  1.5218008397e-22
15618.8335217  1.52094754851e-22
16180.3829408  1.52010957774e-22
16762.1219439  1.51928682604e-22
17364.776414  1.51847916725e-22
17989.0983325  1.51768645342e-22
18635.8667167  1.5190578818e-22
19305.8885922  1.51853316046e-22
20000  1.51801412406e-22

