1 20000 251
251
1  0
1.04040904696  3.44963143908e-39
1.082450985  7.03865919697e-39
1.12619179768  1.07727161461e-38
1.17170013492  1.46576627778e-38
1.21904742069  1.86995964004e-38
1.26830796516  2.29048607085e-38
1.31955908129  2.72800557396e-38
1.37288120617  3.18320482321e-38
1.4283580273  3.65679824031e-38
1.4860766139  4.14952911603e-38
1.54612755358  4.66217077685e-38
1.6086050945  5.19552779862e-38
1.6736072933  5.75043726932e-38
1.74123616901  6.32777010288e-38
1.81159786313  6.92843240603e-38
1.88480280626  7.5533669004e-38
1.96096589137  8.20355440209e-38
2.04020665416  1.06707406145e-33
2.12264946065  3.25490948944e-33
2.20842370239  5.53115326198e-33
2.29766399949  7.89937787602e-33
2.39051041194  1.03633001897e-32
2.48710865943  1.29267872559e-32
2.58761035005  1.55938623913e-32
2.6921732182  1.8368711491e-32
2.8009613722  2.12556895984e-32
2.91414555182  2.42593277397e-32
3.03190339627  8.7008781734e-31
3.15441972299  4.10951288997e-30
3.28188681771  7.47984004248e-30
3.41450473624  1.09863589032e-29
3.55248161847  1.46345728492e-29
3.69603401502  1.84302076438e-29
3.8453872271  2.23792204231e-29
4.00077566014  2.81295883075e-29
4.16244319166  3.74593244925e-28
4.33064355406  7.35057167712e-28
4.50564073281  1.11008709408e-27
4.68770938077  1.50027162236e-27
4.87713524927  1.90622313556e-27
5.07421563659  5.53228279665e-27
5.27925985453  1.48229531869e-26
5.49258971391  2.44890507133e-26
5.71454002959  3.45457460285e-26
5.945459146  4.5008822817e-26
6.18570948383  1.24971263456e-25
6.43566810884  2.29271723878e-25
6.69572732367  3.37786866504e-25
6.96629528353  4.50687002623e-25
7.24779663678  9.99069684153e-25
7.54067319143  1.63059324854e-24
7.84538460853  2.2876360783e-24
8.1624091236  3.75604564936e-24
8.49224429718  6.06113834017e-24
8.83540779578  8.45937762976e-24
9.19243820431  1.24392324905e-23
9.56389587139  1.79010903085e-23
9.95036378878  2.35836565956e-23
10.3524485064  3.17754340427e-23
10.7707810842  4.06322458811e-23
11.2060180829  5.03201971831e-23
11.6588425938  6.09474450656e-23
12.1299653117  7.18988723006e-23
12.6201256496  8.30053712827e-23
13.1300928996  9.42921849757e-23
13.6606674402  1.0521941539e-22
14.2126819923  1.16098379003e-22
14.7870029263  1.26603857528e-22
15.384531622  1.36704033189e-22
16.0062058827  1.4672226627e-22
16.6530014079  1.55921639025e-22
17.3259333238  1.64955937481e-22
18.0260577771  1.73402116149e-22
18.7544735924  1.73343144589e-22
19.5123239965  1.74770975758e-22
20.3007984131  1.77640371875e-22
21.1211343295  1.81907068956e-22
21.9746192385  1.87527641842e-22
22.8625926593  1.9445936812e-22
23.7864482397  2.02660090799e-22
24.7476359436  2.07805108901e-22
25.7476643266  2.11588156344e-22
26.7881029035  2.15098801121e-22
27.8705846117  2.18347533215e-22
28.996808374  2.21344423794e-22
30.1685417653  2.24099143482e-22
31.3876237862  2.2662098011e-22
32.6559677498  2.28918855988e-22
33.9755642841  2.31001344712e-22
35.3484844568  2.32876687548e-22
36.7768830251  2.34552809432e-22
38.2630018183  2.36037334591e-22
39.8091732557  2.37337601849e-22
41.4178240072  2.38460679619e-22
43.0914788025  2.39413380633e-22
44.832764393  2.40202276429e-22
46.6444136747  2.40833711629e-22
48.5292699773  2.4131381803e-22
50.4902915267  2.41648528549e-22
52.5305560881  2.41843591035e-22
54.6532657959  2.41904581979e-22
56.8617521799  2.41836920143e-22
59.159481394  2.4164588013e-22
61.5500596558  2.41336605907e-22
64.0372389068  2.40914124293e-22
66.624922701  2.40383358422e-22
69.3171723311  2.3974914118e-22
72.118213203  2.39016228601e-22
75.032441467  2.38189313217e-22
78.0644309178  2.37273037329e-22
81.2189401726  2.3627200615e-22
84.5009201401  2.35190800788e-22
87.9155217902  2.34033990977e-22
91.4681042388  2.3280614748e-22
95.1642431583  2.31511854055e-22
99.009739529  2.30155718846e-22
103.010628743  2.28742385053e-22
107.173190077  2.27276540703e-22
111.503956548  2.25762927309e-22
116.009725165  2.24206347192e-22
120.697567597  2.22611669213e-22
125.574841273  2.20983832635e-22
130.649200932  2.19327848814e-22
135.928610627  2.1764880043e-22
141.421356237  2.15951837925e-22
147.136058463  2.14242172858e-22
153.081686359  2.12525067885e-22
159.267571411  2.10805823116e-22
165.703422184  2.09089758652e-22
172.399339552  2.07382193171e-22
179.36583256  2.05688418532e-22
186.613834911  2.04013670481e-22
194.154722129  2.02363095649e-22
202.000329413  2.00862160979e-22
210.162970211  1.9927202317e-22
218.655455543  1.97720731289e-22
227.491114114  1.9621267195e-22
236.683813228  1.9475194023e-22
246.247980551  1.93342297541e-22
256.198626761  1.91987131413e-22
266.551369101  1.90689418412e-22
277.322455892  1.89451691407e-22
288.528792035  1.88276012331e-22
300.187965542  1.87163951478e-22
312.318275138  1.86116574229e-22
324.938758985  1.85134435881e-22
338.069224556  1.84217585065e-22
351.730279727  1.83365575988e-22
365.943365117  1.82577489537e-22
380.730787743  1.8185196312e-22
396.115756024  1.81187229007e-22
412.122416211  1.8058116101e-22
428.775890281  1.80031329527e-22
446.102315367  1.79535065663e-22
464.128884777  1.79089536612e-22
482.883890678  1.78691838481e-22
502.396768493  1.78339210209e-22
522.698143103  1.78049872561e-22
543.819876914  1.77838554246e-22
565.795119858  1.77704068458e-22
588.658361426  1.77644916348e-22
612.445484796  1.76978968114e-22
637.193823152  1.77124995369e-22
662.942218274  1.77336460674e-22
689.731081504  1.77614180624e-22
717.602457167  1.77958733923e-22
746.600088557  1.78370458131e-22
776.769486596  1.78849448961e-22
808.158001257  1.79395562133e-22
840.814895881  1.80008417763e-22
874.791424493  1.80687407171e-22
910.140912246  1.81431701968e-22
946.918839109  1.84322716537e-22
985.182926946  1.86134221846e-22
1024.99323011  1.87794039948e-22
1066.41222967  1.89319467581e-22
1109.50493154  1.9072571482e-22
1154.33896842  1.92026261452e-22
1200.98470601  1.93233136979e-22
1249.51535339  1.94357142822e-22
1300.00707798  1.95408030211e-22
1352.53912504  1.96394643751e-22
1407.19394206  1.97325038104e-22
1464.05730815  1.98206573444e-22
1523.21846867  1.98767813099e-22
1584.7702753  1.99442911379e-22
1648.80933177  2.00048644471e-22
1715.43614549  2.0059036415e-22
1784.75528525  2.01072950794e-22
1856.87554538  2.01500870327e-22
1931.9101165  2.01878222636e-22
2009.97676312  2.02208782906e-22
2091.19800853  2.02496037057e-22
2175.70132706  2.02743212213e-22
2263.61934415  2.02953302978e-22
2355.09004453  2.03129094173e-22
2450.25698873  2.03273180536e-22
2549.26953846  2.03387983843e-22
2652.28309095  2.03475767823e-22
2759.45932292  2.03538651162e-22
2870.96644429  2.03578618893e-22
2986.97946215  2.03597532379e-22
3107.68045551  2.03597138093e-22
3233.25886097  2.03579075377e-22
3363.91177012  2.03544883305e-22
3499.84423881  2.03496006806e-22
3641.26960901  2.0343380213e-22
3788.40984363  2.03359541781e-22
3941.49587491  2.03274418973e-22
4100.76796681  2.03179551709e-22
4266.47609215  2.03075986516e-22
4438.88032492  2.02964701914e-22
4618.25124841  2.02846611654e-22
4804.87037999  2.02722567758e-22
4999.03061281  2.025933634e-22
5201.0366756  2.02459735654e-22
5411.20561086  2.02322368131e-22
5629.8672725  2.02181893515e-22
5857.36484349  2.02038896021e-22
6094.05537452  2.01893913782e-22
6340.31034432  2.01747441173e-22
6596.51624277  2.01599931068e-22
6863.0751774  2.0145179706e-22
7140.40550453  2.01303415607e-22
7428.94248588  2.01155128141e-22
7729.13897165  2.01007243119e-22
8041.46611132  2.00860038016e-22
8366.41409304  2.00713761272e-22
8704.49291301  2.0056863417e-22
9056.2331759  2.00424852659e-22
9422.18692758  2.0028258912e-22
9802.92852161  2.0014199406e-22
10199.0555206  2.00003197741e-22
10611.1896341  1.99866311746e-22
11039.9776943  1.99731430468e-22
11486.0926714  1.99598632539e-22
11950.2347295  1.99467982178e-22
12433.1323259  1.99339530474e-22
12935.5433539  1.99213316595e-22
13458.2563327  1.99089368928e-22
14002.0916449  1.9896770615e-22
14567.9028237  1.98848338227e-22
15156.577893  1.98731267351e-22
15769.0407609  1.98616488809e-22
16406.2526695  1.98503991786e-22
17069.213704  1.98393760113e-22
17758.9643622  1.98285772953e-22
18476.5871871  1.98435225847e-22
19223.2084664  1.98364560824e-22
20000  1.98294709751e-22

