0.1981576 20 151
151
0.1981576  0
0.204348221386  1.88049695819e-26
0.210732243343  3.81973614186e-26
0.21731570788  5.81955889923e-26
0.224104845762  7.88185791554e-26
0.231106082408  1.00085850052e-25
0.238326043975  1.22017529592e-25
0.245771563625  1.44634374497e-25
0.253449687996  1.67957789948e-25
0.261367683867  1.92009849845e-25
0.269533045041  2.16813317693e-25
0.277953499431  2.42391668152e-25
0.286637016378  2.68769109252e-25
0.295591814193  2.959706053e-25
0.304826367935  3.24021900514e-25
0.314349417428  3.52949543383e-25
0.32416997554  3.82780911795e-25
0.334297336707  4.13544238946e-25
0.344741085732  4.45268640066e-25
0.355511106856  4.77984139969e-25
0.366617593113  5.11721701469e-25
0.378071055974  5.46513254689e-25
0.389882335302  5.82391727278e-25
0.402062609603  6.47227119133e-25
0.414623406612  8.46041181056e-25
0.427576614201  1.05235452185e-24
0.440934491628  1.2651132767e-24
0.454709681141  1.48451880612e-24
0.468915219947  1.71077876133e-24
0.483564552542  1.94410728074e-24
0.498671543445  2.18472519264e-24
0.51425049031  2.4328602242e-24
0.530316137466  2.688747217e-24
0.546883689868  2.95262834926e-24
0.563968827486  3.22475336507e-24
0.581587720147  3.50537981078e-24
0.599757042838  3.80830813036e-24
0.618493991488  4.32837481295e-24
0.63781629924  4.88183246555e-24
0.65774225324  5.45258063227e-24
0.678290711938  6.04115948431e-24
0.699481122939  6.64812606827e-24
0.721333541412  7.27405483341e-24
0.743868649062  7.91953817532e-24
0.767107773714  8.58518699653e-24
0.791072909491  9.27163128471e-24
0.815786737632  1.0059912697e-23
0.841272647959  1.09197010352e-23
0.867554761013  1.18063499332e-23
0.894657950883  1.27206985391e-23
0.922607868744  1.36636122166e-23
0.951430967142  1.46359833642e-23
0.981154525018  1.56387322598e-23
1.01180667354  1.6614210348e-23
1.0434164227  1.75237094422e-23
1.07601368882  1.8461622105e-23
1.10962932281  1.94288360016e-23
1.14429513939  2.0426266529e-23
1.18004394722  2.14548576819e-23
1.21690957991  2.25155829462e-23
1.25492692807  2.36094462203e-23
1.29413197233  2.47374827655e-23
1.33456181738  2.59007601854e-23
1.3762547271  2.71003794367e-23
1.41925016077  2.83374758707e-23
1.46358881039  2.96132203083e-23
1.50931263925  3.08770211487e-23
1.55646492159  3.19761412975e-23
1.60509028357  3.31088010294e-23
1.65523474554  3.42768460686e-23
1.70694576552  3.54813818838e-23
1.76027228421  3.67235484796e-23
1.81526477124  3.80045214754e-23
1.87197527295  3.93255132181e-23
1.93045746167  4.06877739291e-23
1.99076668648  4.20883465262e-23
2.05296002564  4.32038637907e-23
2.11709634057  4.42891836428e-23
2.18323633157  4.54084098618e-23
2.2514425953  4.6562601713e-23
2.32177968395  4.77528515542e-23
2.39431416643  4.89802858694e-23
2.46911469128  5.0246066335e-23
2.5462520517  5.12905108467e-23
2.62579925254  5.21879369114e-23
2.70783157937  5.31133993724e-23
2.79242666977  5.40677741118e-23
2.87966458676  5.50519643752e-23
2.96962789463  5.60669016263e-23
3.06240173703  5.71911542209e-23
3.15807391758  5.83894827243e-23
3.25673498297  5.96252480863e-23
3.35847830866  6.08996198681e-23
3.46340018721  6.22138041689e-23
3.57159991948  6.34684654965e-23
3.68317990855  6.47093041546e-23
3.79824575669  6.59889077268e-23
3.91690636527  6.73084872637e-23
4.03927403782  6.87071659616e-23
4.16546458636  7.02321762169e-23
4.29559744097  7.18048291622e-23
4.42979576283  7.34266131979e-23
4.56818656078  7.49786730316e-23
4.71090081155  7.64513956166e-23
4.85807358367  7.79701273779e-23
5.00984416538  7.97772852785e-23
5.16635619636  8.37520392604e-23
5.32775780374  8.79407757398e-23
5.4942017423  9.2088876105e-23
5.66584553897  9.32163352475e-23
5.842851642  9.40760255689e-23
6.02538757466  9.49397234206e-23
6.21362609379  9.57022681486e-23
6.4077453533  9.64864633685e-23
6.60792907282  9.71837488451e-23
6.81436671152  9.78046141722e-23
7.02725364745  9.84147951258e-23
7.24679136245  9.88643801768e-23
7.47318763282  9.93219011796e-23
7.70665672601  9.96804889591e-23
7.94741960334  1.00031663964e-22
8.19570412919  1.00298589569e-22
8.4517452866  1.00546870493e-22
8.71578539971  1.00755321165e-22
8.98807436309  1.00958045545e-22
9.26886987822  1.01150416421e-22
9.55843769743  1.01339880851e-22
9.85705187536  1.01506563536e-22
10.1649950284  1.01661488234e-22
10.4825586021  1.01806201955e-22
10.810043147  1.01955436662e-22
11.1477586032  1.02088558736e-22
11.4960245936  1.02198297349e-22
11.8551707263  1.02311464296e-22
12.2255369067  1.02393163351e-22
12.6074736592  1.02454235038e-22
13.0013424588  1.02511441133e-22
13.4075160735  1.02492752794e-22
13.8263789167  1.02467830454e-22
14.2583274113  1.02399970486e-22
14.7037703648  1.0230077034e-22
15.1631293562  1.02173414423e-22
15.636839135  1.01995157434e-22
16.1253480327  1.01909320694e-22
16.6291183872  1.02113544594e-22
17.1486269799  1.02158805863e-22
17.6843654876  1.01779985164e-22
18.2368409475  1.01390111341e-22
18.8065762368  1.00989131645e-22
19.3941105683  1.0057964491e-22
20  1.001594e-22

