1 20 101
101
1  0
1.03041055791  2.92067863869e-37
1.06174591785  5.93017674426e-37
1.09403420358  9.03119536626e-37
1.12730439408  1.22265176946e-36
1.16158634964  1.55190115577e-36
1.1969108386  1.89116319961e-36
1.23330956497  2.24074239148e-36
1.27081519692  2.60095248161e-36
1.30946139606  2.97211676155e-36
1.34928284767  3.35456835431e-36
1.39031529185  3.74865051339e-36
1.43259555555  4.15471693078e-36
1.47616158565  4.57313205448e-36
1.52105248304  5.00427141553e-36
1.56730853766  5.44852196508e-36
1.61497126471  5.9062824217e-36
1.66408344188  6.3779636292e-36
1.71468914776  6.86398892537e-36
1.76683380139  7.36479452195e-36
1.82056420303  7.88082989613e-36
1.87592857615  8.41255819395e-36
1.93297661076  8.96045664596e-36
1.99175950792  5.21421207203e-34
2.05233002578  3.29533123133e-32
2.11474252688  7.22443157248e-32
2.17905302696  1.12730180471e-31
2.24531924523  1.54447242952e-31
2.31360065617  1.97432944577e-31
2.3839585429  2.41725865371e-31
2.45645605223  2.87365758597e-31
2.53115825126  3.3439358644e-31
2.60813218585  3.82851556765e-31
2.68744694072  4.32783161002e-31
2.76917370155  4.84233213182e-31
2.85338581877  5.37247890153e-31
2.94015887345  5.91874773028e-31
3.02957074514  9.11595026049e-30
3.12170168173  3.55562809644e-29
3.21663437151  6.28006768764e-29
3.31445401734  9.0873590068e-29
3.41524841318  1.19800216212e-28
3.51910802283  1.49606517195e-28
3.62612606115  1.80319244421e-28
3.73639857773  2.11965962817e-28
3.85002454306  2.44575075575e-28
3.96710593738  2.78175849645e-28
4.08774784223  1.56276623935e-27
4.21205853471  3.36924723354e-27
4.34014958471  5.23066432262e-27
4.472135955  7.14868814388e-27
4.60813610445  9.12504013963e-27
4.74827209431  1.11614941022e-26
4.89266969782  1.32598777659e-26
5.041458513  2.39113441092e-26
5.19477207907  5.75326105324e-26
5.35274799621  9.21763184251e-26
5.51552804914  1.27873560803e-25
5.68325833429  1.64656376238e-25
5.85608939099  2.02557777611e-25
6.03417633655  2.87285771841e-25
6.21767900547  5.66132556137e-25
6.40676209294  8.54532102549e-25
6.6015953026  1.15170204007e-24
6.80235349885  1.45790908118e-24
7.00921686386  1.85519316199e-24
7.22237105921  3.08358543256e-24
7.44200739256  4.39151562458e-24
7.66832298935  5.73922070345e-24
7.9015209697  7.12791024568e-24
8.14181063074  9.69844466444e-24
8.38940763443  1.3162611235e-23
8.64453420113  1.67321250437e-23
8.90741930907  2.04101897587e-23
9.17829889981  2.54739898867e-23
9.45741609003  3.13733549957e-23
9.74502138973  3.7452123089e-23
10.041372927  4.38287641114e-23
10.34673668  5.10308771112e-23
10.661386715  5.84625994343e-23
10.9856054331  6.61058741706e-23
11.3196838233  7.36924531972e-23
11.6639217237  8.14800783713e-23
12.0186280908  8.94274852405e-23
12.3841212763  9.68849549904e-23
12.7607293136  1.04534199408e-22
13.1487902114  1.12043953665e-22
13.5486522576  1.19165496707e-22
13.9606743317  1.26478985482e-22
14.3852262269  1.33181940589e-22
14.8226889821  1.39970487625e-22
15.2734552238  1.4642403682e-22
15.7379295184  1.5271208982e-22
16.2165287354  1.58827814274e-22
16.7096824217  1.64676123839e-22
17.2178331866  1.70394703301e-22
17.7414370999  1.75864793382e-22
18.2809641002  1.81165760819e-22
18.8368984177  1.86309821059e-22
19.4097390079  1.91191561774e-22
20  1.9605e-22

