1 20 101
101
1  0
1.03041055791  7.5768513247e-38
1.06174591785  1.53841189254e-37
1.09403420358  2.34288098896e-37
1.12730439408  3.17181443942e-37
1.16158634964  4.02595621859e-37
1.1969108386  4.90607292579e-37
1.23330956497  5.81295447309e-37
1.27081519692  6.7474147942e-37
1.30946139606  7.71029257502e-37
1.34928284767  8.70245200636e-37
1.39031529185  9.72478355954e-37
1.43259555555  1.07782047856e-36
1.47616158565  1.18636611389e-36
1.52105248304  1.29821268255e-36
1.56730853766  1.41346056776e-36
1.61497126471  1.53221320546e-36
1.66408344188  1.65457717712e-36
1.71468914776  1.78066230543e-36
1.76683380139  1.91058175284e-36
1.82056420303  2.04445212312e-36
1.87592857615  2.18239356606e-36
1.93297661076  2.32452988523e-36
1.99175950792  1.94741131675e-34
2.05233002578  1.23762143744e-32
2.11474252688  2.7133994058e-32
2.17905302696  4.23405660552e-32
2.24531924523  5.80095783909e-32
2.31360065617  7.41550941336e-32
2.3839585429  9.07916040177e-32
2.45645605223  1.07934039449e-31
2.53115825126  1.25597785906e-31
2.60813218585  1.43798696748e-31
2.68744694072  1.62553107442e-31
2.76917370155  1.81877850229e-31
2.85338581877  2.01790269226e-31
2.94015887345  2.22308235994e-31
3.02957074514  4.18647502174e-30
3.12170168173  1.64931912047e-29
3.21663437151  2.91741614929e-29
3.31445401734  4.22407671623e-29
3.41524841318  5.57047356002e-29
3.51910802283  6.957815083e-29
3.62612606115  8.3873464357e-29
3.73639857773  9.86035063439e-29
3.85002454306  1.13781497126e-28
3.96710593738  1.29421059075e-28
4.08774784223  8.22872919434e-28
4.21205853471  1.79904811585e-27
4.34014958471  2.8049093446e-27
4.472135955  3.8413593745e-27
4.60813610445  4.90932842806e-27
4.74827209431  6.00977501637e-27
4.89266969782  7.14368679939e-27
5.041458513  1.35028023475e-26
5.19477207907  3.39020124711e-26
5.35274799621  5.49215739554e-26
5.51552804914  7.65803520315e-26
5.68325833429  9.88977856326e-26
5.85608939099  1.21893904841e-25
6.03417633655  1.76642860671e-25
6.21767900547  3.63285298861e-25
6.40676209294  5.56333080509e-25
6.6015953026  7.552515529e-25
6.80235349885  9.60219247015e-25
7.00921686386  1.23364889273e-24
7.22237105921  2.13872817967e-24
7.44200739256  3.10343465029e-24
7.66832298935  4.0974783829e-24
7.9015209697  5.12175154001e-24
8.14181063074  7.1803574163e-24
8.38940763443  1.00194036994e-23
8.64453420113  1.29447869639e-23
8.90741930907  1.59591327656e-23
9.17829889981  2.04229461165e-23
9.45741609003  2.57489766052e-23
9.74502138973  3.12369746524e-23
10.041372927  3.70591886569e-23
10.34673668  4.39935061771e-23
10.661386715  5.11543777501e-23
10.9856054331  5.853017933e-23
11.3196838233  6.60735370025e-23
11.6639217237  7.38404700365e-23
12.0186280908  8.17780832796e-23
12.3841212763  8.93349306923e-23
12.7607293136  9.70918134533e-23
13.1487902114  1.04728725798e-22
13.5486522576  1.12008214349e-22
13.9606743317  1.19484655972e-22
14.3852262269  1.26362424247e-22
14.8226889821  1.33332080863e-22
15.2734552238  1.39968145455e-22
15.7379295184  1.46441523698e-22
16.2165287354  1.52742362963e-22
16.7096824217  1.58774125699e-22
17.2178331866  1.64674984417e-22
17.7414370999  1.70323623433e-22
18.2809641002  1.7579985969e-22
18.8368984177  1.81116259568e-22
19.4097390079  1.86164927652e-22
20  1.91191e-22

