0.2 20 151
151
0.2  0
0.206235454919  1.93296192598e-41
0.212665314327  3.9261883367e-41
0.219295639229  5.98155811456e-41
0.22613267959  8.10100872037e-41
0.233182880236  1.02865380197e-40
0.240452886923  1.25402061661e-40
0.247949552606  1.48641375432e-40
0.255679943893  1.7260522767e-40
0.263651347711  1.97316207509e-40
0.271871278176  2.22797608352e-40
0.280347483669  2.49073449826e-40
0.289087954149  2.76168500425e-40
0.298100928677  3.04108300856e-40
0.307394903187  3.32919188118e-40
0.316978638492  3.62628320323e-40
0.326861168545  3.932637023e-40
0.33705180895  4.24854211994e-40
0.34756016575  4.57429627684e-40
0.358396144475  4.91020656053e-40
0.369569959484  5.25658961137e-40
0.381092143593  5.61377194171e-40
0.392973557999  5.98209024363e-40
0.405225402524  6.3618917064e-40
0.417859226171  6.75353434366e-40
0.430886938006  7.15738733096e-40
0.444320818391  7.57383135374e-40
0.458173530554  8.00325896618e-40
0.472458132527  8.44607496121e-40
0.487188089458  8.9026967521e-40
0.502377286302  2.01007685736e-34
0.518040040906  1.43066994851e-33
0.534191117512  2.71153427889e-33
0.550845740668  4.03233246821e-33
0.568019609583  5.39430954536e-33
0.585728912925  6.79874935584e-33
0.60399034408  8.24697577193e-33
0.622821116889  9.74035394068e-33
0.642238981873  1.12802915707e-32
0.662262242965  1.2868240259e-32
0.682909774767  1.45056968596e-32
0.704201040337  1.61942048943e-32
0.72615610954  1.79353560076e-32
0.748795677965  1.97307914674e-32
0.772141086431  2.15822037114e-32
0.796214341107  2.34913379434e-32
0.821038134255  2.54599937776e-32
0.846635865618  2.74900269352e-32
0.87303166448  2.95833509941e-32
0.900250412412  3.1741939192e-32
0.928317766723  3.39678262868e-32
0.957260184645  3.62631104748e-32
0.987104948279  3.86299553682e-32
1.0178801903  9.52176998167e-29
1.0496149205  2.64144853147e-28
1.08233905309  4.38338694724e-28
1.11608343495  6.17963425531e-28
1.15087987467  8.03188365894e-28
1.18676117255  9.94188115085e-28
1.2237611515  1.1911427159e-27
1.26191468896  1.39423782439e-27
1.30125774973  1.60366488485e-27
1.34182741991  1.81962131028e-27
1.38366194184  2.04231066848e-27
1.42680075014  2.27194287395e-27
1.47128450892  2.50873438575e-27
1.51715515006  2.75290841154e-27
1.56445591277  3.00469511797e-27
1.61323138435  3.26433184769e-27
1.66352754221  3.53206334302e-27
1.71539179718  3.80814197671e-27
1.76887303828  4.09282798976e-27
1.82402167871  4.38638973682e-27
1.88088970345  4.68910393907e-27
1.93953071822  5.00125594513e-27
2  7.8023321686e-27
2.06235454919  4.49332413308e-26
2.12665314327  8.57782776675e-26
2.19295639229  1.27896750918e-25
2.2613267959  1.71328363374e-25
2.33182880236  2.16114055138e-25
2.40452886923  2.62296042712e-25
2.47949552606  3.09917858793e-25
2.55679943893  3.59024393311e-25
2.63651347711  4.09661935741e-25
2.71871278176  4.61878218735e-25
2.80347483669  5.15722463122e-25
2.89087954149  5.71245424302e-25
2.98100928677  6.29908401401e-25
3.07394903187  1.17629550603e-24
3.16978638492  1.8706004136e-24
3.26861168545  2.58655185592e-24
3.3705180895  3.32482471296e-24
3.4756016575  4.08611490558e-24
3.58396144475  4.87114005159e-24
3.69569959484  5.68064014213e-24
3.81092143593  6.51537823929e-24
3.92973557999  7.3761411953e-24
4.05225402524  9.00699136059e-24
4.17859226171  1.17192736831e-23
4.30886938006  1.45161175763e-23
4.44320818391  1.74001594397e-23
4.58173530554  2.03741178681e-23
4.72458132527  2.3440796215e-23
4.87188089458  2.66030852349e-23
5.02377286302  3.00085770143e-23
5.18040040906  3.42557844798e-23
5.34191117512  3.86446635007e-23
5.50845740668  4.31703758079e-23
5.68019609583  4.78371874904e-23
5.85728912925  5.26494976422e-23
6.0399034408  5.74702963102e-23
6.22821116889  6.19255690647e-23
6.42238981873  6.65186300704e-23
6.62262242965  7.12548902003e-23
6.82909774767  7.61388140128e-23
7.04201040337  8.09611389002e-23
7.2615610954  8.50619254158e-23
7.48795677965  8.92863783255e-23
7.72141086431  9.36425381636e-23
7.96214341107  9.81244995851e-23
8.21038134255  1.01909543301e-22
8.46635865618  1.05643253995e-22
8.7303166448  1.09493371613e-22
9.00250412412  1.13404157209e-22
9.28317766723  1.16672216066e-22
9.57260184645  1.1998901716e-22
9.87104948279  1.23409227073e-22
10.178801903  1.26525004234e-22
10.496149205  1.29432222867e-22
10.8233905309  1.32430080654e-22
11.1608343495  1.35236405009e-22
11.5087987467  1.3780751394e-22
11.8676117255  1.4045878304e-22
12.237611515  1.42868134155e-22
12.6191468896  1.45166121716e-22
13.0125774973  1.47502405389e-22
13.4182741991  1.49547188254e-22
13.8366194184  1.51634730898e-22
14.2680075014  1.53570003348e-22
14.7128450892  1.55428979628e-22
15.1715515006  1.57233375937e-22
15.6445591277  1.58899781807e-22
16.1323138435  1.60548412275e-22
16.6352754221  1.62055285164e-22
17.1539179718  1.63544338777e-22
17.6887303828  1.64921480736e-22
18.2402167871  1.66255800834e-22
18.8088970345  1.67517133623e-22
19.3953071822  1.68693664875e-22
20  1.69845e-22

