0.5 20 151
151
0.5  0
0.512448710082  4.16959585239e-42
0.52520736093  8.44300388464e-42
0.538283669269  1.28228087522e-41
0.55168554395  1.73116594618e-41
0.565421090737  2.19122709735e-41
0.579498617203  2.66274258431e-41
0.59392663776  3.14599759046e-41
0.608713878807  3.64128439955e-41
0.623869284008  4.14890257242e-41
0.6394020197  4.66915912823e-41
0.655321480438  5.2023687301e-41
0.67163729468  5.74885387547e-41
0.688359330604  6.30894509111e-41
0.705497702082  6.88298113308e-41
0.723062774796  7.47130919157e-41
0.741065172505  8.07428510093e-41
0.759515783475  8.69227355486e-41
0.778425767058  9.32564832698e-41
0.797806560447  9.97479249692e-41
0.817669885593  1.0640098682e-40
0.83802775629  1.13219692747e-40
0.858892485448  1.20208166861e-40
0.880276692535  1.27370635951e-40
0.90219331121  1.34711432043e-40
0.924655597149  1.4223499502e-40
0.947677136058  1.49945875306e-40
0.971271851895  1.57848736618e-40
0.995454015286  1.00572463455e-35
1.02023825216  1.73857733495e-33
1.04563955259  3.92068874496e-33
1.07167327987  6.15712909959e-33
1.0983551798  8.4492510494e-33
1.1257013902  1.07984409225e-32
1.15372845069  1.32061195629e-32
1.18245331269  1.567374319e-32
1.21189334964  1.82028042793e-32
1.24206636756  2.07948324653e-32
1.27299061578  2.3451395466e-32
1.30468479801  2.6174100032e-32
1.33716808361  2.89645929176e-32
1.37046011922  3.18245618769e-32
1.40458104063  3.47557366852e-32
1.43955148495  3.77598901841e-32
1.47539260312  4.0838839355e-32
1.51212607267  4.39944464171e-32
1.54977411084  4.72286199541e-32
1.58835948804  5.05433160685e-32
1.62790554158  5.39405395648e-32
1.66843618984  5.74223451619e-32
1.70997594668  6.09908387358e-32
1.75254993629  6.46481785936e-32
1.79618390842  6.83965767786e-32
1.84090425388  7.22383004081e-32
1.88673802057  7.61756730449e-32
1.93371292981  8.02110761026e-32
1.9818573931  8.43469502858e-32
2.03120052932  1.08920245755e-29
2.08177218234  2.84072179471e-29
2.13360293905  4.63584944473e-29
2.18672414789  6.47567114211e-29
2.24116793778  8.36129965331e-29
2.29696723759  1.02938754498e-28
2.35415579601  1.2274567398e-28
2.41276820199  1.43045734657e-28
2.47283990568  1.63851214475e-28
2.53440723981  1.85174697066e-28
2.59750744173  2.07029079362e-28
2.66217867588  2.29427579396e-28
2.72846005693  2.52383744297e-28
2.79639167337  2.75911458481e-28
2.86601461181  3.0002495205e-28
2.9373709818  3.247388094e-28
3.01050394131  7.56542919846e-28
3.08545772284  3.41230870097e-27
3.16227766017  6.16829846787e-27
3.24101021575  8.99290526997e-27
3.32170300885  1.18878374944e-26
3.40440484432  1.48548460628e-26
3.48916574214  1.78957254902e-26
3.57603696765  2.10123149703e-26
3.66507106256  2.42064994882e-26
3.75632187674  2.74802109601e-26
3.84984460077  3.0835429402e-26
3.94569579937  3.42741841273e-26
4.04393344553  6.53413383215e-26
4.14461695564  1.32074026499e-25
4.2478072254  2.00468186453e-25
4.35356666667  2.70565184544e-25
4.46195924519  3.42407417049e-25
4.57305051927  4.16038335803e-25
4.68690767949  4.91502474477e-25
4.80359958925  5.68845475519e-25
4.92319682653  6.48114117756e-25
5.04577172647  8.98848791497e-25
5.1713984252  1.44730870217e-24
5.30015290463  2.00942384968e-24
5.43211303844  2.5855342142e-24
5.56735863914  3.17598824052e-24
5.70597150638  3.78114304883e-24
5.84803547643  4.40136465066e-24
5.99363647282  5.09532069138e-24
6.1428625584  6.96838073075e-24
6.29580398853  9.0062472871e-24
6.4525532657  1.10948514633e-23
6.6132051955  1.32354564953e-23
6.77785694388  1.54293570702e-23
6.94660809603  1.76778801095e-23
7.11956071652  2.10022516352e-23
7.29681941106  2.4876169501e-23
7.47849138981  2.88465379277e-23
7.66468653214  3.29157582852e-23
7.85551745316  3.70862917318e-23
8.0510995718  4.14716694116e-23
8.25155118063  4.62879202169e-23
8.45699351738  5.12240832421e-23
8.66755083831  5.62831439921e-23
8.88335049333  6.14681623033e-23
9.10452300303  6.65719226955e-23
9.33120213764  7.15621527711e-23
9.5635249979  7.66766267015e-23
9.80163209803  8.19184378384e-23
10.0456674507  8.71458610498e-23
10.295778654  9.18826039795e-23
10.5521169811  9.67334453823e-23
10.8148374712  1.01705060222e-22
11.0840990237  1.06554836677e-22
11.3600644943  1.10971112102e-22
11.6429007931  1.15497341392e-22
11.9327789861  1.2013576279e-22
12.2298743982  1.24322660357e-22
12.5343667197  1.28443050451e-22
12.8464401144  1.32666027628e-22
13.1662833315  1.36655426896e-22
13.4940898196  1.40423562477e-22
13.8300578436  1.44285514912e-22
14.1743906047  1.47954305987e-22
14.5272963631  1.51425487028e-22
14.8889885645  1.54983091521e-22
15.2596859686  1.58274540154e-22
15.6396127818  1.61492520262e-22
16.0289987924  1.64743494571e-22
16.4280795102  1.67687959764e-22
16.8370963082  1.70690961095e-22
17.2562965694  1.73530117306e-22
17.6859338356  1.7628452182e-22
18.1262679613  1.7900901489e-22
18.5775652707  1.81550270039e-22
19.0400987189  1.84120024757e-22
19.5141480567  1.86488943174e-22
20  1.88908e-22

