0.5 20 151
151
0.5  0
0.512448710082  3.65959709774e-41
0.52520736093  7.41030872206e-41
0.538283669269  1.12544033896e-40
0.55168554395  1.51942060972e-40
0.565421090737  1.92320997282e-40
0.579498617203  2.33705264936e-40
0.59392663776  2.76119894089e-40
0.608713878807  3.19590538085e-40
0.623869284008  3.6414348897e-40
0.6394020197  4.09805693392e-40
0.655321480438  4.56604768904e-40
0.67163729468  5.04569020662e-40
0.688359330604  5.53727458549e-40
0.705497702082  6.04109814719e-40
0.723062774796  6.55746561579e-40
0.741065172505  7.08668930221e-40
0.759515783475  7.62908929312e-40
0.778425767058  8.1849936445e-40
0.797806560447  8.75473858008e-40
0.817669885593  9.33866869472e-40
0.83802775629  9.93713716276e-40
0.858892485448  1.05505059517e-39
0.880276692535  1.11791460411e-39
0.90219331121  1.1823437647e-39
0.924655597149  1.24837704516e-39
0.947677136058  1.31605438396e-39
0.971271851895  1.38541671389e-39
0.995454015286  3.67837800227e-35
1.02023825216  6.35859717127e-33
1.04563955259  1.43393555128e-32
1.07167327987  2.25188141479e-32
1.0983551798  3.09019202015e-32
1.1257013902  3.94937439687e-32
1.15372845069  4.82994819822e-32
1.18245331269  5.7324460155e-32
1.21189334964  6.65741370012e-32
1.24206636756  7.60541069383e-32
1.27299061578  8.57701036701e-32
1.30468479801  9.57280036548e-32
1.33716808361  1.05933829659e-31
1.37046011922  1.16393754402e-31
1.40458104063  1.27114104286e-31
1.43955148495  1.38101363225e-31
1.47539260312  1.49362176567e-31
1.51212607267  1.6090335511e-31
1.54977411084  1.72731879224e-31
1.58835948804  1.84854903073e-31
1.62790554158  1.9727975894e-31
1.66843618984  2.10013961665e-31
1.70997594668  2.23065213185e-31
1.75254993629  2.36441407198e-31
1.79618390842  2.50150633933e-31
1.84090425388  2.64201185047e-31
1.88673802057  2.78601558635e-31
1.93371292981  2.93360464375e-31
1.9818573931  3.08486828792e-31
2.03120052932  2.70206517639e-29
2.08177218234  7.03080606241e-29
2.13360293905  1.1467321429e-28
2.18672414789  1.60142945828e-28
2.24116793778  2.06744756377e-28
2.29696723759  2.54506831783e-28
2.35415579601  3.03458059649e-28
2.41276820199  3.53628046803e-28
2.47283990568  4.05047137206e-28
2.53440723981  4.57746430307e-28
2.59750744173  5.11757799852e-28
2.66217867588  5.67113913157e-28
2.72846005693  6.23848250874e-28
2.79639167337  6.81995127235e-28
2.86601461181  7.41589710808e-28
2.9373709818  8.02668045768e-28
3.01050394131  1.6585314898e-27
3.08545772284  6.85494026851e-27
3.16227766017  1.22472791951e-26
3.24101021575  1.77738734497e-26
3.32170300885  2.34380656434e-26
3.40440484432  2.92432816102e-26
3.48916574214  3.5193032478e-26
3.57603696765  4.1290916793e-26
3.66507106256  4.75406226959e-26
3.75632187674  5.39459301526e-26
3.84984460077  6.05107132403e-26
3.94569579937  6.72389424909e-26
4.04393344553  1.19284416028e-25
4.14461695564  2.29822747562e-25
4.2478072254  3.43113198381e-25
4.35356666667  4.59224289154e-25
4.46195924519  5.7822624654e-25
4.57305051927  7.00191045659e-25
4.68690767949  8.25192453628e-25
4.80359958925  9.53306074171e-25
4.92319682653  1.08460939335e-24
5.04577172647  1.45480972183e-24
5.1713984252  2.23944531358e-24
5.30015290463  3.04361630733e-24
5.43211303844  3.8678090842e-24
5.56735863914  4.71252213493e-24
5.70597150638  5.5782663614e-24
5.84803547643  6.46556538563e-24
5.99363647282  7.44108797675e-24
6.1428625584  9.75897543666e-24
6.29580398853  1.22686370931e-23
6.4525532657  1.48407828504e-23
6.6132051955  1.74769684012e-23
6.77785694388  2.01787881714e-23
6.94660809603  2.29478762836e-23
7.11956071652  2.66648821852e-23
7.29681941106  3.08767260263e-23
7.47849138981  3.51934339132e-23
7.66468653214  3.96176166901e-23
7.85551745316  4.41519502045e-23
8.0510995718  4.88283956607e-23
8.25155118063  5.37059445679e-23
8.45699351738  5.87049318597e-23
8.66755083831  6.38283810385e-23
8.88335049333  6.90793908841e-23
9.10452300303  7.41747244405e-23
9.33120213764  7.90693185892e-23
9.5635249979  8.40857755049e-23
9.80163209803  8.92271292562e-23
10.0456674507  9.43413699063e-23
10.295778654  9.8918305641e-23
10.5521169811  1.03605090514e-22
10.8148374712  1.0840856424e-22
11.0840990237  1.13083994925e-22
11.3600644943  1.17317029278e-22
11.6429007931  1.21655455265e-22
11.9327789861  1.26101407445e-22
12.2298743982  1.30102287602e-22
12.5343667197  1.34035414918e-22
12.8464401144  1.38066466958e-22
13.1662833315  1.41870469914e-22
13.4940898196  1.45459295345e-22
13.8300578436  1.49137473272e-22
14.1743906047  1.52629075325e-22
14.5272963631  1.55929802884e-22
14.8889885645  1.59312710044e-22
15.2596859686  1.6243939456e-22
15.6396127818  1.65494765991e-22
16.0289987924  1.68581088415e-22
16.4280795102  1.7137328955e-22
16.8370963082  1.74220864498e-22
17.2562965694  1.76910720176e-22
17.6859338356  1.79518618382e-22
18.1262679613  1.82097503162e-22
18.5775652707  1.84501112632e-22
19.0400987189  1.86930914577e-22
19.5141480567  1.89164925126e-22
20  1.91446e-22

