0.5 20 151
151
0.5  0
0.512448710082  2.52556940408e-35
0.52520736093  5.11401897077e-35
0.538283669269  7.7669142539e-35
0.55168554395  1.04858597855e-34
0.565421090737  1.32725000465e-34
0.579498617203  1.61285204609e-34
0.59392663776  1.90556484155e-34
0.608713878807  2.20556543047e-34
0.623869284008  2.5130352601e-34
0.6394020197  2.82816029527e-34
0.655321480438  3.15113113084e-34
0.67163729468  3.48214310701e-34
0.688359330604  3.82139642742e-34
0.705497702082  4.1690962803e-34
0.723062774796  4.52545296251e-34
0.741065172505  4.89068200676e-34
0.759515783475  5.26500431198e-34
0.778425767058  5.64864627691e-34
0.797806560447  6.04183993704e-34
0.817669885593  6.44482310492e-34
0.83802775629  6.85783951406e-34
0.858892485448  7.28113896627e-34
0.880276692535  7.7149774828e-34
0.90219331121  8.15961745916e-34
0.924655597149  8.61532782383e-34
0.947677136058  9.08238420093e-34
0.971271851895  9.56106907688e-34
0.995454015286  7.96671006392e-32
1.02023825216  1.35994195366e-29
1.04563955259  3.06669593522e-29
1.07167327987  4.81594368777e-29
1.0983551798  6.60874319659e-29
1.1257013902  8.44617878806e-29
1.15372845069  1.03293617855e-28
1.18245331269  1.22594311812e-28
1.21189334964  1.42375543256e-28
1.24206636756  1.62649276331e-28
1.27299061578  1.83427773057e-28
1.30468479801  2.04723600746e-28
1.33716808361  2.26549639605e-28
1.37046011922  2.48919090524e-28
1.40458104063  2.71845483061e-28
1.43955148495  2.95342683626e-28
1.47539260312  3.19424903866e-28
1.51212607267  3.44106709262e-28
1.54977411084  3.69403027937e-28
1.58835948804  3.95329159687e-28
1.62790554158  4.21900785233e-28
1.66843618984  4.49133975704e-28
1.70997594668  4.77045202361e-28
1.75254993629  5.05651346555e-28
1.79618390842  5.3496970994e-28
1.84090425388  5.65018024937e-28
1.88673802057  5.95814465458e-28
1.93371292981  6.27377657898e-28
1.9818573931  6.59726692402e-28
2.03120052932  5.74044557779e-27
2.08177218234  1.39558148079e-26
2.13360293905  2.23757255375e-26
2.18672414789  3.10052703223e-26
2.24116793778  3.98496685094e-26
2.29696723759  4.89142693943e-26
2.35415579601  5.82045554561e-26
2.41276820199  6.77261456733e-26
2.47283990568  7.74847989229e-26
2.53440723981  8.74864174627e-26
2.59750744173  9.77370505015e-26
2.66217867588  1.08242897858e-25
2.72846005693  1.19010313711e-25
2.79639167337  1.3004581044e-25
2.86601461181  1.41356062567e-25
2.9373709818  1.52947910794e-25
3.01050394131  1.97137891807e-25
3.08545772284  4.18349864126e-25
3.16227766017  6.47780135304e-25
3.24101021575  8.82922628341e-25
3.32170300885  1.12391956283e-24
3.40440484432  1.37091669925e-24
3.48916574214  1.62406342715e-24
3.57603696765  1.88351285551e-24
3.66507106256  2.14942190529e-24
3.75632187674  2.42195140441e-24
3.84984460077  2.70126618498e-24
3.94569579937  2.987535183e-24
4.04393344553  3.75152824485e-24
4.14461695564  5.13070908938e-24
4.2478072254  6.54422797889e-24
4.35356666667  7.99293984209e-24
4.46195924519  9.47772089325e-24
4.57305051927  1.09994691621e-23
4.68690767949  1.2559105037e-23
4.80359958925  1.41575718215e-23
4.92319682653  1.57958363053e-23
5.04577172647  1.79551455265e-23
5.1713984252  2.09941307447e-23
5.30015290463  2.41087788549e-23
5.43211303844  2.73009736676e-23
5.56735863914  3.05726458959e-23
5.70597150638  3.39257743223e-23
5.84803547643  3.7362386996e-23
5.99363647282  4.08893593422e-23
6.1428625584  4.45997507119e-23
6.29580398853  4.84122456233e-23
6.4525532657  5.23196618224e-23
6.6132051955  5.63243626043e-23
6.77785694388  6.04287701043e-23
6.94660809603  6.46353667623e-23
7.11956071652  6.84824043031e-23
7.29681941106  7.22127231279e-23
7.47849138981  7.60359172679e-23
7.66468653214  7.99542990787e-23
7.85551745316  8.39702384878e-23
8.0510995718  8.78713781086e-23
8.25155118063  9.12472237431e-23
8.45699351738  9.47071192249e-23
8.66755083831  9.82531571782e-23
8.88335049333  1.01887482328e-22
9.10452300303  1.05249263505e-22
9.33120213764  1.08279510176e-22
9.5635249979  1.11385202172e-22
9.80163209803  1.14568217886e-22
10.0456674507  1.1770639697e-22
10.295778654  1.2039104295e-22
10.5521169811  1.23139246154e-22
10.8148374712  1.25955872529e-22
11.0840990237  1.28675184477e-22
11.3600644943  1.31084363035e-22
11.6429007931  1.33553523924e-22
11.9327789861  1.36083863096e-22
12.2298743982  1.38339428382e-22
12.5343667197  1.40549433651e-22
12.8464401144  1.4281446235e-22
13.1662833315  1.44935014156e-22
13.4940898196  1.46918243409e-22
13.8300578436  1.48950849954e-22
14.1743906047  1.50866299397e-22
14.5272963631  1.52661883896e-22
14.8889885645  1.54502173816e-22
15.2596859686  1.56188324013e-22
15.6396127818  1.57828847992e-22
16.0289987924  1.59484481747e-22
16.4280795102  1.60969750347e-22
16.8370963082  1.62483930533e-22
17.2562965694  1.63905867539e-22
17.6859338356  1.65278558605e-22
18.1262679613  1.66630878377e-22
18.5775652707  1.67877812843e-22
19.0400987189  1.69136380658e-22
19.5141480567  1.70278441188e-22
20  1.71444e-22

