0.1 20 151
151
0.1  0
0.103595335198  8.33981143193e-39
0.107319934748  1.69794670397e-38
0.111178446136  2.59297472266e-38
0.115175683943  3.52018199873e-38
0.119316635847  4.48072548435e-38
0.123606468853  5.47580372801e-38
0.128050535734  6.50665837001e-38
0.132654381717  7.57457569179e-38
0.137423751394  8.68088822093e-38
0.142364595899  9.82697639382e-38
0.147483080324  1.10142702782e-37
0.152785591422  1.22442513575e-37
0.158278745568  1.35184543795e-37
0.163969397019  1.48384692712e-37
0.169864646463  1.62059431229e-37
0.175971849887  1.76225822434e-37
0.182298627744  1.90901542888e-37
0.188852874473  2.06104904685e-37
0.195642768341  2.218548783e-37
0.202676781654  7.39756784463e-32
0.209963691323  2.75356465525e-31
0.21751258982  4.83977566924e-31
0.225332896521  7.00099296212e-31
0.233434369463  9.23991326103e-31
0.241827117512  1.15593302495e-30
0.250521612986  1.39621380534e-30
0.259528704717  1.64513348519e-30
0.268859631586  1.90300266191e-30
0.278526036554  2.17014309991e-30
0.288539981181  2.4468881321e-30
0.298913960685  2.73358307584e-30
0.309660919525  3.03058566381e-30
0.320794267559  3.33826649036e-30
0.332327896774  3.65700947396e-30
0.344276198619  3.98721233625e-30
0.356654081967  4.32928709826e-30
0.369476991711  4.6836605946e-30
0.382760928042  5.05077500599e-30
0.396522466412  5.43108841102e-30
0.410778778215  5.82507535777e-30
0.425547652214  6.23322745589e-30
0.440847516738  6.65605399006e-30
0.456697462677  7.09408255543e-30
0.473117267301  7.54785971599e-30
0.490127418939  8.01795168653e-30
0.507749142548  5.53563997583e-28
0.526004426187  1.8381083203e-27
0.544916048465  3.1688363172e-27
0.564507606954  4.54740844615e-27
0.584803547643  5.97554486408e-27
0.60582919543  7.45502757332e-27
0.627610785733  8.98770264516e-27
0.650175497219  1.05754825233e-26
0.673551485719  1.22203484103e-26
0.697767919361  1.39243527395e-26
0.722855014966  1.56896217361e-26
0.74884407575  1.75183580703e-26
0.775767530383  1.94128436056e-26
0.803658973457  2.13754422461e-26
0.832553207402  2.34086028864e-26
0.862486285909  2.55148624668e-26
0.893495558925  2.76968491392e-26
0.925619719247  2.99572855466e-26
0.958898850812  3.22989922196e-26
0.993374478709  3.58461621683e-26
1.02908962099  2.42961067852e-25
1.06608884235  5.07224635802e-25
1.10441830974  7.80989364826e-25
1.14412584997  1.06459685351e-24
1.18526100936  1.35840098206e-24
1.22787511562  1.66276835386e-24
1.27202134183  1.97807875291e-24
1.31775477286  2.30472561772e-24
1.36513247404  2.64311653223e-24
1.41421356237  2.99367373439e-24
1.46505928036  3.35683464304e-24
1.51773307233  3.73305240366e-24
1.57230066369  4.12279645385e-24
1.62883014287  4.52655310905e-24
1.68739204632  4.9448261694e-24
1.74805944649  5.37813754831e-24
1.81090804305  5.82702792374e-24
1.87601625732  6.29205741283e-24
1.94346533014  6.77380627084e-24
2.01333942322  7.6095022995e-24
2.08572572415  9.90048045855e-24
2.16071455525  1.22823282039e-23
2.23839948618  1.47498113597e-23
2.31887745078  1.73060088058e-23
2.40224886796  1.99541101184e-23
2.48861776706  2.26974195497e-23
2.57809191758  2.55393601504e-23
2.67078296373  2.8483478042e-23
2.76680656368  3.15334468403e-23
2.86628253393  3.46930722404e-23
2.96933499874  3.79662967646e-23
3.0760925451  4.13459741835e-23
3.18668838309  4.48424737673e-23
3.30126051218  4.84646842313e-23
3.41995189335  5.22171253031e-23
3.54291062753  5.61044792095e-23
3.67029014035  6.01315965192e-23
3.80224937364  6.4303502195e-23
3.93895298368  6.8625401864e-23
4.08057154674  7.22985028993e-23
4.22728177184  7.54724465801e-23
4.3792667213  7.87605041752e-23
4.53671603914  8.21667784624e-23
4.69982618773  8.56955197279e-23
4.8688006929  8.93511310702e-23
5.04385039793  9.27883649646e-23
5.22519372662  9.52657666505e-23
5.41305695583  9.78320704146e-23
5.60767449785  1.00490641401e-22
5.80928919286  1.03244796926e-22
6.01815261197  1.05988071549e-22
6.23452537109  1.07990513062e-22
6.45867745619  1.10036349143e-22
6.69088856009  1.12155739888e-22
6.93144843155  1.14351329835e-22
7.18065723674  1.16137361432e-22
7.43882593382  1.17795578973e-22
7.70627666093  1.19513414993e-22
7.98334313818  1.2127260406e-22
8.270371084  1.22623158784e-22
8.56771864659  1.23968359157e-22
8.87575685075  1.25361923993e-22
9.19487006089  1.26554794387e-22
9.5254564606  1.27624902563e-22
9.8679285495  1.28733484715e-22
10.2227136579  1.29691949361e-22
10.5902544803  1.30568166681e-22
10.9710096272  1.31467578094e-22
11.3654541979  1.3217358122e-22
11.774080373  1.32876418242e-22
12.1973980289  1.33497534878e-22
12.6359353735  1.3401413187e-22
13.0902396056  1.34514081695e-22
13.5608775976  1.3488889769e-22
14.0484366031  1.35261089383e-22
14.553524989  1.35537457019e-22
15.0767729955  1.35805277572e-22
15.6188335217  1.36000542401e-22
16.1803829408  1.36174880418e-22
16.7621219439  1.36297045608e-22
17.364776414  1.36376182113e-22
17.9890983325  1.3642680347e-22
18.6358667167  1.36489950805e-22
19.3058885922  1.3654343565e-22
20  1.36583e-22

