1 20 101
101
1  0
1.03041055791  6.9389290514e-41
1.06174591785  1.40888748066e-40
1.09403420358  2.14562544012e-40
1.12730439408  2.90476801196e-40
1.16158634964  3.68699653295e-40
1.1969108386  4.49301305967e-40
1.23330956497  5.32354099866e-40
1.27081519692  6.17932575563e-40
1.30946139606  7.06113540451e-40
1.34928284767  7.96976137679e-40
1.39031529185  8.90601917182e-40
1.43259555555  9.87074908874e-40
1.47616158565  1.08648169807e-39
1.52105248304  1.18891150318e-39
1.56730853766  1.29445625581e-39
1.61497126471  1.40321068326e-39
1.66408344188  1.51527239352e-39
1.71468914776  1.6307419629e-39
1.76683380139  1.74972302632e-39
1.82056420303  1.87232237025e-39
1.87592857615  1.99865002864e-39
1.93297661076  2.12881938159e-39
1.99175950792  2.06377219018e-36
2.05233002578  1.32671336902e-34
2.11474252688  2.90901863786e-34
2.17905302696  4.53944269271e-34
2.24531924523  6.21944885271e-34
2.31360065617  7.95054493732e-34
2.3839585429  9.73428461966e-34
2.45645605223  1.15722688209e-33
2.53115825126  1.34661471472e-33
2.60813218585  1.54176193699e-33
2.68744694072  1.74284369517e-33
2.76917370155  1.9500404618e-33
2.85338581877  2.16353819771e-33
2.94015887345  2.38352851887e-33
3.02957074514  1.40642588862e-31
3.12170168173  5.70931353661e-31
3.21663437151  1.01430543986e-30
3.31445401734  1.47116277939e-30
3.41524841318  1.94191340549e-30
3.51910802283  2.42697982077e-30
3.62612606115  2.92679737637e-30
3.73639857773  3.44181466268e-30
3.85002454306  3.97249391201e-30
3.96710593738  4.51931141338e-30
4.08774784223  3.96176459553e-29
4.21205853471  8.91231435883e-29
4.34014958471  1.40134131024e-28
4.472135955  1.92696391047e-28
4.60813610445  2.46857098723e-28
4.74827209431  3.02664863736e-28
4.89266969782  3.60169774018e-28
5.041458513  7.19980535115e-28
5.19477207907  1.89249616515e-27
5.35274799621  3.10066864965e-27
5.51552804914  4.34558233346e-27
5.68325833429  5.62835453694e-27
5.85608939099  6.9501365588e-27
6.03417633655  1.06817850638e-26
6.21767900547  2.44645576626e-26
6.40676209294  3.87221353011e-26
6.6015953026  5.341329383e-26
6.80235349885  6.85512186861e-26
7.00921686386  9.13493070587e-26
7.22237105921  1.86959919162e-25
7.44200739256  2.89192415742e-25
7.66832298935  3.9453385958e-25
7.9015209697  5.03078795497e-25
8.14181063074  8.20923063963e-25
8.38940763443  1.2958371188e-24
8.64453420113  1.785193575e-24
8.90741930907  2.28943163406e-24
9.17829889981  3.40946232463e-24
9.45741609003  4.88481996869e-24
9.74502138973  6.40504406183e-24
10.041372927  8.16880840042e-24
10.34673668  1.10888294778e-23
10.661386715  1.4116137248e-23
10.9856054331  1.72503912564e-23
11.3196838233  2.07777695715e-23
11.6639217237  2.44429737689e-23
12.0186280908  2.79750269261e-23
12.3841212763  2.9291627473e-23
12.7607293136  3.0537107913e-23
13.1487902114  3.16171720422e-23
13.5486522576  3.23932243015e-23
13.9606743317  3.31972741043e-23
14.3852262269  3.41745201558e-23
14.8226889821  3.52026013769e-23
15.2734552238  3.73291881691e-23
15.7379295184  4.02334994857e-23
16.2165287354  4.30156471114e-23
16.7096824217  4.56198980292e-23
17.2178331866  4.74403297948e-23
17.7414370999  4.81309581203e-23
18.2809641002  4.76917655033e-23
18.8368984177  4.61479414631e-23
19.4097390079  4.43797436874e-23
20  4.2485e-23

