0.2 20 151
151
0.2  0
0.206235454919  3.93804312355e-35
0.212665314327  7.99886369892e-35
0.219295639229  1.21862895924e-34
0.22613267959  1.65042680129e-34
0.233182880236  2.09568692322e-34
0.240452886923  2.55482904224e-34
0.247949552606  3.02828596119e-34
0.255679943893  3.5165039765e-34
0.263651347711  4.01994329894e-34
0.271871278176  4.53907848737e-34
0.280347483669  5.07439889613e-34
0.289087954149  5.62640913626e-34
0.298100928677  6.19562955123e-34
0.307394903187  6.78259670738e-34
0.316978638492  7.38786389974e-34
0.326861168545  8.01200167355e-34
0.33705180895  8.65559836212e-34
0.34756016575  9.31926064138e-34
0.358396144475  1.00036141018e-33
0.369569959484  1.07093038379e-33
0.381092143593  1.14369950567e-33
0.392973557999  1.21873737044e-33
0.405225402524  1.29611471134e-33
0.417859226171  1.37590446683e-33
0.430886938006  1.45818184944e-33
0.444320818391  1.5430244166e-33
0.458173530554  1.63051214378e-33
0.472458132527  1.72072749985e-33
0.487188089458  1.81375552485e-33
0.502377286302  1.30438837675e-30
0.518040040906  9.27242293147e-30
0.534191117512  1.75722384864e-29
0.550845740668  2.61308196699e-29
0.568019609583  3.49562340891e-29
0.585728912925  4.40568008771e-29
0.60399034408  5.34410985347e-29
0.622821116889  6.31179730173e-29
0.642238981873  7.30965460728e-29
0.662262242965  8.33862238406e-29
0.682909774767  9.39967057175e-29
0.704201040337  1.04937993502e-28
0.72615610954  1.16220400819e-28
0.748795677965  1.27854562848e-28
0.772141086431  1.39851446341e-28
0.796214341107  1.52222359965e-28
0.821038134255  1.64978964959e-28
0.846635865618  1.78133286131e-28
0.87303166448  1.91697723186e-28
0.900250412412  2.0568506242e-28
0.928317766723  2.20108488769e-28
0.957260184645  2.34981598243e-28
0.987104948279  2.50318410735e-28
1.0178801903  1.13106047904e-26
1.0496149205  3.09292388861e-26
1.08233905309  5.11595285241e-26
1.11608343495  7.20205434572e-26
1.15087987467  9.35319479812e-26
1.18676117255  1.15714019471e-25
1.2237611515  1.38587667494e-25
1.26191468896  1.62174453523e-25
1.30125774973  1.86496611257e-25
1.34182741991  2.11577067581e-25
1.38366194184  2.37439464179e-25
1.42680075014  2.64108179817e-25
1.47128450892  2.91608353326e-25
1.51715515006  3.19965907296e-25
1.56445591277  3.49207572512e-25
1.61323138435  3.79360913155e-25
1.66352754221  4.10454352778e-25
1.71539179718  4.42517201107e-25
1.76887303828  4.75579681662e-25
1.82402167871  5.09672960253e-25
1.88088970345  5.44829174351e-25
1.93953071822  5.81081463391e-25
2  6.59700095637e-25
2.06235454919  1.31032114526e-24
2.12665314327  2.02374851071e-24
2.19295639229  2.75941859704e-24
2.2613267959  3.51802487167e-24
2.33182880236  4.30028242242e-24
2.40452886923  5.10692863163e-24
2.47949552606  5.93872387121e-24
2.55679943893  6.79645221938e-24
2.63651347711  7.68092219979e-24
2.71871278176  8.59296754365e-24
2.80347483669  9.53344797563e-24
2.89087954149  1.05032500243e-23
2.98100928677  1.15070717474e-23
3.07394903187  1.38471041937e-23
3.16978638492  1.66115901449e-23
3.26861168545  1.94622652337e-23
3.3705180895  2.24018166025e-23
3.4756016575  2.54330151715e-23
3.58396144475  2.85587182507e-23
3.69569959484  3.1781872233e-23
3.81092143593  3.51055153722e-23
3.92973557999  3.85327806461e-23
4.05225402524  4.20589822257e-23
4.17859226171  4.56841442167e-23
4.30886938006  4.94223288785e-23
4.44320818391  5.327705995e-23
4.58173530554  5.72519710306e-23
4.72458132527  6.13508090054e-23
4.87188089458  6.55774375773e-23
5.02377286302  6.97479233162e-23
5.18040040906  7.30926207049e-23
5.34191117512  7.65295698065e-23
5.50845740668  8.00736736141e-23
5.68019609583  8.37282729192e-23
5.85728912925  8.74968126704e-23
6.0399034408  9.11415533678e-23
6.22821116889  9.40206069129e-23
6.42238981873  9.69875207573e-23
6.62262242965  1.00046934889e-22
6.82909774767  1.03201733216e-22
7.04201040337  1.06265770199e-22
7.2615610954  1.08654338179e-22
7.48795677965  1.11113674497e-22
7.72141086431  1.13649686219e-22
7.96214341107  1.16257742108e-22
8.21038134255  1.18360313028e-22
8.46635865618  1.20409667401e-22
8.7303166448  1.22522915058e-22
9.00250412412  1.24665319157e-22
9.28317766723  1.26401454795e-22
9.57260184645  1.28158838412e-22
9.87104948279  1.29971012459e-22
10.178801903  1.31585786453e-22
10.496149205  1.33062086102e-22
10.8233905309  1.3458441275e-22
11.1608343495  1.35987737842e-22
11.5087987467  1.37246325067e-22
11.8676117255  1.38544151611e-22
12.237611515  1.39711122948e-22
12.6191468896  1.40816049392e-22
13.0125774973  1.41939992909e-22
13.4182741991  1.42930387013e-22
13.8366194184  1.43941945754e-22
14.2680075014  1.44850502373e-22
14.7128450892  1.45702811191e-22
15.1715515006  1.46517017759e-22
15.6445591277  1.47244976498e-22
16.1323138435  1.47959509326e-22
16.6352754221  1.48596258684e-22
17.1539179718  1.49219459952e-22
17.6887303828  1.49780478172e-22
18.2402167871  1.5031334622e-22
18.8088970345  1.50801842553e-22
19.3953071822  1.51240343184e-22
20  1.5166e-22

