0.5 20 151
151
0.5  0
0.512448710082  5.66874421277e-43
0.52520736093  1.1478625532e-42
0.538283669269  1.74331579076e-42
0.55168554395  2.35359427775e-42
0.565421090737  2.97906712466e-42
0.579498617203  3.62011263184e-42
0.59392663776  4.27711851835e-42
0.608713878807  4.95048215648e-42
0.623869284008  5.64061081202e-42
0.6394020197  6.34792189067e-42
0.655321480438  7.07284319043e-42
0.67163729468  7.81581316038e-42
0.688359330604  8.57728116584e-42
0.705497702082  9.35770776017e-42
0.723062774796  1.01575649633e-41
0.741065172505  1.09773365473e-41
0.759515783475  1.18175183289e-41
0.778425767058  1.26786184693e-41
0.797806560447  1.35611577818e-41
0.817669885593  1.44656700463e-41
0.83802775629  1.53927023326e-41
0.858892485448  1.63428153314e-41
0.880276692535  1.73165836926e-41
0.90219331121  1.83145963739e-41
0.924655597149  1.93374569962e-41
0.947677136058  2.03857842093e-41
0.971271851895  2.14602120654e-41
0.995454015286  3.47734866116e-36
1.02023825216  6.01128730892e-34
1.04563955259  1.35561339653e-33
1.07167327987  2.12888278389e-33
1.0983551798  2.92140458409e-33
1.1257013902  3.73365813254e-33
1.15372845069  4.56613469887e-33
1.18245331269  5.41933778404e-33
1.21189334964  6.29378342491e-33
1.24206636756  7.19000050632e-33
1.27299061578  8.10853108095e-33
1.30468479801  9.04993069724e-33
1.33716808361  1.00147687353e-32
1.37046011922  1.10036287514e-32
1.40458104063  1.20171088308e-32
1.43955148495  1.30558219496e-32
1.47539260312  1.41203963453e-32
1.51212607267  1.52114758971e-32
1.54977411084  1.63297205149e-32
1.58835948804  1.74758065387e-32
1.62790554158  1.86504271479e-32
1.66843618984  1.98542927799e-32
1.70997594668  2.10881315604e-32
1.75254993629  2.23526897434e-32
1.79618390842  2.36487321628e-32
1.84090425388  2.49770426948e-32
1.88673802057  2.63384247323e-32
1.93371292981  2.77337016704e-32
1.9818573931  2.91637174047e-32
2.03120052932  5.13458648384e-30
2.08177218234  1.34088825322e-29
2.13360293905  2.18891872059e-29
2.18672414789  3.05806295882e-29
2.24116793778  3.94884664633e-29
2.29696723759  4.86180854959e-29
2.35415579601  5.79750084894e-29
2.41276820199  6.75648947262e-29
2.47283990568  7.73935443899e-29
2.53440723981  8.7466902074e-29
2.59750744173  9.77910603767e-29
2.66217867588  1.08372263587e-28
2.72846005693  1.19216911459e-28
2.79639167337  1.30331563085e-28
2.86601461181  1.41722940864e-28
2.9373709818  1.53397934561e-28
3.01050394131  3.93643385459e-28
3.08545772284  1.88282834791e-27
3.16227766017  3.42824229818e-27
3.24101021575  5.01213306889e-27
3.32170300885  6.63545863361e-27
3.40440484432  8.29920081698e-27
3.48916574214  1.00043658885e-26
3.57603696765  1.17519851713e-26
3.66507106256  1.35431156657e-26
3.75632187674  1.53788406886e-26
3.84984460077  1.72602705286e-26
3.94569579937  1.91885431179e-26
4.04393344553  3.88561486357e-26
4.14461695564  8.14253380777e-26
4.2478072254  1.25054390515e-25
4.35356666667  1.69769693803e-25
4.46195924519  2.15598292784e-25
4.57305051927  2.6256790565e-25
4.68690767949  3.10706940702e-25
4.80359958925  3.60044513536e-25
4.92319682653  4.10610464651e-25
5.04577172647  5.86986424417e-25
5.1713984252  9.81948850739e-25
5.30015290463  1.38674482254e-24
5.43211303844  1.80161916973e-24
5.56735863914  2.22682281786e-24
5.70597150638  2.66261293987e-24
5.84803547643  3.10925311165e-24
5.99363647282  3.61793797111e-24
6.1428625584  5.15426226714e-24
6.29580398853  6.83207257927e-24
6.4525532657  8.55165603969e-24
6.6132051955  1.0314052692e-23
6.77785694388  1.21203284743e-23
6.94660809603  1.39715758637e-23
7.11956071652  1.69963386169e-23
7.29681941106  2.06124159857e-23
7.47849138981  2.4318524352e-23
7.66468653214  2.81169052556e-23
7.85551745316  3.20098560444e-23
8.0510995718  3.6200659891e-23
8.25155118063  4.10780684821e-23
8.45699351738  4.60769119642e-23
8.66755083831  5.12002137529e-23
8.88335049333  5.64510725388e-23
9.10452300303  6.17158283493e-23
9.33120213764  6.69780257838e-23
9.5635249979  7.23712383588e-23
9.80163209803  7.78987280133e-23
10.0456674507  8.34289704974e-23
10.295778654  8.85190392205e-23
10.5521169811  9.37322686797e-23
10.8148374712  9.90752941031e-23
11.0840990237  1.0430028626e-22
11.3600644943  1.09088839105e-22
11.6429007931  1.13996614562e-22
11.9327789861  1.19026049311e-22
12.2298743982  1.23576981016e-22
12.5343667197  1.2805941248e-22
12.8464401144  1.32653444924e-22
13.1662833315  1.36996366161e-22
13.4940898196  1.41101486811e-22
13.8300578436  1.45308814376e-22
14.1743906047  1.49307513626e-22
14.5272963631  1.53092780791e-22
14.8889885645  1.56972291343e-22
15.2596859686  1.6056509521e-22
15.6396127818  1.64079418232e-22
16.0289987924  1.67630604305e-22
16.4280795102  1.70853903103e-22
16.8370963082  1.74141580126e-22
17.2562965694  1.77252508586e-22
17.6859338356  1.8027242893e-22
18.1262679613  1.83261472412e-22
18.5775652707  1.8605455146e-22
19.0400987189  1.88878666746e-22
19.5141480567  1.91479847426e-22
20  1.94136e-22

