0.5 20 151
151
0.5  0
0.512448710082  3.86948234973e-40
0.52520736093  7.83530482734e-40
0.538283669269  1.18998660535e-39
0.55168554395  1.60656243682e-39
0.565421090737  2.03350993181e-39
0.579498617203  2.47108731796e-39
0.59392663776  2.91955925215e-39
0.608713878807  3.37919698052e-39
0.623869284008  3.85027850254e-39
0.6394020197  4.33308873914e-39
0.655321480438  4.82791970506e-39
0.67163729468  5.33507068545e-39
0.688359330604  5.85484841689e-39
0.705497702082  6.3875672729e-39
0.723062774796  6.93354945409e-39
0.741065172505  7.49312518306e-39
0.759515783475  8.06663290406e-39
0.778425767058  8.65441948776e-39
0.797806560447  9.256840441e-39
0.817669885593  9.87426012183e-39
0.83802775629  1.05070519599e-38
0.858892485448  1.11555986822e-38
0.880276692535  1.18202925447e-38
0.90219331121  1.25015355697e-38
0.924655597149  1.31997397884e-38
0.947677136058  1.3915327491e-38
0.971271851895  1.46487314812e-38
0.995454015286  1.36840297199e-34
1.02023825216  2.36530676732e-32
1.04563955259  5.33403291324e-32
1.07167327987  8.37667268136e-32
1.0983551798  1.14950663302e-31
1.1257013902  1.4691099936e-31
1.15372845069  1.79667065333e-31
1.18245331269  2.13238672843e-31
1.21189334964  2.47646126771e-31
1.24206636756  2.82910237537e-31
1.27299061578  3.19052333685e-31
1.30468479801  3.56094274786e-31
1.33716808361  3.94058464659e-31
1.37046011922  4.32967864918e-31
1.40458104063  4.72846008864e-31
1.43955148495  5.13717015715e-31
1.47539260312  5.55605605196e-31
1.51212607267  5.98537112489e-31
1.54977411084  6.42537503558e-31
1.58835948804  6.87633390851e-31
1.62790554158  7.33852049398e-31
1.66843618984  7.81221433305e-31
1.70997594668  8.29770192667e-31
1.75254993629  8.79527690889e-31
1.79618390842  9.30524022451e-31
1.84090425388  9.82790031106e-31
1.88673802057  1.03635732854e-30
1.93371292981  1.09125831348e-30
1.9818573931  1.14752619132e-30
2.03120052932  6.94623602335e-29
2.08177218234  1.80156692883e-28
2.13360293905  2.93607028842e-28
2.18672414789  4.09881985483e-28
2.24116793778  5.29051888574e-28
2.29696723759  6.51188814813e-28
2.35415579601  7.76366635423e-28
2.41276820199  9.04661060828e-28
2.47283990568  1.03614968645e-27
2.53440723981  1.17091203962e-27
2.59750744173  1.30902962773e-27
2.66217867588  1.45058598746e-27
2.72846005693  1.59566673536e-27
2.79639167337  1.74435961959e-27
2.86601461181  1.89675457304e-27
2.9373709818  2.05294376767e-27
3.01050394131  3.8310802109e-27
3.08545772284  1.44636365064e-26
3.16227766017  2.54966672404e-26
3.24101021575  3.68043919763e-26
3.32170300885  4.8393649886e-26
3.40440484432  6.02714504193e-26
3.48916574214  7.24449775432e-26
3.57603696765  8.49215940867e-26
3.66507106256  9.77088461945e-26
3.75632187674  1.10814467891e-25
3.84984460077  1.24246385757e-25
3.94569579937  1.38012723726e-25
4.04393344553  2.28368128292e-25
4.14461695564  4.17564324445e-25
4.2478072254  6.11471017787e-25
4.35356666667  8.10205487546e-25
4.46195924519  1.0138879329e-24
4.57305051927  1.22264154568e-24
4.68690767949  1.43659258486e-24
4.80359958925  1.65587045296e-24
4.92319682653  1.88060777428e-24
5.04577172647  2.43187589259e-24
5.1713984252  3.54879397685e-24
5.30015290463  4.69352043994e-24
5.43211303844  5.86674763875e-24
5.56735863914  7.06918516809e-24
5.70597150638  8.30156028981e-24
5.84803547643  9.56461837274e-24
5.99363647282  1.0925967962e-23
6.1428625584  1.36534894966e-23
6.29580398853  1.65844284754e-23
6.4525532657  1.95883402733e-23
6.6132051955  2.26670417254e-23
6.77785694388  2.58223949012e-23
6.94660809603  2.90563082307e-23
7.11956071652  3.29329121482e-23
7.29681941106  3.71633327006e-23
7.47849138981  4.14990798108e-23
7.66468653214  4.59427758386e-23
7.85551745316  5.04971084335e-23
8.0510995718  5.51034411351e-23
8.25155118063  5.96465565782e-23
8.45699351738  6.43027838753e-23
8.66755083831  6.90749392198e-23
8.88335049333  7.3965908921e-23
9.10452300303  7.86480459366e-23
9.33120213764  8.3068608679e-23
9.5635249979  8.75992320293e-23
9.80163209803  9.22426562128e-23
10.0456674507  9.68507656957e-23
10.295778654  1.00926945509e-22
10.5521169811  1.05100617953e-22
10.8148374712  1.09378204074e-22
11.0840990237  1.13530775692e-22
11.3600644943  1.17264312543e-22
11.6429007931  1.2109080483e-22
11.9327789861  1.25012121735e-22
12.2298743982  1.28525557434e-22
12.5343667197  1.31974237467e-22
12.8464401144  1.35508780736e-22
13.1662833315  1.38837502366e-22
13.4940898196  1.41971004586e-22
13.8300578436  1.45182522927e-22
14.1743906047  1.48227062694e-22
14.5272963631  1.51100774285e-22
14.8889885645  1.54046033881e-22
15.2596859686  1.56765983979e-22
15.6396127818  1.59422812183e-22
16.0289987924  1.62106016223e-22
16.4280795102  1.64529028321e-22
16.8370963082  1.66999898798e-22
17.2562965694  1.69330838472e-22
17.6859338356  1.71588582306e-22
18.1262679613  1.7382059023e-22
18.5775652707  1.75899265637e-22
19.0400987189  1.78000683205e-22
19.5141480567  1.79933469406e-22
20  1.81907e-22

