0.2 20 151
151
0.2  0
0.206235454919  5.80419007159e-39
0.212665314327  1.17893389708e-38
0.219295639229  1.79610885008e-38
0.22613267959  2.43252563606e-38
0.233182880236  3.08878416292e-38
0.240452886923  3.76550304209e-38
0.247949552606  4.46332017157e-38
0.255679943893  5.18289333732e-38
0.263651347711  5.92490083324e-38
0.271871278176  6.69004210061e-38
0.280347483669  7.47903838738e-38
0.289087954149  8.29263342804e-38
0.298100928677  9.13159414468e-38
0.307394903187  9.99671136996e-38
0.316978638492  1.08888005925e-37
0.326861168545  1.18087027258e-37
0.33705180895  1.27572849004e-37
0.34756016575  1.37354412819e-37
0.358396144475  1.47440939136e-37
0.369569959484  1.57841935853e-37
0.381092143593  1.68567207301e-37
0.392973557999  1.79626863482e-37
0.405225402524  1.91031329601e-37
0.417859226171  2.02791355891e-37
0.430886938006  2.14918027751e-37
0.444320818391  2.27422776189e-37
0.458173530554  2.40317388602e-37
0.472458132527  2.53614019888e-37
0.487188089458  2.67325203898e-37
0.502377286302  6.09831648482e-33
0.518040040906  4.34031643928e-32
0.534191117512  8.22613535992e-32
0.550845740668  1.22331035241e-31
0.568019609583  1.63649980349e-31
0.585728912925  2.06257137556e-31
0.60399034408  2.50192669802e-31
0.622821116889  2.95497992202e-31
0.642238981873  3.42215811078e-31
0.662262242965  3.90390164222e-31
0.682909774767  4.40066462402e-31
0.704201040337  4.91291532172e-31
0.72615610954  5.44113660007e-31
0.748795677965  5.98582637827e-31
0.772141086431  6.54749809925e-31
0.796214341107  7.12668121371e-31
0.821038134255  7.72392167916e-31
0.846635865618  8.33978247461e-31
0.87303166448  8.97484413119e-31
0.900250412412  9.62970527941e-31
0.928317766723  1.03049832135e-30
0.957260184645  1.10013144731e-30
0.987104948279  1.17193554437e-30
1.0178801903  5.8847239354e-28
1.0496149205  1.63078999247e-27
1.08233905309  2.7056042134e-27
1.11608343495  3.81392821243e-27
1.15087987467  4.95680673311e-27
1.18676117255  6.13531709126e-27
1.2237611515  7.35057019046e-27
1.26191468896  8.60371156923e-27
1.30125774973  9.89592248087e-27
1.34182741991  1.12284210069e-26
1.38366194184  1.26024632054e-26
1.42680075014  1.40193442949e-26
1.47128450892  1.54803998751e-26
1.51715515006  1.69870071863e-26
1.56445591277  1.85405864074e-26
1.61323138435  2.01426019945e-26
1.66352754221  2.17945640614e-26
1.71539179718  2.34980298033e-26
1.76887303828  2.52546049644e-26
1.82402167871  2.70659453517e-26
1.88088970345  2.89337583956e-26
1.93953071822  3.08598047596e-26
2  4.02919337292e-26
2.06235454919  1.52862450654e-25
2.12665314327  2.76620790264e-25
2.19295639229  4.0423757761e-25
2.2613267959  5.35833108579e-25
2.33182880236  6.71531429552e-25
2.40452886923  8.11460454339e-25
2.47949552606  9.55752084756e-25
2.55679943893  1.10454233496e-24
2.63651347711  1.25797145964e-24
2.71871278176  1.41618408628e-24
2.80347483669  1.57932935142e-24
2.89087954149  1.7475610413e-24
2.98100928677  1.92340699017e-24
3.07394903187  2.92179737624e-24
3.16978638492  4.17140241359e-24
3.26861168545  5.45996673031e-24
3.3705180895  6.78870497057e-24
3.4756016575  8.15886964781e-24
3.58396144475  9.57175232543e-24
3.69569959484  1.10286848343e-23
3.81092143593  1.2531040528e-23
3.92973557999  1.40802355777e-23
4.05225402524  1.6318275302e-23
4.17859226171  1.95142663037e-23
4.30886938006  2.28098995944e-23
4.44320818391  2.62082817492e-23
4.58173530554  2.97126161977e-23
4.72458132527  3.33262062435e-23
4.87188089458  3.70524581784e-23
5.02377286302  4.08958527093e-23
5.18040040906  4.48639984837e-23
5.34191117512  4.8955922195e-23
5.50845740668  5.31754209354e-23
5.68019609583  5.75264721466e-23
5.85728912925  6.20131772763e-23
6.0399034408  6.64386522403e-23
6.22821116889  7.0269200266e-23
6.42238981873  7.42175900961e-23
6.62262242965  7.82890799601e-23
6.82909774767  8.24875077815e-23
7.04201040337  8.66110493413e-23
7.2615610954  9.00242253138e-23
7.48795677965  9.35397880571e-23
7.72141086431  9.71649564653e-23
7.96214341107  1.00894316098e-22
8.21038134255  1.04001901323e-22
8.46635865618  1.07056990561e-22
8.7303166448  1.10207329156e-22
9.00250412412  1.13404762578e-22
9.28317766723  1.16043411178e-22
9.57260184645  1.18718558867e-22
9.87104948279  1.21477110369e-22
10.178801903  1.23965850203e-22
10.496149205  1.26267570184e-22
10.8233905309  1.28641051521e-22
11.1608343495  1.30854356724e-22
11.5087987467  1.32871506335e-22
11.8676117255  1.34951545173e-22
12.237611515  1.3683411084e-22
12.6191468896  1.38624656353e-22
13.0125774973  1.40443262366e-22
13.4182741991  1.42015245005e-22
13.8366194184  1.43618762231e-22
14.2680075014  1.4509243972e-22
14.7128450892  1.46499016172e-22
15.1715515006  1.47858180447e-22
15.6445591277  1.49102190506e-22
16.1323138435  1.50326899631e-22
16.6352754221  1.5142888845e-22
17.1539179718  1.52508592463e-22
17.6887303828  1.53483555488e-22
18.2402167871  1.5441660995e-22
18.8088970345  1.55282141287e-22
19.3953071822  1.56078597886e-22
20  1.56852e-22

