0.5 20 151
151
0.5  0
0.512448710082  1.58766366854e-41
0.52520736093  3.21485606652e-41
0.538283669269  4.88256135732e-41
0.55168554395  6.59178820746e-41
0.565421090737  8.34357039664e-41
0.579498617203  1.0138967443e-40
0.59392663776  1.1979065244e-40
0.608713878807  1.38649767331e-40
0.623869284008  1.5797842553e-40
0.6394020197  1.77788317453e-40
0.655321480438  1.98091424578e-40
0.67163729468  2.18900026692e-40
0.688359330604  2.40226709316e-40
0.705497702082  2.62084371318e-40
0.723062774796  2.84486232715e-40
0.741065172505  3.07445842667e-40
0.759515783475  3.30977087675e-40
0.778425767058  3.55094199978e-40
0.797806560447  3.79811766158e-40
0.817669885593  4.05144735969e-40
0.83802775629  4.31108431373e-40
0.858892485448  4.57718555811e-40
0.880276692535  4.84991203698e-40
0.90219331121  5.12942870158e-40
0.924655597149  5.41590461002e-40
0.947677136058  5.70951302952e-40
0.971271851895  6.01043154121e-40
0.995454015286  2.74407719761e-35
1.02023825216  4.74360407187e-33
1.04563955259  1.06973640613e-32
1.07167327987  1.67993573148e-32
1.0983551798  2.30532744582e-32
1.1257013902  2.94628980043e-32
1.15372845069  3.6032104641e-32
1.18245331269  4.27648675755e-32
1.21189334964  4.96652589376e-32
1.24206636756  5.67374522427e-32
1.27299061578  6.39857249161e-32
1.30468479801  7.14144608797e-32
1.33716808361  7.90281532038e-32
1.37046011922  8.68314068248e-32
1.40458104063  9.48289413298e-32
1.43955148495  1.03025593812e-31
1.47539260312  1.11426321794e-31
1.51212607267  1.20036206231e-31
1.54977411084  1.28860454578e-31
1.58835948804  1.37904403945e-31
1.62790554158  1.47173524318e-31
1.66843618984  1.56673421876e-31
1.70997594668  1.66409842375e-31
1.75254993629  1.76388674626e-31
1.79618390842  1.86615954056e-31
1.84090425388  1.97097866359e-31
1.88673802057  2.07840751237e-31
1.93371292981  2.18851106234e-31
1.9818573931  2.30135590665e-31
2.03120052932  2.2934352202e-29
2.08177218234  5.97277893045e-29
2.13360293905  9.74372880698e-29
2.18672414789  1.3608565607e-28
2.24116793778  1.75696268727e-28
2.29696723759  2.1629308345e-28
2.35415579601  2.57900654127e-28
2.41276820199  3.00544145973e-28
2.47283990568  3.44249350753e-28
2.53440723981  3.8904270238e-28
2.59750744173  4.34951292902e-28
2.66217867588  4.82002888892e-28
2.72846005693  5.30225948237e-28
2.79639167337  5.79649637352e-28
2.86601461181  6.30303848821e-28
2.9373709818  6.82219219476e-28
3.01050394131  1.44362955173e-27
3.08545772284  6.08008037544e-27
3.16227766017  1.08913833404e-26
3.24101021575  1.58224753368e-26
3.32170300885  2.08763388025e-26
3.40440484432  2.60560304304e-26
3.48916574214  3.13646830171e-26
3.57603696765  3.68055073577e-26
3.66507106256  4.2381794188e-26
3.75632187674  4.80969161745e-26
3.84984460077  5.39543299543e-26
3.94569579937  5.99575782261e-26
4.04393344553  1.07833023355e-25
4.14461695564  2.09756078364e-25
4.2478072254  3.14216754498e-25
4.35356666667  4.21278231977e-25
4.46195924519  5.31005264044e-25
4.57305051927  6.43464216131e-25
4.68690767949  7.58723106e-25
4.80359958925  8.76851644878e-25
4.92319682653  9.97921279622e-25
5.04577172647  1.34894734661e-24
5.1713984252  2.09899401377e-24
5.30015290463  2.86771490795e-24
5.43211303844  3.65557496921e-24
5.56735863914  4.46305071345e-24
5.70597150638  5.29063052057e-24
5.84803547643  6.13881492987e-24
5.99363647282  7.07586808966e-24
6.1428625584  9.3865972931e-24
6.29580398853  1.18922046252e-23
6.4525532657  1.44601951159e-23
6.6132051955  1.70921219447e-23
6.77785694388  1.97895769617e-23
6.94660809603  2.25541916496e-23
7.11956071652  2.63713490138e-23
7.29681941106  3.0733774116e-23
7.47849138981  3.52048123488e-23
7.66468653214  3.97871678991e-23
7.85551745316  4.44836122809e-23
8.0510995718  4.93542175322e-23
8.25155118063  5.45119376531e-23
8.45699351738  5.97980716989e-23
8.66755083831  6.52158168452e-23
8.88335049333  7.07684498687e-23
9.10452300303  7.61802746613e-23
9.33120213764  8.14076564475e-23
9.5635249979  8.67651865543e-23
9.80163209803  9.22561053393e-23
10.0456674507  9.77231155258e-23
10.295778654  1.02638043447e-22
10.5521169811  1.07671090132e-22
10.8148374712  1.12829446696e-22
11.0840990237  1.17854399971e-22
11.3600644943  1.2241362551e-22
11.6429007931  1.27086364003e-22
11.9327789861  1.31874915227e-22
12.2298743982  1.36184932126e-22
12.5343667197  1.40422247271e-22
12.8464401144  1.44765060632e-22
13.1662833315  1.48863145612e-22
13.4940898196  1.52729295333e-22
13.8300578436  1.56691702208e-22
14.1743906047  1.6045228778e-22
14.5272963631  1.64006401673e-22
14.8889885645  1.67649003833e-22
15.2596859686  1.71016659546e-22
15.6396127818  1.74307965529e-22
16.0289987924  1.77632921563e-22
16.4280795102  1.80643592883e-22
16.8370963082  1.83714081986e-22
17.2562965694  1.86615742529e-22
17.6859338356  1.89429866623e-22
18.1262679613  1.92212661973e-22
18.5775652707  1.94806267611e-22
19.0400987189  1.97429462889e-22
19.5141480567  1.99851527757e-22
20  2.02325e-22

