0.1617491 20 151
151
0.1617491  0
0.167028197218  5.440682096e-25
0.172479591329  1.10589348228e-24
0.178108905685  1.68605536539e-24
0.18392194717  2.28515232129e-24
0.18992471219  2.9038023447e-24
0.196123392861  3.5426436002e-24
0.202524383392  4.20233522435e-24
0.209134286686  4.88355780673e-24
0.215959921147  5.58701383734e-24
0.223008327715  6.31342896183e-24
0.230286777131  7.0635525092e-24
0.237802777433  7.83815826471e-24
0.245564081704  8.63804526807e-24
0.253578696069  9.46403863775e-24
0.261854887955  1.0316990422e-23
0.270401194614  1.1197780478e-23
0.279226431936  1.21073173791e-23
0.28833970354  1.30465393525e-23
0.297750410163  1.40164152468e-23
0.307468259362  1.50179455313e-23
0.317503275523  1.60521633283e-23
0.327865810204  1.71201354789e-23
0.338566552814  1.82229636429e-23
0.349616541636  1.93617854359e-23
0.361027175217  2.05377756023e-23
0.372810224125  2.17521472276e-23
0.384977843091  2.30061529891e-23
0.397542583546  2.43004306648e-23
0.41051740657  2.5503322448e-23
0.423915696259  2.67122333789e-23
0.437751273537  2.79606002222e-23
0.452038410406  2.92497107229e-23
0.466791844674  3.05808946551e-23
0.482026795152  3.19555251931e-23
0.49775897736  3.33750203285e-23
0.514004619731  3.48408443326e-23
0.530780480357  3.6354509267e-23
0.548103864271  3.79175765433e-23
0.565992641302  3.95316585338e-23
0.584465264506  4.11984202348e-23
0.603540789202  4.27917415523e-23
0.623238892629  4.38816238393e-23
0.643579894242  4.50033415949e-23
0.664584776675  4.61616694898e-23
0.686275207382  4.73578023899e-23
0.708673560991  4.85929741587e-23
0.731802942386  4.98684589298e-23
0.755687210533  5.11855724215e-23
0.780351003102  5.25456732942e-23
0.805819761873  5.38263171587e-23
0.832119758984  5.47199335037e-23
0.859278124035  5.56421609691e-23
0.887322872066  5.65944876959e-23
0.916282932463  5.75778960508e-23
0.946188178794  5.85934004626e-23
0.97706945963  5.96420484685e-23
1.00895863036  6.05829624421e-23
1.04188858607  6.11793667489e-23
1.07589329544  6.17952362416e-23
1.11100783581  6.24312062167e-23
1.14726842938  6.3087932705e-23
1.18471248052  6.37660931485e-23
1.22337861443  6.44663870995e-23
1.2633067169  6.51895369418e-23
1.30453797552  6.59362886361e-23
1.34711492215  6.67074124895e-23
1.39108147675  6.75037039499e-23
1.43648299276  6.83259844268e-23
1.48336630383  6.91751021386e-23
1.53177977214  6.98301508558e-23
1.58177333831  7.03867082306e-23
1.63339857288  7.09614302845e-23
1.68670872955  7.15549098684e-23
1.74175880006  7.21677591824e-23
1.79860557099  7.28006104075e-23
1.85730768226  7.34541163574e-23
1.91792568766  7.41289511519e-23
1.98052211733  7.48258109129e-23
2.04516154221  7.54385198208e-23
2.1119106407  7.60236183886e-23
2.18083826742  7.66278131504e-23
2.25201552423  7.72517273598e-23
2.32551583359  7.78960046116e-23
2.40141501428  7.85613095057e-23
2.47979135962  7.92483278169e-23
2.56072571825  7.98307765193e-23
2.64430157749  8.03885935628e-23
2.73060514951  8.09646163978e-23
2.8197254602  8.15594392171e-23
2.91175444109  8.21736756065e-23
3.00678702407  8.2781611819e-23
3.10492123943  8.31879540472e-23
3.20625831689  8.35987198372e-23
3.31090279009  8.40228920235e-23
3.41896260438  8.44609081583e-23
3.53054922818  8.48747207151e-23
3.64577776798  8.51965793771e-23
3.76476708706  8.55289427229e-23
3.88763992811  8.58721536e-23
4.01452303985  8.62076744649e-23
4.14554730774  8.64319924158e-23
4.28084788906  8.66606666343e-23
4.42056435228  8.68968042231e-23
4.56484082103  8.71417601401e-23
4.71382612282  8.73961167864e-23
4.8676739425  8.76587750151e-23
5.02654298082  8.81013564268e-23
5.19059711815  8.93815292196e-23
5.36000558351  9.07119650497e-23
5.53494312914  9.18076088097e-23
5.71559021079  9.1818117791e-23
5.9021331738  9.18239304697e-23
6.09476444542  9.18147440148e-23
6.29368273323  9.17890596855e-23
6.49909323014  9.17607369354e-23
6.71120782607  9.17057656127e-23
6.9302453265  9.16470109936e-23
7.15643167821  9.15711523793e-23
7.39000020231  9.14858251261e-23
7.63119183495  9.13892380063e-23
7.88025537585  9.12821606088e-23
8.13744774495  9.11772100783e-23
8.40303424743  9.10738916171e-23
8.6772888474  9.0971009257e-23
8.96049445047  9.08673137771e-23
9.25294319561  9.07844038102e-23
9.5549367565  9.07024412218e-23
9.8667866527  9.06143434277e-23
10.188814571  9.05235996782e-23
10.5213526974  9.04300799809e-23
10.8647440594  9.03335080282e-23
11.2193428802  9.02146487289e-23
11.5855149442  9.00797253085e-23
11.9636379736  8.99389172299e-23
12.3541020191  8.97431148215e-23
12.7573098614  8.9533728989e-23
13.1736774269  8.92953046532e-23
13.6036342171  8.90170581164e-23
14.0476237512  8.87235167257e-23
14.5061040237  8.83784768894e-23
14.9795479773  8.80198733706e-23
15.46844399  8.7626105417e-23
15.9732963795  8.72166007162e-23
16.4946259231  8.67830606904e-23
17.0329703949  8.63342764227e-23
17.588885121  8.58714354702e-23
18.1629435517  8.53966251973e-23
18.7557378533  8.49144226006e-23
19.3678795191  8.44243878149e-23
20  8.392378e-23

