0.5 20 151
151
0.5  0
0.512448710082  2.43558763786e-39
0.52520736093  4.9318151245e-39
0.538283669269  7.49019223569e-39
0.55168554395  1.01122663368e-38
0.565421090737  1.27996233184e-38
0.579498617203  1.5553888556e-38
0.59392663776  1.83767278924e-38
0.608713878807  2.12698486459e-38
0.623869284008  2.42350006423e-38
0.6394020197  2.72739772739e-38
0.655321480438  3.03886165835e-38
0.67163729468  3.35808023767e-38
0.688359330604  3.68524653608e-38
0.705497702082  4.02055843128e-38
0.723062774796  4.36421872763e-38
0.741065172505  4.71643527877e-38
0.759515783475  5.07742111337e-38
0.778425767058  5.44739456397e-38
0.797806560447  5.82657939901e-38
0.817669885593  6.21520495822e-38
0.83802775629  6.61350629126e-38
0.858892485448  7.02172429994e-38
0.880276692535  7.4401058839e-38
0.90219331121  7.86890408995e-38
0.924655597149  8.3083782651e-38
0.947677136058  8.75879421344e-38
0.971271851895  9.2204243569e-38
0.995454015286  3.9395097579e-34
1.02023825216  6.80860285242e-32
1.04563955259  1.53541588979e-31
1.07167327987  2.41124772427e-31
1.0983551798  3.30888551194e-31
1.1257013902  4.22887216476e-31
1.15372845069  5.17176411182e-31
1.18245331269  6.13813163585e-31
1.21189334964  7.12855921817e-31
1.24206636756  8.14364589214e-31
1.27299061578  9.18400560554e-31
1.30468479801  1.02502675918e-30
1.33716808361  1.13430767508e-30
1.37046011922  1.24630940386e-30
1.40458104063  1.36109968674e-30
1.43955148495  1.47874795152e-30
1.47539260312  1.59932535458e-30
1.51212607267  1.72290482391e-30
1.54977411084  1.84956110321e-30
1.58835948804  1.97937079711e-30
1.62790554158  2.11241241751e-30
1.66843618984  2.24876643102e-30
1.70997594668  2.3885153077e-30
1.75254993629  2.53174357088e-30
1.79618390842  2.67853784831e-30
1.84090425388  2.82898692454e-30
1.88673802057  2.98318179464e-30
1.93371292981  3.1412157192e-30
1.9818573931  3.30318428078e-30
2.03120052932  1.43846343632e-28
2.08177218234  3.71548032228e-28
2.13360293905  6.04918905438e-28
2.18672414789  8.44100111332e-28
2.24116793778  1.08923631221e-27
2.29696723759  1.34047577207e-27
2.35415579601  1.59797044633e-27
2.41276820199  1.86187607368e-27
2.47283990568  2.13235227032e-27
2.53440723981  2.40956262647e-27
2.59750744173  2.69367480534e-27
2.66217867588  2.98486064449e-27
2.72846005693  3.28329625983e-27
2.79639167337  3.58916215208e-27
2.86601461181  3.90264331596e-27
2.9373709818  4.22392935209e-27
3.01050394131  7.23935837464e-27
3.08545772284  2.49556180819e-26
3.16227766017  4.33383279499e-26
3.24101021575  6.21787198691e-26
3.32170300885  8.14881889421e-26
3.40440484432  1.0127841398e-25
3.48916574214  1.21561364565e-25
3.57603696765  1.42349308294e-25
3.66507106256  1.63654818191e-25
3.75632187674  1.85490780321e-25
3.84984460077  2.07870401574e-25
3.94569579937  2.30807217661e-25
4.04393344553  3.61323439583e-25
4.14461695564  6.30650620928e-25
4.2478072254  9.06683354269e-25
4.35356666667  1.18958859055e-24
4.46195924519  1.47953743737e-24
4.57305051927  1.77670526245e-24
4.68690767949  2.08127179973e-24
4.80359958925  2.39342125806e-24
4.92319682653  2.71334243261e-24
5.04577172647  3.42130908834e-24
5.1713984252  4.80054074461e-24
5.30015290463  6.21411171093e-24
5.43211303844  7.66287694753e-24
5.56735863914  9.14771270095e-24
5.70597150638  1.0669517034e-23
5.84803547643  1.22292103689e-23
5.99363647282  1.38916302164e-23
6.1428625584  1.68689126346e-23
6.29580398853  2.0049849675e-23
6.4525532657  2.33099838414e-23
6.6132051955  2.6651286938e-23
6.77785694388  3.00757798617e-23
6.94660809603  3.35855338245e-23
7.11956071652  3.75382463729e-23
7.29681941106  4.17521127358e-23
7.47849138981  4.60708934999e-23
7.66468653214  5.04972007634e-23
7.85551745316  5.50337116586e-23
8.0510995718  5.95743217517e-23
8.25155118063  6.39125536009e-23
8.45699351738  6.83587962312e-23
8.66755083831  7.29157388325e-23
8.88335049333  7.75861375483e-23
9.10452300303  8.20200635056e-23
9.33120213764  8.61609019291e-23
9.5635249979  9.04048365466e-23
9.80163209803  9.47544341875e-23
10.0456674507  9.90703562004e-23
10.295778654  1.02885441331e-22
10.5521169811  1.06791755463e-22
10.8148374712  1.1079532674e-22
11.0840990237  1.14684973502e-22
11.3600644943  1.18189459013e-22
11.6429007931  1.21781197171e-22
11.9327789861  1.25461938617e-22
12.2298743982  1.28755427114e-22
12.5343667197  1.31986699629e-22
12.8464401144  1.35298422494e-22
13.1662833315  1.38413242717e-22
13.4940898196  1.41341210269e-22
13.8300578436  1.44342076659e-22
14.1743906047  1.47182403955e-22
14.5272963631  1.49858488322e-22
14.8889885645  1.52601200285e-22
15.2596859686  1.55131478168e-22
15.6396127818  1.57601762307e-22
16.0289987924  1.60096326253e-22
16.4280795102  1.62346954132e-22
16.8370963082  1.64641947386e-22
17.2562965694  1.66805189479e-22
17.6859338356  1.68899241515e-22
18.1262679613  1.70968785391e-22
18.5775652707  1.7289447101e-22
19.0400987189  1.74841009618e-22
19.5141480567  1.76629682545e-22
20  1.78456e-22

