1 20 101
101
1  0
1.03041055791  2.28056376416e-36
1.06174591785  4.63048074474e-36
1.09403420358  7.05186001174e-36
1.12730439408  9.54687477317e-36
1.16158634964  1.21177643255e-35
1.1969108386  1.47668360634e-35
1.23330956497  1.74964675509e-35
1.27081519692  2.03091086547e-35
1.30946139606  2.32072837437e-35
1.34928284767  2.61935939542e-35
1.39031529185  2.92707195242e-35
1.43259555555  3.24414221995e-35
1.47616158565  3.57085477122e-35
1.52105248304  3.90750283345e-35
1.56730853766  4.25438855107e-35
1.61497126471  4.6118232569e-35
1.66408344188  4.98012775154e-35
1.71468914776  5.35963259135e-35
1.76683380139  5.75067838507e-35
1.82056420303  6.15361609954e-35
1.87592857615  6.56880737472e-35
1.93297661076  6.99662484821e-35
1.99175950792  2.20799702233e-33
2.05233002578  1.37388718887e-31
2.11474252688  3.01158810184e-31
2.17905302696  4.69909241327e-31
2.24531924523  6.43791467228e-31
2.31360065617  8.2296154863e-31
2.3839585429  1.00758029217e-30
2.45645605223  1.1978133947e-30
2.53115825126  1.39383159201e-30
2.60813218585  1.59581081206e-30
2.68744694072  1.80393233288e-30
2.76917370155  2.01838294527e-30
2.85338581877  2.23935512041e-30
2.94015887345  2.46704718269e-30
3.02957074514  2.80326715507e-29
3.12170168173  1.07195988106e-28
3.21663437151  1.88766705283e-28
3.31445401734  2.7281803348e-28
3.41524841318  3.59425409459e-28
3.51910802283  4.48666564062e-28
3.62612606115  5.40621591965e-28
3.73639857773  6.35373023569e-28
3.85002454306  7.33005899071e-28
3.96710593738  8.33607844787e-28
4.08774784223  3.93784874203e-27
4.21205853471  8.2955262545e-27
4.34014958471  1.27857231713e-26
4.472135955  1.74124694815e-26
4.60813610445  2.21799177283e-26
4.74827209431  2.70923467361e-26
4.89266969782  3.21541654508e-26
5.041458513  5.44999804514e-26
5.19477207907  1.23221314631e-25
5.35274799621  1.94032502923e-25
5.51552804914  2.66997098957e-25
5.68325833429  3.42180589064e-25
5.85608939099  4.19650451052e-25
6.03417633655  5.77877360889e-25
6.21767900547  1.0697054706e-24
6.40676209294  1.57833197982e-24
6.6015953026  2.10242610495e-24
6.80235349885  2.64245822483e-24
7.00921686386  3.31481834751e-24
7.22237105921  5.16862829397e-24
7.44200739256  7.13860806598e-24
7.66832298935  9.16849602194e-24
7.9015209697  1.12601140031e-23
8.14181063074  1.46618008102e-23
8.38940763443  1.9058851239e-23
8.64453420113  2.35896184245e-23
8.90741930907  2.82581687679e-23
9.17829889981  3.40471432044e-23
9.45741609003  4.05356688785e-23
9.74502138973  4.72215142385e-23
10.041372927  5.41362299488e-23
10.34673668  6.14040068763e-23
10.661386715  6.88951949096e-23
10.9856054331  7.65855242582e-23
11.3196838233  8.39360773878e-23
11.6639217237  9.14513071114e-23
12.0186280908  9.91075378e-23
12.3841212763  1.06165295464e-22
12.7607293136  1.13397902176e-22
13.1487902114  1.20474076775e-22
13.5486522576  1.27141776395e-22
13.9606743317  1.33988361425e-22
14.3852262269  1.40235289431e-22
14.8226889821  1.4655750117e-22
15.2734552238  1.52555144522e-22
15.7379295184  1.5838987061e-22
16.2165287354  1.64059702044e-22
16.7096824217  1.69475022672e-22
17.2178331866  1.74765525917e-22
17.7414370999  1.79819350888e-22
18.2809641002  1.84711904739e-22
18.8368984177  1.89454580401e-22
19.4097390079  1.93955509331e-22
20  1.98435e-22

