4 20 101
101
4  0
4.06489836507  8.09146325847e-44
4.13084967959  1.63142072011e-43
4.19787102722  2.46703618032e-43
4.26597976883  3.31620915984e-43
4.33519354694  4.17915962386e-43
4.4055302903  5.05611110645e-43
4.47700821858  5.9472907684e-43
4.54964584702  6.85292945611e-43
4.6234619913  7.77326176137e-43
4.69847577235  8.70852608211e-43
4.77470662134  9.65896468418e-43
4.85217428469  1.06248237641e-42
4.93089882922  1.16063535128e-42
5.0109006473  1.15066975776e-40
5.09220046219  8.73653391192e-40
5.17481933334  1.65539837235e-39
5.2587786619  2.44982684631e-39
5.34410019626  3.25714459755e-39
5.43080603763  4.07756074933e-39
5.51891864584  4.91128781783e-39
5.60846084511  5.75854176725e-39
5.69945582996  6.6195420657e-39
5.79192717125  7.49451174208e-39
5.88589882225  8.38367744382e-39
5.98139512488  1.21821461314e-38
6.07844081599  6.49884464059e-37
6.17706103378  1.45505805748e-36
6.27728132428  2.27329526336e-36
6.37912764804  3.10480803346e-36
6.48262638677  3.9498117584e-36
6.58780435024  4.80852532338e-36
6.69468878317  5.68117116498e-36
6.80330737234  6.56797532868e-36
6.91368825372  7.46916752746e-36
7.02586001978  5.13185394321e-35
7.13985172691  2.40837637039e-34
7.25569290288  4.33556363467e-34
7.3734135546  6.29401872461e-34
7.49304417576  8.28424894789e-34
7.61461575486  1.03067698431e-33
7.73815978314  1.23621053131e-33
7.86370826279  1.44507877611e-33
7.9912937152  2.22555419286e-33
8.12094918942  1.74564366856e-32
8.25270827072  3.46518110665e-32
8.38660508926  5.21261733684e-32
8.52267432896  6.98840500564e-32
8.66095123645  8.79300410353e-32
8.80147163025  1.06268820842e-31
8.94427191  1.24905139855e-31
9.08938906592  5.80805810612e-31
9.23686068839  1.32093963381e-30
9.38672497765  2.07308182578e-30
9.53902075375  2.83742721738e-30
9.69378746657  3.61417380055e-30
9.85106520605  4.40352277955e-30
10.0108947126  6.3127739629e-30
10.1733173875  1.77038254938e-29
10.3383753039  2.96584438472e-29
10.5061112176  4.18070209971e-29
10.6765685779  5.41527038457e-29
10.8497915392  6.66986903525e-29
11.0258249723  1.00108501297e-28
11.2047144759  2.44022386499e-28
11.3865063885  3.91829608153e-28
11.5712478006  5.42034941565e-28
11.7589865666  6.94677295118e-28
11.9497713174  8.49796208467e-28
12.1436514728  2.02429866494e-27
12.3406772544  3.57917983257e-27
12.5408996988  5.15928831162e-27
12.7443706706  6.76503340489e-27
12.9511428756  8.40087731715e-27
13.1612698752  1.7906081922e-26
13.3748060995  2.99866802747e-26
13.5918068618  4.22632813979e-26
13.8123283727  5.47390653565e-26
14.036427755  7.87796913229e-26
14.2641630582  1.58552757092e-25
14.4955932736  2.40201013079e-25
14.7307783496  3.23173978647e-25
14.9697792074  4.11668813358e-25
15.2126577564  7.18358638221e-25
15.4594769106  1.06678706771e-24
15.7103006046  1.42086860605e-24
15.9651938106  1.789929815e-24
16.2242225547  2.72510133201e-24
16.4874539343  3.77612631977e-24
16.7549561354  4.84420375837e-24
17.0267984504  6.04957136155e-24
17.3030512959  8.12070555629e-24
17.5837862308  1.02495719077e-23
17.8690759753  1.24129782455e-23
18.1589944294  1.51382986991e-23
18.4536166918  1.8348679644e-23
18.75301908  2.16111477076e-23
19.0572791496  2.50519205215e-23
19.3664757145  2.90789711678e-23
19.6806888673  3.31743625582e-23
20  3.73362e-23

