2 20 101
101
2  0
2.04658598456  2.39804616549e-43
2.0942570961  4.85195000181e-43
2.14303861048  7.36301260124e-43
2.19295639229  9.93256536242e-43
2.2440369086  1.25619706962e-42
2.29630724299  1.52526227482e-42
2.34979510988  1.80059481376e-42
2.40452886923  2.08234067141e-42
2.46053754162  2.37064923314e-42
2.51785082359  2.66567336398e-42
2.57649910339  2.96756948962e-42
2.63651347711  3.27649767938e-42
2.69792576518  3.59262173108e-42
2.76076852921  3.91610925788e-42
2.82507508925  4.24713177715e-42
2.89087954149  4.5858648014e-42
2.95821677634  4.93248793137e-42
3.02712249687  1.81431777385e-38
3.09763323782  6.52968727915e-38
3.16978638492  1.13548918499e-37
3.24362019472  1.62924898736e-37
3.31917381488  2.13450993298e-37
3.39648730492  2.65153991791e-37
3.4756016575  3.18061307829e-37
3.55655882008  3.72200993572e-37
3.63940171722  4.27601754596e-37
3.72417427333  4.84292965119e-37
3.81092143593  5.42304683571e-37
3.89968919952  6.01667668533e-37
3.99052462994  4.70391589584e-36
4.08347588934  1.62440119331e-34
4.17859226171  3.46770060895e-34
4.275924179  5.35393598365e-34
4.3755232479  7.28410742438e-34
4.47744227714  9.25923833357e-34
4.58173530554  1.12803759518e-33
4.68845763064  1.33485919129e-33
4.79766583804  1.54649828125e-33
4.90941783137  1.7630670789e-33
5.02377286302  1.78028052367e-32
5.14079156554  9.47936590037e-32
5.26053598379  1.73767664175e-31
5.38306960785  2.54581210239e-31
5.50845740668  3.37277145607e-31
5.63676586253  4.2189931676e-31
5.76806300625  5.08492591492e-31
5.90241845333  5.97102882704e-31
6.0399034408  2.48009682388e-30
6.18059086503  8.89205842903e-30
6.32455532034  1.54533738063e-29
6.47187313859  2.21675218521e-29
6.62262242965  2.90380624965e-29
6.77688312278  3.6068638591e-29
6.93473700905  4.32629778403e-29
7.09626778467  1.46884656492e-28
7.2615610954  3.19697589691e-28
7.43070458194  4.96535853208e-28
7.60378792641  6.77493209032e-28
7.78090289989  8.62665603149e-28
7.96214341107  1.05753065514e-27
8.14760555608  3.09560384065e-27
8.33738766941  5.67206113947e-27
8.53159037603  8.30853183826e-27
8.7303166448  1.10064138287e-26
8.93367184302  1.37671375635e-26
9.1417637923  4.32979886703e-26
9.35470282574  8.63028151627e-26
9.57260184645  1.30309352747e-25
9.79557638737  1.75340934271e-25
10.0237446725  2.51446738388e-25
10.2572276798  5.34881975777e-25
10.496149205  8.30488588477e-25
10.7406359274  1.13298076373e-24
10.9908174772  1.48129591111e-24
11.2468265038  2.5639256776e-24
11.5087987467  3.74208584856e-24
11.7768731071  4.94768889529e-24
12.0511917215  6.45012694427e-24
12.3319000372  9.1409257609e-24
12.6191468896  1.19015544354e-23
12.9130845807  1.47264864124e-23
13.2138689602  1.8301568314e-23
13.5216595078  2.22445191252e-23
13.8366194184  2.62793130591e-23
14.1589156877  3.05590752119e-23
14.4887192015  3.50973694442e-23
14.826204826  3.97413741289e-23
15.1715515006  4.43904679977e-23
15.5249423326  4.90409888634e-23
15.8865646945  5.37998342757e-23
16.2566103233  5.83817851497e-23
16.6352754221  6.29403032881e-23
17.022760764  6.75602343012e-23
17.4192717991  7.1880522485e-23
17.8250187627  7.6283286844e-23
18.2402167871  8.05244095324e-23
18.6650860159  8.46673901078e-23
19.0998517204  8.88094636886e-23
19.5447444191  9.27155167029e-23
20  9.671221e-23

