0.5 20000 301
301
0.5  0
0.51797667599  1.24072135661e-39
0.536599673739  2.52605080487e-39
0.555892230681  3.85759215519e-39
0.575878419714  5.23700688036e-39
0.596583179235  6.66601618866e-39
0.618032344264  8.14640317161e-39
0.640252678672  9.68001502883e-39
0.663271908584  1.12687653729e-38
0.687118756972  1.29146366174e-38
0.711822979493  1.461968245e-38
0.737415401622  1.63860303956e-38
0.763927957112  1.82158844705e-38
0.791393727841  2.01115279332e-38
0.819846985093  2.20753261324e-38
0.849323232317  2.41097294595e-38
0.879859249433  2.62172764055e-38
0.911493138721  2.84005967287e-38
0.944264372364  3.06624147359e-38
0.978213841706  3.30055526821e-38
1.01338390827  1.300514184e-32
1.04981845661  4.84084935572e-32
1.0875629491  8.508471444e-32
1.12666448261  1.23079568402e-31
1.16717184731  1.62440464721e-31
1.20913558756  2.032165172e-31
1.25260806493  2.45458605446e-31
1.29764352358  2.89219438359e-31
1.34429815793  3.34553619901e-31
1.39263018277  3.81517717229e-31
1.44269990591  4.30170331278e-31
1.49456980343  4.80572169885e-31
1.54830459763  5.32786123535e-31
1.6039713378  5.8687734384e-31
1.66163948387  6.42913324827e-31
1.7213809931  7.00963987162e-31
1.78327040983  7.61101765393e-31
1.84738495855  8.23401698331e-31
1.91380464021  8.87941522687e-31
1.98261233206  9.54801770065e-31
2.05389389107  4.34787728008e-29
2.12773826107  1.0172114771e-28
2.20423758369  1.62057531223e-28
2.28348731338  2.24563209971e-28
2.3655863365  2.89316177388e-28
2.4506370947  3.56397231033e-28
2.53874571274  4.25890073412e-28
2.63002213093  4.97881416412e-28
2.72458024232  5.72461089507e-28
2.82253803477  6.4972215184e-28
2.92401773821  7.2976100834e-28
3.02914597715  3.47153510861e-27
3.13805392866  1.34926197219e-26
3.25087748609  2.38739959175e-26
3.36775742859  3.46286173854e-26
3.48883959681  4.57699035445e-26
3.61427507483  5.73117562863e-26
3.74422037875  6.92685773222e-26
3.87883765192  8.16552861534e-26
4.01829486729  1.12302721357e-25
4.16276603701  2.66280897927e-25
4.31243142955  4.25795106077e-25
4.46747779462  5.91044384697e-25
4.62809859623  7.62234928797e-25
4.79449425406  9.39580346784e-25
4.96687239354  1.12330192701e-24
5.14544810495  1.76883702285e-24
5.33044421176  2.54498816894e-24
5.52209154871  3.34904455038e-24
5.72062924983  4.1820094539e-24
5.92630504679  5.04492223779e-24
6.13937557808  7.06862355456e-24
6.36010670917  9.78392456001e-24
6.58877386432  1.25968497382e-23
6.82566237018  1.55109090055e-23
7.07106781187  1.8658485695e-23
7.32529640178  2.22464154878e-23
7.58866536167  2.59633433833e-23
7.86150331847  2.98139072957e-23
8.14415071437  3.38723426447e-23
8.43696023158  3.81457981752e-23
8.74029723243  4.25728987567e-23
9.05454021523  4.70782290389e-23
9.38008128661  5.13462772463e-23
9.7173266507  5.57677760933e-23
10.0666971161  6.02086914949e-23
10.4286286208  6.41965676866e-23
10.8035727762  6.83278213947e-23
11.1919974309  7.22341392646e-23
11.5943872539  7.58850801492e-23
12.0112443398  7.96487347665e-23
12.4430888353  8.28545066415e-23
12.8904595879  8.61755367611e-23
13.3539148186  8.9176513831e-23
13.8340328184  9.21444797746e-23
14.3314126696  9.48602777962e-23
14.8466749937  9.74875357166e-23
15.3804627255  9.98547927187e-23
15.9334419155  1.02159178891e-22
16.5063025609  1.04207664517e-22
17.0997594668  1.0621853921e-22
17.7145531376  1.07967813486e-22
18.3514507018  1.10636968155e-22
19.0112468682  1.14362444032e-22
19.6947649184  1.18510585812e-22
20.4028577337  1.23071792969e-22
21.1364088592  1.28036549054e-22
21.8963336065  1.333953919e-22
22.6835801957  1.39138883005e-22
23.4991309386  1.45257576029e-22
24.3440034645  1.49412371378e-22
25.2192519896  1.50171446302e-22
26.1259686331  1.50859608078e-22
27.0652847792  1.51479145402e-22
28.0383724893  1.52032263794e-22
29.0464459643  1.52521088473e-22
30.0907630598  1.52947667154e-22
31.1726268555  1.53313972775e-22
32.2933872809  1.53621906147e-22
33.4544428005  1.53873298545e-22
34.6572421578  1.54069914229e-22
35.9032861837  1.54213452898e-22
37.1941296691  1.54305552092e-22
38.5313833047  1.54347789529e-22
39.9167156909  1.54341685391e-22
41.35185542  1.54288704557e-22
42.8385932329  1.54190258786e-22
44.3787842538  1.54047708855e-22
45.9743503045  1.53862366652e-22
47.627282303  1.53635497233e-22
49.3396427475  1.53368320839e-22
51.1135682897  1.53062014877e-22
52.9512724014  1.52717715878e-22
54.8550481358  1.52336521423e-22
56.8272709893  1.51919492047e-22
58.8704018652  1.51467653124e-22
60.9869901447  1.50981996736e-22
63.1796768676  1.50463483531e-22
65.4511980279  1.4991304457e-22
67.8043879881  1.49331583171e-22
70.2421830153  1.48719976756e-22
72.767624945  1.48079078695e-22
75.3838649774  1.47409720168e-22
78.0941676085  1.46712712024e-22
80.9019147041  1.45988846674e-22
83.8106097193  1.4523889999e-22
86.8238820702  1.44463633236e-22
89.9454916625  1.43663795027e-22
93.1793335833  1.42840123317e-22
96.5294429608  1.41993347431e-22
100  1.41124190126e-22
103.595335198  1.40233369707e-22
107.319934748  1.39321602182e-22
111.178446136  1.38389603466e-22
115.175683943  1.37438091642e-22
119.316635847  1.36467789267e-22
123.606468853  1.35479425728e-22
128.050535734  1.34473739661e-22
132.654381717  1.33451481402e-22
137.423751394  1.32413415497e-22
142.364595899  1.31360323243e-22
147.483080324  1.30293005261e-22
152.785591422  1.29212284097e-22
158.278745568  1.28119006823e-22
163.969397019  1.27014047638e-22
169.864646463  1.25898310438e-22
175.971849887  1.24772731337e-22
182.298627744  1.23638281119e-22
188.852874473  1.22495967569e-22
195.642768341  1.2134683767e-22
202.676781654  1.20191979609e-22
209.963691323  1.19032524552e-22
217.51258982  1.17869648133e-22
225.332896521  1.16704571601e-22
233.434369463  1.15538562561e-22
241.827117512  1.14372935249e-22
250.521612986  1.1320905026e-22
259.528704717  1.12048313667e-22
268.859631586  1.10892175445e-22
278.526036554  1.09742127144e-22
288.539981181  1.08599698721e-22
298.913960685  1.07466454479e-22
309.660919525  1.06343988052e-22
320.794267559  1.05233916394e-22
332.327896774  1.04137872734e-22
344.276198619  1.03057498498e-22
356.654081967  1.01994434206e-22
369.476991711  1.00950309373e-22
382.760928042  9.99267314964e-23
396.522466412  9.89252742241e-23
410.778778215  9.80158102579e-23
425.547652214  9.70615771933e-23
440.847516738  9.61339269964e-23
456.697462677  9.52341617136e-23
473.117267301  9.4363483948e-23
490.127418939  9.35229840289e-23
507.749142548  9.27136278982e-23
526.004426187  9.19362460033e-23
544.916048465  9.11915234776e-23
564.507606954  9.04799918718e-23
584.803547643  8.98020226783e-23
605.82919543  8.91578228519e-23
627.610785733  8.85474324921e-23
650.175497219  8.79707248053e-23
673.551485719  8.7427408416e-23
697.767919361  8.69170320515e-23
722.855014966  8.64389915803e-23
748.84407575  8.59925393532e-23
775.767530383  8.55767957798e-23
803.658973457  8.51907630752e-23
832.553207402  8.48333411551e-23
862.486285909  8.45033457526e-23
893.495558925  8.41995290324e-23
925.619719247  8.39206034146e-23
958.898850812  8.36652703739e-23
993.374478709  8.34322594278e-23
1029.08962099  8.32249604005e-23
1066.08884235  8.30536921974e-23
1104.41830974  8.29183920333e-23
1144.12584997  8.28184031559e-23
1185.26100936  8.23472032757e-23
1227.87511562  8.23482426277e-23
1272.02134183  8.23790182854e-23
1317.75477286  8.24398545497e-23
1365.13247404  8.25310021527e-23
1414.21356237  8.26526364144e-23
1465.05928036  8.28048560147e-23
1517.73307233  8.29876824015e-23
1572.30066369  8.32010598444e-23
1628.83014287  8.34448561341e-23
1687.39204632  8.37188639131e-23
1748.05944649  8.40228026149e-23
1810.90804305  8.43563209754e-23
1876.01625732  8.47190000732e-23
1943.46533014  8.66101258446e-23
2013.33942322  8.74282211947e-23
2085.72572415  8.81852275163e-23
2160.71455525  8.88873715466e-23
2238.39948618  8.95402347799e-23
2318.87745078  9.01488485933e-23
2402.24886796  9.07177715449e-23
2488.61776706  9.12511526445e-23
2578.09191758  9.17527834872e-23
2670.78296373  9.22261414685e-23
2766.80656368  9.26744258053e-23
2866.28253393  9.31005877098e-23
2969.33499874  9.3507355786e-23
3076.0925451  9.37278173522e-23
3186.68838309  9.40360765836e-23
3301.26051218  9.43147500408e-23
3419.95189335  9.4565897352e-23
3542.91062753  9.4791416236e-23
3670.29014035  9.49930599002e-23
3802.24937364  9.51724521197e-23
3938.95298368  9.53311003493e-23
4080.57154674  9.54704071593e-23
4227.28177184  9.55916802355e-23
4379.2667213  9.56961411451e-23
4536.71603914  9.57849330361e-23
4699.82618773  9.58591274143e-23
4868.8006929  9.59197301183e-23
5043.85039793  9.59676865969e-23
5225.19372662  9.60038865776e-23
5413.05695583  9.60291682046e-23
5607.67449785  9.60443217116e-23
5809.28919286  9.60500926894e-23
6018.15261197  9.60471849993e-23
6234.52537109  9.60362633755e-23
6458.67745619  9.6017955759e-23
6690.88856009  9.59928553947e-23
6931.44843155  9.59615227248e-23
7180.65723674  9.59244871039e-23
7438.82593382  9.58822483607e-23
7706.27666093  9.58352782265e-23
7983.34313818  9.57840216499e-23
8270.371084  9.57288980126e-23
8567.71864659  9.56703022615e-23
8875.75685075  9.56086059687e-23
9194.87006089  9.55441583304e-23
9525.4564606  9.54772871131e-23
9867.9285495  9.54082995558e-23
10222.7136579  9.53374832343e-23
10590.2544803  9.5265106892e-23
10971.0096272  9.51914212443e-23
11365.4541979  9.51166597574e-23
11774.080373  9.5041039406e-23
12197.3980289  9.49647614124e-23
12635.9353735  9.48880119672e-23
13090.2396056  9.48109629343e-23
13560.8775976  9.47337725408e-23
14048.4366031  9.46565860504e-23
14553.524989  9.45795364242e-23
15076.7729955  9.45027449641e-23
15618.8335217  9.44263219432e-23
16180.3829408  9.43503672194e-23
16762.1219439  9.42749708331e-23
17364.776414  9.42002135894e-23
17989.0983325  9.41261676221e-23
18635.8667167  9.40528969407e-23
19305.8885922  9.39804579595e-23
20000  9.39089000078e-23

