4 20 101
101
4  0
4.06489836507  1.31274465911e-40
4.13084967959  2.64678806376e-40
4.19787102722  4.00247577737e-40
4.26597976883  5.38015897003e-40
4.33519354694  6.78019450939e-40
4.4055302903  8.20294505313e-40
4.47700821858  9.64877914291e-40
4.54964584702  1.11180712998e-39
4.6234619913  1.26112021215e-39
4.69847577235  1.41285583804e-39
4.77470662134  1.56705331244e-39
4.85217428469  1.72375257784e-39
4.93089882922  1.88299422478e-39
5.0109006473  5.08822142687e-38
5.09220046219  3.76532493961e-37
5.17481933334  7.12122684021e-37
5.2587786619  1.05315768775e-36
5.34410019626  1.39972584502e-36
5.43080603763  1.75191692899e-36
5.51891864584  2.10982216934e-36
5.60846084511  2.47353427593e-36
5.69945582996  2.84314746279e-36
5.79192717125  3.21875747253e-36
5.88589882225  3.60046160116e-36
5.98139512488  4.48107240333e-36
6.07844081599  1.13257159633e-34
6.17706103378  2.50541046219e-34
6.27728132428  3.90052307753e-34
6.37912764804  5.31827082482e-34
6.48262638677  6.75902094983e-34
6.58780435024  8.22314665674e-34
6.69468878317  9.71102720481e-34
6.80330737234  1.12230480066e-33
6.91368825372  1.27596007279e-33
7.02586001978  5.2647089404e-33
7.13985172691  2.22583361259e-32
7.25569290288  3.95388149687e-32
7.3734135546  5.70996625177e-32
7.49304417576  7.49454276405e-32
7.61461575486  9.30807330083e-32
7.73815978314  1.11510276293e-31
7.86370826279  1.30238831385e-31
7.9912937152  1.81199374275e-31
8.12094918942  1.04424191073e-30
8.25270827072  2.01778617759e-30
8.38660508926  3.00712580226e-30
8.52267432896  4.01251705797e-30
8.66095123645  5.03422037586e-30
8.80147163025  6.07250041248e-30
8.94427191  7.12762611831e-30
9.08938906592  2.69575216174e-29
9.23686068839  5.89930194472e-29
9.38672497765  9.15482801352e-29
9.53902075375  1.24631736622e-28
9.69378746657  1.58251958667e-28
9.85106520605  1.92417655074e-28
10.0108947126  2.8506158503e-28
10.1733173875  8.73681524509e-28
10.3383753039  1.4916681021e-27
10.5061112176  2.11968125931e-27
10.6765685779  2.75788367332e-27
10.8497915392  3.40644066063e-27
11.0258249723  4.81733552527e-27
11.2047144759  1.02525756381e-26
11.3865063885  1.58327093012e-26
11.5712478006  2.15033783521e-26
11.7589865666  2.72660516906e-26
11.9497713174  3.31222220487e-26
12.1436514728  6.28354903233e-26
12.3406772544  1.0147421636e-25
12.5408996988  1.40739839935e-25
12.7443706706  1.80642532202e-25
12.9511428756  2.21262573419e-25
13.1612698752  3.98113428268e-25
13.3748060995  6.1968630189e-25
13.5918068618  8.44854104823e-25
13.8123283727  1.07367516332e-24
14.036427755  1.40387892405e-24
14.2641630582  2.21515719231e-24
14.4955932736  3.04459151275e-24
14.7307783496  3.88748306603e-24
14.9697792074  4.76085453748e-24
15.2126577564  6.52071113657e-24
15.4594769106  8.45706663776e-24
15.7103006046  1.04248387155e-23
15.9651938106  1.2436698465e-23
16.2242225547  1.5218825672e-23
16.4874539343  1.81786782734e-23
16.7549561354  2.11865532735e-23
17.0267984504  2.42988065334e-23
17.3030512959  2.78535952116e-23
17.5837862308  3.14772375315e-23
17.8690759753  3.5159671967e-23
18.1589944294  3.89072582066e-23
18.4536166918  4.27201711404e-23
18.75301908  4.65949470282e-23
19.0572791496  5.04914088098e-23
19.3664757145  5.42768528029e-23
19.6806888673  5.81227275287e-23
20  6.2031e-23

