1 20000 251
251
1  0
1.04040904696  1.94188099709e-35
1.082450985  3.96223155459e-35
1.12619179768  6.06422255264e-35
1.17170013492  8.25115300364e-35
1.21904742069  1.05264552299e-34
1.26830796516  1.28937002507e-34
1.31955908129  1.53566033868e-34
1.37288120617  1.79190300913e-34
1.4283580273  2.05850020168e-34
1.4860766139  2.33587033271e-34
1.54612755358  2.62444872638e-34
1.6086050945  2.92468829792e-34
1.6736072933  3.2370602644e-34
1.74123616901  3.56205488435e-34
1.81159786313  3.90018222716e-34
1.88480280626  4.25197297363e-34
1.96096589137  4.61797924891e-34
2.04020665416  3.43874308932e-31
2.12264946065  1.04799518939e-30
2.20842370239  1.78056892357e-30
2.29766399949  2.54274526418e-30
2.39051041194  3.33572042433e-30
2.48710865943  4.16073895497e-30
2.58761035005  5.01909569815e-30
2.6921732182  5.91213781927e-30
2.8009613722  6.84126692141e-30
2.91414555182  7.80794124506e-30
3.03190339627  6.98285430526e-29
3.15441972299  3.05185935149e-28
3.28188681771  5.50053895154e-28
3.41450473624  8.04816736055e-28
3.55248161847  1.06987430056e-27
3.69603401502  1.34564258863e-27
3.8453872271  1.63255441041e-27
4.00077566014  2.00644290707e-27
4.16244319166  1.80287348036e-26
4.33064355406  3.46984722459e-26
4.50564073281  5.20418178912e-26
4.68770938077  7.00859916052e-26
4.87713524927  8.88593131821e-26
5.07421563659  1.96873174856e-25
5.27925985453  4.61653744991e-25
5.49258971391  7.37133845619e-25
5.71454002959  1.02374583457e-24
5.945459146  1.32193954084e-24
6.18570948383  2.55536468562e-24
6.43566810884  4.12071582721e-24
6.69572732367  5.74932131659e-24
6.96629528353  7.44373720167e-24
7.24779663678  1.09800161228e-23
7.54067319143  1.49101526757e-23
7.84538460853  1.89991023011e-23
8.1624091236  2.36097722968e-23
8.49224429718  2.87598516806e-23
8.83540779578  3.41180408641e-23
9.19243820431  3.95165741143e-23
9.56389587139  4.49764854942e-23
9.95036378878  5.06570266894e-23
10.3524485064  5.58566051475e-23
10.7707810842  6.11621875492e-23
11.2060180829  6.62708916407e-23
11.6588425938  7.11099554945e-23
12.1299653117  7.59212159187e-23
12.6201256496  8.03169248129e-23
13.1300928996  8.47075316276e-23
13.6606674402  8.87204260503e-23
14.2126819923  9.26524247314e-23
14.7870029263  9.63398522885e-23
15.384531622  9.9812172286e-23
16.0062058827  1.03210142825e-22
16.6530014079  1.06247494612e-22
17.3259333238  1.09201593028e-22
18.0260577771  1.1217217342e-22
18.7544735924  1.18963606666e-22
19.5123239965  1.26634580682e-22
20.3007984131  1.35170909682e-22
21.1211343295  1.4455892736e-22
21.9746192385  1.54785426573e-22
22.8625926593  1.6583759747e-22
23.7864482397  1.77702963932e-22
24.7476359436  1.81679485142e-22
25.7476643266  1.83098176755e-22
26.7881029035  1.84390830262e-22
27.8705846117  1.85562064355e-22
28.996808374  1.86616310486e-22
30.1685417653  1.87557820104e-22
31.3876237862  1.88390671678e-22
32.6559677498  1.89118777509e-22
33.9755642841  1.89745890347e-22
35.3484844568  1.90275609809e-22
36.7768830251  1.90711388614e-22
38.2630018183  1.91056538641e-22
39.8091732557  1.91314236821e-22
41.4178240072  1.91487530863e-22
43.0914788025  1.91579344833e-22
44.832764393  1.91592484591e-22
46.6444136747  1.91529643094e-22
48.5292699773  1.91393405576e-22
50.4902915267  1.91186254616e-22
52.5305560881  1.90910575097e-22
54.6532657959  1.90568659079e-22
56.8617521799  1.90162710587e-22
59.159481394  1.89694850323e-22
61.5500596558  1.89167120319e-22
64.0372389068  1.88581488543e-22
66.624922701  1.87939853463e-22
69.3171723311  1.87244048582e-22
72.118213203  1.86495846965e-22
75.032441467  1.85696965757e-22
78.0644309178  1.84849070708e-22
81.2189401726  1.83953780731e-22
84.5009201401  1.8301267248e-22
87.9155217902  1.82027284981e-22
91.4681042388  1.80999124325e-22
95.1642431583  1.7992966842e-22
99.009739529  1.78820371837e-22
103.010628743  1.77672670735e-22
107.173190077  1.76487987897e-22
111.503956548  1.75267737871e-22
116.009725165  1.74013332227e-22
120.697567597  1.72726184929e-22
125.574841273  1.71407717837e-22
130.649200932  1.70059366321e-22
135.928610627  1.68682584988e-22
141.421356237  1.67278853509e-22
147.136058463  1.65849682536e-22
153.081686359  1.64396619673e-22
159.267571411  1.62921255474e-22
165.703422184  1.61425229431e-22
172.399339552  1.59910235893e-22
179.36583256  1.58378029858e-22
186.613834911  1.56830432553e-22
194.154722129  1.55269336722e-22
202.000329413  1.536967115e-22
210.162970211  1.52114606767e-22
218.655455543  1.50525156827e-22
227.491114114  1.48930583264e-22
236.683813228  1.47333196798e-22
246.247980551  1.45735397961e-22
256.198626761  1.44139676384e-22
266.551369101  1.42548608502e-22
277.322455892  1.40964853453e-22
288.528792035  1.39391146985e-22
300.187965542  1.37830293164e-22
312.318275138  1.36285153725e-22
324.938758985  1.3475863493e-22
338.069224556  1.33253671842e-22
351.730279727  1.31773209996e-22
365.943365117  1.30320184507e-22
380.730787743  1.2889749675e-22
396.115756024  1.27507988842e-22
412.122416211  1.26239498168e-22
428.775890281  1.24922386989e-22
446.102315367  1.23646455314e-22
464.128884777  1.22414011001e-22
482.883890678  1.21227157486e-22
502.396768493  1.20087765616e-22
522.698143103  1.18997447527e-22
543.819876914  1.17957533379e-22
565.795119858  1.16969051715e-22
588.658361426  1.16032714156e-22
612.445484796  1.15148905021e-22
637.193823152  1.14317676362e-22
662.942218274  1.13538748733e-22
689.731081504  1.12811517871e-22
717.602457167  1.12135067344e-22
746.600088557  1.11508187048e-22
776.769486596  1.10929397412e-22
808.158001257  1.10396979117e-22
840.814895881  1.09909008259e-22
874.791424493  1.09463397171e-22
910.140912246  1.09057941796e-22
946.918839109  1.08690378189e-22
985.182926946  1.08358455752e-22
1024.99323011  1.08064184449e-22
1066.41222967  1.07825044796e-22
1109.50493154  1.07642412879e-22
1154.33896842  1.07515136677e-22
1200.98470601  1.0694892028e-22
1249.51535339  1.06972119265e-22
1300.00707798  1.07042347299e-22
1352.53912504  1.07160113712e-22
1407.19394206  1.07325777405e-22
1464.05730815  1.07539543677e-22
1523.21846867  1.07801462664e-22
1584.7702753  1.08111429419e-22
1648.80933177  1.08469185643e-22
1715.43614549  1.08874323008e-22
1784.75528525  1.09326288011e-22
1856.87554538  1.09824388246e-22
1931.9101165  1.12151421808e-22
2009.97676312  1.1331325834e-22
2091.19800853  1.14378019628e-22
2175.70132706  1.1535675839e-22
2263.61934415  1.16259247957e-22
2355.09004453  1.17094191757e-22
2450.25698873  1.17869389357e-22
2549.26953846  1.18591869268e-22
2652.28309095  1.19267996033e-22
2759.45932292  1.19903557217e-22
2870.96644429  1.20503834531e-22
2986.97946215  1.20915054098e-22
3107.68045551  1.2138342773e-22
3233.25886097  1.21802676847e-22
3363.91177012  1.2217665222e-22
3499.84423881  1.22508859228e-22
3641.26960901  1.22802500002e-22
3788.40984363  1.23060509223e-22
3941.49587491  1.23285584677e-22
4100.76796681  1.23480213432e-22
4266.47609215  1.23646694335e-22
4438.88032492  1.23787157418e-22
4618.25124841  1.23903580666e-22
4804.87037999  1.23997804562e-22
4999.03061281  1.24071544709e-22
5201.0366756  1.24126402829e-22
5411.20561086  1.24163876354e-22
5629.8672725  1.24185366805e-22
5857.36484349  1.24192187148e-22
6094.05537452  1.2418556825e-22
6340.31034432  1.24166664574e-22
6596.51624277  1.24136559217e-22
6863.0751774  1.24096268388e-22
7140.40550453  1.24046745402e-22
7428.94248588  1.23988884274e-22
7729.13897165  1.23923522954e-22
8041.46611132  1.23851446279e-22
8366.41409304  1.23773388673e-22
8704.49291301  1.23690036637e-22
9056.2331759  1.23602031069e-22
9422.18692758  1.23509969435e-22
9802.92852161  1.23414407815e-22
10199.0555206  1.23315862859e-22
10611.1896341  1.2321481364e-22
11039.9776943  1.23111703452e-22
11486.0926714  1.23006941535e-22
11950.2347295  1.22900904753e-22
12433.1323259  1.2279393922e-22
12935.5433539  1.22686361887e-22
13458.2563327  1.22578462092e-22
14002.0916449  1.22470503061e-22
14567.9028237  1.22362723387e-22
15156.577893  1.2225533846e-22
15769.0407609  1.22148541864e-22
16406.2526695  1.22042506739e-22
17069.213704  1.21937387095e-22
17758.9643622  1.21833319091e-22
18476.5871871  1.21730422273e-22
19223.2084664  1.21628800757e-22
20000  1.2152854438e-22

