5 20 101
101
5  0
5.06979739895  3.75775934442e-42
5.14056913328  7.56797505446e-42
5.21232880421  1.14313793937e-41
5.28509020281  1.53487148477e-41
5.35886731268  1.93207342669e-41
5.43367431263  2.33482010108e-41
5.50952557938  2.74318890954e-41
5.58643569036  3.15725833412e-41
5.66441942648  3.57710795247e-41
5.74349177499  4.00281845308e-41
5.82366793234  4.43447165082e-41
5.90496330715  4.87215050265e-41
5.98739352309  1.33568579507e-40
6.07097442198  6.7311090153e-39
6.15572206672  1.47041642044e-38
6.24165274451  2.27885190963e-38
6.32878296985  3.0985727377e-38
6.41712948781  3.9297364421e-38
6.50670927721  4.77250275943e-38
6.59753955386  5.62703365613e-38
6.68963777393  6.49349335962e-38
6.78302163724  7.37204838983e-38
6.8777090907  8.26286759122e-38
6.97371833175  9.16612216526e-38
7.07106781187  2.40899480668e-36
7.16977624008  5.62418161916e-36
7.2698625866  8.88425076698e-36
7.37134608646  1.21898287842e-35
7.47424624317  1.55415509509e-35
7.57858283255  1.89400614155e-35
7.68437590644  2.23860133182e-35
7.7916457966  2.58800689169e-35
7.90041311863  2.9422899714e-35
8.0106987759  8.12431462107e-35
8.12252396356  4.76929194289e-34
8.23591017268  8.88058891812e-34
8.35087919428  1.30492774604e-33
8.46745312363  1.72761587261e-33
8.58565436438  2.15620450554e-33
8.70550563296  2.59077601284e-33
8.82702996291  3.0314139123e-33
8.95025070928  3.47820288762e-33
9.07519155317  1.69928652933e-32
9.20187650625  3.9458846758e-32
9.33032991537  6.22384416369e-32
9.46057646726  8.53360278101e-32
9.59264119325  1.08756044271e-31
9.72654947412  1.32502991978e-31
9.86232704493  1.56581434721e-31
10  2.2205893556e-31
10.1395947979  8.56317104077e-31
10.2811382666  1.54106533946e-30
10.4246576084  2.23537230399e-30
10.5701804056  2.93937143257e-30
10.7177346254  3.65319802275e-30
10.8673486253  4.37698926079e-30
11.0190511588  6.95188093535e-30
11.1728713807  2.06086224147e-29
11.328838853  3.4674095033e-29
11.48698355  4.89359143319e-29
11.6473358647  6.33968212092e-29
11.8099266143  7.80595948238e-29
11.9747870462  9.46539971099e-29
12.141948844  2.51327389506e-28
12.3114441334  4.37751731228e-28
12.483305489  6.26778459782e-28
12.6575659397  8.18443903132e-28
12.8342589756  1.01278489637e-27
13.0134185544  1.34555641123e-27
13.1950791077  2.79163472873e-27
13.3792755479  4.29912418227e-27
13.5660432745  5.82765740438e-27
13.7554181814  7.3775281551e-27
13.9474366635  8.94903429525e-27
14.1421356237  1.64737746802e-26
14.3395524802  2.63276357036e-26
14.5397251732  3.63190515008e-26
14.7426921729  4.64499422648e-26
14.9484924863  5.6723754102e-26
15.1571656651  1.03150561745e-25
15.3687518129  1.62194057137e-25
15.5832915932  2.2206176901e-25
15.8008262373  2.82765202997e-25
16.0213975518  3.67799882173e-25
16.2450479271  6.21109478828e-25
16.4718203454  8.82785573806e-25
16.7017583886  1.14811453094e-24
16.9349062473  1.4171473423e-24
17.1713087288  2.07418718614e-24
17.4110112659  2.88844471978e-24
17.6540599258  3.71406886499e-24
17.9005014186  4.55121829378e-24
18.1503831063  5.93395001256e-24
18.4037530125  7.69415889089e-24
18.6606598307  9.47893936949e-24
18.9211529345  1.12886344551e-23
19.1852823865  1.38001339016e-23
19.4530989482  1.66386145129e-23
19.7246540899  1.95167188369e-23
20  2.2435e-23

