1 20 101
101
1  0
1.03041055791  1.97909173936e-42
1.06174591785  4.01836876268e-42
1.09403420358  6.119661338e-42
1.12730439408  8.28485539288e-42
1.16158634964  1.0515894207e-41
1.1969108386  1.28147801561e-41
1.23330956497  1.51835765095e-41
1.27081519692  1.76244092816e-41
1.30946139606  2.01394691401e-41
1.34928284767  2.2731013372e-41
1.39031529185  2.54013679099e-41
1.43259555555  2.81529294191e-41
1.47616158565  3.0988167449e-41
1.52105248304  3.39096266491e-41
1.56730853766  3.69199290534e-41
1.61497126471  4.00217764334e-41
1.66408344188  4.32179527226e-41
1.71468914776  4.65113265161e-41
1.76683380139  4.9904853644e-41
1.82056420303  5.34015798252e-41
1.87592857615  5.70046434003e-41
1.93297661076  6.0717278149e-41
1.99175950792  7.85597440355e-38
2.05233002578  5.05164651805e-36
2.11474252688  1.10765209077e-35
2.17905302696  1.72846150888e-35
2.24531924523  2.36815008776e-35
2.31360065617  3.02729195321e-35
2.3839585429  3.70647869053e-35
2.45645605223  4.40631987546e-35
2.53115825126  5.12744362128e-35
2.60813218585  5.87049714252e-35
2.68744694072  6.63614733591e-35
2.76917370155  7.42508137884e-35
2.85338581877  8.23800734617e-35
2.94015887345  9.07565484571e-35
3.02957074514  9.74021755039e-33
3.12170168173  3.97861858602e-32
3.21663437151  7.07458688292e-32
3.31445401734  1.0264705303e-31
3.41524841318  1.35518370041e-31
3.51910802283  1.69389322141e-31
3.62612606115  2.04290308791e-31
3.73639857773  2.40252653917e-31
3.85002454306  2.77308634022e-31
3.96710593738  3.15491507156e-31
4.08774784223  6.72385108643e-30
4.21205853471  1.5787254296e-29
4.34014958471  2.51262806537e-29
4.472135955  3.47493120133e-29
4.60813610445  4.46649851253e-29
4.74827209431  5.48821993887e-29
4.89266969782  6.54101248382e-29
5.041458513  2.35812343204e-28
5.19477207907  8.37021450497e-28
5.35274799621  1.45651366216e-27
5.51552804914  2.09484497761e-27
5.68325833429  2.75258830449e-27
5.85608939099  3.4303339729e-27
6.03417633655  7.83568009952e-27
6.21767900547  2.79209297208e-26
6.40676209294  4.87040596774e-26
6.6015953026  7.01192162112e-26
6.80235349885  9.21856196029e-26
7.00921686386  1.311642229e-25
7.22237105921  3.34012874408e-25
7.44200739256  5.5140891716e-25
7.66832298935  7.75416094861e-25
7.9015209697  1.00623545581e-24
8.14181063074  1.75768674092e-24
8.38940763443  2.89951003507e-24
8.64453420113  4.07605681264e-24
8.90741930907  5.28838303411e-24
9.17829889981  7.67338533888e-24
9.45741609003  1.07386140366e-23
9.74502138973  1.38970580492e-23
10.041372927  1.73088087843e-23
10.34673668  2.17031067958e-23
10.661386715  2.62457722811e-23
10.9856054331  3.09329897864e-23
11.3196838233  3.58909436381e-23
11.6639217237  4.1012824935e-23
12.0186280908  4.62492228501e-23
12.3841212763  5.12532174081e-23
12.7607293136  5.63906443928e-23
13.1487902114  6.14431129778e-23
13.5486522576  6.62495747315e-23
13.9606743317  7.11857637897e-23
14.3852262269  7.57159716428e-23
14.8226889821  8.03049996915e-23
15.2734552238  8.46676175175e-23
15.7379295184  8.89183933667e-23
16.2165287354  9.30528291364e-23
16.7096824217  9.70066888158e-23
17.2178331866  1.00873451768e-22
17.7414370999  1.04573074702e-22
18.2809641002  1.08157992375e-22
18.8368984177  1.11636473399e-22
19.4097390079  1.14940475491e-22
20  1.1823e-22

