3 20 101
101
3  0
3.05745688936  1.56274695105e-42
3.11601421011  3.15542409498e-42
3.17569303801  4.77860466374e-42
3.23651485253  6.43287286794e-42
3.29850154446  8.11882410721e-42
3.3616754239  9.83706518442e-42
3.4260592282  1.15882145241e-41
3.49167613021  1.33729023951e-41
3.55854974658  1.51917711373e-41
3.62670414627  1.70454753928e-41
3.69616385924  1.89346823418e-41
3.76695388521  2.08600719423e-41
3.83909970275  2.28223371753e-41
3.91262727838  2.48221842937e-41
3.98756307593  2.78976837335e-40
4.06393406609  2.65518315726e-38
4.1417677361  5.88430599584e-38
4.22109209963  9.17527395231e-38
4.30193570688  1.25292715027e-37
4.38432765487  1.59475058085e-37
4.46829759787  1.94312071511e-37
4.55387575811  2.29816293745e-37
4.64109293664  2.66000503369e-37
4.72998052444  3.02877723703e-37
4.82057051367  3.40461227493e-37
4.91289550923  3.78764541689e-37
5.00698874047  4.27047841371e-36
5.10288407317  3.98902963494e-35
5.20061602171  7.73888817996e-35
5.30021976151  1.15605651275e-34
5.40173114165  1.54554359649e-34
5.50518669785  1.94249025232e-34
5.61062366552  2.34703934818e-34
5.71807999326  2.75933648825e-34
5.82759435644  3.17953006538e-34
5.93920617117  3.60777131447e-34
6.05295560847  4.08911550977e-33
6.16888360871  1.21999597347e-32
6.28703189637  2.04661452528e-32
6.40744299507  2.88906472065e-32
6.53016024283  3.74764977191e-32
6.6552278077  4.6226786986e-32
6.78269070364  5.5144664387e-32
6.91259480676  6.42333396197e-32
7.04498687177  2.76110966681e-31
7.17991454885  8.93247412869e-31
7.31742640081  1.52220343923e-30
7.45757192053  2.16320541786e-30
7.60040154878  2.81648405641e-30
7.74596669241  3.48227448112e-30
7.89431974284  4.16081632142e-30
8.04551409486  1.14945437385e-29
8.19960416593  3.46867666897e-29
8.35664541573  5.83231739703e-29
8.51669436609  8.24122727303e-29
8.67980862141  1.06962733051e-28
8.84604688929  1.31983391066e-28
9.01546900177  2.17485176086e-28
9.18813593677  7.47742751588e-28
9.36410984009  1.30202271268e-27
9.54345404778  1.8669184079e-27
9.72623310891  2.44263315294e-27
9.91251280879  3.02937415745e-27
10.1023601927  7.8238722776e-27
10.29584359  1.63656534723e-26
10.4930326387  2.50710293927e-26
10.6939983105  3.39431332535e-26
10.8988129364  4.29851582776e-26
11.1075502328  7.76612997741e-26
11.3202853277  1.37414907626e-25
11.5370947883  1.9831293429e-25
11.7580566479  2.60377298015e-25
11.9832504345  3.32097801517e-25
12.2127571994  6.34100072846e-25
12.4466595458  9.702539995e-25
12.6850416593  1.31284604581e-24
12.9279893377  1.66199951656e-24
13.175590022  2.6014635594e-24
13.4279328281  3.80285251851e-24
13.6851085784  5.02725083512e-24
13.9472098349  6.27883122208e-24
14.2143309324  8.55127218726e-24
14.4865680123  1.11231693853e-23
14.7640190574  1.37443243209e-23
15.0467839273  1.65721245605e-23
15.3349643938  2.02054056757e-23
15.628664178  2.39158031593e-23
15.9279889875  2.76973503934e-23
16.2330465545  3.18016953876e-23
16.5439466745  3.60636385922e-23
16.8608012457  4.04072077966e-23
17.1837243096  4.47616156929e-23
17.5128320918  4.91435541694e-23
17.8482430438  5.36094168306e-23
18.1900778857  5.79832231496e-23
18.5384596499  6.22962973887e-23
18.893513725  6.66919769043e-23
19.2553679009  7.09043407936e-23
19.6241524153  7.50836982503e-23
20  7.93431e-23

