5 20 101
101
5  0
5.06979739895  3.37451578626e-42
5.14056913328  6.79613805744e-42
5.21232880421  1.02655243956e-41
5.28509020281  1.37833415622e-41
5.35886731268  1.73502656264e-41
5.43367431263  2.0966982095e-41
5.50952557938  2.46341860441e-41
5.58643569036  2.83525822526e-41
5.66441942648  3.21228853378e-41
5.74349177499  3.59458198927e-41
5.82366793234  3.98221206253e-41
5.90496330715  4.37525324997e-41
5.98739352309  1.22163379851e-40
6.07097442198  6.2286262699e-39
6.15572206672  1.36082437718e-38
6.24165274451  2.1090876895e-38
6.32878296985  2.86779636841e-38
6.41712948781  3.63709622579e-38
6.50670927721  4.41713510898e-38
6.59753955386  5.2080629292e-38
6.68963777393  6.01003169033e-38
6.78302163724  6.82319551819e-38
6.8777090907  7.64771069006e-38
6.97371833175  8.48373566481e-38
7.07106781187  2.04540472208e-36
7.16977624008  4.7653227758e-36
7.2698625866  7.52320947062e-36
7.37134608646  1.0319594829e-35
7.47424624317  1.31550162723e-35
7.57858283255  1.6030018724e-35
7.68437590644  1.89451547142e-35
7.7916457966  2.19009844864e-35
7.90041311863  2.48980761046e-35
8.0106987759  6.82597607559e-35
8.12252396356  3.99123560812e-34
8.23591017268  7.42900092635e-34
8.35087919428  1.09147556601e-33
8.46745312363  1.44491697165e-33
8.58565436438  1.80329223546e-33
8.70550563296  2.16667023152e-33
8.82702996291  2.53512079537e-33
8.95025070928  2.90871473742e-33
9.07519155317  1.39762694834e-32
9.20187650625  3.23690814042e-32
9.33032991537  5.10186474112e-32
9.46057646726  6.9928551658e-32
9.59264119325  8.91024283309e-32
9.72654947412  1.08543962348e-31
9.86232704493  1.28256890066e-31
10  1.80074677963e-31
10.1395947979  6.72794090304e-31
10.2811382666  1.20466561303e-30
10.4246576084  1.74396178553e-30
10.5701804056  2.29078625206e-30
10.7177346254  2.84524410367e-30
10.8673486253  3.40744189845e-30
11.0190511588  5.2449027872e-30
11.1728713807  1.47124530388e-29
11.328838853  2.446230726e-29
11.48698355  3.43482643741e-29
11.6473358647  4.43722243068e-29
11.8099266143  5.45361135055e-29
11.9747870462  6.6118050463e-29
12.141948844  1.81205088804e-28
12.3114441334  3.18267641102e-28
12.483305489  4.57243515329e-28
12.6575659397  5.98159420463e-28
12.8342589756  7.41042438327e-28
13.0134185544  1.00502643714e-27
13.1950791077  2.24566192303e-27
13.3792755479  3.53979496378e-27
13.5660432745  4.85199342856e-27
13.7554181814  6.18250950128e-27
13.9474366635  7.53159888624e-27
14.1421356237  1.41768842523e-26
14.3395524802  2.28938058061e-26
14.5397251732  3.17324110503e-26
14.7426921729  4.06943986257e-26
14.9484924863  4.97827317754e-26
15.1571656651  8.88049359104e-26
15.3687518129  1.38278897645e-25
15.5832915932  1.88443490149e-25
15.8008262373  2.39308354268e-25
16.0213975518  3.11512450677e-25
16.2450479271  5.31501339274e-25
16.4718203454  7.58804404959e-25
16.7017583886  9.89280503197e-25
16.9349062473  1.22297392787e-24
17.1713087288  1.80834584916e-24
17.4110112659  2.53612829548e-24
17.6540599258  3.27407020615e-24
17.9005014186  4.02231340202e-24
18.1503831063  5.29505625606e-24
18.4037530125  6.93042978164e-24
18.6606598307  8.58863227089e-24
18.9211529345  1.02699824043e-23
19.1852823865  1.26343178185e-23
19.4530989482  1.53162328677e-23
19.7246540899  1.80355860559e-23
20  2.07929e-23

