4 20 101
101
4  0
4.06489836507  2.45827219079e-41
4.13084967959  4.95642884309e-41
4.19787102722  7.495117066e-41
4.26597976883  1.00749944677e-40
4.33519354694  1.26967293257e-40
4.4055302903  1.53610007603e-40
4.47700821858  1.80684989098e-40
4.54964584702  2.08199251103e-40
4.6234619913  2.36159920762e-40
4.69847577235  2.64574240858e-40
4.77470662134  2.93449571683e-40
4.85217428469  3.22793392949e-40
4.93089882922  3.52613305722e-40
5.0109006473  1.50703084755e-38
5.09220046219  1.12987934237e-37
5.17481933334  2.13894592651e-37
5.2587786619  3.16438420353e-37
5.34410019626  4.20645979747e-37
5.43080603763  5.26544264199e-37
5.51891864584  6.34160705032e-37
5.60846084511  7.43523178631e-37
5.69945582996  8.54660013665e-37
5.79192717125  9.67599998421e-37
5.88589882225  1.08237238827e-36
5.98139512488  1.41581686674e-36
6.07844081599  4.92258833105e-35
6.17706103378  1.09579412196e-34
6.27728132428  1.70912152419e-34
6.37912764804  2.33239991284e-34
6.48262638677  2.96579073859e-34
6.58780435024  3.6094580716e-34
6.69468878317  4.263568644e-34
6.80330737234  4.92829189308e-34
6.91368825372  5.60380000518e-34
7.02586001978  2.31395008562e-33
7.13985172691  9.78484493275e-33
7.25569290288  1.7381848147e-32
7.3734135546  2.51021096332e-32
7.49304417576  3.29476292066e-32
7.61461575486  4.09204391282e-32
7.73815978314  4.90226046322e-32
7.86370826279  5.72562244598e-32
7.9912937152  7.75997713787e-32
8.12094918942  4.02577753444e-31
8.25270827072  7.69025530619e-31
8.38660508926  1.1414187732e-30
8.52267432896  1.51985394393e-30
8.66095123645  1.90442907063e-30
8.80147163025  2.29524377157e-30
8.94427191  2.69239928129e-30
9.08938906592  8.96167540815e-30
9.23686068839  1.90488553114e-29
9.38672497765  2.92996955857e-29
9.53902075375  3.97168515535e-29
9.69378746657  5.03030216192e-29
9.85106520605  6.10609479672e-29
10.0108947126  8.96981257897e-29
10.1733173875  2.69937840089e-28
10.3383753039  4.59158880376e-28
10.5061112176  6.51449954701e-28
10.6765685779  8.46860873111e-28
10.8497915392  1.0454422538e-27
11.0258249723  1.67407402898e-27
11.2047144759  4.58465268176e-27
11.3865063885  7.57464971401e-27
11.5712478006  1.0613158226e-26
11.7589865666  1.37009652966e-26
11.9497713174  1.68388707749e-26
12.1436514728  3.79724340984e-26
12.3406772544  6.58251807455e-26
12.5408996988  9.41298268227e-26
12.7443706706  1.22893704213e-25
12.9511428756  1.52174395372e-25
13.1612698752  2.79099663643e-25
13.3748060995  4.38081674702e-25
13.5918068618  5.99643103908e-25
13.8123283727  7.63825801268e-25
14.036427755  1.01107181756e-24
14.2641630582  1.65392710918e-24
14.4955932736  2.31132289584e-24
14.7307783496  2.97938466044e-24
14.9697792074  3.6749324605e-24
15.2126577564  5.24591269574e-24
15.4594769106  6.98894215803e-24
15.7103006046  8.76025156092e-24
15.9651938106  1.05742163016e-23
16.2242225547  1.32616957302e-23
16.4874539343  1.61445005068e-23
16.7549561354  1.90740776126e-23
17.0267984504  2.21271169231e-23
17.3030512959  2.57653109468e-23
17.5837862308  2.94778058736e-23
17.8690759753  3.32505345132e-23
18.1589944294  3.71395180043e-23
18.4536166918  4.11376599546e-23
18.75301908  4.52006701238e-23
19.0572791496  4.929419901e-23
19.3664757145  5.33043576073e-23
19.6806888673  5.73787312799e-23
20  6.151921e-23

