4 20 101
101
4  0
4.06489836507  8.31361036211e-44
4.13084967959  1.67621056543e-43
4.19787102722  2.53476743294e-43
4.26597976883  3.40725403471e-43
4.33519354694  4.29389637498e-43
4.4055302903  5.19492412482e-43
4.47700821858  6.11057068162e-43
4.54964584702  7.04107322955e-43
4.6234619913  7.98667280099e-43
4.69847577235  8.94761433898e-43
4.77470662134  9.92414676066e-43
4.85217428469  1.09165230217e-42
4.93089882922  1.1925000182e-42
5.0109006473  1.19577082608e-40
5.09220046219  9.07994101159e-40
5.17481933334  1.72048038861e-39
5.2587786619  2.54614893399e-39
5.34410019626  3.38521361403e-39
5.43080603763  4.23789177556e-39
5.51891864584  5.10440429174e-39
5.60846084511  5.98497561932e-39
5.69945582996  6.87983385678e-39
5.79192717125  7.78921080338e-39
5.88589882225  8.71334201924e-39
5.98139512488  1.26741285031e-38
6.07844081599  6.78301362706e-37
6.17706103378  1.51873443352e-36
6.27728132428  2.3728031874e-36
6.37912764804  3.24072885772e-36
6.48262638677  4.12273626729e-36
6.58780435024  5.01905388658e-36
6.69468878317  5.92991389289e-36
6.80330737234  6.8555522305e-36
6.91368825372  7.7962086718e-36
7.02586001978  5.41690011992e-35
7.13985172691  2.54636980201e-34
7.25569290288  4.58489445318e-34
7.3734135546  6.65649333361e-34
7.49304417576  8.76170305915e-34
7.61461575486  1.0901068952e-33
7.73815978314  1.30751451821e-33
7.86370826279  1.52844949103e-33
7.9912937152  2.37979609774e-33
8.12094918942  1.91718756891e-32
8.25270827072  3.81309152055e-32
8.38660508926  5.73975573889e-32
8.52267432896  7.69767929669e-32
8.66095123645  9.68736936394e-32
8.80147163025  1.17093413393e-31
8.94427191  1.37641189835e-31
9.08938906592  5.64280616295e-31
9.23686068839  1.25490939561e-30
9.38672497765  1.95674334458e-30
9.53902075375  2.66996426251e-30
9.69378746657  3.39475689832e-30
9.85106520605  4.1313089984e-30
10.0108947126  5.92112595832e-30
10.1733173875  1.66292620465e-29
10.3383753039  2.78673804903e-29
10.5061112176  3.92878328125e-29
10.6765685779  5.08935773058e-29
10.8497915392  6.26876202598e-29
11.0258249723  9.59318979566e-29
11.2047144759  2.42863601416e-28
11.3865063885  3.93782757027e-28
11.5712478006  5.47150514253e-28
11.7589865666  7.03006600654e-28
11.9497713174  8.61391388353e-28
12.1436514728  2.09214351806e-27
12.3406772544  3.72299487171e-27
12.5408996988  5.38030612198e-27
12.7443706706  7.0645065699e-27
12.9511428756  8.78032824682e-27
13.1612698752  1.88504187863e-26
13.3748060995  3.16543646927e-26
13.5918068618  4.4666049388e-26
13.8123283727  5.78888433492e-26
14.036427755  8.31911634826e-26
14.2641630582  1.66694207615e-25
14.4955932736  2.52158652967e-25
14.7307783496  3.39009724013e-25
14.9697792074  4.31569786265e-25
15.2126577564  7.48838099395e-25
15.4594769106  1.10911012131e-24
15.7103006046  1.47522740953e-24
15.9651938106  1.85673583984e-24
16.2242225547  2.81766952339e-24
16.4874539343  3.89723168824e-24
16.7549561354  4.99430930797e-24
17.0267984504  6.22975629938e-24
17.3030512959  8.33575163883e-24
17.5837862308  1.05001671743e-23
17.8690759753  1.26996994672e-23
18.1589944294  1.54635399303e-23
18.4536166918  1.87145787475e-23
18.75301908  2.20183643406e-23
19.0572791496  2.54993534501e-23
19.3664757145  2.95597772498e-23
19.6806888673  3.36890408181e-23
20  3.78853e-23

