2 20000 251
251
2  0
2.07505683164  8.89355903738e-44
2.15293042726  1.81208792564e-43
2.23372649556  2.76944861855e-43
2.31755471231  3.76273754164e-43
2.40452886923  4.79330302445e-43
2.49476702849  5.86254399723e-43
2.5883916829  6.97191188985e-43
2.68552992228  8.12291260204e-43
2.78631360589  9.31710854756e-43
2.89087954149  1.05561207751e-42
2.999369671  1.18416311687e-42
3.11193126321  2.26163162881e-38
3.22871711365  4.62122918459e-38
3.34988575205  7.06937869861e-38
3.4756016575  9.60940338558e-38
3.60603548172  1.22447511752e-37
3.74136428073  1.49789993925e-37
3.88177175519  1.78158596138e-37
4.02744849972  1.94445958814e-35
4.17859226171  1.25402714117e-34
4.33540820964  2.35337272673e-34
4.49810921167  3.49397501056e-34
4.66691612456  4.67738229117e-34
4.84205809347  5.90520097229e-34
5.02377286302  7.15423922879e-33
5.2123071  5.83306806489e-32
5.40791672822  1.11427692843e-31
5.6108672759  1.66517351789e-31
5.82143423613  2.23674438363e-31
6.0399034408  1.10524325111e-30
6.26657144863  5.83758505166e-30
6.50174594771  1.07475241431e-29
6.74574617318  1.58417254704e-29
6.99890334057  2.11271041034e-29
7.2615610954  1.60149843563e-28
7.53407597968  3.04970793424e-28
7.81681791585  4.55226644112e-28
8.11017070897  1.3831163813e-27
8.41453256769  3.67760486458e-27
8.7303166448  6.05820186575e-27
9.05795159807  1.45020825177e-26
9.3978821721  5.21064739575e-26
9.75056980207  9.11220986358e-26
10.1164932401  2.1296304042e-25
10.496149205  5.20121041257e-25
10.8900530568  8.38806195272e-25
11.2987394962  1.90836800651e-24
11.7227632903  3.30022271824e-24
12.1627000256  5.54111180419e-24
12.6191468896  9.27477868493e-24
13.0927234813  1.34905051872e-23
13.5840726523  1.9321640609e-23
14.0938613793  2.55239932549e-23
14.6227816697  3.26597097837e-23
15.1715515006  4.00199531611e-23
15.7409157939  4.75577101039e-23
16.3316474272  5.50481589451e-23
16.9445482828  6.2552087991e-23
17.5804503366  6.96687746834e-23
18.2402167871  7.46747885746e-23
18.9247432273  7.66550788646e-23
19.6349588604  8.00907762299e-23
20.3718277611  8.49637453602e-23
21.1363501843  9.12572185776e-23
21.9295639229  9.89557490306e-23
22.7525457165  1.08045164042e-22
23.606412713  1.18512518544e-22
24.4923239853  1.26097649516e-22
25.4114821042  1.3035380862e-22
26.3651347711  1.34391471812e-22
27.3545765119  1.38218503039e-22
28.3811504338  1.41842474145e-22
29.4462500487  1.45270675171e-22
30.5513211648  1.48510124351e-22
31.6978638492  1.51567577804e-22
32.8874344643  1.54449538942e-22
34.1216477801  1.57162267591e-22
35.4021791663  1.59711788843e-22
36.730766867  1.6210390164e-22
38.1092143593  1.64344187099e-22
39.5393928022  1.66438016592e-22
41.0232435765  1.68390559583e-22
42.5627809197  1.7020679124e-22
44.1600946604  1.71891499814e-22
45.8173530554  1.73449293817e-22
47.5368057325  1.74884608989e-22
49.3207867447  1.76201715073e-22
51.1717177381  1.77404722401e-22
53.0921112395  1.78497588308e-22
55.0845740668  1.79484123377e-22
57.1518108675  1.80367997528e-22
59.2966277905  1.81152745956e-22
61.5219362948  1.8184177493e-22
63.830757102  1.82438367472e-22
66.2262242965  1.82945688903e-22
68.71158958  1.83366792291e-22
71.2902266852  1.83704623796e-22
73.9656359561  1.8396202792e-22
76.7414490985  1.84141752686e-22
79.6214341107  1.84246454741e-22
82.609500398  1.84278704404e-22
85.7097040795  1.84240990654e-22
88.9262534938  1.84135726095e-22
92.2635149121  1.83965251871e-22
95.7260184645  1.83731842578e-22
99.3184642901  1.83437711147e-22
103.045728916  1.83085013742e-22
106.912871879  1.82675854645e-22
110.925142592  1.82212291171e-22
115.087987467  1.8169633859e-22
119.407057317  1.81129975078e-22
123.888215015  1.80515146701e-22
128.537543463  1.79853772425e-22
133.361353843  1.79147749166e-22
138.366194184  1.78398956863e-22
143.558858254  1.77609263582e-22
148.946394781  1.76780530641e-22
154.536117019  1.75914617739e-22
160.335612678  1.75013388071e-22
166.352754221  1.74078713428e-22
172.595709553  1.73112479224e-22
179.07295311  1.72116589442e-22
185.793277356  1.71092971448e-22
192.765804725  1.70043580626e-22
200  1.68970404777e-22
207.505683164  1.6787546822e-22
215.293042726  1.66760835511e-22
223.372649556  1.65628614709e-22
231.755471231  1.64480960084e-22
240.452886923  1.63320074159e-22
249.476702849  1.62148208998e-22
258.83916829  1.60967666588e-22
268.552992228  1.59780798221e-22
278.631360589  1.58590002729e-22
289.087954149  1.57397723461e-22
299.9369671  1.56206443874e-22
311.193126321  1.55018681634e-22
322.871711365  1.53836981127e-22
334.988575205  1.52663904321e-22
347.56016575  1.51502019932e-22
360.603548172  1.50353890883e-22
374.136428073  1.49222060113e-22
388.177175519  1.48109034812e-22
402.744849972  1.4709842862e-22
417.859226171  1.46028509353e-22
433.540820964  1.44984613513e-22
449.810921167  1.43968913942e-22
466.691612456  1.42983452624e-22
484.205809347  1.42030120712e-22
502.377286302  1.41110639183e-22
521.23071  1.40226540642e-22
540.791672822  1.3937915276e-22
561.08672759  1.38569583805e-22
582.143423613  1.37798710754e-22
603.99034408  1.37067170355e-22
626.657144863  1.36375353495e-22
650.174594771  1.35723403142e-22
674.574617318  1.35111216018e-22
699.890334057  1.34538448119e-22
726.15610954  1.3400452409e-22
753.407597968  1.33508650399e-22
781.681791585  1.33049832235e-22
811.017070897  1.32626894037e-22
841.453256769  1.32238503639e-22
873.03166448  1.31883200199e-22
905.795159807  1.31559426473e-22
939.78821721  1.31265566928e-22
975.056980207  1.30999995762e-22
1011.64932401  1.30761846214e-22
1049.6149205  1.30564536225e-22
1089.00530568  1.30413271888e-22
1129.87394962  1.30307342773e-22
1172.27632903  1.302458848e-22
1216.27000256  1.2976537824e-22
1261.91468896  1.29827949165e-22
1309.27234813  1.2992891941e-22
1358.40726523  1.30068713383e-22
1409.38613793  1.30247637815e-22
1462.27816697  1.30465879838e-22
1517.15515006  1.30723506177e-22
1574.09157939  1.31020463485e-22
1633.16474272  1.31356579805e-22
1694.45482828  1.31731567143e-22
1758.04503366  1.32145025089e-22
1824.02167871  1.32596445417e-22
1892.47432273  1.34460479185e-22
1963.49588604  1.35575084233e-22
2037.18277611  1.36601239476e-22
2113.63501843  1.37548473117e-22
2192.95639229  1.38425216257e-22
2275.25457165  1.39238981446e-22
2360.6412713  1.39996504846e-22
2449.23239853  1.40703860464e-22
2541.14821042  1.41366552663e-22
2636.51347711  1.41989591648e-22
2735.45765119  1.42577555453e-22
2838.11504338  1.43134641152e-22
2944.62500487  1.43664707401e-22
3055.13211648  1.43981423284e-22
3169.78638492  1.44387747184e-22
3288.74344643  1.44754492235e-22
3412.16477801  1.45084533527e-22
3540.21791663  1.45380506981e-22
3673.0766867  1.45644836621e-22
3810.92143593  1.45879757986e-22
3953.93928022  1.46087338316e-22
4102.32435765  1.46269494018e-22
4256.27809197  1.46428005814e-22
4416.00946604  1.46564531923e-22
4581.73530554  1.46680619556e-22
4753.68057325  1.4677771497e-22
4932.07867447  1.46857172265e-22
5117.17177381  1.46920261114e-22
5309.21112395  1.46968173549e-22
5508.45740668  1.47002029949e-22
5715.18108675  1.47022884321e-22
5929.66277905  1.47031728974e-22
6152.19362948  1.47029498666e-22
6383.0757102  1.4701707429e-22
6622.62242965  1.46995286166e-22
6871.158958  1.46964916993e-22
7129.02266852  1.46926704496e-22
7396.56359561  1.4688134383e-22
7674.14490985  1.46829489758e-22
7962.14341107  1.46771758643e-22
8260.9500398  1.4670873028e-22
8570.97040795  1.46640949597e-22
8892.62534938  1.46568928233e-22
9226.35149121  1.46493146023e-22
9572.60184645  1.46414052397e-22
9931.84642901  1.46332067717e-22
10304.5728916  1.46247584543e-22
10691.2871879  1.46160968856e-22
11092.5142592  1.4607256124e-22
11508.7987467  1.45982678022e-22
11940.7057317  1.45891612379e-22
12388.8215015  1.45799635422e-22
12853.7543463  1.45706997246e-22
13336.1353843  1.45613927964e-22
13836.6194184  1.45520638706e-22
14355.8858254  1.4542732261e-22
14894.6394781  1.45334155777e-22
15453.6117019  1.45241298208e-22
16033.5612678  1.45148894723e-22
16635.2754221  1.45057075846e-22
17259.5709553  1.44965958673e-22
17907.295311  1.44875647711e-22
18579.3277356  1.44786235692e-22
19276.5804725  1.44697804356e-22
20000  1.44610425215e-22

