5 20 101
101
5  0
5.06979739895  9.62708543979e-41
5.14056913328  1.93885599842e-40
5.21232880421  2.92862996353e-40
5.28509020281  3.9322206583e-40
5.35886731268  4.94982095708e-40
5.43367431263  5.98162642668e-40
5.50952557938  7.02783536387e-40
5.58643569036  8.08864883358e-40
5.66441942648  9.16427070748e-40
5.74349177499  1.02549077032e-39
5.82366793234  1.1360769424e-39
5.90496330715  1.24820683992e-39
5.98739352309  2.6306898933e-39
6.07097442198  1.06778486258e-37
6.15572206672  2.32631341311e-37
6.24165274451  3.6024103675e-37
6.32878296985  4.89632097154e-37
6.41712948781  6.20829389451e-37
6.50670927721  7.53858127698e-37
6.59753955386  8.88743877928e-37
6.68963777393  1.02551256306e-36
6.78302163724  1.16419046789e-36
6.8777090907  1.30480424413e-36
6.97371833175  1.44738091554e-36
7.07106781187  2.6695981494e-35
7.16977624008  6.17103869301e-35
7.2698625866  9.72135752512e-35
7.37134608646  1.33212369612e-34
7.47424624317  1.69713688415e-34
7.57858283255  2.06724546641e-34
7.68437590644  2.44252057194e-34
7.7916457966  2.82303432272e-34
7.90041311863  3.20885984751e-34
8.0106987759  7.57420983282e-34
8.12252396356  4.02765335025e-33
8.23591017268  7.42528108432e-33
8.35087919428  1.08703379341e-32
8.46745312363  1.43634859853e-32
8.58565436438  1.79053965662e-32
8.70550563296  2.14967503762e-32
8.82702996291  2.51382376171e-32
8.95025070928  2.88305581256e-32
9.07519155317  1.25421222956e-31
9.20187650625  2.85648386369e-31
9.33032991537  4.48112237631e-31
9.46057646726  6.12843999742e-31
9.59264119325  7.79875331557e-31
9.72654947412  9.49238333872e-31
9.86232704493  1.1209655556e-30
10  1.55643691117e-30
10.1395947979  5.61220011581e-30
10.2811382666  9.98957484304e-30
10.4246576084  1.44280554443e-29
10.5701804056  1.89284949258e-29
10.7177346254  2.34917582013e-29
10.8673486253  2.81187222583e-29
11.0190511588  3.93837886427e-29
11.1728713807  9.02469174947e-29
11.328838853  1.42598787661e-28
11.48698355  1.95681462701e-28
11.6473358647  2.49505144271e-28
11.8099266143  3.04080176435e-28
11.9747870462  3.64006351781e-28
12.141948844  7.96409365002e-28
12.3114441334  1.30809869447e-27
12.483305489  1.82693094079e-27
12.6575659397  2.35300581537e-27
12.8342589756  2.88642442153e-27
13.0134185544  3.79488044663e-27
13.1950791077  7.71882761528e-27
13.3792755479  1.18092079666e-26
13.5660432745  1.59566878999e-26
13.7554181814  2.01620644954e-26
13.9474366635  2.44261459605e-26
14.1421356237  4.415511852e-26
14.3395524802  6.99361016678e-26
14.5397251732  9.60769739289e-26
14.7426921729  1.22582759168e-25
14.9484924863  1.49462218967e-25
15.1571656651  2.64814780123e-25
15.3687518129  4.11058914902e-25
15.5832915932  5.59344541724e-25
15.8008262373  7.09700158757e-25
16.0213975518  9.04993896184e-25
16.2450479271  1.40781541486e-24
16.4718203454  1.92646772377e-24
16.7017583886  2.45236014911e-24
16.9349062473  2.98559375913e-24
17.1713087288  4.07418591598e-24
17.4110112659  5.38907682034e-24
17.6540599258  6.72232291771e-24
17.9005014186  8.07418043702e-24
18.1503831063  9.94174609386e-24
18.4037530125  1.21686950241e-23
18.6606598307  1.44267310028e-23
18.9211529345  1.67162879892e-23
19.1852823865  1.95867756627e-23
19.4530989482  2.27342094596e-23
19.7246540899  2.59255797949e-23
20  2.91615e-23

