5 20 101
101
5  0
5.06979739895  1.87815028939e-41
5.14056913328  3.78251857979e-41
5.21232880421  5.71347086085e-41
5.28509020281  7.67137823125e-41
5.35886731268  9.65661697002e-41
5.43367431263  1.16695686088e-40
5.50952557938  1.37106200054e-40
5.58643569036  1.57801634177e-40
5.66441942648  1.78785965794e-40
5.74349177499  2.00063227764e-40
5.82366793234  2.21637509242e-40
5.90496330715  2.43512956467e-40
5.98739352309  5.8162676577e-40
6.07097442198  2.65086075981e-38
6.15572206672  5.78401435643e-38
6.24165274451  8.96090514735e-38
6.32878296985  1.21821436811e-37
6.41712948781  1.5448349029e-37
6.50670927721  1.87601489045e-37
6.59753955386  2.21181797834e-37
6.68963777393  2.55230870264e-37
6.78302163724  2.89755250034e-37
6.8777090907  3.24761572185e-37
6.97371833175  3.60256564382e-37
7.07106781187  8.34676825824e-36
7.16977624008  1.94260023229e-35
7.2698625866  3.06598967316e-35
7.37134608646  4.20506104623e-35
7.47424624317  5.36003326311e-35
7.57858283255  6.5311282913e-35
7.68437590644  7.71857119688e-35
7.7916457966  8.9225901877e-35
7.90041311863  1.01434166573e-34
8.0106987759  2.59053637544e-34
8.12252396356  1.45226304251e-33
8.23591017268  2.69200381508e-33
8.35087919428  3.94905072391e-33
8.46745312363  5.22364535366e-33
8.58565436438  6.51603266138e-33
8.70550563296  7.8264610236e-33
8.82702996291  9.15518228407e-33
8.95025070928  1.05024518021e-32
9.07519155317  4.07682374442e-32
9.20187650625  9.08444683924e-32
9.33032991537  1.41619737475e-31
9.46057646726  1.93103802899e-31
9.59264119325  2.45306559095e-31
9.72654947412  2.9823803861e-31
9.86232704493  3.51908414045e-31
10  4.81457170668e-31
10.1395947979  1.65178901781e-30
10.2811382666  2.91463602352e-30
10.4246576084  4.19511171649e-30
10.5701804056  5.49346218402e-30
10.7177346254  6.80993694865e-30
10.8673486253  8.14478901616e-30
11.0190511588  1.21413252654e-29
11.1728713807  3.20518462189e-29
11.328838853  5.25534115631e-29
11.48698355  7.33411680945e-29
11.6473358647  9.4419110893e-29
11.8099266143  1.15791290808e-28
11.9747870462  1.39898265851e-28
12.141948844  3.61644710517e-28
12.3114441334  6.25374974099e-28
12.483305489  8.92786774966e-28
12.6575659397  1.16393150546e-27
12.8342589756  1.43886127535e-27
13.0134185544  1.93859444155e-27
13.1950791077  4.25034527413e-27
13.3792755479  6.66148588528e-27
13.5660432745  9.10628476506e-27
13.7554181814  1.15852117654e-26
13.9474366635  1.40987432971e-26
14.1421356237  2.6378629574e-26
14.3395524802  4.24789040491e-26
14.5397251732  5.88039299803e-26
14.7426921729  7.5356844781e-26
14.9484924863  9.21430872674e-26
15.1571656651  1.63392860383e-25
15.3687518129  2.53661539114e-25
15.5832915932  3.45190321641e-25
15.8008262373  4.37996798358e-25
16.0213975518  5.63341017235e-25
16.2450479271  9.1272362905e-25
16.4718203454  1.27340969569e-24
16.7017583886  1.63913075218e-24
16.9349062473  2.00995708438e-24
17.1713087288  2.85016721318e-24
17.4110112659  3.88095763673e-24
17.6540599258  4.92613735838e-24
17.9005014186  5.98590724522e-24
18.1503831063  7.58490648662e-24
18.4037530125  9.55805503519e-24
18.6606598307  1.1558747711e-23
18.9211529345  1.35873690159e-23
19.1852823865  1.62664463106e-23
19.4530989482  1.92513690178e-23
19.7246540899  2.22779596932e-23
20  2.53468e-23

