4 20 101
101
4  0
4.06489836507  3.85066012351e-43
4.13084967959  7.76379563364e-43
4.19787102722  1.1740420168e-42
4.26597976883  1.578156381e-42
4.33519354694  1.98882733559e-42
4.4055302903  2.40616125856e-42
4.47700821858  2.83026625386e-42
4.54964584702  3.26125217936e-42
4.6234619913  3.69923067534e-42
4.69847577235  4.1443151934e-42
4.77470662134  4.59662102585e-42
4.85217428469  5.05626533555e-42
4.93089882922  5.52336718631e-42
5.0109006473  3.86236053277e-40
5.09220046219  2.92088478546e-39
5.17481933334  5.53291068743e-39
5.2587786619  8.18731564204e-39
5.34410019626  1.08847872321e-38
5.43080603763  1.36260241962e-38
5.51891864584  1.64117366095e-38
5.60846084511  1.92426460682e-38
5.69945582996  2.21194858757e-38
5.79192717125  2.50430012333e-38
5.88589882225  2.80139494326e-38
5.98139512488  3.81753160082e-38
6.07844081599  1.61231188864e-36
6.17706103378  3.59964524465e-36
6.27728132428  5.61922227206e-36
6.37912764804  7.67156611128e-36
6.48262638677  9.75720839044e-36
6.58780435024  1.18766893631e-35
6.69468878317  1.40305580482e-35
6.80330737234  1.62193723724e-35
6.91368825372  1.84436993144e-35
7.02586001978  1.01107991963e-34
7.13985172691  4.56584300188e-34
7.25569290288  8.18061708658e-34
7.3734135546  1.18540394033e-33
7.49304417576  1.55870614957e-33
7.61461575486  1.93806503457e-33
7.73815978314  2.32357886243e-33
7.86370826279  2.71534749457e-33
7.9912937152  3.98692075585e-33
8.12094918942  2.74723948253e-32
8.25270827072  5.39788119212e-32
8.38660508926  8.09152848004e-32
8.52267432896  1.08288790942e-31
8.66095123645  1.36106421033e-31
8.80147163025  1.64375380802e-31
8.94427191  1.93102992888e-31
9.08938906592  8.21933091186e-31
9.23686068839  1.84086408126e-30
9.38672497765  2.87632681017e-30
9.53902075375  3.92858949864e-30
9.69378746657  4.99792471913e-30
9.85106520605  6.08460946649e-30
10.0108947126  9.57525438535e-30
10.1733173875  3.34936569422e-29
10.3383753039  5.86165199429e-29
10.5061112176  8.41469911272e-29
10.6765685779  1.10091683771e-28
10.8497915392  1.36457318449e-28
11.0258249723  2.30912809571e-28
11.2047144759  6.87024787306e-28
11.3865063885  1.15564070803e-27
11.5712478006  1.63185973052e-27
11.7589865666  2.11580521201e-27
11.9497713174  2.60760251114e-27
12.1436514728  6.44535945149e-27
12.3406772544  1.15314657295e-26
12.5408996988  1.67000920031e-26
12.7443706706  2.19525771253e-26
12.9511428756  2.73017616278e-26
13.1612698752  5.49891963631e-26
13.3748060995  8.99951505231e-26
13.5918068618  1.25569061981e-25
13.8123283727  1.61720145613e-25
14.036427755  2.23406598698e-25
14.2641630582  4.07610884699e-25
14.4955932736  5.96079320624e-25
14.7307783496  7.87605579889e-25
14.9697792074  9.90598665144e-25
15.2126577564  1.63082188243e-24
15.4594769106  2.35502877187e-24
15.7103006046  3.0909856221e-24
15.9651938106  3.85318890972e-24
16.2242225547  5.49545304058e-24
16.4874539343  7.32032827035e-24
16.7549561354  9.17481135483e-24
17.0267984504  1.1181632403e-23
17.3030512959  1.40833678002e-23
17.5837862308  1.70567718637e-23
17.8690759753  2.00784181929e-23
18.1589944294  2.34941551087e-23
18.4536166918  2.72540654976e-23
18.75301908  3.10749788957e-23
19.0572791496  3.49807397877e-23
19.3664757145  3.90465687118e-23
19.6806888673  4.3178911569e-23
20  4.73783e-23

