3 20 101
101
3  0
3.05745688936  4.08533422167e-40
3.11601421011  8.24891197547e-40
3.17569303801  1.24922318047e-39
3.23651485253  1.68168209533e-39
3.29850154446  2.12242359153e-39
3.3616754239  2.57160629952e-39
3.4260592282  3.0293918879e-39
3.49167613021  3.49594512158e-39
3.55854974658  3.97143392111e-39
3.62670414627  4.45602942308e-39
3.69616385924  4.94990604177e-39
3.76695388521  5.45324153187e-39
3.83909970275  5.9662170525e-39
3.91262727838  6.48901723236e-39
3.98756307593  2.85925649952e-38
4.06393406609  2.27682649096e-36
4.1417677361  5.03999102788e-36
4.22109209963  7.85607651118e-36
4.30193570688  1.07260964985e-35
4.38432765487  1.36510839594e-35
4.46829759787  1.66320916473e-35
4.55387575811  1.96701924782e-35
4.64109293664  2.27664799169e-35
4.72998052444  2.59220683705e-35
4.82057051367  2.91380935896e-35
4.91289550923  3.24157130772e-35
5.00698874047  2.05150949241e-34
5.10288407317  1.77294138579e-33
5.20061602171  3.42336933855e-33
5.30021976151  5.10540677675e-33
5.40173114165  6.81965909461e-33
5.50518669785  8.56674328106e-33
5.61062366552  1.03472881418e-32
5.71807999326  1.21619345255e-32
5.82759435644  1.40113355548e-32
5.93920617117  1.58961568608e-32
6.05295560847  1.20212036484e-31
6.16888360871  3.46328117073e-31
6.28703189637  5.76774839871e-31
6.40744299507  8.11635146621e-31
6.53016024283  1.05099356759e-30
6.6552278077  1.294936252e-30
6.78269070364  1.54355099901e-30
6.91259480676  1.79692728937e-30
7.04498687177  6.10048886997e-30
7.17991454885  1.84966993469e-29
7.31742640081  3.11303257219e-29
7.45757192053  4.40059150545e-29
7.60040154878  5.7128101491e-29
7.74596669241  7.05016079322e-29
7.89431974284  8.41312477335e-29
8.04551409486  2.04187038615e-28
8.19960416593  5.77770648254e-28
8.35664541573  9.58509241935e-28
8.51669436609  1.34653985403e-27
8.67980862141  1.74200214345e-27
8.84604688929  2.14503844387e-27
9.01546900177  3.28131981512e-27
9.18813593677  9.79742178361e-27
9.36410984009  1.66059946421e-26
9.54345404778  2.35449673065e-26
9.72623310891  3.06168372324e-26
9.91251280879  3.78241497076e-26
10.1023601927  6.61789375359e-26
10.29584359  1.13377451609e-25
10.4930326387  1.61479925615e-25
10.6939983105  2.10503672464e-25
10.8988129364  2.60466336646e-25
11.1075502328  4.31673210658e-25
11.3202853277  7.21497121955e-25
11.5370947883  1.01687182672e-24
11.7580566479  1.3179036354e-24
11.9832504345  1.64902528192e-24
12.2127571994  2.64407046666e-24
12.4466595458  3.73966437919e-24
12.6850416593  4.85624143114e-24
12.9279893377  5.99420349779e-24
13.175590022  7.99518034056e-24
13.4279328281  1.03860779595e-23
13.6851085784  1.28227667584e-23
13.9472098349  1.53085517818e-23
14.2143309324  1.84905162975e-23
14.4865680123  2.18999318153e-23
14.7640190574  2.53746454698e-23
15.0467839273  2.89626786382e-23
15.3349643938  3.28440471632e-23
15.628664178  3.68020041949e-23
15.9279889875  4.08357246849e-23
16.2330465545  4.4830282005e-23
16.5439466745  4.88646152318e-23
16.8608012457  5.29762152046e-23
17.1837243096  5.69806143851e-23
17.5128320918  6.09181257126e-23
17.8482430438  6.49310494243e-23
18.1900778857  6.88123524155e-23
18.5384596499  7.25983563997e-23
18.893513725  7.64568710547e-23
19.2553679009  8.01262306515e-23
19.6241524153  8.37540745548e-23
20  8.74514e-23

