5 20 101
101
5  0
5.06979739895  3.82482766507e-42
5.14056913328  7.70304793463e-42
5.21232880421  1.16354061417e-41
5.28509020281  1.56226580236e-41
5.35886731268  1.96655698676e-41
5.43367431263  2.37649186578e-41
5.50952557938  2.79214922246e-41
5.58643569036  3.21360893961e-41
5.66441942648  3.64095201516e-41
5.74349177499  4.07426057774e-41
5.82366793234  4.51361790244e-41
5.90496330715  4.95910842684e-41
5.98739352309  1.31412961173e-40
6.07097442198  6.47449231817e-39
6.15572206672  1.41399846686e-38
6.24165274451  2.19124833046e-38
6.32878296985  2.97934819782e-38
6.41712948781  3.77844952935e-38
6.50670927721  4.58870589977e-38
6.59753955386  5.41027302762e-38
6.68963777393  6.24330880519e-38
6.78302163724  7.08797332885e-38
6.8777090907  7.94442892987e-38
6.97371833175  8.81284020554e-38
7.07106781187  2.31203525347e-36
7.16977624008  5.39759107076e-36
7.2698625866  8.52621964212e-36
7.37134608646  1.16985222408e-35
7.47424624317  1.49151085335e-35
7.57858283255  1.81765966975e-35
7.68437590644  2.14836135397e-35
7.7916457966  2.48367946166e-35
7.90041311863  2.8236784357e-35
8.0106987759  7.78232843993e-35
8.12252396356  4.56381778384e-34
8.23591017268  8.49715158889e-34
8.35087919428  1.24853926877e-33
8.46745312363  1.65293075575e-33
8.58565436438  2.06296733753e-33
8.70550563296  2.47872781667e-33
8.82702996291  2.90029209583e-33
8.95025070928  3.32774119302e-33
9.07519155317  1.61759375893e-32
9.20187650625  3.75321930699e-32
9.33032991537  5.91865707673e-32
9.46057646726  8.11432323126e-32
9.59264119325  1.03406397431e-31
9.72654947412  1.25980344753e-31
9.86232704493  1.48869412636e-31
10  2.10363582034e-31
10.1395947979  8.02174298212e-31
10.2811382666  1.44106641296e-30
10.4246576084  2.08887712928e-30
10.5701804056  2.7457309462e-30
10.7177346254  3.4117541007e-30
10.8673486253  4.08707459197e-30
11.0190511588  6.42729332546e-30
11.1728713807  1.87329400487e-29
11.328838853  3.14064794013e-29
11.48698355  4.42569347704e-29
11.6473358647  5.72867758115e-29
11.8099266143  7.04985066552e-29
11.9747870462  8.55195052349e-29
12.141948844  2.32329090767e-28
12.3114441334  4.07122225036e-28
12.483305489  5.84355380531e-28
12.6575659397  7.64062618678e-28
12.8342589756  9.46278476384e-28
13.0134185544  1.26462282639e-27
13.1950791077  2.67865024329e-27
13.3792755479  4.15299354743e-27
13.5660432745  5.64791791713e-27
13.7554181814  7.16371065336e-27
13.9474366635  8.70066306765e-27
14.1421356237  1.60248475982e-26
14.3395524802  2.56132875806e-26
14.5397251732  3.53355771971e-26
14.7426921729  4.51935849191e-26
14.9484924863  5.51906320813e-26
15.1571656651  9.95994546479e-26
15.3687518129  1.56019345283e-25
15.5832915932  2.13226828242e-25
15.8008262373  2.71232897902e-25
16.0213975518  3.52819925848e-25
16.2450479271  5.97563352162e-25
16.4718203454  8.50407114995e-25
16.7017583886  1.10678044523e-24
16.9349062473  1.36673261378e-24
17.1713087288  2.00546993075e-24
17.4110112659  2.79766524286e-24
17.6540599258  3.60091918942e-24
17.9005014186  4.41538614321e-24
18.1503831063  5.77037115678e-24
18.4037530125  7.49926098102e-24
18.6606598307  9.25228520781e-24
18.9211529345  1.10297807409e-23
19.1852823865  1.3504779125e-23
19.4530989482  1.63045870248e-23
19.7246540899  1.91434787863e-23
20  2.2022e-23

