7 20000 201
201
7  0
7.28413019689  4.36324536854e-42
7.57979324646  8.90359498932e-42
7.88745726754  1.36282375289e-41
8.20760937988  1.74184513406e-39
8.54075647546  4.51231087285e-39
8.88742602103  7.3952298939e-39
9.2481668932  4.26214320687e-37
9.62355024752  1.05831431782e-36
10.0141704227  1.8330766138e-36
10.4206458819  5.8738044407e-36
10.8436201913  1.00785455238e-35
11.2837630399  8.06632550491e-35
11.7417712991  1.92081504432e-34
12.2183701264  7.71760172148e-32
12.7143141134  2.51872832208e-31
13.2303884809  1.64098905943e-30
13.7674103215  4.64436640421e-30
14.3262298937  3.05560214753e-29
14.907731968  7.44246775241e-29
15.5128372279  4.76638590336e-28
16.1425037273  1.73403520038e-27
16.7977284077  5.78910870355e-27
17.4795486762  2.61824190882e-26
18.1890440486  4.54770836313e-26
18.9273378582  3.96991273704e-26
19.6955990342  3.36866437024e-26
20.495043953  2.74301131532e-26
21.3269383635  2.0919629853e-26
22.1925993915  6.18265729859e-24
23.0933976251  2.06758428006e-23
24.0307592842  3.91331985025e-23
25.0061684795  5.32133027201e-23
26.0211695614  6.66159286509e-23
27.0773695658  7.9367890449e-23
28.1764407581  9.14949358693e-23
29.320123281  1.0302178655e-22
30.5102279097  1.13972176975e-22
31.7486389187  1.24368892154e-22
33.0373170654  1.34233804055e-22
34.3783026943  1.43587906806e-22
35.7737189676  1.52451350733e-22
37.2257752267  1.60843475237e-22
38.7367704903  1.68782840567e-22
40.309097094  1.76287258517e-22
41.9452444788  1.83373822088e-22
43.647803132  1.90058934143e-22
45.4194686888  1.96358335109e-22
47.2630462004  2.02287129743e-22
49.1814545751  2.07859813012e-22
51.1777311996  2.13090295122e-22
53.2550367485  2.1799192573e-22
55.416660188  2.22577517373e-22
57.6660239838  2.26859368162e-22
60.0066895193  2.30849283766e-22
62.4423627347  2.34558598723e-22
64.9768999944  2.37998197131e-22
67.6143141928  2.41178532723e-22
70.3587811077  2.44109648401e-22
73.2146460118  2.46801195233e-22
76.1864305528  2.49262450965e-22
79.2788399118  2.51502338084e-22
82.4967702537  2.53529441456e-22
85.8453164787  2.5535202559e-22
89.3297802892  2.56978051548e-22
92.9556785837  2.58415193547e-22
96.728752192  2.59670855278e-22
100.654974964  2.60752185976e-22
104.740563229  2.6166609628e-22
108.991985637  2.62419273895e-22
113.415973399  2.63018199108e-22
118.01953095  2.63469160156e-22
122.80994703  2.6377826849e-22
127.794806235  2.63951473933e-22
132.982001014  2.6399457976e-22
138.379744176  2.63913257696e-22
143.996581884  2.63713062838e-22
149.841407193  2.63399448476e-22
155.923474126  2.62977780819e-22
162.252412326  2.6245335356e-22
168.838242306  2.6183140227e-22
175.69139131  2.61117118523e-22
182.822709825  2.60315663697e-22
190.243488759  2.59432182346e-22
197.965477319  2.58471815003e-22
206.000901611  2.57439710294e-22
214.362484002  2.56341036167e-22
223.063463257  2.55180990048e-22
232.117615505  2.53964807694e-22
241.539276047  2.52697770492e-22
251.343362056  2.5138521092e-22
261.545396191  2.50032515882e-22
272.161531179  2.48645127589e-22
283.208575385  2.47228541675e-22
294.704019425  2.45788302229e-22
306.666063863  2.44329993425e-22
319.113648021  2.42859227494e-22
332.06647997  2.41381628806e-22
345.545067732  2.39902813902e-22
359.57075175  2.38428367417e-22
374.165738677  2.36963813938e-22
389.353136535  2.35514585975e-22
405.156991298  2.3420246073e-22
421.602324971  2.32797005429e-22
438.7151752  2.31422384735e-22
456.522636501  2.30083264775e-22
475.052903157  2.28784018381e-22
494.335313858  2.27528682477e-22
514.400398152  2.26320917179e-22
535.279924781  2.25163967881e-22
557.006951984  2.24060631577e-22
579.615879832  2.23013228636e-22
603.142504697  2.2202358113e-22
627.624075928  2.21092998672e-22
653.099354823  2.20222272499e-22
679.608676005  2.19411678333e-22
707.194011279  2.18660988303e-22
735.899036089  2.17969491991e-22
765.769198662  2.17336026518e-22
796.851791975  2.16759015446e-22
829.196028624  2.16236516359e-22
862.853118749  2.15766277234e-22
897.876351109  2.1534580244e-22
934.321177455  2.14972430947e-22
972.245300327  2.14643434156e-22
1011.70876441  2.14357196609e-22
1052.77405162  2.14136437095e-22
1095.50617999  2.13990704999e-22
1139.97280664  2.139189021e-22
1186.24433493  2.13197708587e-22
1234.39402585  2.13333941618e-22
1284.49811408  2.13532601403e-22
1336.63592866  2.13794765837e-22
1390.8900186  2.14121268529e-22
1447.34628358  2.14512693594e-22
1506.09410994  2.14969373102e-22
1567.22651222  2.15491387271e-22
1630.84028043  2.16078567395e-22
1697.03613329  2.16730501445e-22
1765.91887767  2.17446542225e-22
1837.59757458  2.18225817879e-22
1912.18571182  2.21357222648e-22
1989.80138365  2.23131572693e-22
2070.56747778  2.24758323885e-22
2154.61186994  2.26254394006e-22
2242.06762635  2.27634652247e-22
2333.07321436  2.2891227059e-22
2427.77272176  2.30098999468e-22
2526.31608482  2.31205386206e-22
2628.85932576  2.32240949661e-22
2735.56479973  2.33214320979e-22
2846.6014519  2.34133357852e-22
2962.1450849  2.35005237881e-22
3082.37863721  2.35531550657e-22
3207.49247279  2.36190887338e-22
3337.68468248  2.36782733833e-22
3473.16139762  2.37312292582e-22
3614.13711644  2.37784308493e-22
3760.83504366  2.38203124297e-22
3913.48744386  2.38572727586e-22
4072.33600928  2.38896790935e-22
4237.63224244  2.39178706275e-22
4409.63785435  2.39421614425e-22
4588.62517889  2.39628430551e-22
4774.87760397  2.39801866166e-22
4968.69002022  2.39944448193e-22
5170.36928789  2.4005853551e-22
5380.23472272  2.40146333363e-22
5598.61860144  2.40209905929e-22
5825.86668795  2.40251187308e-22
6062.33878068  2.40271991161e-22
6308.4092823  2.40274019186e-22
6564.46779251  2.40258868608e-22
6830.91972484  2.40228038813e-22
7108.18694861  2.40182937258e-22
7396.70845679  2.40124884774e-22
7696.9410611  2.40055120327e-22
8009.36011526  2.39974805358e-22
8334.46026762  2.39885027737e-22
8672.7562443  2.39786805402e-22
9024.7836642  2.39681089748e-22
9391.09988697  2.39568768787e-22
9772.28489553  2.39450670127e-22
10168.9422143  2.39327563801e-22
10581.6998648  2.39200164969e-22
11011.21136  2.39069136509e-22
11458.1567388  2.38935091525e-22
11923.2436431  2.38798595765e-22
12407.2084379  2.38660169983e-22
12910.8173774  2.3852029223e-22
13434.8678179  2.38379400095e-22
13980.1894805  2.38237892882e-22
14547.6457647  2.38096133744e-22
15138.1351155  2.37954451763e-22
15752.5924456  2.37813143966e-22
16391.9906161  2.37672477303e-22
17057.3419762  2.37532690555e-22
17749.6999668  2.37393996186e-22
18470.1607877  2.37256582144e-22
19219.8651336  2.37120613582e-22
20000  2.36986234526e-22

