3 20 101
101
3  0
3.05745688936  3.55692044726e-41
3.11601421011  7.18196408939e-41
3.17569303801  1.0876435642e-40
3.23651485253  1.46416648091e-40
3.29850154446  1.84790067613e-40
3.3616754239  2.23898426243e-40
3.4260592282  2.6375579975e-40
3.49167613021  3.04376533491e-40
3.55854974658  3.45775247567e-40
3.62670414627  3.87966842088e-40
3.69616385924  4.30966502535e-40
3.76695388521  4.74789705226e-40
3.83909970275  5.19452222887e-40
3.91262727838  5.64970130326e-40
3.98756307593  3.37956572519e-39
4.06393406609  2.91876511309e-37
4.1417677361  6.46454873292e-37
4.22109209963  1.00782422518e-36
4.30193570688  1.37611463002e-36
4.38432765487  1.75145864188e-36
4.46829759787  2.13399135353e-36
4.55387575811  2.52385044507e-36
4.64109293664  2.92117623351e-36
4.72998052444  3.32611172324e-36
4.82057051367  3.73880265752e-36
4.91289550923  4.15939757091e-36
5.00698874047  3.36178125609e-35
5.10288407317  3.02148781578e-34
5.20061602171  5.84838813141e-34
5.30021976151  8.72943007994e-34
5.40173114165  1.1665650598e-33
5.50518669785  1.46581064818e-33
5.61062366552  1.77078747679e-33
5.71807999326  2.08160531203e-33
5.82759435644  2.39837602259e-33
5.93920617117  2.72121361971e-33
6.05295560847  2.48102464734e-32
6.16888360871  7.27815938009e-32
6.28703189637  1.21671702594e-31
6.40744299507  1.71498169244e-31
6.53016024283  2.22278927155e-31
6.6552278077  2.74032253195e-31
6.78269070364  3.26776774278e-31
6.91259480676  3.80531474066e-31
7.04498687177  1.44729524796e-30
7.17991454885  4.53832641681e-30
7.31742640081  7.68855793094e-30
7.45757192053  1.08991236129e-29
7.60040154878  1.41711790007e-29
7.74596669241  1.75059017632e-29
7.89431974284  2.09044921247e-29
8.04551409486  5.44514743774e-29
8.19960416593  1.59829898778e-28
8.35664541573  2.67226562003e-28
8.51669436609  3.7668011796e-28
8.67980862141  4.88229960869e-28
8.84604688929  6.01916239439e-28
9.01546900177  9.54763274051e-28
9.18813593677  3.06450647236e-27
9.36410984009  5.26942411028e-27
9.54345404778  7.51657098446e-27
9.72623310891  9.80675588174e-27
9.91251280879  1.21408030791e-26
10.1023601927  2.3144852494e-26
10.29584359  4.18728844524e-26
10.4930326387  6.09596012309e-26
10.6939983105  8.04118724675e-26
10.8988129364  1.0023669937e-25
11.1075502328  1.7278301168e-25
11.3202853277  2.96906919321e-25
11.5370947883  4.23408084838e-25
11.7580566479  5.52332038179e-25
11.9832504345  6.98019633716e-25
12.2127571994  1.23293153906e-24
12.4466595458  1.82597737205e-24
12.6850416593  2.43038139464e-24
12.9279893377  3.04636114224e-24
13.175590022  4.41778295502e-24
13.4279328281  6.1262853164e-24
13.6851085784  7.8675094215e-24
13.9472098349  9.64520263435e-24
14.2143309324  1.22905269877e-23
14.4865680123  1.52005233102e-23
14.7640190574  1.81662527449e-23
15.0467839273  2.12929060266e-23
15.3349643938  2.49794933948e-23
15.628664178  2.87416995203e-23
15.9279889875  3.25759779062e-23
16.2330465545  3.65336216303e-23
16.5439466745  4.05828158829e-23
16.8608012457  4.47095615041e-23
17.1837243096  4.87810229381e-23
17.5128320918  5.28267449044e-23
17.8482430438  5.69499517371e-23
18.1900778857  6.09596545823e-23
18.5384596499  6.48895402352e-23
18.893513725  6.88946922231e-23
19.2553679009  7.27153617802e-23
19.6241524153  7.64982058149e-23
20  8.03535e-23

