6 20 101
101
6  0
6.0726749839  2.58191688547e-41
6.14623024334  5.19510723229e-41
6.22067644067  7.83994984017e-41
6.29602436737  1.0516828097e-40
6.37228494562  1.32261300346e-40
6.44946922993  1.59682483846e-40
6.52758840867  1.87435806358e-40
6.60665380575  2.15525290914e-40
6.68667688224  2.43955009277e-40
6.76766923803  2.72729082527e-40
6.84964261352  3.01851681662e-40
6.93260889129  3.313270282e-40
7.01658009788  4.07470906776e-39
7.10156840549  2.27666150547e-38
7.18758613374  4.17466617084e-38
7.2746457515  6.09566041262e-38
7.36275987864  8.03992269201e-38
7.45194128792  1.0007734843e-37
7.54220290677  1.19993821135e-37
7.63355781924  1.40151532061e-37
7.72601926784  1.60553403207e-37
7.81960065549  1.81202391962e-37
7.91431554744  2.02101491539e-37
8.01017767327  7.94856590856e-37
8.10720092884  5.23868597806e-36
8.20539937834  9.83499127905e-36
8.30478725629  1.44869693157e-35
8.40537896964  1.91952944238e-35
8.50718909986  2.39606491071e-35
8.610232405  2.87837241362e-35
8.7145238219  3.36652186487e-35
8.82007846831  3.86058402504e-35
8.92691164508  4.3606305118e-35
9.03503883843  2.10075023018e-34
9.14447572211  7.19322346822e-34
9.25523815976  1.23473792747e-33
9.36734220713  1.75639647795e-33
9.48080411448  2.28437361623e-33
9.59564032887  2.81874587618e-33
9.7118674966  3.35959071869e-33
9.82950246559  3.90698654291e-33
9.94856228783  4.46101269757e-33
10.0690642218  2.23747766512e-32
10.1910257352  5.35862682955e-32
10.3144645071  8.51758090487e-32
10.4393984307  1.17147978029e-31
10.5658456162  1.49507409821e-31
10.6938243929  1.82258795144e-31
10.8233533122  2.15406881533e-31
10.9544511501  2.48956474029e-31
11.0871369103  8.57295802146e-31
11.2214298263  1.77688628601e-30
11.357349365  2.70761530715e-30
11.4949152287  3.64961778105e-30
11.6341473586  4.60303025739e-30
11.7750659372  5.5679909398e-30
11.9176913918  6.54463970588e-30
12.0620443968  1.26126310341e-29
12.2081458772  2.5574264934e-29
12.3560170113  3.86928965898e-29
12.5056792342  5.19704276364e-29
12.6571542404  6.5408782742e-29
12.8104639872  7.90099098879e-29
12.9656306978  9.29343645466e-29
13.1226768649  2.17371318608e-28
13.2816252532  3.74855011825e-28
13.4424989034  5.34246225854e-28
13.6053211353  6.95568065536e-28
13.7701155511  8.58843915567e-28
13.9369060387  1.02409744389e-27
14.1057167757  2.02238106924e-27
14.2765722323  3.53473889725e-27
14.4494971752  5.06541515539e-27
14.6245166709  6.6146317256e-27
14.8016560898  8.18261317737e-27
14.9809411095  9.97762479742e-27
15.1623977185  2.00254959904e-26
15.3460522202  3.1433050275e-26
15.5319312365  4.29787785302e-26
15.7200617119  5.46643543879e-26
15.9104709172  6.64914717519e-26
16.1031864535  1.0731053727e-25
16.2982362562  1.7395759198e-25
16.4956485991  2.41411908962e-25
16.6954520985  3.09683266178e-25
16.8976757173  3.78781560024e-25
17.1023487691  5.53821060556e-25
17.3095009226  8.37332605215e-25
17.5191622061  1.1242781827e-24
17.7313630113  1.41469938772e-24
17.9461340982  1.70865117943e-24
18.1635065993  2.45117556911e-24
18.3835120242  3.35109675956e-24
18.6061822643  4.26191824302e-24
18.831549597  5.18377204925e-24
19.059646691  6.34738233586e-24
19.2905066104  8.18419388995e-24
19.52416282  1.00432538191e-23
19.7606491897  1.19248316066e-23
20  1.38292e-23

