5 20 101
101
5  0
5.06979739895  8.91808346126e-42
5.14056913328  1.79606587284e-41
5.21232880421  2.71294636422e-41
5.28509020281  3.64262603028e-41
5.35886731268  4.58528354086e-41
5.43367431263  5.54110005991e-41
5.50952557938  6.51025928034e-41
5.58643569036  7.49294745931e-41
5.66441942648  8.48935345406e-41
5.74349177499  9.49966875816e-41
5.82366793234  1.05240875383e-40
5.90496330715  1.15628066718e-40
5.98739352309  2.9253063788e-40
6.07097442198  1.39445199279e-38
6.15572206672  3.04425328338e-38
6.24165274451  4.71708494173e-38
6.32878296985  6.41326845982e-38
6.41712948781  8.13312981745e-38
6.50670927721  9.87699954494e-38
6.59753955386  1.16452127866e-37
6.68963777393  1.34381093654e-37
6.78302163724  1.52560338476e-37
6.8777090907  1.709933561e-37
6.97371833175  1.8968368906e-37
7.07106781187  4.44935273192e-36
7.16977624008  1.03586413662e-35
7.2698625866  1.63504205957e-35
7.37134608646  2.24258419464e-35
7.47424624317  2.85860730185e-35
7.57858283255  3.48322977118e-35
7.68437590644  4.11657164525e-35
7.7916457966  4.75875464241e-35
7.90041311863  5.40990218014e-35
8.0106987759  1.42290399059e-34
8.12252396356  8.12219473922e-34
8.23591017268  1.50828256941e-33
8.35087919428  2.21406234362e-33
8.46745312363  2.92969443632e-33
8.58565436438  3.65531638076e-33
8.70550563296  4.39106763006e-33
8.82702996291  5.13708958406e-33
8.95025070928  5.89352561645e-33
9.07519155317  2.71021118536e-32
9.20187650625  6.2320410992e-32
9.33032991537  9.80303392655e-32
9.46057646726  1.34238759561e-31
9.59264119325  1.70952630568e-31
9.72654947412  2.08179008115e-31
9.86232704493  2.45925046527e-31
10  3.42834998623e-31
10.1395947979  1.2519992414e-30
10.2811382666  2.23331048466e-30
10.4246576084  3.2283203224e-30
10.5701804056  4.23721997985e-30
10.7177346254  5.26020335169e-30
10.8673486253  6.29746703922e-30
11.0190511588  9.6629133051e-30
11.1728713807  2.69574633628e-29
11.328838853  4.47675247091e-29
11.48698355  6.28262052468e-29
11.6473358647  8.11369755705e-29
11.8099266143  9.97033547225e-29
11.9747870462  1.20771569025e-28
12.141948844  3.23743585553e-28
12.3114441334  5.65344205148e-28
12.483305489  8.10317443709e-28
12.6575659397  1.05871038124e-27
12.8342589756  1.31057075497e-27
13.0134185544  1.75735594886e-27
13.1950791077  3.77397574763e-27
13.3792755479  5.87688756175e-27
13.5660432745  8.00915493085e-27
13.7554181814  1.01711876432e-26
13.9474366635  1.23634012075e-26
14.1421356237  2.25928047416e-26
14.3395524802  3.5967263739e-26
14.5397251732  4.95284232265e-26
14.7426921729  6.32788894459e-26
14.9484924863  7.72232183407e-26
15.1571656651  1.37321432507e-25
15.3687518129  2.13534170494e-25
15.5832915932  2.90810798658e-25
15.8008262373  3.6916616835e-25
16.0213975518  4.76663603073e-25
16.2450479271  7.85225332499e-25
16.4718203454  1.10386371089e-24
16.7017583886  1.42695011529e-24
16.9349062473  1.75454663782e-24
17.1713087288  2.52108459432e-24
17.4110112659  3.46567798551e-24
17.6540599258  4.42345740905e-24
17.9005014186  5.3946069351e-24
18.1503831063  6.91618239681e-24
18.4037530125  8.81916775097e-24
18.6606598307  1.07487177907e-23
18.9211529345  1.27052033452e-23
19.1852823865  1.53426581517e-23
19.4530989482  1.82989780501e-23
19.7246540899  2.12965666364e-23
20  2.4336e-23

