1 20 101
101
1  0
1.03041055791  2.0696969556e-36
1.06174591785  4.20233455033e-36
1.09403420358  6.39982684414e-36
1.12730439408  8.66414610461e-36
1.16158634964  1.09973245771e-35
1.1969108386  1.34014563086e-35
1.23330956497  1.58786990274e-35
1.27081519692  1.84312760793e-35
1.30946139606  2.10614784235e-35
1.34928284767  2.37716666884e-35
1.39031529185  2.65642732905e-35
1.43259555555  2.94418046173e-35
1.47616158565  3.24068432773e-35
1.52105248304  3.54620504171e-35
1.56730853766  3.86101681105e-35
1.61497126471  4.18540218194e-35
1.66408344188  4.51965229294e-35
1.71468914776  4.86406713629e-35
1.76683380139  5.21895582719e-35
1.82056420303  5.58463688117e-35
1.87592857615  5.96143850001e-35
1.93297661076  6.34969886631e-35
1.99175950792  1.74564119065e-33
2.05233002578  1.08068960503e-31
2.11474252688  2.36878497951e-31
2.17905302696  3.69605205297e-31
2.24531924523  5.06368205864e-31
2.31360065617  6.47290245579e-31
2.3839585429  7.92497803144e-31
2.45645605223  9.42121203547e-31
2.53115825126  1.09629473503e-30
2.60813218585  1.25515676963e-30
2.68744694072  1.41884988732e-30
2.76917370155  1.58752100406e-30
2.85338581877  1.76132150355e-30
2.94015887345  1.9404073732e-30
3.02957074514  2.85062208199e-29
3.12170168173  1.10890173266e-28
3.21663437151  1.9577946767e-28
3.31445401734  2.83250292876e-28
3.41524841318  3.73381154679e-28
3.51910802283  4.66252946273e-28
3.62612606115  5.61949020865e-28
3.73639857773  6.60555266474e-28
3.85002454306  7.62160183026e-28
3.96710593738  8.66854961777e-28
4.08774784223  5.95547886148e-27
4.21205853471  1.3122764863e-26
4.34014958471  2.05080120306e-26
4.472135955  2.81178486849e-26
4.60813610445  3.59591047174e-26
4.74827209431  4.40388177206e-26
4.89266969782  5.2364239304e-26
5.041458513  9.33058696521e-26
5.19477207907  2.2182381804e-25
5.35274799621  3.5425006894e-25
5.51552804914  4.90703476012e-25
5.68325833429  6.31306507322e-25
5.85608939099  7.76185355258e-25
6.03417633655  1.06604441269e-24
6.21767900547  1.95424234224e-24
6.40676209294  2.87275293908e-24
6.6015953026  3.81919595561e-24
6.80235349885  4.79442083232e-24
7.00921686386  5.93519928611e-24
7.22237105921  8.47191990954e-24
7.44200739256  1.11558912777e-23
7.66832298935  1.39214837125e-23
7.9015209697  1.67711793562e-23
8.14181063074  2.01899656734e-23
8.38940763443  2.4057926065e-23
8.64453420113  2.80435132901e-23
8.90741930907  3.21503044464e-23
9.17829889981  3.63191707105e-23
9.45741609003  4.058120647e-23
9.74502138973  4.49728531147e-23
10.041372927  4.94161090271e-23
10.34673668  5.35365656896e-23
10.661386715  5.7774649941e-23
10.9856054331  6.21113076985e-23
11.3196838233  6.59734060037e-23
11.6639217237  6.98907300394e-23
12.0186280908  7.3867810318e-23
12.3841212763  7.74020344224e-23
12.7607293136  8.10167560248e-23
13.1487902114  8.45230090555e-23
13.5486522576  8.77740074496e-23
13.9606743317  9.11108847117e-23
14.3852262269  9.41099818521e-23
14.8226889821  9.71379240588e-23
15.2734552238  9.99853675102e-23
15.7379295184  1.02737284811e-22
16.2165287354  1.05397111424e-22
16.7096824217  1.07918606222e-22
17.2178331866  1.10369308016e-22
17.7414370999  1.12692014975e-22
18.2809641002  1.14924083355e-22
18.8368984177  1.17071101689e-22
19.4097390079  1.19087556803e-22
20  1.21085e-22

