0.2 20 151
151
0.2  0
0.206235454919  1.87925387428e-39
0.212665314327  3.81709776263e-39
0.219295639229  5.81535834201e-39
0.22613267959  7.87591924017e-39
0.233182880236  1.00007228113e-38
0.240452886923  1.21917719668e-38
0.247949552606  1.44511320634e-38
0.255679943893  1.67809328502e-38
0.263651347711  1.91833704759e-38
0.271871278176  2.16607095592e-38
0.280347483669  2.42152853232e-38
0.289087954149  2.68495057974e-38
0.298100928677  2.95658540866e-38
0.307394903187  3.23668907123e-38
0.316978638492  3.52552560261e-38
0.326861168545  3.82336726983e-38
0.33705180895  4.1304948285e-38
0.34756016575  4.4471977874e-38
0.358396144475  4.77377468142e-38
0.369569959484  5.11053335293e-38
0.381092143593  5.45779124202e-38
0.392973557999  5.81587568568e-38
0.405225402524  6.18512422636e-38
0.417859226171  6.56588493018e-38
0.430886938006  6.95851671502e-38
0.444320818391  7.36338968884e-38
0.458173530554  7.78088549853e-38
0.472458132527  8.21139768972e-38
0.487188089458  8.65533207772e-38
0.502377286302  2.81593140678e-33
0.518040040906  2.00418870777e-32
0.534191117512  3.7985116525e-32
0.550845740668  5.64877669638e-32
0.568019609583  7.5567279616e-32
0.585728912925  9.52416394733e-32
0.60399034408  1.1552939225e-31
0.622821116889  1.36449661867e-31
0.642238981873  1.58022168473e-31
0.662262242965  1.80267247042e-31
0.682909774767  2.03205866534e-31
0.704201040337  2.26859649664e-31
0.72615610954  2.51250893286e-31
0.748795677965  2.76402589408e-31
0.772141086431  3.02338446867e-31
0.796214341107  3.29082913675e-31
0.821038134255  3.56661200069e-31
0.846635865618  3.85099302271e-31
0.87303166448  4.14424026994e-31
0.900250412412  4.44663016712e-31
0.928317766723  4.75844775716e-31
0.957260184645  5.07998696982e-31
0.987104948279  5.41155089882e-31
1.0178801903  3.64441393934e-28
1.0496149205  1.01028582137e-27
1.08233905309  1.67626591786e-27
1.11608343495  2.3630094587e-27
1.15087987467  3.07116379148e-27
1.18676117255  3.80139644635e-27
1.2237611515  4.55439576522e-27
1.26191468896  5.33087155062e-27
1.30125774973  6.1315557348e-27
1.34182741991  6.95720306965e-27
1.38366194184  7.80859183817e-27
1.42680075014  8.68652458812e-27
1.47128450892  9.59182888848e-27
1.51715515006  1.05253581096e-26
1.56445591277  1.14879922276e-26
1.61323138435  1.24806386538e-26
1.66352754221  1.35042330903e-26
1.71539179718  1.45597404115e-26
1.76887303828  1.56481555743e-26
1.82402167871  1.67705045556e-26
1.88088970345  1.79278453192e-26
1.93953071822  1.91212688136e-26
2  2.5736812979e-26
2.06235454919  1.06934814344e-25
2.12665314327  1.96217147984e-25
2.19295639229  2.88283061456e-25
2.2613267959  3.83219339193e-25
2.33182880236  4.8111547133e-25
2.40452886923  5.8206373806e-25
2.47949552606  6.86159296621e-25
2.55679943893  7.93500270996e-25
2.63651347711  9.04187844404e-25
2.71871278176  1.01832635468e-24
2.80347483669  1.13602339264e-24
2.89087954149  1.25738990346e-24
2.98100928677  1.3841593281e-24
3.07394903187  2.07322299342e-24
3.16978638492  2.93416731245e-24
3.26861168545  3.82195352892e-24
3.3705180895  4.73741850005e-24
3.4756016575  5.68142517396e-24
3.58396144475  6.65486340316e-24
3.69569959484  7.65865078333e-24
3.81092143593  8.69373351829e-24
3.92973557999  9.7610873119e-24
4.05225402524  1.12072590031e-23
4.17859226171  1.31776427728e-23
4.30886938006  1.52094577384e-23
4.44320818391  1.73046191571e-23
4.58173530554  1.94651019987e-23
4.72458132527  2.1692942807e-23
4.87188089458  2.399024162e-23
5.02377286302  2.63511875706e-23
5.18040040906  2.87451708111e-23
5.34191117512  3.12132814314e-23
5.50845740668  3.37583410144e-23
5.68019609583  3.63827486188e-23
5.85728912925  3.90889780997e-23
6.0399034408  4.1840359004e-23
6.22821116889  4.45345889822e-23
6.42238981873  4.73125087467e-23
6.62262242965  5.01770364786e-23
6.82909774767  5.31308723781e-23
7.04201040337  5.61869670184e-23
7.2615610954  5.93797876349e-23
7.48795677965  6.26723506291e-23
7.72141086431  6.6067566764e-23
7.96214341107  6.95544336907e-23
8.21038134255  7.19631083149e-23
8.46635865618  7.42066470779e-23
8.7303166448  7.6520133265e-23
9.00250412412  7.88698638913e-23
9.28317766723  8.08306747799e-23
9.57260184645  8.28204949545e-23
9.87104948279  8.48723522991e-23
10.178801903  8.67377688984e-23
10.496149205  8.84751184377e-23
10.8233905309  9.02666338006e-23
11.1608343495  9.19431831757e-23
11.5087987467  9.3478579558e-23
11.8676117255  9.50618454149e-23
12.237611515  9.64805943093e-23
12.6191468896  9.78206953436e-23
13.0125774973  9.91782743637e-23
13.4182741991  1.0031266948e-22
13.8366194184  1.01467134947e-22
14.2680075014  1.02496628196e-22
14.7128450892  1.03457032548e-22
15.1715515006  1.04368122896e-22
15.6445591277  1.0517081684e-22
16.1323138435  1.05944023289e-22
16.6352754221  1.06590328917e-22
17.1539179718  1.07199681026e-22
17.6887303828  1.0768849957e-22
18.2402167871  1.0811881159e-22
18.8088970345  1.084640005e-22
19.3953071822  1.0872033405e-22
20  1.08935e-22

