2 20 101
101
2  0
2.04658598456  2.55757986962e-38
2.0942570961  5.17473342741e-38
2.14303861048  7.85284832281e-38
2.19295639229  1.05933445278e-37
2.2440369086  1.33976750897e-37
2.29630724299  1.62673269018e-37
2.34979510988  1.92038214914e-37
2.40452886923  2.22087158268e-37
2.46053754162  2.52836031427e-37
2.51785082359  2.84301137852e-37
2.57649910339  3.16499160757e-37
2.63651347711  3.49447171962e-37
2.69792576518  3.83162640937e-37
2.76076852921  4.17663444071e-37
2.82507508925  4.52967874146e-37
2.89087954149  4.89094650038e-37
2.95821677634  5.26062926642e-37
3.02712249687  1.92468901837e-34
3.09763323782  6.91405795617e-34
3.16978638492  1.20196442261e-33
3.24362019472  1.72441548776e-33
3.31917381488  2.25903600154e-33
3.39648730492  2.80610942683e-33
3.4756016575  3.36592582918e-33
3.55655882008  3.93878203067e-33
3.63940171722  4.52498176724e-33
3.72417427333  5.12483584975e-33
3.81092143593  5.73866232877e-33
3.89968919952  6.36678666323e-33
3.99052462994  1.35852020701e-32
4.08347588934  2.70783887146e-31
4.17859226171  5.71264441116e-31
4.275924179  8.78744086311e-31
4.3755232479  1.19338585251e-30
4.47744227714  1.51535656694e-30
4.58173530554  1.84482694273e-30
4.68845763064  2.18197166944e-30
4.79766583804  2.52696950567e-30
4.90941783137  2.88000337384e-30
5.02377286302  9.05184358396e-30
5.14079156554  3.76198046423e-29
5.26053598379  6.69229210516e-29
5.38306960785  9.69085947252e-29
5.50845740668  1.27592724464e-28
5.63676586253  1.589915794e-28
5.76806300625  1.91121807622e-28
5.90241845333  2.24000445002e-28
6.0399034408  5.3405395018e-28
6.18059086503  1.54301646367e-27
6.32455532034  2.5754807332e-27
6.47187313859  3.63199418499e-27
6.62262242965  4.71311699646e-27
6.77688312278  5.81942239323e-27
6.93473700905  6.95149695307e-27
7.09626778467  2.3028251258e-26
7.2615610954  4.98286539428e-26
7.43070458194  7.72533182005e-26
7.60378792641  1.05316784951e-25
7.78090289989  1.34033933816e-25
7.96214341107  1.63871581305e-25
8.14760555608  3.48755868462e-25
8.33738766941  5.79157427065e-25
8.53159037603  8.14925727395e-25
8.7303166448  1.05618577692e-24
8.93367184302  1.30306549492e-24
9.1417637923  2.09256646106e-24
9.35470282574  3.15749820356e-24
9.57260184645  4.24723539292e-24
9.79557638737  5.36235582221e-24
10.0237446725  6.67799985173e-24
10.2572276798  9.21927260617e-24
10.496149205  1.18521158981e-23
10.7406359274  1.45462859886e-23
10.9908174772  1.73423569327e-23
11.2468265038  2.0936660048e-23
11.5087987467  2.4685666225e-23
11.7768731071  2.85219979739e-23
12.0511917215  3.24736166139e-23
12.3319000372  3.66285481511e-23
12.6191468896  4.08809505537e-23
12.9130845807  4.52324041326e-23
13.2138689602  4.94535318416e-23
13.5216595078  5.36766336092e-23
13.8366194184  5.79981040537e-23
14.1589156877  6.21859132945e-23
14.4887192015  6.62247530854e-23
14.826204826  7.03576695404e-23
15.1715515006  7.43408508501e-23
15.5249423326  7.81617867377e-23
15.8865646945  8.20717236554e-23
16.2566103233  8.5748656394e-23
16.6352754221  8.93646392351e-23
17.022760764  9.30237222865e-23
17.4192717991  9.63939105129e-23
17.8250187627  9.98259212041e-23
18.2402167871  1.0311459219e-22
18.6650860159  1.06313432614e-22
19.0998517204  1.09507928653e-22
19.5447444191  1.12507666874e-22
20  1.15577e-22

