6 20 101
101
6  0
6.0726749839  9.78336098247e-43
6.14623024334  1.96852228986e-42
6.22067644067  2.97070210906e-42
6.29602436737  3.98502082863e-42
6.37228494562  5.01162548097e-42
6.44946922993  6.05066487941e-42
6.52758840867  7.10228963977e-42
6.60665380575  8.16665220222e-42
6.68667688224  9.24390685335e-42
6.76766923803  1.03342097486e-41
6.84964261352  1.14377189346e-41
6.93260889129  1.25545943728e-41
7.01658009788  2.49126024706e-40
7.10156840549  1.43343261603e-39
7.18758613374  2.63599814999e-39
7.2746457515  3.85312975575e-39
7.36275987864  5.08500386482e-39
7.45194128792  6.33179904574e-39
7.54220290677  7.59369602993e-39
7.63355781924  8.87087773796e-39
7.72601926784  1.0163529306e-38
7.81960065549  1.14718381127e-38
7.91431554744  1.27959938063e-38
8.01017767327  6.96535509989e-38
8.10720092884  5.00540977606e-37
8.20539937834  9.4622898743e-37
8.30478725629  1.39731539208e-36
8.40537896964  1.85386557959e-36
8.50718909986  2.31594573002e-36
8.610232405  2.78362282504e-36
8.7145238219  3.25696465762e-36
8.82007846831  3.73603984187e-36
8.92691164508  4.220917823e-36
9.03503883843  2.01460569575e-35
9.14447572211  6.88490115747e-35
9.25523815976  1.18141880599e-34
9.36734220713  1.68031809367e-34
9.48080411448  2.18526029763e-34
9.59564032887  2.69631861269e-34
9.7118674966  3.21356712021e-34
9.82950246559  3.73708079889e-34
9.94856228783  4.2669355356e-34
10.0690642218  1.69600186044e-33
10.1910257352  3.89706751389e-33
10.3144645071  6.12479356915e-33
10.4393984307  8.37950295029e-33
10.5658456162  1.06615224927e-32
10.6938243929  1.29711829908e-32
10.8233533122  1.53088192454e-32
10.9544511501  1.76747701129e-32
11.0871369103  6.13058743855e-32
11.2214298263  1.27281996517e-31
11.357349365  1.9405725425e-31
11.4949152287  2.61641327114e-31
11.6341473586  3.30044011879e-31
11.7750659372  3.9927522398e-31
11.9176913918  4.69344998951e-31
12.0620443968  1.18035895725e-30
12.2081458772  2.7594263871e-30
12.3560170113  4.35762026696e-30
12.5056792342  5.97517226589e-30
12.6571542404  7.61231685908e-30
12.8104639872  9.26929136175e-30
12.9656306978  1.09786206648e-29
13.1226768649  3.51725862644e-29
13.2816252532  6.60804500578e-29
13.4424989034  9.73626852685e-29
13.6053211353  1.29023826469e-28
13.7701155511  1.61068463158e-28
13.9369060387  1.93501240422e-28
14.1057167757  4.35940792752e-28
14.2765722323  8.07934127064e-28
14.4494971752  1.18443322964e-27
14.6245166709  1.56549267658e-27
14.8016560898  1.95116770506e-27
14.9809411095  2.40085984611e-27
15.1623977185  5.20403538385e-27
15.3460522202  8.39431426138e-27
15.5319312365  1.16232353832e-26
15.7200617119  1.48912668035e-26
15.9104709172  1.81988822456e-26
16.1031864535  3.07115623672e-26
16.2982362562  5.14240764612e-26
16.4956485991  7.23874708266e-26
16.6954520985  9.360478425e-26
16.8976757173  1.15079092325e-25
17.1023487691  1.76928708769e-25
17.3095009226  2.80118861092e-25
17.5191622061  3.84558903858e-25
17.7313630113  4.90263976362e-25
17.9461340982  5.97255699304e-25
18.1635065993  9.23472066702e-25
18.3835120242  1.32631476008e-24
18.6061822643  1.73403688451e-24
18.831549597  2.14669754207e-24
19.059646691  2.75085636467e-24
19.2905066104  3.89541367306e-24
19.52416282  5.05383442878e-24
19.7606491897  6.22628655279e-24
20  7.41294e-24

