1 20 101
101
1  0
1.03041055791  4.82834510068e-41
1.06174591785  9.80352286967e-41
1.09403420358  1.49299985703e-40
1.12730439408  2.02123732571e-40
1.16158634964  2.56553879053e-40
1.1969108386  3.12639276656e-40
1.23330956497  3.70430262491e-40
1.27081519692  4.29978704447e-40
1.30946139606  4.91338047746e-40
1.34928284767  5.54563362908e-40
1.39031529185  6.19711395178e-40
1.43259555555  6.86840615456e-40
1.47616158565  7.56011272775e-40
1.52105248304  8.27285448375e-40
1.56730853766  9.00727111418e-40
1.61497126471  9.76402176409e-40
1.66408344188  1.05437856235e-39
1.71468914776  1.13472625368e-39
1.76683380139  1.21751736314e-39
1.82056420303  1.30282619643e-39
1.87592857615  1.39072931893e-39
1.93297661076  1.48130562443e-39
1.99175950792  7.41942114114e-37
2.05233002578  4.76482024266e-35
2.11474252688  1.04474935236e-34
2.17905302696  1.63029800695e-34
2.24531924523  2.23365352281e-34
2.31360065617  2.85535741652e-34
2.3839585429  3.4959676725e-34
2.45645605223  4.15605924377e-34
2.53115825126  4.83622456799e-34
2.60813218585  5.53707409919e-34
2.68744694072  6.25923685565e-34
2.76917370155  7.00336098443e-34
2.85338581877  7.77011434312e-34
2.94015887345  8.56018509924e-34
3.02957074514  6.39396452413e-32
3.12170168173  2.60313926224e-31
3.21663437151  4.6266005865e-31
3.31445401734  6.71159649855e-31
3.41524841318  8.85999829952e-31
3.51910802283  1.10737341979e-30
3.62612606115  1.335479104e-30
3.73639857773  1.57052160933e-30
3.85002454306  1.81271188838e-30
3.96710593738  2.06226730893e-30
4.08774784223  3.23772729163e-29
4.21205853471  7.52246351632e-29
4.34014958471  1.19375009601e-28
4.472135955  1.64868021558e-28
4.60813610445  2.11744501389e-28
4.74827209431  2.60046521125e-28
4.89266969782  3.09817432229e-28
5.041458513  6.50355436506e-28
5.19477207907  1.77285895478e-27
5.35274799621  2.9294984313e-27
5.51552804914  4.1213119596e-27
5.68325833429  5.34936920223e-27
5.85608939099  6.61477235075e-27
6.03417633655  1.41829896285e-26
6.21767900547  4.8251975603e-26
6.40676209294  8.35041667698e-26
6.6015953026  1.19828396738e-25
6.80235349885  1.57257266804e-25
7.00921686386  2.2903349918e-25
7.22237105921  6.35642417234e-25
7.44200739256  1.07174880656e-24
7.66832298935  1.52111743449e-24
7.9015209697  1.9841516131e-24
8.14181063074  3.163240461e-24
8.38940763443  4.8804893432e-24
8.64453420113  6.64996072197e-24
8.90741930907  8.47324271259e-24
9.17829889981  1.13815030935e-23
9.45741609003  1.49290404345e-23
9.74502138973  1.85844603652e-23
10.041372927  2.24428013772e-23
10.34673668  2.6931244349e-23
10.661386715  3.15647807644e-23
10.9856054331  3.63317205214e-23
11.3196838233  4.10934595714e-23
11.6639217237  4.59845982036e-23
12.0186280908  5.09726790904e-23
12.3841212763  5.56205512962e-23
12.7607293136  6.03862284873e-23
13.1487902114  6.50502247085e-23
13.5486522576  6.94474236594e-23
13.9606743317  7.39623478233e-23
14.3852262269  7.80734924427e-23
14.8226889821  8.22328445733e-23
15.2734552238  8.61748149787e-23
15.7379295184  9.00069136988e-23
16.2165287354  9.3725746732e-23
16.7096824217  9.72710778976e-23
17.2178331866  1.00730723342e-22
17.7414370999  1.04029846879e-22
18.2809641002  1.07221441361e-22
18.8368984177  1.10312992101e-22
19.4097390079  1.13237964614e-22
20  1.16145e-22

