5 20 101
101
5  0
5.06979739895  8.62214248971e-42
5.14056913328  1.73646456033e-41
5.21232880421  2.62291895123e-41
5.28509020281  3.52174778429e-41
5.35886731268  4.43312380029e-41
5.43367431263  5.35722215135e-41
5.50952557938  6.29422043468e-41
5.58643569036  7.2442987266e-41
5.66441942648  8.20763961724e-41
5.74349177499  9.18442824557e-41
5.82366793234  1.0174852335e-40
5.90496330715  1.11791022295e-40
5.98739352309  2.91183694876e-40
6.07097442198  1.4175648145e-38
6.15572206672  3.09547045803e-38
6.24165274451  4.79679879148e-38
6.32878296985  6.52187678342e-38
6.41712948781  8.27103596672e-38
6.50670927721  1.00446125023e-37
6.59753955386  1.18429472437e-37
6.68963777393  1.36663858025e-37
6.78302163724  1.55152786151e-37
6.8777090907  1.73899810095e-37
6.97371833175  1.92908532741e-37
7.07106781187  4.27633042431e-36
7.16977624008  9.940702522e-36
7.2698625866  1.56841463075e-35
7.37134608646  2.15077655805e-35
7.47424624317  2.7412679549e-35
7.57858283255  3.34000230447e-35
7.68437590644  3.9470946741e-35
7.7916457966  4.56266173738e-35
7.90041311863  5.18682179665e-35
8.0106987759  1.3610846525e-34
8.12252396356  7.75865891176e-34
8.23591017268  1.44057972946e-33
8.35087919428  2.11457262714e-33
8.46745312363  2.79797411505e-33
8.58565436438  3.49091553222e-33
8.70550563296  4.1935300511e-33
8.82702996291  4.90595270315e-33
8.95025070928  5.62832040482e-33
9.07519155317  2.57891146067e-32
9.20187650625  5.9265237203e-32
9.33032991537  9.32086690562e-32
9.46057646726  1.2762593356e-31
9.59264119325  1.62523645173e-31
9.72654947412  1.97908510685e-31
9.86232704493  2.33787330512e-31
10  3.25297929294e-31
10.1395947979  1.18050139054e-30
10.2811382666  2.10354357561e-30
10.4246576084  3.0394709494e-30
10.5701804056  3.98846338245e-30
10.7177346254  4.9507032562e-30
10.8673486253  5.92637549801e-30
11.0190511588  9.03760882761e-30
11.1728713807  2.49238347893e-29
11.328838853  4.12831958861e-29
11.48698355  5.78709251535e-29
11.6473358647  7.46902104923e-29
11.8099266143  9.1744284305e-29
11.9747870462  1.11099594348e-28
12.141948844  2.97799923774e-28
12.3114441334  5.2003689301e-28
12.483305489  7.45376174728e-28
12.6575659397  9.73861075594e-28
12.8342589756  1.20553550682e-27
13.0134185544  1.62343536092e-27
13.1950791077  3.54200410121e-27
13.3792755479  5.54293924019e-27
13.5660432745  7.5718063928e-27
13.7554181814  9.62899547543e-27
13.9474366635  1.17149018475e-26
14.1421356237  2.15994092341e-26
14.3395524802  3.45352494341e-26
14.5397251732  4.7651667234e-26
14.7426921729  6.0951183403e-26
14.9484924863  7.44381839295e-26
15.1571656651  1.32072005611e-25
15.3687518129  2.0512097845e-25
15.5832915932  2.79189676948e-25
15.8008262373  3.54292335947e-25
16.0213975518  4.57635220945e-25
16.2450479271  7.5589087673e-25
16.4718203454  1.06390315315e-24
16.7017583886  1.37621512072e-24
16.9349062473  1.69288680089e-24
17.1713087288  2.43862701002e-24
17.4110112659  3.35838721836e-24
17.6540599258  4.29098680074e-24
17.9005014186  5.23660498814e-24
18.1503831063  6.72876020783e-24
18.4037530125  8.59954478061e-24
18.6606598307  1.04964445328e-23
18.9211529345  1.24198240188e-23
19.1852823865  1.5021040694e-23
19.4530989482  1.79394645489e-23
19.7246540899  2.08986280827e-23
20  2.38991e-23

