1 20 101
101
1  0
1.03041055791  2.03404057645e-36
1.06174591785  4.12993746165e-36
1.09403420358  6.28957174045e-36
1.12730439408  8.51488170255e-36
1.16158634964  1.08078645821e-35
1.1969108386  1.31705783503e-35
1.23330956497  1.56051435624e-35
1.27081519692  1.81137452609e-35
1.30946139606  2.06986349366e-35
1.34928284767  2.33621325495e-35
1.39031529185  2.61066286108e-35
1.43259555555  2.89345863285e-35
1.47616158565  3.18485438181e-35
1.52105248304  3.48511163807e-35
1.56730853766  3.79449988501e-35
1.61497126471  4.11329680116e-35
1.66408344188  4.44178850938e-35
1.71468914776  4.78026983372e-35
1.76683380139  5.12904456397e-35
1.82056420303  5.48842572836e-35
1.87592857615  5.85873587446e-35
1.93297661076  6.2403073587e-35
1.99175950792  1.56979272381e-33
2.05233002578  9.68257899216e-32
2.11474252688  2.12227322937e-31
2.17905302696  3.31138280955e-31
2.24531924523  4.53665387548e-31
2.31360065617  5.79918611811e-31
2.3839585429  7.10011267063e-31
2.45645605223  8.44060112541e-31
2.53115825126  9.82185458197e-31
2.60813218585  1.12451127268e-30
2.68744694072  1.27116529458e-30
2.76917370155  1.42227914711e-30
2.85338581877  1.5779884562e-30
2.94015887345  1.73843297225e-30
3.02957074514  2.29528313189e-29
3.12170168173  8.87039094655e-29
3.21663437151  1.56454514582e-28
3.31445401734  2.26265453399e-28
3.41524841318  2.98199381813e-28
3.51910802283  3.72320861124e-28
3.62612606115  4.48696415973e-28
3.73639857773  5.27394594056e-28
3.85002454306  6.08486027641e-28
3.96710593738  6.92043496964e-28
4.08774784223  5.26526927687e-27
4.21205853471  1.17108136134e-26
4.34014958471  1.83523705493e-26
4.472135955  2.51959009369e-26
4.60813610445  3.22475469018e-26
4.74827209431  3.95136373546e-26
4.89266969782  4.70006936719e-26
5.041458513  8.4743584407e-26
5.19477207907  2.03737019491e-25
5.35274799621  3.26349111324e-25
5.51552804914  4.52689905276e-25
5.68325833429  5.82872793259e-25
5.85608939099  7.17014615496e-25
6.03417633655  9.85560253173e-25
6.21767900547  1.80881189894e-24
6.40676209294  2.6601603911e-24
6.6015953026  3.53739886589e-24
6.80235349885  4.44131465211e-24
7.00921686386  5.50457511531e-24
7.22237105921  7.92094890816e-24
7.44200739256  1.04788292537e-23
7.66832298935  1.31144961675e-23
7.9015209697  1.58303151827e-23
8.14181063074  1.91557516337e-23
8.38940763443  2.29594358431e-23
8.64453420113  2.68787922115e-23
8.90741930907  3.09173383937e-23
9.17829889981  3.50882558395e-23
9.45741609003  3.93911264439e-23
9.74502138973  4.38248497441e-23
10.041372927  4.83001614221e-23
10.34673668  5.23904985483e-23
10.661386715  5.65964884961e-23
10.9856054331  6.0901104376e-23
11.3196838233  6.47507638368e-23
11.6639217237  6.86573820738e-23
12.0186280908  7.26232710245e-23
12.3841212763  7.61444444686e-23
12.7607293136  7.97456458424e-23
13.1487902114  8.32375226042e-23
13.5486522576  8.64729703633e-23
13.9606743317  8.97938142028e-23
14.3852262269  9.2776055996e-23
14.8226889821  9.57865828104e-23
15.2734552238  9.86153183176e-23
15.7379295184  1.01347449013e-22
16.2165287354  1.03986800689e-22
16.7096824217  1.06487089878e-22
17.2178331866  1.08917248188e-22
17.7414370999  1.11220581802e-22
18.2809641002  1.13434654432e-22
18.8368984177  1.15564994736e-22
19.4097390079  1.17559757503e-22
20  1.19533e-22

