3 20 101
101
3  0
3.05745688936  1.19400012649e-40
3.11601421011  2.41086809737e-40
3.17569303801  3.65104188437e-40
3.23651485253  4.9149678474e-40
3.29850154446  6.20310089516e-40
3.3616754239  7.51590464893e-40
3.4260592282  8.85385160938e-40
3.49167613021  1.02174233267e-39
3.55854974658  1.16071105737e-39
3.62670414627  1.30234135229e-39
3.69616385924  1.4466841926e-39
3.76695388521  1.59379152978e-39
3.83909970275  1.7437163103e-39
3.91262727838  1.89651249465e-39
3.98756307593  1.01899865233e-38
4.06393406609  8.58310068164e-37
4.1417677361  1.90069141646e-36
4.22109209963  2.96303676136e-36
4.30193570688  4.04572845924e-36
4.38432765487  5.14915618949e-36
4.46829759787  6.27371709474e-36
4.55387575811  7.41981592383e-36
4.64109293664  8.58786517747e-36
4.72998052444  9.77828525668e-36
4.82057051367  1.09915046142e-35
4.91289550923  1.22279599084e-35
5.00698874047  9.27942831488e-35
5.10288407317  8.26482751929e-34
5.20061602171  1.59885399219e-33
5.30021976151  2.38601791542e-33
5.40173114165  3.18825783546e-33
5.50518669785  4.00586249228e-33
5.61062366552  4.83912615587e-33
5.71807999326  5.68834873217e-33
5.82759435644  6.553835871e-33
5.93920617117  7.4358990761e-33
6.05295560847  6.65601136611e-32
6.16888360871  1.94940363544e-31
6.28703189637  3.25779390031e-31
6.40744299507  4.59124284341e-31
6.53016024283  5.95023039598e-31
6.6552278077  7.33524568104e-31
6.78269070364  8.74678718943e-31
6.91259480676  1.01853629592e-30
7.04498687177  3.94473746207e-30
7.17991454885  1.24308882297e-29
7.31742640081  2.10795682726e-29
7.45757192053  2.98938903996e-29
7.60040154878  3.8877027037e-29
7.74596669241  4.80322113704e-29
7.89431974284  5.73627385083e-29
8.04551409486  1.47810889041e-28
8.19960416593  4.31524702158e-28
8.35664541573  7.20672286332e-28
8.51669436609  1.01535771076e-27
8.67980862141  1.31568703779e-27
8.84604688929  1.62176836113e-27
9.01546900177  2.38093737115e-27
9.18813593677  6.4574367363e-27
9.36410984009  1.07153664115e-26
9.54345404778  1.50548452182e-26
9.72623310891  1.94774350094e-26
9.91251280879  2.39847275513e-26
10.1023601927  4.24353592563e-26
10.29584359  7.33097758405e-26
10.4930326387  1.04775508404e-25
10.6939983105  1.36843882006e-25
10.8988129364  1.69526438605e-25
11.1075502328  2.93931666182e-25
11.3202853277  5.08068047195e-25
11.5370947883  7.26305631659e-25
11.7580566479  9.48722967038e-25
11.9832504345  1.1956426345e-24
12.2127571994  1.99452484735e-24
12.4466595458  2.87652381519e-24
12.6850416593  3.77541508873e-24
12.9279893377  4.69152219443e-24
13.175590022  6.46121865041e-24
13.4279328281  8.61424279975e-24
13.6851085784  1.08085023059e-23
13.9472098349  1.30475482855e-23
14.2143309324  1.60670854558e-23
14.4865680123  1.933382152e-23
14.7640190574  2.26631230818e-23
15.0467839273  2.61268724249e-23
15.3349643938  2.99964199842e-23
15.628664178  3.39434807539e-23
15.9279889875  3.79661157818e-23
16.2330465545  4.20053836742e-23
16.5439466745  4.61029539854e-23
16.8608012457  5.0279002178e-23
17.1837243096  5.43639839512e-23
17.5128320918  5.83951264427e-23
17.8482430438  6.25034745702e-23
18.1900778857  6.64848807423e-23
18.5384596499  7.03752250649e-23
18.893513725  7.43400784153e-23
19.2553679009  7.81152622124e-23
19.6241524153  8.18498729205e-23
20  8.565601e-23

