4 20 101
101
4  0
4.06489836507  2.89065105822e-42
4.13084967959  5.82820174837e-42
4.19787102722  8.81341299778e-42
4.26597976883  1.18470580796e-41
4.33519354694  1.49299228129e-41
4.4055302903  1.80628057664e-41
4.47700821858  2.12465184653e-41
4.54964584702  2.44818856015e-41
4.6234619913  2.7769745247e-41
4.69847577235  3.11109490715e-41
4.77470662134  3.45063625623e-41
4.85217428469  3.79568652493e-41
4.93089882922  4.14633509319e-41
5.0109006473  2.24965178008e-39
5.09220046219  1.69464034276e-38
5.17481933334  3.20918023169e-38
5.2587786619  4.74829291128e-38
5.34410019626  6.31237706501e-38
5.43080603763  7.90183784484e-38
5.51891864584  9.51708697616e-38
5.60846084511  1.11585428644e-37
5.69945582996  1.28266307036e-37
5.79192717125  1.45217825861e-37
5.88589882225  1.62444376151e-37
5.98139512488  2.2066448438e-37
6.07844081599  9.19429986105e-36
6.17706103378  2.05233603971e-35
6.27728132428  3.20362303098e-35
6.37912764804  4.37358918311e-35
6.48262638677  5.56253755786e-35
6.58780435024  6.77077613402e-35
6.69468878317  7.99861788724e-35
6.80330737234  9.24638087105e-35
6.91368825372  1.05143882993e-34
7.02586001978  5.06592792207e-34
7.13985172691  2.22647618089e-33
7.25569290288  3.97539308471e-33
7.3734135546  5.75268545046e-33
7.49304417576  7.5588136584e-33
7.61461575486  9.3942455583e-33
7.73815978314  1.12594565906e-32
7.86370826279  1.31549299095e-32
7.9912937152  1.82969642881e-32
8.12094918942  1.05232227286e-31
8.25270827072  2.03297401984e-31
8.38660508926  3.02953644059e-31
8.52267432896  4.04226767929e-31
8.66095123645  5.0714300684e-31
8.80147163025  6.11729019663e-31
8.94427191  7.18011897795e-31
9.08938906592  2.59603303719e-30
9.23686068839  5.62591287872e-30
9.38672497765  8.70495128227e-30
9.53902075375  1.18339458254e-29
9.69378746657  1.50137070261e-29
9.85106520605  1.82450585526e-29
10.0108947126  2.73593274551e-29
10.1733173875  8.63939982392e-29
10.3383753039  1.48381168644e-28
10.5061112176  2.11374055553e-28
10.6765685779  2.75388976304e-28
10.8497915392  3.4044251298e-28
11.0258249723  5.58386814134e-28
11.2047144759  1.5879937994e-27
11.3865063885  2.64575858731e-27
11.5712478006  3.72068517655e-27
11.7589865666  4.81305201035e-27
11.9497713174  5.92314204954e-27
12.1436514728  1.43197276782e-26
12.3406772544  2.54352523906e-26
12.5408996988  3.67311219482e-26
12.7443706706  4.82102623723e-26
12.9511428756  5.98994125647e-26
13.1612698752  1.1784241925e-25
13.3748060995  1.90946118561e-25
13.5918068618  2.65235895514e-25
13.8123283727  3.40730993734e-25
14.036427755  4.62260630952e-25
14.2641630582  8.04014149141e-25
14.4955932736  1.1536033753e-24
14.7307783496  1.50886454376e-24
14.9697792074  1.8822350062e-24
15.2126577564  2.90251016624e-24
15.4594769106  4.04802747911e-24
15.7103006046  5.21213034218e-24
15.9651938106  6.41020321297e-24
16.2242225547  8.54254086923e-24
16.4874539343  1.0873912758e-23
16.7549561354  1.32431102028e-23
17.0267984504  1.57560954255e-23
17.3030512959  1.90529854531e-23
17.5837862308  2.24245558749e-23
17.8690759753  2.58508286487e-23
18.1589944294  2.95300192841e-23
18.4536166918  3.34340294215e-23
18.75301908  3.74013805277e-23
19.0572791496  4.14232685239e-23
19.3664757145  4.54688117157e-23
19.6806888673  4.95797566571e-23
20  5.37574e-23

