0.276759393129 20000 301
301
0.276759393129  0
0.287275636155  2.50019537218e-28
0.29819147309  5.09539262253e-28
0.309522087614  8.427838779e-28
0.321283240357  1.221195295e-27
0.333491290815  1.58158215205e-27
0.346163220111  1.92525938825e-27
0.35931665461  2.25365571886e-27
0.372969890444  2.56927596683e-27
0.387141918953  2.86548637983e-27
0.401852453109  3.1581332507e-27
0.417121954932  3.42359663951e-27
0.432971663953  3.68580775133e-27
0.449423626758  3.93408798834e-27
0.466500727657  4.16710369837e-27
0.484226720508  4.39301629538e-27
0.502626261768  4.60921469584e-27
0.521724944782  4.79927611564e-27
0.541549335386  4.99545728961e-27
0.562127008857  5.18247490911e-27
0.583486588275  5.35261398783e-27
0.60565778433  5.52656149147e-27
0.628671436655  5.67626871217e-27
0.652559556719  5.83166447517e-27
0.677355372357  5.96678595203e-27
0.703093373986  6.10516859848e-27
0.729809362585  6.11261561055e-27
0.757540499489  6.11261561055e-27
0.786325358081  6.11261561055e-27
0.816203977449  6.11261561055e-27
0.847217918076  6.11261561055e-27
0.879410319651  6.11261561055e-27
0.912825961076  6.11261561055e-27
0.947511322752  6.11261561055e-27
0.983514651232  6.11261561055e-27
1.02088602633  6.11261561055e-27
1.05967743079  6.11261561055e-27
1.09994282256  6.11261561055e-27
1.14173820991  6.11261561055e-27
1.18512172927  6.11261561055e-27
1.23015372612  6.11261561055e-27
1.27689683897  6.11261561055e-27
1.32541608642  6.11261561055e-27
1.37577895764  6.11261561055e-27
1.42805550626  6.11261561055e-27
1.48231844776  6.11261561055e-27
1.53864326068  6.11261561055e-27
1.59710829154  6.11261561055e-27
1.65779486389  6.11261561055e-27
1.72078739137  6.11261561055e-27
1.78617349516  6.11261561055e-27
1.85404412586  6.11261561055e-27
1.92449368997  6.11261561055e-27
1.99762018125  6.11261561055e-27
2.07352531699  6.11261561055e-27
2.15231467951  6.11261561055e-27
2.23409786303  6.11261561055e-27
2.31898862611  6.11261561055e-27
2.40710504989  6.11261561055e-27
2.49856970231  6.11261561055e-27
2.59350980863  6.11261561055e-27
2.69205742839  6.11261561055e-27
2.79434963911  6.11261561055e-27
2.90052872692  6.11261561055e-27
3.01074238455  6.11261561055e-27
3.12514391669  6.11261561055e-27
3.24389245328  6.11261561055e-27
3.36715317085  6.11261561055e-27
3.49509752227  6.11261561055e-27
3.62790347524  5.76326655693e-26
3.76575575982  1.26078784254e-25
3.90884612544  1.97125703621e-25
4.05737360754  2.78759385775e-25
4.2115448045  3.96134135497e-25
4.37157416496  5.17968865345e-25
4.53768428613  6.4817299224e-25
4.71010622344  8.76467840269e-25
4.8890798119  1.11343738612e-24
5.07485399972  1.30596311561e-24
5.26768719459  1.30596311561e-24
5.46784762312  1.30596311561e-24
5.67561370393  1.30596311561e-24
5.89127443495  1.30596311561e-24
6.11512979536  1.30596311561e-24
6.34749116291  1.30596311561e-24
6.588681747  1.30596311561e-24
6.83903703827  1.30596311561e-24
7.09890527526  1.30596311561e-24
7.36864792882  1.30596311561e-24
7.64864020486  1.30596311561e-24
7.93927156632  1.30596311561e-24
8.24094627482  1.30596311561e-24
8.55408395307  1.30596311561e-24
8.87912016848  1.30596311561e-24
9.21650703908  1.30596311561e-24
9.56671386237  1.30596311561e-24
9.93022776811  1.30596311561e-24
10.3075543959  1.30596311561e-24
10.6992185986  1.30596311561e-24
11.1057651721  1.30596311561e-24
11.5277596137  1.30596311561e-24
11.965788908  1.30596311561e-24
12.4204623438  1.30596311561e-24
12.8924123616  1.30596311561e-24
13.3822954332  1.30596311561e-24
13.8907929748  1.30596311561e-24
14.4186122951  1.30596311561e-24
14.9664875787  1.30596311561e-24
15.5351809078  1.30596311561e-24
16.1254833219  1.30596311561e-24
16.7382159184  1.30596311561e-24
17.3742309943  1.30596311561e-24
18.0344132323  1.57068911893e-24
18.7196809309  6.80147170463e-24
19.430987282  1.21513187799e-23
20.1693216966  1.76219998663e-23
20.9357111811  2.32152597982e-23
21.7312217661  2.8932813064e-23
22.5569599887  3.47763378313e-23
23.414074432  4.07474696395e-23
24.303757323  4.4653283738e-23
25.2272461903  4.42873798223e-23
26.1858255861  4.39182450934e-23
27.1808288725  4.35459011997e-23
28.2136400767  4.31703693697e-23
29.2856958157  4.27916705668e-23
30.3984872947  4.2409825647e-23
31.5535623815  4.20248555202e-23
32.7525277594  4.16367813144e-23
33.9970511621  4.12456245459e-23
35.2888636935  4.08514072939e-23
36.6297622355  4.04541523808e-23
38.0216119478  4.00538835599e-23
39.4663488617  3.96506257088e-23
40.9659825735  3.92444050325e-23
42.52259904  3.88352492734e-23
44.1383634792  3.84231879311e-23
45.815523383  3.80082524921e-23
47.5564116428  3.75904766698e-23
49.3634497949  3.71698966555e-23
51.2391513883  3.67465513817e-23
53.1861254816  3.63204827971e-23
55.2070802716  3.5891736155e-23
57.3048268607  3.54603603156e-23
59.482283167  3.50264080615e-23
61.7424779828  3.45899364285e-23
64.088555188  3.41510070511e-23
66.5237781229  3.37096865231e-23
69.0515341275  3.32660467739e-23
71.6753392532  3.28201654601e-23
74.3988431534  3.23721263724e-23
77.2258341606  3.19220198579e-23
80.1602445552  3.1469943257e-23
83.2061560356  3.10160013535e-23
86.3678053957  3.0560306839e-23
89.6495904183  3.0102980787e-23
93.0560759921  2.96441531386e-23
96.5920004614  2.9183963194e-23
100.262282217  2.87225601107e-23
104.072026538  2.82601034023e-23
108.026532692  2.77967634361e-23
112.131301308  2.73327219238e-23
116.392042027  2.68681724019e-23
120.814681441  2.64033206935e-23
125.405371343  2.59383853475e-23
130.170497278  2.5473598046e-23
135.116687428  2.50092039717e-23
140.250821832  2.45454621275e-23
145.580041955  2.40826455956e-23
151.111760622  2.36210417277e-23
156.853672327  2.31609522527e-23
162.81376394  2.27026932897e-23
169.000325814  2.22465952529e-23
175.421963316  2.17930026353e-23
182.087608798  2.13422736559e-23
189.006534023  2.08947797572e-23
196.188363058  2.04509049378e-23
203.643085666  2.00110449092e-23
211.381071197  1.95756060612e-23
219.413083014  1.91450042282e-23
227.750293463  1.87196632451e-23
236.404299416  1.8300013289e-23
245.387138398  1.78864890007e-23
254.711305335  1.74795273898e-23
264.389769933  1.70795655252e-23
274.435994717  1.66870380234e-23
284.863953758  1.63023743465e-23
295.688152112  1.59259959336e-23
306.923645992  1.55583131882e-23
318.586063717  1.51997223562e-23
330.691627445  1.48506023299e-23
343.257175743  1.45113114213e-23
356.300187003  1.41821841514e-23
369.838803758  1.38635281056e-23
383.891857919  1.35556209088e-23
398.478896965  1.32772959839e-23
413.620211137  1.29909294646e-23
429.336861662  1.271597431e-23
445.650710043  1.24525596379e-23
462.584448476  1.22007732163e-23
480.161631406  1.19606602399e-23
498.406708297  1.17322225471e-23
517.345057639  1.15154182993e-23
537.003022246  1.13101621362e-23
557.407945903  1.11163258095e-23
578.588211397  1.09337392907e-23
600.573279996  1.07621923391e-23
623.393732435  1.0601436509e-23
647.081311446  1.04511875702e-23
671.668965915  1.03111283095e-23
697.190896713  1.01809116836e-23
723.682604269  1.00601642897e-23
751.180937947  9.94849013016e-24
779.724147308  9.84547465377e-24
809.351935309  9.75068907471e-24
840.105513534  9.6636949983e-24
872.027659513  9.58404943199e-24
905.162776229  9.51131035531e-24
939.55695388  9.44504323471e-24
975.258033987  9.38482948049e-24
1012.31567595  9.33068998021e-24
1050.7814261  9.28526996197e-24
1090.70878943  9.24892433921e-24
1132.153304  9.22141840197e-24
1175.17261819  9.11377934305e-24
1219.8265709  9.11081732439e-24
1266.17727475  9.11514386251e-24
1314.28920254  9.12683986649e-24
1364.22927686  9.14597721331e-24
1416.06696323  9.17261841255e-24
1469.87436669  9.20681630877e-24
1525.72633212  9.24861382415e-24
1583.70054835  9.29804374373e-24
1643.8776562  9.35512854502e-24
1706.34136066  9.41988027364e-24
1771.17854733  9.49230046576e-24
1838.47940328  9.57238011811e-24
1908.33754246  9.96498443188e-24
1980.85013597  1.01652031903e-23
2056.11804718  1.0351395683e-23
2134.24597206  1.0524832778e-23
2215.34258478  1.06866928264e-23
2299.5206889  1.08380713523e-23
2386.89737424  1.09799892873e-23
2477.59417981  1.11133999994e-23
2571.73726281  1.12391953187e-23
2669.45757413  1.13582107242e-23
2770.89104051  1.14712298238e-23
2876.17875362  1.1578988241e-23
2985.46716627  1.16489737469e-23
3098.90829618  1.17333974548e-23
3216.65993738  1.18095937378e-23
3338.88587976  1.18781105488e-23
3465.75613682  1.19394588573e-23
3597.44718223  1.19941159477e-23
3734.14219524  1.20425283459e-23
3876.03131553  1.20851144214e-23
4023.31190764  1.21222667024e-23
4176.18883556  1.21543539387e-23
4334.87474762  1.21817229419e-23
4499.59037235  1.22047002267e-23
4670.56482544  1.22235934785e-23
4848.03592848  1.22386928639e-23
5032.25053978  1.22502722049e-23
5223.46489767  1.22585900296e-23
5421.94497701  1.22638905162e-23
5627.9668591  1.22664043405e-23
5841.8171157  1.22663494405e-23
6063.79320768  1.22639317069e-23
6294.20389878  1.22593456091e-23
6533.36968503  1.22527747656e-23
6781.62324064  1.22443924651e-23
7039.30988068  1.22343621466e-23
7306.78804144  1.2222837842e-23
7584.42977898  1.22099645892e-23
7872.62128668  1.21958788176e-23
8171.76343241  1.21807087129e-23
8482.2723161  1.21645745611e-23
8804.57984861  1.21475890779e-23
9139.1343524  1.21298577247e-23
9486.40118522  1.21114790125e-23
9846.86338738  1.20925447966e-23
10221.0223536  1.20731405633e-23
10609.3985306  1.20533457094e-23
11012.5321409  1.20332338147e-23
11430.9839341  1.20128729098e-23
11865.3359672  1.19923257378e-23
12316.192414  1.19716500116e-23
12784.1804058  1.19508986649e-23
13269.9509032  1.19301201e-23
13774.1796019  1.1909358429e-23
14297.5678726  1.18886537103e-23
14840.8437367  1.18680421792e-23
15404.7628785  1.18475564735e-23
15990.1096968  1.1827225852e-23
16597.6983958  1.18070764074e-23
17228.3741175  1.1787131272e-23
17883.0141178  1.17674108174e-23
18562.5289859  1.17479328457e-23
19267.8639116  1.17287127752e-23
20000  1.17097638168e-23

