5 20000 251
251
5  0
5.16866332702  6.85321263497e-40
5.34301611761  1.39376023987e-39
5.52325029255  2.12609675119e-39
5.7095642466  2.88313692501e-39
5.90216306693  3.66571408171e-39
6.10125875882  4.04275001516e-37
6.30707047907  1.21771840139e-36
6.51982477722  2.0586014153e-36
6.73975584491  2.92784965455e-36
6.96710577373  3.82641995382e-36
7.20212482162  1.86177529274e-34
7.44507168842  4.05200827738e-34
7.69621380059  6.31612365846e-34
7.9558276056  8.65661368612e-34
8.22419887622  1.88289546472e-32
8.50162302512  4.10074939577e-32
8.78840543001  6.3934174514e-32
9.08486176981  2.81186574458e-31
9.39131837212  1.00465093381e-30
9.70811257246  1.75251967432e-30
10.0355930856  3.88742064408e-30
10.3741203892  1.76387754848e-29
10.7240671212  3.18540001771e-29
11.0858184891  8.83830407718e-29
11.459772695  2.85866499278e-28
11.8463413729  4.90011601212e-28
12.2459500427  1.93423576382e-27
12.659038578  4.22361043078e-27
13.0860616907  9.71219068965e-27
13.5274894311  2.81718821542e-26
13.9838077058  4.72542682144e-26
14.4555188123  1.65112976726e-25
14.9431419916  2.90553356934e-25
15.4472140004  8.00210121377e-25
15.9682897017  1.37699923665e-24
16.5069426753  3.10176528393e-24
17.0637658494  5.18435322921e-24
17.6393721533  9.14898554901e-24
18.2343951921  1.17368692259e-23
18.8494899439  1.3556507305e-23
19.4853334812  1.75945652321e-23
20.1426257158  2.38323829543e-23
20.8220901694  3.22532456273e-23
21.5244747701  4.28423484532e-23
22.2505526755  5.55867623832e-23
23.0011231239  7.04754006538e-23
23.7770123142  8.74989861343e-23
24.5790743149  9.82868408701e-23
25.4081920046  1.05817700615e-22
26.265278044  1.13030748135e-22
27.15127588  1.1993644058e-22
28.0671607845  1.26544886241e-22
29.0139409281  1.32865855598e-22
29.9926584895  1.38908792065e-22
31.0043908028  1.4468282245e-22
32.0502515438  1.50196767117e-22
33.1313919552  1.5545914988e-22
34.2490021144  1.60478207611e-22
35.4043122431  1.65261899588e-22
36.5985940618  1.69817916583e-22
37.8331621896  1.74153689695e-22
39.1093755908  1.78276398939e-22
40.4286390718  1.82192981593e-22
41.7924048263  1.85910140317e-22
43.2021740347  1.89434351047e-22
44.6594985161  1.92771870674e-22
46.1659824366  1.95928744508e-22
47.7232840751  1.98910813548e-22
49.3331176488  2.01723721549e-22
50.9972551997  2.04372921907e-22
52.7175285459  2.06863684364e-22
54.4958312972  2.09201101539e-22
56.3341209402  2.11390095289e-22
58.2344209926  2.13435422924e-22
60.1988232309  2.15341683259e-22
62.2294899926  2.17113322533e-22
64.3286565568  2.18754640184e-22
66.4986336042  2.20269794504e-22
68.7418097614  2.21662808165e-22
71.0606542293  2.2293757364e-22
73.4577195017  2.24097858512e-22
75.9356441749  2.25147310688e-22
78.4971558521  2.26089463519e-22
81.1450741455  2.26927740843e-22
83.8823137808  2.27665461942e-22
86.7118878048  2.28305846438e-22
89.6369109026  2.28852019123e-22
92.6606028258  2.2930701474e-22
95.786291937  2.29673782706e-22
99.0174188731  2.29955191808e-22
102.357540333  2.30154034849e-22
105.810332993  2.3027303328e-22
109.379597552  2.30314841801e-22
113.069262918  2.30282052945e-22
116.883390531  2.30177201655e-22
120.826178835  2.3000276985e-22
124.901967898  2.29761190979e-22
129.115244189  2.29454854587e-22
133.47064552  2.29086110864e-22
137.972966146  2.28657275202e-22
142.627162048  2.28170632741e-22
147.438356383  2.27628442914e-22
152.411845126  2.27032943972e-22
157.553102901  2.26386357493e-22
162.867789005  2.25690892854e-22
168.361753636  2.24948751656e-22
174.041044338  2.24162132091e-22
179.911912653  2.23333233218e-22
185.980821005  2.22464259128e-22
192.254449811  2.21557422979e-22
198.739704839  2.20614950842e-22
205.443724804  2.19639085349e-22
212.373889232  2.18632089068e-22
219.537826578  2.17596247584e-22
226.943422626  2.16533872208e-22
234.598829166  2.15447302262e-22
242.512472975  2.14338906877e-22
250.693065082  2.1321108623e-22
259.149610365  2.1206627215e-22
267.891417461  2.10906928005e-22
276.92810901  2.09735547814e-22
286.269632252  2.08554654484e-22
295.926269972  2.07366797112e-22
305.908651821  2.06174547277e-22
316.227766017  2.04980494266e-22
326.894971439  2.03787239171e-22
337.922010133  2.02597387838e-22
349.321020233  2.01413542635e-22
361.104549327  2.00238293056e-22
373.285568265  1.99074205174e-22
385.877485439  1.97923810021e-22
398.894161542  1.96789590957e-22
412.349924824  1.95774245574e-22
426.259586867  1.94677658395e-22
440.638458886  1.93604354744e-22
455.502368583  1.92556478369e-22
470.867677573  1.91536052734e-22
486.75129939  1.90544966153e-22
503.170718107  1.89584957435e-22
520.144007581  1.88657602326e-22
537.68985135  1.87764301077e-22
555.827563197  1.86906267409e-22
574.577108408  1.86084519178e-22
593.959125754  1.85299870983e-22
613.994950206  1.84552928955e-22
634.706636421  1.83844087887e-22
656.116983016  1.83173530869e-22
678.24955767  1.82541231507e-22
701.128723058  1.8194695876e-22
724.779663678  1.81390284425e-22
749.228413564  1.80870593204e-22
774.501884949  1.80387095333e-22
800.627897888  1.79938841702e-22
827.63521088  1.79524741452e-22
855.553552524  1.79143582115e-22
884.413654246  1.78794052539e-22
914.247284123  1.78474769177e-22
945.087281854  1.78184307145e-22
976.967594909  1.77921239609e-22
1009.9233159  1.77684790191e-22
1043.9907212  1.77488663889e-22
1079.20731088  1.7733873086e-22
1115.61185  1.77234432543e-22
1153.24441125  1.77175074801e-22
1192.14641911  1.76544785345e-22
1232.36069537  1.76619073039e-22
1273.93150637  1.76731580124e-22
1316.90461162  1.76882819631e-22
1361.32731425  1.77073205414e-22
1407.24851304  1.77303050066e-22
1454.71875627  1.77572563583e-22
1503.79029733  1.77881852809e-22
1554.51715227  1.78230921665e-22
1606.95515923  1.78619672163e-22
1661.16203994  1.79047906191e-22
1717.19746321  1.79515328038e-22
1775.12311067  1.80021547617e-22
1835.00274461  1.80566084332e-22
1896.90227821  1.82946091676e-22
1960.88984806  1.84236556514e-22
2027.0358892  1.85435044622e-22
2095.41321261  1.86550512335e-22
2166.09708539  1.8759097248e-22
2239.1653136  1.88563635669e-22
2314.69832791  1.89475025057e-22
2392.77927211  1.90331070267e-22
2473.49409468  1.91137184781e-22
2556.93164335  1.91898330123e-22
2643.18376294  1.92619069369e-22
2732.34539641  1.93303612008e-22
2824.51468943  1.93955851729e-22
2919.79309838  1.94579398386e-22
3018.28550201  1.94964004385e-22
3120.10031694  1.95458262313e-22
3225.34961696  1.95910095312e-22
3334.1492564  1.96322292152e-22
3446.61899767  1.96697428235e-22
3562.88264309  1.97037888056e-22
3683.06817116  1.97345884733e-22
3807.30787743  1.97623477054e-22
3935.73852015  1.97872584388e-22
4068.50147076  1.98094999772e-22
4205.74286957  1.98292401428e-22
4347.61378656  1.98466362914e-22
4494.27038772  1.98618362096e-22
4645.87410694  1.98749789084e-22
4802.5918237  1.98861953279e-22
4964.59604675  1.98956089623e-22
5132.06510406  1.99033364159e-22
5305.18333904  1.99094878993e-22
5484.14131352  1.99141676711e-22
5669.13601747  1.99174744335e-22
5860.37108588  1.99195016863e-22
6058.05702285  1.99203380447e-22
6262.4114334  1.99200675247e-22
6473.6592629  1.99187698011e-22
6692.03304475  1.99165204403e-22
6917.77315631  1.99133911121e-22
7151.12808353  1.99094497815e-22
7392.35469443  1.99047608858e-22
7641.71852188  1.98993854953e-22
7899.49405588  1.98933814631e-22
8165.96504572  1.98868035634e-22
8441.4248123  1.98797036205e-22
8726.17657102  1.98721306295e-22
9020.53376554  1.98641308709e-22
9324.82041281  1.98557480181e-22
9639.37145974  1.98470232405e-22
9964.53315189  1.98379953019e-22
10300.6634146  1.98287006554e-22
10648.132247  1.98191735343e-22
11007.3221293  1.98094460411e-22
11378.6284436  1.97995482335e-22
11762.4599097  1.97895082076e-22
12159.2390341  1.97793521805e-22
12569.402576  1.97691045699e-22
12993.4020274  1.97587880723e-22
13431.7041105  1.974842374e-22
13884.791291  1.97380310557e-22
14353.1623098  1.97276280068e-22
14837.3327315  1.97172311569e-22
15337.835512  1.97068557166e-22
15855.2215853  1.96965156123e-22
16390.06047  1.96862235537e-22
16942.9408957  1.96759910994e-22
17514.4714519  1.96658287207e-22
18105.2812571  1.96557458643e-22
18716.0206518  1.96457510121e-22
19347.3619141  1.963585174e-22
20000  1.96260547748e-22

