6 20 101
101
6  0
6.0726749839  4.32486648932e-43
6.14623024334  8.70211791238e-43
6.22067644067  1.31323887816e-42
6.29602436737  1.76163212947e-42
6.37228494562  2.21545654285e-42
6.44946922993  2.67477790321e-42
6.52758840867  3.13966279231e-42
6.60665380575  3.61017859839e-42
6.68667688224  4.08639352591e-42
6.76766923803  4.56837660546e-42
6.84964261352  5.05619770376e-42
6.93260889129  5.54992753381e-42
7.01658009788  1.38876193197e-40
7.10156840549  8.06875642759e-40
7.18758613374  1.48517437671e-39
7.2746457515  2.17168900226e-39
7.36275987864  2.86651903436e-39
7.45194128792  3.56976519337e-39
7.54220290677  4.28152941959e-39
7.63355781924  5.00191488808e-39
7.72601926784  5.73102602364e-39
7.81960065549  6.46896851586e-39
7.91431554744  7.21584933454e-39
8.01017767327  3.22013797778e-38
8.10720092884  2.20427918577e-37
8.20539937834  4.15116015283e-37
8.30478725629  6.12162271038e-37
8.40537896964  8.11595249038e-37
8.50718909986  1.01344385845e-36
8.610232405  1.2177373586e-36
8.7145238219  1.42450536322e-36
8.82007846831  1.63377784474e-36
8.92691164508  1.84558513864e-36
9.03503883843  8.58096298983e-36
9.14447572211  2.91650022549e-35
9.25523815976  4.99983656402e-35
9.36734220713  7.10840730837e-35
9.48080411448  9.2425181102e-35
9.59564032887  1.14024783234e-34
9.7118674966  1.35886010489e-34
9.82950246559  1.580120318e-34
9.94856228783  1.80406054485e-34
10.0690642218  8.79951011384e-34
10.1910257352  2.09820249336e-33
10.3144645071  3.33121004315e-33
10.4393984307  4.57915239358e-33
10.5658456162  5.84221044237e-33
10.6938243929  7.1205672784e-33
10.8233533122  8.41440820817e-33
10.9544511501  9.72392078272e-33
11.0871369103  3.82878817737e-32
11.2214298263  8.16086412413e-32
11.357349365  1.25454123292e-31
11.4949152287  1.69830683626e-31
11.6341473586  2.14744754928e-31
11.7750659372  2.60202847798e-31
11.9176913918  3.06211551696e-31
12.0620443968  8.07574932697e-31
12.2081458772  1.92565698147e-30
12.3560170113  3.05728179605e-30
12.5056792342  4.20261341317e-30
12.6571542404  5.36181785643e-30
12.8104639872  6.53506316039e-30
12.9656306978  7.74716988061e-30
13.1226768649  2.61259471176e-29
13.2816252532  4.96298773617e-29
13.4424989034  7.34184988978e-29
13.6053211353  9.74952600484e-29
13.7701155511  1.21863650904e-28
13.9369060387  1.46527203828e-28
14.1057167757  3.32956174159e-28
14.2765722323  6.19177164719e-28
14.4494971752  9.08865006258e-28
14.6245166709  1.202061691e-27
14.8016560898  1.4988097198e-27
14.9809411095  1.84457729706e-27
15.1623977185  3.99180113237e-27
15.3460522202  6.43534631571e-27
15.5319312365  8.90848893353e-27
15.7200617119  1.14115874847e-26
15.9104709172  1.39450048103e-26
16.1031864535  2.36077046476e-26
16.2982362562  3.96210983999e-26
16.4956485991  5.5828454341e-26
16.6954520985  7.22321218374e-26
16.8976757173  8.88344787124e-26
17.1023487691  1.38079605145e-25
17.3095009226  2.20747980792e-25
17.5191622061  3.04417676917e-25
17.7313630113  3.89100822012e-25
17.9461340982  4.74815016264e-25
18.1635065993  7.45819359625e-25
18.3835120242  1.08155071816e-24
18.6061822643  1.42134862188e-24
18.831549597  1.76526232679e-24
19.059646691  2.28457397455e-24
19.2905066104  3.29961655956e-24
19.52416282  4.32695384515e-24
19.7606491897  5.36673475086e-24
20  6.41911e-24

