3 20 101
101
3  0
3.05745688936  4.6939750507e-41
3.11601421011  9.47785050312e-41
3.17569303801  1.43533481564e-40
3.23651485253  1.93222227861e-40
3.29850154446  2.43862627758e-40
3.3616754239  2.95472907606e-40
3.4260592282  3.48071642834e-40
3.49167613021  4.01677764632e-40
3.55854974658  4.56310566766e-40
3.62670414627  5.11989712523e-40
3.69616385924  5.68735241786e-40
3.76695388521  6.26567578248e-40
3.83909970275  6.85507536762e-40
3.91262727838  7.45576330835e-40
3.98756307593  5.32139116535e-39
4.06393406609  4.75808901238e-37
4.1417677361  1.0540666061e-36
4.22109209963  1.64339927396e-36
4.30193570688  2.24401901578e-36
4.38432765487  2.85614200495e-36
4.46829759787  3.47998855508e-36
4.55387575811  4.11578319928e-36
4.64109293664  4.76375477099e-36
4.72998052444  5.42413648633e-36
4.82057051367  6.09716602806e-36
4.91289550923  6.7830856311e-36
5.00698874047  6.92887092449e-35
5.10288407317  6.40793811372e-34
5.20061602171  1.24244046097e-33
5.30021976151  1.85561002557e-33
5.40173114165  2.48052319545e-33
5.50518669785  3.11740488761e-33
5.61062366552  3.76648432675e-33
5.71807999326  4.42799512773e-33
5.82759435644  5.10217537967e-33
5.93920617117  5.78926773167e-33
6.05295560847  5.59602988856e-32
6.16888360871  1.64973133628e-31
6.28703189637  2.760738145e-31
6.40744299507  3.89302328547e-31
6.53016024283  5.04699428663e-31
6.6552278077  6.2230664825e-31
6.78269070364  7.42166316172e-31
6.91259480676  8.64321571986e-31
7.04498687177  2.67553784471e-30
7.17991454885  7.8613464318e-30
7.31742640081  1.31464751623e-29
7.45757192053  1.85328262451e-29
7.60040154878  2.40223383205e-29
7.74596669241  2.96169871587e-29
7.89431974284  3.531878637e-29
8.04551409486  7.37492170937e-29
8.19960416593  1.90106096788e-28
8.35664541573  3.08691477937e-28
8.51669436609  4.29548041461e-28
8.67980862141  5.52719285718e-28
8.84604688929  6.7824954216e-28
9.01546900177  9.9014388574e-28
9.18813593677  2.66656788798e-27
9.36410984009  4.41761328249e-27
9.54345404778  6.20219521751e-27
9.72623310891  8.02095599479e-27
9.91251280879  9.87455021765e-27
10.1023601927  2.54381789073e-26
10.29584359  5.32113468579e-26
10.4930326387  8.15164347545e-26
10.6939983105  1.10363630086e-25
10.8988129364  1.39763315454e-25
11.1075502328  2.49519644234e-25
11.3202853277  4.37888486872e-25
11.5370947883  6.29865025427e-25
11.7580566479  8.25518355561e-25
11.9832504345  1.04360267324e-24
12.2127571994  1.7709581979e-24
12.4466595458  2.57483846009e-24
12.6850416593  3.39411487538e-24
12.9279893377  4.22908231544e-24
13.175590022  5.92747561959e-24
13.4279328281  8.01259179639e-24
13.6851085784  1.01376427364e-23
13.9472098349  1.23064215965e-23
14.2143309324  1.53256527305e-23
14.4865680123  1.86103836656e-23
14.7640190574  2.19580247415e-23
15.0467839273  2.54545230796e-23
15.3349643938  2.94249614366e-23
15.628664178  3.34755220102e-23
15.9279889875  3.760364838e-23
16.2330465545  4.1777095441e-23
16.5439466745  4.60198281272e-23
16.8608012457  5.03438188876e-23
17.1837243096  5.45825860728e-23
17.5128320918  5.87727830644e-23
17.8482430438  6.30432319509e-23
18.1900778857  6.71862529124e-23
18.5384596499  7.12383857263e-23
18.893513725  7.53681261892e-23
19.2553679009  7.93046363362e-23
19.6241524153  8.32008078521e-23
20  8.71716e-23

