6 20 101
101
6  0
6.0726749839  8.60871521772e-43
6.14623024334  1.73217034754e-42
6.22067644067  2.614022778e-42
6.29602436737  3.50655664365e-42
6.37228494562  4.40990132336e-42
6.44946922993  5.32418776308e-42
6.52758840867  6.24954849484e-42
6.60665380575  7.18611765599e-42
6.68667688224  8.13403100858e-42
6.76766923803  9.09342595912e-42
6.84964261352  1.00644415784e-41
6.93260889129  1.10472186218e-41
7.01658009788  2.04066640927e-40
7.10156840549  1.17005587696e-39
7.18758613374  2.15093792376e-39
7.2746457515  3.14370090171e-39
7.36275987864  4.14848871857e-39
7.45194128792  5.16544702516e-39
7.54220290677  6.19472323652e-39
7.63355781924  7.23646655322e-39
7.72601926784  8.29082798305e-39
7.81960065549  9.35796036287e-39
7.91431554744  1.04380183808e-38
8.01017767327  5.375865781e-38
8.10720092884  3.81574000521e-37
8.20539937834  7.20647835891e-37
8.30478725629  1.06382870218e-36
8.40537896964  1.41116634579e-36
8.50718909986  1.76271111568e-36
8.610232405  2.11851397065e-36
8.7145238219  2.47862648675e-36
8.82007846831  2.84310086473e-36
8.92691164508  3.21198993764e-36
9.03503883843  1.95628015467e-35
9.14447572211  6.98431006107e-35
9.25523815976  1.20732419662e-34
9.36734220713  1.72238135454e-34
9.48080411448  2.2436771409e-34
9.59564032887  2.77128712108e-34
9.7118674966  3.30528777572e-34
9.82950246559  3.84575651187e-34
9.94856228783  4.39277167412e-34
10.0690642218  2.16510755948e-33
10.1910257352  5.17104297519e-33
10.3144645071  8.21338777557e-33
10.4393984307  1.12925829692e-32
10.5658456162  1.44090749063e-32
10.6938243929  1.75633153436e-32
10.8233533122  2.07557615098e-32
10.9544511501  2.39868761716e-32
11.0871369103  7.35179312431e-32
11.2214298263  1.48123622156e-31
11.357349365  2.236329743e-31
11.4949152287  3.0005693327e-31
11.6341473586  3.77406577237e-31
11.7750659372  4.55693118559e-31
11.9176913918  5.34927905403e-31
12.0620443968  1.22642734466e-30
12.2081458772  2.74708749349e-30
12.3560170113  4.2861666343e-30
12.5056792342  5.84388786706e-30
12.6571542404  7.42047699408e-30
12.8104639872  9.01616255267e-30
12.9656306978  1.06590213586e-29
13.1226768649  3.16968897358e-29
13.2816252532  5.85275525258e-29
13.4424989034  8.56832016469e-29
13.6053211353  1.13167773495e-28
13.7701155511  1.40985252146e-28
13.9369060387  1.69139669932e-28
14.1057167757  3.74048804043e-28
14.2765722323  6.8800253975e-28
14.4494971752  1.00575903924e-27
14.6245166709  1.32736436347e-27
14.8016560898  1.65286513134e-27
14.9809411095  2.03312749826e-27
15.1623977185  4.42867141144e-27
15.3460522202  7.1556414045e-27
15.5319312365  9.91564181427e-27
15.7200617119  1.27090727216e-26
15.9104709172  1.55363390533e-26
16.1031864535  2.64382350626e-26
16.2982362562  4.45328687247e-26
16.4956485991  6.28466735884e-26
16.6954520985  8.13823043643e-26
16.8976757173  1.00142447918e-25
17.1023487691  1.55461968389e-25
17.3095009226  2.48214966607e-25
17.5191622061  3.42091435266e-25
17.7313630113  4.371049824e-25
17.9461340982  5.33275109153e-25
18.1635065993  8.28823997446e-25
18.3835120242  1.19405324335e-24
18.6061822643  1.56370632751e-24
18.831549597  1.93783683366e-24
19.059646691  2.49295764595e-24
19.2905066104  3.55918187509e-24
19.52416282  4.63832074234e-24
19.7606491897  5.73053067622e-24
20  6.83597e-24

