6 20 101
101
6  0
6.0726749839  5.0272702087e-42
6.14623024334  1.01154332143e-41
6.22067644067  1.52652265807e-41
6.29602436737  2.04773968054e-41
6.37228494562  2.57526994279e-41
6.44946922993  3.10918991393e-41
6.52758840867  3.64957698929e-41
6.60665380575  4.19650950165e-41
6.68667688224  4.75006673259e-41
6.76766923803  5.31032892402e-41
6.84964261352  5.87737728973e-41
6.93260889129  6.45129402725e-41
7.01658009788  9.23177724925e-40
7.10156840549  5.21491708335e-39
7.18758613374  9.57281822259e-39
7.2746457515  1.39835044277e-38
7.36275987864  1.84476150576e-38
7.45194128792  2.29657972155e-38
7.54220290677  2.75387058427e-38
7.63355781924  3.21670038134e-38
7.72601926784  3.68513620308e-38
7.81960065549  4.15924595246e-38
7.91431554744  4.63909835491e-38
8.01017767327  2.06645218428e-37
8.10720092884  1.41385270036e-36
8.20539937834  2.6625017624e-36
8.30478725629  3.92627508285e-36
8.40537896964  5.20535585426e-36
8.50718909986  6.49992948808e-36
8.610232405  7.81018364156e-36
8.7145238219  9.13630824497e-36
8.82007846831  1.04784955291e-35
8.92691164508  1.1836940053e-35
9.03503883843  6.46967913019e-35
9.14447572211  2.26891412789e-34
9.25523815976  3.91050616194e-34
9.36734220713  5.5719819751e-34
9.48080411448  7.25358240959e-34
9.59564032887  8.95555122482e-34
9.7118674966  1.06781351328e-33
9.82950246559  1.24215838337e-33
9.94856228783  1.41861500523e-33
10.0690642218  7.38893918031e-33
10.1910257352  1.77973969482e-32
10.3144645071  2.83319271329e-32
10.4393984307  3.89940567863e-32
10.5658456162  4.97853314564e-32
10.6938243929  6.0707315412e-32
10.8233533122  7.17615918689e-32
10.9544511501  8.29497632198e-32
11.0871369103  2.62223820279e-31
11.2214298263  5.32524975841e-31
11.357349365  8.06100153425e-31
11.4949152287  1.08298900961e-30
11.6341473586  1.36323168133e-30
11.7750659372  1.64686879165e-30
11.9176913918  1.93394145572e-30
12.0620443968  3.97777392796e-30
12.2081458772  8.40045421018e-30
12.3560170113  1.28767041955e-29
12.5056792342  1.74071727467e-29
12.6571542404  2.1992516586e-29
12.8104639872  2.66334003904e-29
12.9656306978  3.13968793964e-29
13.1226768649  8.24074931756e-29
13.2816252532  1.47238265056e-28
13.4424989034  2.12854299486e-28
13.6053211353  2.79265107958e-28
13.7701155511  3.46480317169e-28
13.9369060387  4.14509670421e-28
14.1057167757  8.67079287743e-28
14.2765722323  1.55691434453e-27
14.4494971752  2.25510502659e-27
14.6245166709  2.96175254142e-27
14.8016560898  3.67695932237e-27
14.9809411095  4.50420169025e-27
15.1623977185  9.43144957467e-27
15.3460522202  1.50335216087e-26
15.5319312365  2.07034487253e-26
15.7200617119  2.64420528188e-26
15.9104709172  3.2250165739e-26
16.1031864535  5.35456740937e-26
16.2982362562  8.86376497427e-26
16.4956485991  1.24154676853e-25
16.6954520985  1.60101903858e-25
16.8976757173  1.96484541554e-25
17.1023487691  2.96183076937e-25
17.3095009226  4.6071077478e-25
17.5191622061  6.27231313921e-25
17.7313630113  7.95768832646e-25
17.9461340982  9.66356611247e-25
18.1635065993  1.44523153152e-24
18.3835120242  2.03202560082e-24
18.6061822643  2.6259272117e-24
18.831549597  3.22702245425e-24
19.059646691  4.04820711843e-24
19.2905066104  5.48761871587e-24
19.52416282  6.94446518242e-24
19.7606491897  8.41895769789e-24
20  9.91131e-24

