2 20 101
101
2  0
2.04658598456  4.82081085439e-42
2.0942570961  9.75391281881e-42
2.14303861048  1.48019214892e-41
2.19295639229  1.99675133866e-41
2.2440369086  2.52534273762e-41
2.29630724299  3.06624661195e-41
2.34979510988  3.61974975605e-41
2.40452886923  4.18614564462e-41
2.46053754162  4.76573458824e-41
2.51785082359  5.35882389266e-41
2.57649910339  5.96572802166e-41
2.63651347711  6.58676876386e-41
2.69792576518  7.22227540327e-41
2.76076852921  7.87258489393e-41
2.82507508925  8.53804203853e-41
2.89087954149  9.21899967127e-41
2.95821677634  9.91581884488e-41
3.02712249687  2.19293032359e-37
3.09763323782  7.89123224526e-37
3.16978638492  1.37222646696e-36
3.24362019472  1.96891192872e-36
3.31917381488  2.57949598034e-36
3.39648730492  3.20430236155e-36
3.4756016575  3.84366235298e-36
3.55655882008  4.49791495176e-36
3.63940171722  5.16740705126e-36
3.72417427333  5.85249362508e-36
3.81092143593  6.55353791517e-36
3.89968919952  7.2709116245e-36
3.99052462994  4.29797002645e-35
4.08347588934  1.40822420034e-33
4.17859226171  3.00361286708e-33
4.275924179  4.63616290972e-33
4.3755232479  6.3067399279e-33
4.47744227714  8.01622968367e-33
4.58173530554  9.76553857113e-33
4.68845763064  1.1555594097e-32
4.79766583804  1.33873453724e-32
4.90941783137  1.52617636161e-32
5.02377286302  1.11911672145e-31
5.14079156554  5.73600323506e-31
5.26053598379  1.04717978642e-30
5.38306960785  1.53179033212e-30
5.50845740668  2.02768890751e-30
5.63676586253  2.53513844459e-30
5.76806300625  3.05440799982e-30
5.90241845333  3.58577289679e-30
6.0399034408  1.16203236975e-29
6.18059086503  3.85870500039e-29
6.32455532034  6.61819120581e-29
6.47187313859  9.44195410211e-29
6.62262242965  1.23314908858e-28
6.77688312278  1.52883336274e-28
6.93473700905  1.83140500842e-28
7.09626778467  5.55038819091e-28
7.2615610954  1.17211511258e-27
7.43070458194  1.8035649594e-27
7.60378792641  2.44972316264e-27
7.78090289989  3.11093232391e-27
7.96214341107  3.81356396459e-27
8.14760555608  1.34264078048e-26
8.33738766941  2.56377556958e-26
8.53159037603  3.8133542419e-26
8.7303166448  5.09203934059e-26
8.93367184302  6.40050884141e-26
9.1417637923  1.53650180846e-25
9.35470282574  2.81892754198e-25
9.57260184645  4.13122480821e-25
9.79557638737  5.47408940452e-25
10.0237446725  7.49178235959e-25
10.2572276798  1.39622846658e-24
10.496149205  2.07028746802e-24
10.7406359274  2.76004732058e-24
10.9908174772  3.52576208465e-24
11.2468265038  5.43087863309e-24
11.5087987467  7.48896401026e-24
11.7768731071  9.59498835424e-24
12.0511917215  1.19851836939e-23
12.3319000372  1.5440061509e-23
12.6191468896  1.89816715754e-23
12.9130845807  2.26057763377e-23
13.2138689602  2.6719300994e-23
13.5216595078  3.10970675119e-23
13.8366194184  3.55768053115e-23
14.1589156877  4.01244661334e-23
14.4887192015  4.47397365058e-23
14.826204826  4.94625103353e-23
15.1715515006  5.41049553093e-23
15.5249423326  5.8658219484e-23
15.8865646945  6.33175428061e-23
16.2566103233  6.77561928927e-23
16.6352754221  7.21493176893e-23
17.022760764  7.65989456421e-23
17.4192717991  8.07353465673e-23
17.8250187627  8.49495116227e-23
18.2402167871  8.90024799315e-23
18.6650860159  9.29565296582e-23
19.0998517204  9.69085039771e-23
19.5447444191  1.0063106321e-22
20  1.0444e-22

