4 20 101
101
4  0
4.06489836507  5.63432029924e-43
4.13084967959  1.13600551424e-42
4.19787102722  1.71786876931e-42
4.26597976883  2.30917251787e-42
4.33519354694  2.91006992806e-42
4.4055302903  3.52071665313e-42
4.47700821858  4.14127087172e-42
4.54964584702  4.77189332886e-42
4.6234619913  5.41274737762e-42
4.69847577235  6.06399902138e-42
4.77470662134  6.72581695687e-42
4.85217428469  7.39837261785e-42
4.93089882922  8.08184021955e-42
5.0109006473  5.9119738619e-40
5.09220046219  4.4735553634e-39
5.17481933334  8.47443353903e-39
5.2587786619  1.25402243278e-38
5.34410019626  1.66719809102e-38
5.43080603763  2.08707735545e-38
5.51891864584  2.51376898932e-38
5.60846084511  2.94738352054e-38
5.69945582996  3.38803327031e-38
5.79192717125  3.83583238215e-38
5.88589882225  4.29089685156e-38
5.98139512488  5.92089902564e-38
6.07844081599  2.63217020744e-36
6.17706103378  5.88058858236e-36
6.27728132428  9.18171121768e-36
6.37912764804  1.25363932185e-35
6.48262638677  1.59455035636e-35
6.58780435024  1.94099253306e-35
6.69468878317  2.29305559248e-35
6.80330737234  2.65083073114e-35
6.91368825372  3.01441062519e-35
7.02586001978  1.74495351198e-34
7.13985172691  7.96092648987e-34
7.25569290288  1.42818383689e-33
7.3734135546  2.07053044596e-33
7.49304417576  2.72329886621e-33
7.61461575486  3.38665818727e-33
7.73815978314  4.06078024218e-33
7.86370826279  4.7458396519e-33
7.9912937152  6.91314722614e-33
8.12094918942  4.64953445929e-32
8.25270827072  9.1166084448e-32
8.38660508926  1.36561588799e-31
8.52267432896  1.82693616653e-31
8.66095123645  2.29574117804e-31
8.80147163025  2.77215235924e-31
8.94427191  3.25629311713e-31
9.08938906592  1.30707134481e-30
9.23686068839  2.89505713082e-30
9.38672497765  4.50880733715e-30
9.53902075375  6.14873998098e-30
9.69378746657  7.81527986167e-30
9.85106520605  9.50885867075e-30
10.0108947126  1.46814149088e-29
10.1733173875  4.94019465725e-29
10.3383753039  8.58666074966e-29
10.5061112176  1.2292289264e-28
10.6765685779  1.60580400864e-28
10.8497915392  1.98848886766e-28
11.0258249723  3.01039523373e-28
11.2047144759  7.41802137932e-28
11.3865063885  1.19449072381e-27
11.5712478006  1.65452399697e-27
11.7589865666  2.12202112195e-27
11.9497713174  2.59710319671e-27
12.1436514728  5.18987096757e-27
12.3406772544  8.57444289281e-27
12.5408996988  1.20139281141e-26
12.7443706706  1.55092175774e-26
12.9511428756  1.90683723839e-26
13.1612698752  3.65550819212e-26
13.3748060995  5.86072881075e-26
13.5918068618  8.10172823256e-26
13.8123283727  1.0379086954e-25
14.036427755  1.46490948335e-25
14.2641630582  2.85139088342e-25
14.4955932736  4.27036590594e-25
14.7307783496  5.71236321822e-25
14.9697792074  7.23854372106e-25
15.2126577564  1.19449633858e-24
15.4594769106  1.7262916541e-24
15.7103006046  2.26671513124e-24
15.9651938106  2.82746839302e-24
16.2242225547  4.09856940636e-24
16.4874539343  5.51634151372e-24
16.7549561354  6.95711639404e-24
17.0267984504  8.53361147907e-24
17.3030512959  1.09281651703e-23
17.5837862308  1.33841663267e-23
17.8690759753  1.5880015098e-23
18.1589944294  1.88905000532e-23
18.4536166918  2.2346595965e-23
18.75301908  2.58587656203e-23
19.0572791496  2.95142810671e-23
19.3664757145  3.35945055636e-23
19.6806888673  3.77429989768e-23
20  4.19588e-23

