7 20000 201
201
7  0
7.28413019689  1.88152152901e-41
7.57979324646  3.83941406981e-41
7.88745726754  5.87677752391e-41
8.20760937988  2.97748692938e-38
8.54075647546  7.74478120994e-38
8.88742602103  1.27055800994e-37
9.2481668932  4.71264587363e-36
9.62355024752  1.16245551768e-35
10.0141704227  4.22189190995e-35
10.4206458819  7.2098167929e-34
10.8436201913  1.42729543901e-33
11.2837630399  1.92162942034e-32
11.7417712991  4.75071758271e-32
12.2183701264  4.08175178173e-31
12.7143141134  1.19106848784e-30
13.2303884809  9.97972848892e-30
13.7674103215  2.94143609417e-29
14.3262298937  1.86775970593e-28
14.907731968  4.52267895109e-28
15.5128372279  2.54570496176e-27
16.1425037273  8.34680566598e-27
16.7977284077  2.60603331371e-26
17.4795486762  1.03035254027e-25
18.1890440486  1.74949482335e-25
18.9273378582  1.5272179366e-25
19.6955990342  1.29591882477e-25
20.495043953  1.05523127548e-25
21.3269383635  3.01231951702e-25
22.1925993915  1.13693598568e-23
23.0933976251  2.65500361776e-23
24.0307592842  4.55803448916e-23
25.0061684795  5.92310169522e-23
26.0211695614  7.222283039e-23
27.0773695658  8.45818496529e-23
28.1764407581  9.6333102443e-23
29.320123281  1.07500618879e-22
30.5102279097  1.18107469386e-22
31.7486389187  1.28175801332e-22
33.0373170654  1.37726874448e-22
34.3783026943  1.46781095069e-22
35.7737189676  1.55358049227e-22
37.2257752267  1.6347653462e-22
38.7367704903  1.71154591518e-22
40.309097094  1.78409532612e-22
41.9452444788  1.85257971862e-22
43.647803132  1.91715852374e-22
45.4194686888  1.9779847334e-22
47.2630462004  2.03520516074e-22
49.1814545751  2.08896069193e-22
51.1777311996  2.13938652966e-22
53.2550367485  2.1866124287e-22
55.416660188  2.23076292393e-22
57.6660239838  2.2719575512e-22
60.0066895193  2.31031106125e-22
62.4423627347  2.34593362725e-22
64.9768999944  2.37893104618e-22
67.6143141928  2.4094049344e-22
70.3587811077  2.43745291787e-22
73.2146460118  2.46316881721e-22
76.1864305528  2.48664282812e-22
79.2788399118  2.50796169742e-22
82.4967702537  2.52720889501e-22
85.8453164787  2.54446478227e-22
89.3297802892  2.559806777e-22
92.9556785837  2.57330951545e-22
96.728752192  2.58504501161e-22
100.654974964  2.59508281419e-22
104.740563229  2.60349016156e-22
108.991985637  2.61033213482e-22
113.415973399  2.61567180954e-22
118.01953095  2.61957040606e-22
122.80994703  2.6220874389e-22
127.794806235  2.62328086515e-22
132.982001014  2.6232072322e-22
138.379744176  2.62192182466e-22
143.996581884  2.61947881065e-22
149.841407193  2.61593138714e-22
155.923474126  2.61133192439e-22
162.252412326  2.60573210886e-22
168.838242306  2.59918308446e-22
175.69139131  2.59173559119e-22
182.822709825  2.5834401007e-22
190.243488759  2.5743469474e-22
197.965477319  2.56450645431e-22
206.000901611  2.55396905177e-22
214.362484002  2.54278538767e-22
223.063463257  2.53100642693e-22
232.117615505  2.51868353816e-22
241.539276047  2.50586856487e-22
251.343362056  2.49261387858e-22
261.545396191  2.47897241077e-22
272.161531179  2.46499766057e-22
283.208575385  2.45074367513e-22
294.704019425  2.43626499924e-22
306.666063863  2.42161659151e-22
319.113648021  2.40685370407e-22
332.06647997  2.39203172388e-22
345.545067732  2.37720597387e-22
359.57075175  2.36243147339e-22
374.165738677  2.34776265838e-22
389.353136535  2.3332530631e-22
405.156991298  2.3201111124e-22
421.602324971  2.30604902798e-22
438.7151752  2.29229901586e-22
456.522636501  2.27890705011e-22
475.052903157  2.26591620547e-22
494.335313858  2.25336623454e-22
514.400398152  2.24129316209e-22
535.279924781  2.22972890898e-22
557.006951984  2.21870095817e-22
579.615879832  2.20823207491e-22
603.142504697  2.1983400919e-22
627.624075928  2.18903776898e-22
653.099354823  2.1803327346e-22
679.608676005  2.17222751431e-22
707.194011279  2.16471964912e-22
735.899036089  2.15780190433e-22
765.769198662  2.15146256789e-22
796.851791975  2.14568583622e-22
829.196028624  2.14045228601e-22
862.853118749  2.13573943315e-22
897.876351109  2.13152238703e-22
934.321177455  2.12777462597e-22
972.245300327  2.12446896708e-22
1011.70876441  2.12158927739e-22
1052.77405162  2.11936080119e-22
1095.50617999  2.11787814862e-22
1139.97280664  2.11713032055e-22
1186.24433493  2.10994299717e-22
1234.39402585  2.1112614879e-22
1284.49811408  2.11320041854e-22
1336.63592866  2.11577040398e-22
1390.8900186  2.11897964047e-22
1447.34628358  2.12283385392e-22
1506.09410994  2.12733627456e-22
1567.22651222  2.13248763877e-22
1630.84028043  2.138286218e-22
1697.03613329  2.14472787426e-22
1765.91887767  2.15180614085e-22
1837.59757458  2.15951232642e-22
1912.18571182  2.19054604958e-22
1989.80138365  2.20812202636e-22
2070.56747778  2.2242348492e-22
2154.61186994  2.23905229178e-22
2242.06762635  2.25272180956e-22
2333.07321436  2.26537402462e-22
2427.77272176  2.27712545952e-22
2526.31608482  2.28808070383e-22
2628.85932576  2.2983341463e-22
2735.56479973  2.30797137094e-22
2846.6014519  2.31707029031e-22
2962.1450849  2.32570207159e-22
3082.37863721  2.33090739556e-22
3207.49247279  2.33743240472e-22
3337.68468248  2.34328860309e-22
3473.16139762  2.34852757177e-22
3614.13711644  2.35319635414e-22
3760.83504366  2.35733800495e-22
3913.48744386  2.36099205674e-22
4072.33600928  2.36419491797e-22
4237.63224244  2.36698021385e-22
4409.63785435  2.36937907931e-22
4588.62517889  2.37142041153e-22
4774.87760397  2.37313108814e-22
4968.69002022  2.37453615626e-22
5170.36928789  2.37565899675e-22
5380.23472272  2.376521467e-22
5598.61860144  2.37714402566e-22
5825.86668795  2.37754584158e-22
6062.33878068  2.37774488949e-22
6308.4092823  2.37775803401e-22
6564.46779251  2.37760110396e-22
6830.91972484  2.37728895815e-22
7108.18694861  2.37683554402e-22
7396.70845679  2.37625395017e-22
7696.9410611  2.37555645369e-22
8009.36011526  2.37475456308e-22
8334.46026762  2.37385905754e-22
8672.7562443  2.37288002305e-22
9024.7836642  2.37182688596e-22
9391.09988697  2.3707084443e-22
9772.28489553  2.36953289739e-22
10168.9422143  2.36830787383e-22
10581.6998648  2.36704045833e-22
11011.21136  2.3657372174e-22
11458.1567388  2.36440422415e-22
11923.2436431  2.36304708238e-22
12407.2084379  2.36167094991e-22
12910.8173774  2.36028056132e-22
13434.8678179  2.35888025016e-22
13980.1894805  2.35747397056e-22
14547.6457647  2.35606531838e-22
15138.1351155  2.35465755177e-22
15752.5924456  2.35325361127e-22
16391.9906161  2.35185613931e-22
17057.3419762  2.35046749917e-22
17749.6999668  2.3490897934e-22
18470.1607877  2.34772488151e-22
19219.8651336  2.34637439722e-22
20000  2.3450397649e-22

