5 20000 251
251
5  0
5.16866332702  4.35577170896e-43
5.34301611761  8.85847520756e-43
5.52325029255  1.35130668967e-42
5.7095642466  1.83246703698e-42
5.90216306693  2.3298582053e-42
6.10125875882  8.88082647936e-40
6.30707047907  2.68789044539e-39
6.51982477722  4.54841055707e-39
6.73975584491  6.47169097115e-39
6.96710577373  8.45984875992e-39
7.20212482162  8.182307432e-37
7.44507168842  1.79120088394e-36
7.69621380059  2.79699190089e-36
7.9558276056  3.83671092968e-36
8.22419887622  1.29970631595e-34
8.50162302512  2.85830101394e-34
8.78840543001  4.46947126537e-34
9.08486176981  3.41750178908e-33
9.39131837212  1.37156114944e-32
9.70811257246  2.43611038886e-32
10.0355930856  7.42570876892e-32
10.3741203892  4.55530513693e-31
10.7240671212  8.49665308604e-31
11.0858184891  3.32933985023e-30
11.459772695  1.27803224651e-29
11.8463413729  2.25501119142e-29
12.2459500427  9.73884022461e-29
12.659038578  2.16561543982e-28
13.0860616907  5.19622013652e-28
13.5274894311  1.56954641721e-27
13.9838077058  2.65488756936e-27
14.4555188123  1.02817179946e-26
14.9431419916  1.84048501094e-26
15.4472140004  6.24369584349e-26
15.9682897017  1.12637782095e-25
16.5069426753  3.66003384878e-25
17.0637658494  7.20195240321e-25
17.6393721533  1.71980735827e-24
18.2343951921  2.25443083384e-24
18.8494899439  2.01392032011e-24
19.4853334812  3.64376488653e-24
20.1426257158  8.44663479577e-24
20.8220901694  1.57317838715e-23
21.5244747701  2.54810555507e-23
22.2505526755  3.76784678324e-23
23.0011231239  5.23101755905e-23
23.7770123142  6.93644339095e-23
24.5790743149  8.12193182594e-23
25.4081920046  9.01066275724e-23
26.265278044  9.86257773125e-23
27.15127588  1.0678891443e-22
28.0671607845  1.1460778101e-22
29.0139409281  1.22093727083e-22
29.9926584895  1.29257723093e-22
31.0043908028  1.36110372017e-22
32.0502515438  1.42661921155e-22
33.1313919552  1.48922273594e-22
34.2490021144  1.54900999348e-22
35.4043122431  1.60607346189e-22
36.5985940618  1.66050250182e-22
37.8331621896  1.71238345914e-22
39.1093755908  1.76179976442e-22
40.4286390718  1.80883202966e-22
41.7924048263  1.85355814224e-22
43.2021740347  1.8960533563e-22
44.6594985161  1.9363903816e-22
46.1659824366  1.97463946988e-22
47.7232840751  2.01086849891e-22
49.3331176488  2.04514305421e-22
50.9972551997  2.07752650859e-22
52.7175285459  2.10808009958e-22
54.4958312972  2.13686300482e-22
56.3341209402  2.16393241554e-22
58.2344209926  2.18934360809e-22
60.1988232309  2.21315001379e-22
62.2294899926  2.23540328702e-22
64.3286565568  2.25615337175e-22
66.4986336042  2.27544856646e-22
68.7418097614  2.29333558771e-22
71.0606542293  2.30985963231e-22
73.4577195017  2.3250644382e-22
75.9356441749  2.33899234413e-22
78.4971558521  2.35168434829e-22
81.1450741455  2.36318016585e-22
83.8823137808  2.37351828558e-22
86.7118878048  2.38273602558e-22
89.6369109026  2.39086958832e-22
92.6606028258  2.39795411481e-22
95.786291937  2.40402373834e-22
99.0174188731  2.40911163748e-22
102.357540333  2.41325008876e-22
105.810332993  2.41647051883e-22
109.379597552  2.41880355633e-22
113.069262918  2.42027908348e-22
116.883390531  2.42092628739e-22
120.826178835  2.42077371127e-22
124.901967898  2.4198493054e-22
129.115244189  2.41818047805e-22
133.47064552  2.41579414626e-22
137.972966146  2.41271678657e-22
142.627162048  2.40897448552e-22
147.438356383  2.40459299012e-22
152.411845126  2.39959775806e-22
157.553102901  2.39401400756e-22
162.867789005  2.38786676693e-22
168.361753636  2.38118092345e-22
174.041044338  2.37398127167e-22
179.911912653  2.36629256059e-22
185.980821005  2.35813953977e-22
192.254449811  2.34954700381e-22
198.739704839  2.34053983504e-22
205.443724804  2.33114304385e-22
212.373889232  2.32138180626e-22
219.537826578  2.31128149824e-22
226.943422626  2.30086772611e-22
234.598829166  2.29016635244e-22
242.512472975  2.27920351678e-22
250.693065082  2.26800565034e-22
259.149610365  2.25659948409e-22
267.891417461  2.24501204918e-22
276.92810901  2.2332706691e-22
286.269632252  2.2214029426e-22
295.926269972  2.20943671672e-22
305.908651821  2.197400049e-22
316.227766017  2.18532115847e-22
326.894971439  2.17322836461e-22
337.922010133  2.16115001413e-22
349.321020233  2.14911439518e-22
361.104549327  2.13714963918e-22
373.285568265  2.12528361044e-22
385.877485439  2.11354378427e-22
398.894161542  2.10195711437e-22
412.349924824  2.09160620178e-22
426.259586867  2.08038393822e-22
440.638458886  2.06939195671e-22
455.502368583  2.05865355777e-22
470.867677573  2.0481907553e-22
486.75129939  2.03802411958e-22
503.170718107  2.02817262553e-22
520.144007581  2.01865350943e-22
537.68985135  2.00948213724e-22
555.827563197  2.00067188774e-22
574.577108408  1.99223405356e-22
593.959125754  1.98417776264e-22
613.994950206  1.97650992275e-22
634.706636421  1.96923519077e-22
656.116983016  1.96235596844e-22
678.24955767  1.95587242539e-22
701.128723058  1.94978255005e-22
724.779663678  1.94408222847e-22
749.228413564  1.9387653506e-22
774.501884949  1.93382394368e-22
800.627897888  1.92924833213e-22
827.63521088  1.92502732367e-22
855.553552524  1.92114842247e-22
884.413654246  1.91759807179e-22
914.247284123  1.91436193233e-22
945.087281854  1.91142521105e-22
976.967594909  1.9087730781e-22
1009.9233159  1.90639756109e-22
1043.9907212  1.90444369496e-22
1079.20731088  1.9029737463e-22
1115.61185  1.90198204562e-22
1153.24441125  1.90146147647e-22
1192.14641911  1.89490303506e-22
1232.36069537  1.895787606e-22
1273.93150637  1.89707290881e-22
1316.90461162  1.8987645262e-22
1361.32731425  1.90086698425e-22
1407.24851304  1.90338373048e-22
1454.71875627  1.90631711973e-22
1503.79029733  1.90966840846e-22
1554.51715227  1.91343775728e-22
1606.95515923  1.9176242419e-22
1661.16203994  1.92222587218e-22
1717.19746321  1.9272396191e-22
1775.12311067  1.93266144908e-22
1835.00274461  1.93848636524e-22
1896.90227821  1.96371591974e-22
1960.88984806  1.97742378477e-22
2027.0358892  1.99015737288e-22
2095.41321261  2.002011436e-22
2166.09708539  2.01307074322e-22
2239.1653136  2.02341157682e-22
2314.69832791  2.03310294718e-22
2392.77927211  2.04220758698e-22
2473.49409468  2.05078277021e-22
2556.93164335  2.05888099132e-22
2643.18376294  2.0665505313e-22
2732.34539641  2.07383593231e-22
2824.51468943  2.08077839726e-22
2919.79309838  2.08741612791e-22
3018.28550201  2.09152620633e-22
3120.10031694  2.096794325e-22
3225.34961696  2.10161261078e-22
3334.1492564  2.10601057838e-22
3446.61899767  2.11001548637e-22
3562.88264309  2.1136525746e-22
3683.06817116  2.1169452708e-22
3807.30787743  2.11991537071e-22
3935.73852015  2.12258319578e-22
4068.50147076  2.12496773151e-22
4205.74286957  2.12708674921e-22
4347.61378656  2.12895691326e-22
4494.27038772  2.13059387602e-22
4645.87410694  2.13201236168e-22
4802.5918237  2.13322624073e-22
4964.59604675  2.13424859603e-22
5132.06510406  2.13509178163e-22
5305.18333904  2.13576747514e-22
5484.14131352  2.13628672449e-22
5669.13601747  2.13665998967e-22
5860.37108588  2.13689718022e-22
6058.05702285  2.13700768876e-22
6262.4114334  2.1370004212e-22
6473.6592629  2.136883824e-22
6692.03304475  2.13666590877e-22
6917.77315631  2.13635427465e-22
7151.12808353  2.13595612864e-22
7392.35469443  2.13547830422e-22
7641.71852188  2.13492727846e-22
7899.49405588  2.13430918779e-22
8165.96504572  2.1336298426e-22
8441.4248123  2.13289474093e-22
8726.17657102  2.13210908126e-22
9020.53376554  2.13127777451e-22
9324.82041281  2.13040545553e-22
9639.37145974  2.12949649395e-22
9964.53315189  2.12855500461e-22
10300.6634146  2.12758485756e-22
10648.132247  2.12658968772e-22
11007.3221293  2.12557290427e-22
11378.6284436  2.12453769976e-22
11762.4599097  2.12348705891e-22
12159.2390341  2.12242376735e-22
12569.402576  2.12135042002e-22
12993.4020274  2.12026942951e-22
13431.7041105  2.11918303411e-22
13884.791291  2.11809330583e-22
14353.1623098  2.11700215815e-22
14837.3327315  2.11591135363e-22
15337.835512  2.11482251143e-22
15855.2215853  2.11373711456e-22
16390.06047  2.11265651705e-22
16942.9408957  2.11158195085e-22
17514.4714519  2.11051453266e-22
18105.2812571  2.10945527048e-22
18716.0206518  2.10840507e-22
19347.3619141  2.10736474084e-22
20000  2.10633500249e-22

