1 20 101
101
1  0
1.03041055791  3.61602820955e-44
1.06174591785  7.34202185438e-44
1.09403420358  1.11813250447e-43
1.12730439408  1.51373835871e-43
1.16158634964  1.92137480768e-43
1.1969108386  2.3414077085e-43
1.23330956497  2.77421404416e-43
1.27081519692  3.22018226197e-43
1.30946139606  3.67971262209e-43
1.34928284767  4.15321755683e-43
1.39031529185  4.64112204082e-43
1.43259555555  5.14386397237e-43
1.47616158565  5.66189456654e-43
1.52105248304  6.1956787601e-43
1.56730853766  6.74569562879e-43
1.61497126471  7.31243881732e-43
1.66408344188  7.8964169824e-43
1.71468914776  8.49815424929e-43
1.76683380139  9.11819068218e-43
1.82056420303  9.75708276892e-43
1.87592857615  1.04154039205e-42
1.93297661076  1.10937449855e-42
1.99175950792  4.38257947025e-39
2.05233002578  2.8196734165e-37
2.11474252688  6.1826017825e-37
2.17905302696  9.64779867632e-37
2.24531924523  1.3218374141e-36
2.31360065617  1.68975327975e-36
2.3839585429  2.06885767215e-36
2.45645605223  2.45949084063e-36
2.53115825126  2.8620033817e-36
2.60813218585  3.2767565537e-36
2.68744694072  3.70412260107e-36
2.76917370155  4.14448508837e-36
2.85338581877  4.59823924459e-36
2.94015887345  5.06579231785e-36
3.02957074514  1.03463976171e-33
3.12170168173  4.24138707747e-33
3.21663437151  7.54565336817e-33
3.31445401734  1.09504042403e-32
3.41524841318  1.44586954859e-32
3.51910802283  1.80736758257e-32
3.62612606115  2.17985897344e-32
3.73639857773  2.56367803533e-32
3.85002454306  2.95916924902e-32
3.96710593738  3.36668757118e-32
4.08774784223  9.55777017505e-31
4.21205853471  2.26049085466e-30
4.34014958471  3.60488176752e-30
4.472135955  4.99015635809e-30
4.60813610445  6.41755792182e-30
4.74827209431  7.88836756346e-30
4.89266969782  9.40390534689e-30
5.041458513  3.6731293005e-29
5.19477207907  1.33622185849e-28
5.35274799621  2.33459584801e-28
5.51552804914  3.36333094755e-28
5.68325833429  4.42335045541e-28
5.85608939099  5.51560574791e-28
6.03417633655  1.16222687227e-27
6.21767900547  3.88041694362e-27
6.40676209294  6.69296944305e-27
6.6015953026  9.59105323315e-27
6.80235349885  1.25772693682e-26
7.00921686386  2.02884885007e-26
7.22237105921  7.46540702705e-26
7.44200739256  1.33063673562e-25
7.66832298935  1.93249545478e-25
7.9015209697  2.55265703336e-25
8.14181063074  5.3802517461e-25
8.38940763443  9.85988815548e-25
8.64453420113  1.44757528073e-24
8.90741930907  1.92319884785e-24
9.17829889981  3.21648460238e-24
9.45741609003  4.97883891494e-24
9.74502138973  6.79478740539e-24
10.041372927  8.91394388012e-24
10.34673668  1.24833484905e-23
10.661386715  1.61845359477e-23
10.9856054331  2.00303025525e-23
11.3196838233  2.46337748214e-23
11.6639217237  2.94429848334e-23
12.0186280908  3.43934901819e-23
12.3841212763  3.94474858694e-23
12.7607293136  4.46529244995e-23
13.1487902114  4.98292472723e-23
13.5486522576  5.48524342551e-23
13.9606743317  6.00125989354e-23
14.3852262269  6.47959071481e-23
14.8226889821  6.96489002234e-23
15.2734552238  7.42783147503e-23
15.7379295184  7.88005293772e-23
16.2165287354  8.32025545731e-23
16.7096824217  8.74170459756e-23
17.2178331866  9.15391702732e-23
17.7414370999  9.54837979499e-23
18.2809641002  9.93083507049e-23
18.8368984177  1.03021597232e-22
19.4097390079  1.06546488663e-22
20  1.10055e-22

