1 20 101
101
1  0
1.03041055791  2.85114489802e-43
1.06174591785  5.78899470308e-43
1.09403420358  8.81618615978e-43
1.12730439408  1.19354361976e-42
1.16158634964  1.51495443693e-42
1.1969108386  1.84613953637e-42
1.23330956497  2.18739615945e-42
1.27081519692  2.53903058684e-42
1.30946139606  2.90135841334e-42
1.34928284767  3.27470483119e-42
1.39031529185  3.65940492191e-42
1.43259555555  4.05580395701e-42
1.47616158565  4.46425770792e-42
1.52105248304  4.88513276528e-42
1.56730853766  5.31880686795e-42
1.61497126471  5.76566924202e-42
1.66408344188  6.22612095021e-42
1.71468914776  6.70057525173e-42
1.76683380139  7.18945797326e-42
1.82056420303  7.69320789111e-42
1.87592857615  8.21227712501e-42
1.93297661076  8.74713154391e-42
1.99175950792  1.819945714e-38
2.05233002578  1.17064202757e-36
2.11474252688  2.56682157458e-36
2.17905302696  4.00545972055e-36
2.24531924523  5.48784765517e-36
2.31360065617  7.01531583392e-36
2.3839585429  8.58923517219e-36
2.45645605223  1.02110182756e-35
2.53115825126  1.18821207081e-35
2.60813218585  1.36040422978e-35
2.68744694072  1.53783284837e-35
2.76917370155  1.72065717025e-35
2.85338581877  1.90904128176e-35
2.94015887345  2.10315425919e-35
3.02957074514  3.05939306184e-33
3.12170168173  1.25215746666e-32
3.21663437151  2.22715064931e-32
3.31445401734  3.2317939186e-32
3.41524841318  4.26698895021e-32
3.51910802283  5.33366484028e-32
3.62612606115  6.43277893928e-32
3.73639857773  7.56531771123e-32
3.85002454306  8.7322976191e-32
3.96710593738  9.93476603704e-32
4.08774784223  2.60842477698e-30
4.21205853471  6.15820038623e-30
4.34014958471  9.81592665222e-30
4.472135955  1.35848864146e-29
4.60813610445  1.74684623462e-29
4.74827209431  2.14701399885e-29
4.89266969782  2.55935108805e-29
5.041458513  1.03508909463e-28
5.19477207907  3.80306066348e-28
5.35274799621  6.65520779203e-28
5.51552804914  9.594090306e-28
5.68325833429  1.26223458769e-27
5.85608939099  1.57426923891e-27
6.03417633655  3.74739695442e-27
6.21767900547  1.37516476722e-26
6.40676209294  2.41036271607e-26
6.6015953026  3.4770416121e-26
6.80235349885  4.57615880847e-26
7.00921686386  6.66464584965e-26
7.22237105921  1.83921763883e-25
7.44200739256  3.09695104505e-25
7.66832298935  4.39293282585e-25
7.9015209697  5.72832613566e-25
8.14181063074  1.07128575591e-24
8.38940763443  1.84310850605e-24
8.64453420113  2.63840281662e-24
8.90741930907  3.45788247089e-24
9.17829889981  5.33459186661e-24
9.45741609003  7.82069426223e-24
9.74502138973  1.03824004187e-23
10.041372927  1.32304868976e-23
10.34673668  1.73302149919e-23
10.661386715  2.15741517339e-23
10.9856054331  2.59647193321e-23
11.3196838233  3.08403644867e-23
11.6639217237  3.59003518091e-23
12.0186280908  4.1086463134e-23
12.3841212763  4.61667408541e-23
12.7607293136  5.13889008811e-23
13.1487902114  5.65461487461e-23
13.5486522576  6.14895232645e-23
13.9606743317  6.65669187861e-23
14.3852262269  7.12470281925e-23
14.8226889821  7.59911411626e-23
15.2734552238  8.05078421801e-23
15.7379295184  8.4913566654e-23
16.2165287354  8.92009052607e-23
16.7096824217  9.33038896832e-23
17.2178331866  9.73181302399e-23
17.7414370999  1.01161225882e-22
18.2809641002  1.0488582858e-22
18.8368984177  1.08500513512e-22
19.4097390079  1.11934618073e-22
20  1.15354e-22

