0.1 20 151
151
0.1  0
0.103595335198  2.86531317203e-40
0.107319934748  5.83364395707e-40
0.111178446136  8.90869618362e-40
0.115175683943  1.20943068452e-39
0.119316635847  1.53944508882e-39
0.123606468853  1.88132461716e-39
0.128050535734  2.23549586051e-39
0.132654381717  2.60240074723e-39
0.137423751394  2.9824970945e-39
0.142364595899  3.37625917952e-39
0.147483080324  3.78417833137e-39
0.152785591422  4.20676354408e-39
0.158278745568  4.64454211168e-39
0.163969397019  5.09806028621e-39
0.169864646463  5.5678839593e-39
0.175971849887  6.05459936827e-39
0.182298627744  6.55881382766e-39
0.188852874473  7.08115648698e-39
0.195642768341  7.62227911578e-39
0.202676781654  4.10619987771e-33
0.209963691323  1.5284343406e-32
0.21751258982  2.6864378663e-32
0.225332896521  3.88607550035e-32
0.233434369463  5.12884412851e-32
0.241827117512  6.41629445458e-32
0.250521612986  7.75003293539e-32
0.259528704717  9.13172378524e-32
0.268859631586  1.05630910525e-31
0.278526036554  1.2045920771e-31
0.288539981181  1.35820631883e-31
0.298913960685  1.51734350746e-31
0.309660919525  1.68220221145e-31
0.320794267559  1.85298813844e-31
0.332327896774  2.02991439199e-31
0.344276198619  2.2132017374e-31
0.356654081967  2.40307887725e-31
0.369476991711  2.59978273675e-31
0.382760928042  2.80355875934e-31
0.396522466412  3.014661213e-31
0.410778778215  3.23335350748e-31
0.425547652214  3.45990852299e-31
0.440847516738  3.69460895072e-31
0.456697462677  3.93774764555e-31
0.473117267301  4.18962799144e-31
0.490127418939  4.45056428007e-31
0.507749142548  5.34418087285e-31
0.526004426187  7.0925729962e-31
0.544916048465  8.90382567696e-31
0.564507606954  1.07801989629e-30
0.584803547643  1.2724034158e-30
0.60582919543  1.4737756744e-30
0.627610785733  1.6823879407e-30
0.650175497219  1.89850051724e-30
0.673551485719  2.12238306531e-30
0.697767919361  2.35431494143e-30
0.722855014966  2.59458554593e-30
0.74884407575  2.84349468404e-30
0.775767530383  3.10135294001e-30
0.803658973457  3.36848206461e-30
0.832553207402  3.64521537666e-30
0.862486285909  3.93189817887e-30
0.893495558925  4.22888818879e-30
0.925619719247  4.53655598506e-30
0.958898850812  4.8552854699e-30
0.993374478709  5.29752523779e-30
1.02908962099  2.60858566406e-29
1.06608884235  5.25884384914e-29
1.10441830974  8.0043876996e-29
1.14412584997  1.08486430545e-28
1.18526100936  1.37951589233e-28
1.22787511562  1.68476119142e-28
1.27202134183  2.00098108219e-28
1.31775477286  2.328570138e-28
1.36513247404  2.66793711843e-28
1.41421356237  3.01950547936e-28
1.46505928036  3.38371390132e-28
1.51773307233  3.76101683687e-28
1.57230066369  4.15188507766e-28
1.62883014287  4.55680634189e-28
1.68739204632  4.97628588286e-28
1.74805944649  5.41084711941e-28
1.81090804305  5.86103228906e-28
1.87601625732  6.32740312456e-28
1.94346533014  6.81054155487e-28
2.01333942322  7.67713089401e-28
2.08572572415  1.01248167634e-27
2.16071455525  1.26697502187e-27
2.23839948618  1.53061825622e-27
2.31887745078  1.80374034857e-27
2.40224886796  2.08668209565e-27
2.48861776706  2.37979654695e-27
2.57809191758  2.68344944528e-27
2.67078296373  2.99801968315e-27
2.76680656368  3.3238997755e-27
2.86628253393  3.66149634952e-27
2.96933499874  4.01123065198e-27
3.0760925451  4.31976599516e-27
3.18668838309  4.61694475356e-27
3.30126051218  4.92480808447e-27
3.41995189335  5.24374013407e-27
3.54291062753  5.57413885991e-27
3.67029014035  5.91641652744e-27
3.80224937364  6.27100022442e-27
3.93895298368  6.63833239386e-27
4.08057154674  6.91228014462e-27
4.22728177184  7.1124121107e-27
4.3792667213  7.31973949179e-27
4.53671603914  7.53452098719e-27
4.69982618773  7.75702459729e-27
4.8688006929  7.987527958e-27
5.04385039793  8.19967628e-27
5.22519372662  8.33693639486e-27
5.41305695583  8.4791186134e-27
5.60767449785  8.62641275928e-27
5.80928919286  8.77900262344e-27
6.01815261197  9.56828928093e-27
6.23452537109  1.52073206747e-26
6.45867745619  2.12133547527e-26
6.69088856009  2.74353258879e-26
6.93144843155  3.38809977413e-26
7.18065723674  1.16359203815e-24
7.43882593382  2.77538367066e-24
7.70627666093  4.44512461505e-24
7.98334313818  6.27958821476e-24
8.270371084  1.06005852217e-23
8.56771864659  1.53534808398e-23
8.87575685075  2.0277258987e-23
9.19487006089  2.51261140126e-23
9.5254564606  2.99828910453e-23
9.8679285495  3.50142854921e-23
10.2227136579  3.91400668541e-23
10.5902544803  4.27467081895e-23
10.9710096272  4.64480718638e-23
11.3654541979  4.9332988469e-23
11.774080373  5.22015442188e-23
12.1973980289  5.4772261521e-23
12.6359353735  5.69599971572e-23
13.0902396056  5.91061418171e-23
13.5608775976  6.08408565246e-23
14.0484366031  6.25999968759e-23
14.553524989  6.41701321907e-23
15.0767729955  6.58155119759e-23
15.6188335217  6.76614334305e-23
16.1803829408  6.95677344474e-23
16.7621219439  7.15247568101e-23
17.364776414  7.34264059046e-23
17.9890983325  7.52886449e-23
18.6358667167  7.68559251308e-23
19.3058885922  7.82552519456e-23
20  7.94664e-23

