2 20000 251
251
2  0
2.07505683164  1.14839584946e-40
2.15293042726  2.33988917589e-40
2.23372649556  3.57609735932e-40
2.31755471231  4.85869847749e-40
2.40452886923  6.18943358375e-40
2.49476702849  7.57010907042e-40
2.5883916829  9.00259912087e-40
2.68552992228  1.04888482536e-39
2.78631360589  1.20308739618e-39
2.89087954149  1.36307694519e-39
2.999369671  1.52907064853e-39
3.11193126321  6.20891624534e-36
3.22871711365  1.26855239133e-35
3.34988575205  1.9405188407e-35
3.4756016575  2.63770312639e-35
3.60603548172  3.36105163385e-35
3.74136428073  4.11154626489e-35
3.88177175519  4.89020577051e-35
4.02744849972  1.71410794832e-33
4.17859226171  1.08473755696e-32
4.33540820964  2.03234002559e-32
4.49810921167  3.01550451369e-32
4.66691612456  4.03556560752e-32
4.84205809347  5.09390797824e-32
5.02377286302  2.96112722262e-31
5.2123071  2.1648082512e-30
5.40791672822  4.10363296299e-30
5.6108672759  6.11521869476e-30
5.82143423613  8.20229605232e-30
6.0399034408  3.1598273841e-29
6.26657144863  1.54443369811e-28
6.50174594771  2.81898647623e-28
6.74574617318  4.14137120099e-28
6.99890334057  5.51338292958e-28
7.2615610954  4.40364378881e-27
7.53407597968  8.41665886142e-27
7.81681791585  1.25802760324e-26
8.11017070897  3.32035748158e-26
8.41453256769  8.27260432375e-26
8.7303166448  1.34107011447e-25
9.05795159807  2.40786650976e-25
9.3978821721  6.09154955787e-25
9.75056980207  9.91347539515e-25
10.1164932401  1.7710526116e-24
10.496149205  3.43123351437e-24
10.8900530568  5.15371837639e-24
11.2987394962  8.56659667507e-24
11.7227632903  1.27283447677e-23
12.1627000256  1.75903073303e-23
12.6191468896  2.35965354454e-23
13.0927234813  2.99115634026e-23
13.5840726523  3.6818979097e-23
14.0938613793  4.39159517525e-23
14.6227816697  5.09589601483e-23
15.1715515006  5.80515488005e-23
15.7409157939  6.49204234824e-23
16.3316474272  7.16205088821e-23
16.9445482828  7.82262961166e-23
17.5804503366  8.43998647051e-23
18.2402167871  8.87009480489e-23
18.9247432273  9.02930387704e-23
19.6349588604  9.31054252602e-23
20.3718277611  9.71207076699e-23
21.1363501843  1.02322560987e-22
21.9295639229  1.08695689657e-22
22.7525457165  1.16225782092e-22
23.606412713  1.24899464973e-22
24.4923239853  1.31195212015e-22
25.4114821042  1.34735358979e-22
26.3651347711  1.38087168301e-22
27.3545765119  1.41257384298e-22
28.3811504338  1.44252500394e-22
29.4462500487  1.47078767978e-22
30.5513211648  1.49742205003e-22
31.6978638492  1.52248604327e-22
32.8874344643  1.54603541808e-22
34.1216477801  1.56812384161e-22
35.4021791663  1.58880296574e-22
36.730766867  1.60812250108e-22
38.1092143593  1.62613028863e-22
39.5393928022  1.64287236951e-22
41.0232435765  1.65839305245e-22
42.5627809197  1.67273497951e-22
44.1600946604  1.68593918974e-22
45.8173530554  1.69804518121e-22
47.5368057325  1.70909097115e-22
49.3207867447  1.71911315456e-22
51.1717177381  1.72814696123e-22
53.0921112395  1.73622631126e-22
55.0845740668  1.7433838692e-22
57.1518108675  1.74965109688e-22
59.2966277905  1.75505830498e-22
61.5219362948  1.75963470354e-22
63.830757102  1.7634084513e-22
66.2262242965  1.76640670418e-22
68.71158958  1.76865566279e-22
71.2902266852  1.77018061919e-22
73.9656359561  1.77100600295e-22
76.7414490985  1.77115542659e-22
79.6214341107  1.77065173047e-22
82.609500398  1.76951702728e-22
85.7097040795  1.76777274618e-22
88.9262534938  1.76543967664e-22
92.2635149121  1.76253801217e-22
95.7260184645  1.75908739395e-22
99.3184642901  1.75510695444e-22
103.045728916  1.75061536109e-22
106.912871879  1.74563086019e-22
110.925142592  1.74017132098e-22
115.087987467  1.73425427996e-22
119.407057317  1.72789698566e-22
123.888215015  1.72111644365e-22
128.537543463  1.71392946201e-22
133.361353843  1.70635269717e-22
138.366194184  1.69840270014e-22
143.558858254  1.69009596305e-22
148.946394781  1.68144896592e-22
154.536117019  1.67247822359e-22
160.335612678  1.6632003326e-22
166.352754221  1.65363201786e-22
172.595709553  1.6437901788e-22
179.07295311  1.63369193475e-22
185.793277356  1.62335466905e-22
192.765804725  1.61279607156e-22
200  1.60203417891e-22
207.505683164  1.59108741197e-22
215.293042726  1.57997460965e-22
223.372649556  1.56871505849e-22
231.755471231  1.55732851678e-22
240.452886923  1.54583523263e-22
249.476702849  1.53425595451e-22
258.83916829  1.52261193352e-22
268.552992228  1.51092491585e-22
278.631360589  1.49921712454e-22
289.087954149  1.48751122912e-22
299.9369671  1.47583030216e-22
311.193126321  1.46419776162e-22
322.871711365  1.45263729806e-22
334.988575205  1.44117278626e-22
347.56016575  1.42982818062e-22
360.603548172  1.41862739451e-22
374.136428073  1.4075941639e-22
388.177175519  1.39675189609e-22
402.744849972  1.386899539e-22
417.859226171  1.37648997551e-22
433.540820964  1.36633877835e-22
449.810921167  1.35646620831e-22
466.691612456  1.3468912883e-22
484.205809347  1.33763161277e-22
502.377286302  1.32870316346e-22
521.23071  1.32012013621e-22
540.791672822  1.3118947833e-22
561.08672759  1.30403727616e-22
582.143423613  1.29655559248e-22
603.99034408  1.2894554317e-22
626.657144863  1.28274016194e-22
650.174594771  1.27641080102e-22
674.574617318  1.27046603304e-22
699.890334057  1.26490226151e-22
726.15610954  1.25971369923e-22
753.407597968  1.25489249418e-22
781.681791585  1.25042889086e-22
811.017070897  1.24631142608e-22
841.453256769  1.24252715908e-22
873.03166448  1.23906193759e-22
905.795159807  1.23590070517e-22
939.78821721  1.23302786417e-22
975.056980207  1.23042773285e-22
1011.64932401  1.22809188114e-22
1049.6149205  1.22614810724e-22
1089.00530568  1.22464588649e-22
1129.87394962  1.22357828109e-22
1172.27632903  1.22293690074e-22
1216.27000256  1.21830240545e-22
1261.91468896  1.21884773e-22
1309.27234813  1.21976096676e-22
1358.40726523  1.22104605995e-22
1409.38613793  1.2227058394e-22
1462.27816697  1.22474200218e-22
1517.15515006  1.2271551047e-22
1574.09157939  1.22994456581e-22
1633.16474272  1.23310868048e-22
1694.45482828  1.23664464403e-22
1758.04503366  1.24054858632e-22
1824.02167871  1.24481561522e-22
1892.47432273  1.26254918951e-22
1963.49588604  1.27314046281e-22
2037.18277611  1.28288983026e-22
2113.63501843  1.29188803294e-22
2192.95639229  1.30021537121e-22
2275.25457165  1.307943402e-22
2360.6412713  1.31513629071e-22
2449.23239853  1.32185189764e-22
2541.14821042  1.32814265815e-22
2636.51347711  1.33405630089e-22
2735.45765119  1.33963643773e-22
2838.11504338  1.34492305126e-22
2944.62500487  1.34995289984e-22
3055.13211648  1.35294946154e-22
3169.78638492  1.35680113296e-22
3288.74344643  1.36027621444e-22
3412.16477801  1.36340209333e-22
3540.21791663  1.36620387805e-22
3673.0766867  1.36870465785e-22
3810.92143593  1.37092572585e-22
3953.93928022  1.37288677138e-22
4102.32435765  1.37460604634e-22
4256.27809197  1.37610050958e-22
4416.00946604  1.37738595252e-22
4581.73530554  1.3784771087e-22
4753.68057325  1.37938774958e-22
4932.07867447  1.38013076839e-22
5117.17177381  1.38071825379e-22
5309.21112395  1.38116155461e-22
5508.45740668  1.38147133687e-22
5715.18108675  1.38165763413e-22
5929.66277905  1.38172989207e-22
6152.19362948  1.381697008e-22
6383.0757102  1.381567366e-22
6622.62242965  1.38134886832e-22
6871.158958  1.38104896349e-22
7129.02266852  1.38067467159e-22
7396.56359561  1.38023260714e-22
7674.14490985  1.3797289999e-22
7962.14341107  1.37916971379e-22
8260.9500398  1.37856026446e-22
8570.97040795  1.3779058354e-22
8892.62534938  1.37721129304e-22
9226.35149121  1.37648120091e-22
9572.60184645  1.37571983297e-22
9931.84642901  1.37493118631e-22
10304.5728916  1.37411899328e-22
10691.2871879  1.37328673315e-22
11092.5142592  1.3724376433e-22
11508.7987467  1.37157473017e-22
11940.7057317  1.37070077977e-22
12388.8215015  1.369818368e-22
12853.7543463  1.3689298707e-22
13336.1353843  1.36803747347e-22
13836.6194184  1.36714318121e-22
14355.8858254  1.36624882752e-22
14894.6394781  1.36535608386e-22
15453.6117019  1.36446646846e-22
16033.5612678  1.36358135503e-22
16635.2754221  1.36270198128e-22
17259.5709553  1.36182945709e-22
17907.295311  1.36096477258e-22
18579.3277356  1.36010880584e-22
19276.5804725  1.35926233037e-22
20000  1.35842602238e-22

