3 20000 251
251
3  0
3.10754116011  8.11559399699e-42
3.21893735392  1.65221081251e-41
3.33432677304  2.52299710138e-41
3.45385256282  3.42499851283e-41
3.57766299997  4.359334017e-41
3.70591167647  5.32716269587e-41
3.83875769011  6.32968518103e-41
3.9763658419  7.36814514322e-41
4.11890684045  1.1659049689e-37
4.26655751378  2.61271180072e-37
4.41950102868  4.11138239426e-37
4.57792711792  5.66377591254e-37
4.74203231564  7.27181816413e-37
4.91202020113  8.93750399213e-37
5.08810165143  8.65133962893e-35
5.27049510288  2.63589969958e-34
5.45942682211  4.47014217014e-34
5.65513118677  6.37013682843e-34
5.85785097623  8.33824069663e-34
6.0678376728  1.27061182983e-32
6.28535177369  5.0330836269e-32
6.51066311417  8.93042895127e-32
6.74405120229  1.29674826215e-31
6.98580556566  1.71492527701e-31
7.2362261106  2.41642607899e-30
7.49562349418  4.87886763791e-30
7.76431950961  7.42958047081e-30
8.04264748544  1.99698941768e-29
8.33095269908  8.96202593948e-29
8.6295928051  1.61767384972e-28
8.93893827894  2.3650077241e-28
9.25937287649  1.26518083476e-27
9.59129411015  2.56271194689e-27
9.935113742  3.90675572604e-27
10.2912582945  1.84274927395e-26
10.6601695799  3.64983575901e-26
11.0423052477  6.97400989914e-26
11.4381393532  2.25016780069e-25
11.8481629451  3.85859672619e-25
12.2728846745  9.42910550686e-25
12.7128314264  1.74496557346e-24
13.168548973  3.20499824009e-24
13.6406026509  5.82785538452e-24
14.1295780621  9.13116522562e-24
14.6360818009  1.42377184266e-23
15.1607422064  1.99768881068e-23
15.7042101414  2.69760767093e-23
16.2671598004  3.44161359309e-23
16.8502895459  4.23407674223e-23
17.4543227746  5.02993081473e-23
18.0800088146  5.75384426099e-23
18.7281238555  5.94737221868e-23
19.3994719108  6.30849010452e-23
20.0948858158  6.83542729326e-23
20.81522826  7.52656659919e-23
21.5613928584  8.38044025919e-23
22.3343052589  9.39572595983e-23
23.1349242915  1.0571242904e-22
23.9642431572  1.19059479122e-22
24.8232906606  1.24749883253e-22
25.7131324857  1.29820601656e-22
26.6348725182  1.34649868078e-22
27.5896542149  1.39246035317e-22
28.5786620219  1.43617159633e-22
29.6031228447  1.47771010752e-22
30.6643075692  1.51715081584e-22
31.7635326391  1.55456597661e-22
32.9021616888  1.59002526306e-22
34.0816072348  1.62359585528e-22
35.3033324283  1.65534252672e-22
36.5688528699  1.68532772808e-22
37.8797384904  1.7136116688e-22
39.2376154977  1.74025239622e-22
40.6441683945  1.76530587239e-22
42.1011420681  1.78882604877e-22
43.6103439547  1.81086493874e-22
45.1736462819  1.83147268808e-22
46.792988391  1.8506976435e-22
48.4703791432  1.86858641925e-22
50.2078994111  1.88518396197e-22
52.0077046609  1.90053361374e-22
53.8720276255  1.9146771736e-22
55.8031810749  1.92765495735e-22
57.803560685  1.93950585602e-22
59.8756480098  1.95026739285e-22
62.0220135595  1.95997577894e-22
64.2453199896  1.96866596774e-22
66.548325404  1.9763717083e-22
68.9338867764  1.98312559752e-22
71.4049634946  1.98895913137e-22
73.9646210318  1.99390275522e-22
76.6160347494  1.99798591336e-22
79.362493836  2.0012370978e-22
82.207405388  2.00368389637e-22
85.1542986363  2.0053530403e-22
88.2068293241  2.00627045134e-22
91.3687842424  2.0064612884e-22
94.6440859274  2.00594999394e-22
98.0367975267  2.00476034013e-22
101.55112784  2.00291547474e-22
105.191436539  2.0004379671e-22
108.962239579  1.99734985387e-22
112.868214796  1.99367268497e-22
116.914207716  1.98942756953e-22
121.105237559  1.98463522197e-22
125.446503473  1.97931600832e-22
129.943390978  1.97348999259e-22
134.601478649  1.96717698349e-22
139.426545038  1.96039658115e-22
144.424575839  1.95316822411e-22
149.601771317  1.94551123633e-22
154.964553998  1.93744487411e-22
160.519576635  1.92898837295e-22
166.273730466  1.92016099402e-22
172.234153755  1.91098207011e-22
178.408240657  1.90147105079e-22
184.803650381  1.89164754641e-22
191.428316699  1.88153137065e-22
198.290457784  1.87114258112e-22
205.398586407  1.86050151748e-22
212.761520496  1.84962883661e-22
220.388394076  1.83854554399e-22
228.288668601  1.8272730208e-22
236.472144687  1.81583304567e-22
244.948974278  1.80424781049e-22
253.729673232  1.79253992911e-22
262.82513437  1.78073243813e-22
272.246640988  1.76884878865e-22
282.005880857  1.75691282815e-22
292.114960719  1.74494877125e-22
302.586421305  1.73298115868e-22
313.433252899  1.72103480345e-22
324.668911443  1.7091347236e-22
336.307335239  1.69730606093e-22
348.362962233  1.68557398553e-22
360.850747932  1.67396358605e-22
373.786183952  1.66249974608e-22
387.185317237  1.65120700735e-22
401.064769967  1.64099430878e-22
415.441760181  1.63009664029e-22
430.33412313  1.61944099243e-22
445.760333408  1.60904887675e-22
461.739527869  1.59894063858e-22
478.291529368  1.58913528213e-22
495.436871347  1.57965029978e-22
513.196823315  1.57050150949e-22
531.593417229  1.56170290421e-22
550.649474827  1.55326651732e-22
570.388635939  1.54520230764e-22
590.835387813  1.53751806768e-22
612.015095492  1.53021935786e-22
633.954033283  1.52330946945e-22
656.679417347  1.51678941789e-22
680.219439467  1.51065796772e-22
704.603302016  1.50491168977e-22
729.861254188  1.49954505051e-22
756.024629519  1.49455053314e-22
783.125884761  1.48991878964e-22
811.198640147  1.48563882326e-22
840.277721093  1.48169820127e-22
870.399201406  1.47808329955e-22
901.600448031  1.47477958339e-22
933.920167409  1.47177193606e-22
967.398453493  1.46904506447e-22
1002.07683748  1.46658407734e-22
1037.99833936  1.4644815203e-22
1075.20752123  1.46283660502e-22
1113.75054262  1.46164327815e-22
1153.67521776  1.46089402512e-22
1195.03107486  1.45531486591e-22
1237.86941758  1.45584568209e-22
1282.24338866  1.45675436129e-22
1328.20803584  1.45804568753e-22
1375.82038019  1.45972337596e-22
1425.13948679  1.46179005046e-22
1476.22653803  1.46424723054e-22
1529.14490952  1.46709532768e-22
1583.9602487  1.47033365134e-22
1640.74055627  1.47396042435e-22
1699.55627056  1.47797280756e-22
1760.48035489  1.48236693321e-22
1823.58838813  1.4871379464e-22
1888.9586584  1.50693411062e-22
1956.67226024  1.51868841577e-22
2026.81319518  1.52954863163e-22
2099.46847595  1.53960714186e-22
2174.72823446  1.54894604148e-22
2252.68583354  1.55763875904e-22
2333.43798284  1.56575135881e-22
2417.08485874  1.57334359487e-22
2503.73022867  1.58046977083e-22
2593.4815798  1.58717944595e-22
2686.45025241  1.5935180186e-22
2782.75157798  1.59952721118e-22
2882.50502231  1.60524547528e-22
2985.83433368  1.61070833173e-22
3092.86769639  1.61361206036e-22
3203.73788976  1.61775165995e-22
3318.58245288  1.62150397401e-22
3437.54385517  1.62489581612e-22
3560.76967321  1.62795188203e-22
3688.41277372  1.6306949796e-22
3820.63150327  1.63314622774e-22
3957.58988467  1.63532522907e-22
4099.45782048  1.6372502203e-22
4246.41130375  1.6389382035e-22
4398.63263638  1.64040506107e-22
4556.31065525  1.64166565652e-22
4719.64096648  1.64273392318e-22
4888.82618808  1.6436229422e-22
5064.07620136  1.6443450115e-22
5245.60841122  1.6449117066e-22
5433.64801588  1.64533393462e-22
5628.4282863  1.64562198201e-22
5830.19085546  1.64578555716e-22
6039.18601821  1.6458338282e-22
6255.67304171  1.64577545688e-22
6479.9204871  1.64561862884e-22
6712.20654262  1.6453710808e-22
6952.81936878  1.64504012518e-22
7202.05745576  1.64463267226e-22
7460.22999374  1.64415525043e-22
7727.65725647  1.64361402467e-22
8004.67099856  1.64301481354e-22
8291.61486705  1.64236310489e-22
8588.84482771  1.64166407048e-22
8896.72960662  1.64092257965e-22
9215.65114764  1.64014321218e-22
9546.00508616  1.63933027049e-22
9888.20123995  1.63848779125e-22
10242.6641175  1.63761955649e-22
10609.8334448  1.63672910428e-22
10990.1647105  1.63581973909e-22
11384.1297314  1.63489454175e-22
11792.2172375  1.63395637921e-22
12214.9334781  1.63300791404e-22
12652.8028504  1.63205161366e-22
13106.3685495  1.63108975938e-22
13576.1932423  1.63012445529e-22
14062.859766  1.62915763691e-22
14566.9718506  1.62819107963e-22
15089.1548679  1.62722640703e-22
15630.0566078  1.62626509896e-22
16190.3480812  1.62530849942e-22
16770.7243529  1.62435782427e-22
17371.9054038  1.62341416871e-22
17994.6370239  1.62247851454e-22
18639.6917377  1.62155173723e-22
19307.8697622  1.62063461271e-22
20000  1.61972782397e-22

