3 20 101
101
3  0
3.05745688936  3.50041159657e-39
3.11601421011  7.06786411375e-39
3.17569303801  1.07036415391e-38
3.23651485253  1.44090524516e-38
3.29850154446  1.81854304924e-38
3.3616754239  2.20341348449e-38
3.4260592282  2.59565507241e-38
3.49167613021  2.99540898751e-38
3.55854974658  3.4028191081e-38
3.62670414627  3.81803206809e-38
3.69616385924  4.24119730979e-38
3.76695388521  4.67246713765e-38
3.83909970275  5.1119967731e-38
3.91262727838  5.55994441043e-38
3.98756307593  2.13819111853e-37
4.06393406609  1.62294051375e-35
4.1417677361  3.59130014861e-35
4.22109209963  5.59735839072e-35
4.30193570688  7.641837255e-35
4.38432765487  9.72547258458e-35
4.46829759787  1.18490143157e-34
4.55387575811  1.40132267476e-34
4.64109293664  1.62188888175e-34
4.72998052444  1.84667943814e-34
4.82057051367  2.07577524989e-34
4.91289550923  2.30925877255e-34
5.00698874047  1.37055945916e-33
5.10288407317  1.16997378296e-32
5.20061602171  2.25733011882e-32
5.30021976151  3.36551182557e-32
5.40173114165  4.4949177569e-32
5.50518669785  5.64595440544e-32
5.61062366552  6.8190360491e-32
5.71807999326  8.01458490017e-32
5.82759435644  9.23303125726e-32
5.93920617117  1.04748136602e-31
6.05295560847  6.15622332296e-31
6.16888360871  1.71919765537e-30
6.28703189637  2.84390898019e-30
6.40744299507  3.99016110973e-30
6.53016024283  5.15836659987e-30
6.6552278077  6.34894590787e-30
6.78269070364  7.56232754373e-30
6.91259480676  8.7989482244e-30
7.04498687177  2.1700438808e-29
7.17991454885  5.78999153033e-29
7.31742640081  9.47926949039e-29
7.45757192053  1.32392055956e-28
7.60040154878  1.70711531118e-28
7.74596669241  2.09764912229e-28
7.89431974284  2.49566255271e-28
8.04551409486  4.67016956072e-28
8.19960416593  1.10721682344e-27
8.35664541573  1.75967798847e-27
8.51669436609  2.42463528315e-27
8.67980862141  3.10232803706e-27
8.84604688929  3.79300016351e-27
9.01546900177  5.51950157693e-27
9.18813593677  1.48310489016e-26
9.36410984009  2.45572618624e-26
9.54345404778  3.44697541371e-26
9.72623310891  4.45720934025e-26
9.91251280879  5.48679156644e-26
10.1023601927  1.12971603346e-25
10.29584359  2.13660285909e-25
10.4930326387  3.16277387969e-25
10.6939983105  4.2085984319e-25
10.8988129364  5.27445292597e-25
11.1075502328  8.30240857788e-25
11.3202853277  1.3250152487e-24
11.5370947883  1.82926570542e-24
11.7580566479  2.34317371638e-24
11.9832504345  2.89825105677e-24
12.2127571994  4.31084365445e-24
12.4466595458  5.8554414231e-24
12.6850416593  7.42962178613e-24
12.9279893377  9.03395131813e-24
13.175590022  1.14232048681e-23
13.4279328281  1.41734434374e-23
13.6851085784  1.6976355391e-23
13.9472098349  1.98346720685e-23
14.2143309324  2.32078477722e-23
14.4865680123  2.67637540627e-23
14.7640190574  3.03877641246e-23
15.0467839273  3.40900257822e-23
15.3349643938  3.79056650058e-23
15.628664178  4.1794808178e-23
15.9279889875  4.5758370635e-23
16.2330465545  4.96060420276e-23
16.5439466745  5.34668929875e-23
16.8608012457  5.74016881095e-23
17.1837243096  6.12092875428e-23
17.5128320918  6.49334053843e-23
17.8482430438  6.87288486347e-23
18.1900778857  7.2388182782e-23
18.5384596499  7.59477037813e-23
18.893513725  7.95753977821e-23
19.2553679009  8.30172025529e-23
19.6241524153  8.64164000573e-23
20  8.98807e-23

