0.2 20 151
151
0.2  0
0.206235454919  3.00388883734e-43
0.212665314327  6.10143074181e-43
0.219295639229  9.2955455608e-43
0.22613267959  1.25892441746e-42
0.233182880236  1.59856313345e-42
0.240452886923  1.94879085895e-42
0.247949552606  2.30993773042e-42
0.255679943893  2.68234417706e-42
0.263651347711  3.06636124176e-42
0.271871278176  3.46235091193e-42
0.280347483669  3.87068646078e-42
0.289087954149  4.29175279917e-42
0.298100928677  4.72594683841e-42
0.307394903187  5.17367786443e-42
0.316978638492  5.6353679236e-42
0.326861168545  6.11145222053e-42
0.33705180895  6.6023795283e-42
0.34756016575  7.10861261156e-42
0.358396144475  7.63062866266e-42
0.369569959484  8.16891975152e-42
0.381092143593  8.72399328948e-42
0.392973557999  9.29637250755e-42
0.405225402524  9.88659694967e-42
0.417859226171  1.04952229813e-41
0.430886938006  1.11228243138e-41
0.444320818391  1.17699925454e-41
0.458173530554  1.24373377187e-41
0.472458132527  1.31254888957e-41
0.487188089458  1.38350947509e-41
0.502377286302  9.26244744299e-36
0.518040040906  6.59255394187e-35
0.534191117512  1.24948033299e-34
0.550845740668  1.85810687678e-34
0.568019609583  2.48570873746e-34
0.585728912925  3.13287751368e-34
0.60399034408  3.80022324854e-34
0.622821116889  4.48837500463e-34
0.642238981873  5.19798145698e-34
0.662262242965  5.92971150454e-34
0.682909774767  6.68425490073e-34
0.704201040337  7.46232290357e-34
0.72615610954  8.26464894619e-34
0.748795677965  9.09198932815e-34
0.772141086431  9.94512392839e-34
0.796214341107  1.08248569403e-33
0.821038134255  1.17320176299e-33
0.846635865618  1.26674611175e-33
0.87303166448  1.36320691835e-33
0.900250412412  1.46267511e-33
0.928317766723  1.56524444878e-33
0.957260184645  1.67101162e-33
0.987104948279  1.78007632336e-33
1.0178801903  1.32811307368e-30
1.0496149205  3.68207707792e-30
1.08233905309  6.10943126431e-30
1.11608343495  8.61246373871e-30
1.15087987467  1.11935339439e-29
1.18676117255  1.38550748836e-29
1.2237611515  1.6599595416e-29
1.26191468896  1.94296826187e-29
1.30125774973  2.23480042272e-29
1.34182741991  2.53573111498e-29
1.38366194184  2.84604400607e-29
1.42680075014  3.16603160738e-29
1.47128450892  3.49599555e-29
1.51715515006  3.83624686907e-29
1.56445591277  4.18710629693e-29
1.61323138435  4.54890456553e-29
1.66352754221  4.92198271809e-29
1.71539179718  5.30669243066e-29
1.76887303828  5.70339634358e-29
1.82402167871  6.11246840332e-29
1.88088970345  6.534294215e-29
1.93953071822  6.96927140584e-29
2  2.69949323203e-28
2.06235454919  3.18043368782e-27
2.12665314327  6.38353385906e-27
2.19295639229  9.68649796388e-27
2.2613267959  1.30924394876e-26
2.33182880236  1.66045689854e-26
2.40452886923  2.0226197109e-26
2.47949552606  2.39607377271e-26
2.55679943893  2.78117111434e-26
2.63651347711  3.17827474155e-26
2.71871278176  3.58775897758e-26
2.80347483669  4.01000981608e-26
2.89087954149  4.44542528492e-26
2.98100928677  4.91691237757e-26
3.07394903187  1.31612739311e-25
3.16978638492  2.37524495748e-25
3.26861168545  3.46738292098e-25
3.3705180895  4.59357076966e-25
3.4756016575  5.75487008615e-25
3.58396144475  6.95237555031e-25
3.69569959484  8.18721597115e-25
3.81092143593  9.46055535087e-25
3.92973557999  1.07735939821e-24
4.05225402524  1.46020329221e-24
4.17859226171  2.19809060596e-24
4.30886938006  2.95898323512e-24
4.44320818391  3.74359842271e-24
4.58173530554  4.55267577345e-24
4.72458132527  5.38697795093e-24
4.87188089458  6.24729139648e-24
5.02377286302  7.28342718598e-24
5.18040040906  9.1097320819e-24
5.34191117512  1.10025122817e-23
5.50845740668  1.29543042095e-23
5.68019609583  1.49669476902e-23
5.85728912925  1.70423399093e-23
6.0399034408  1.92518238389e-23
6.22821116889  2.17830535235e-23
6.42238981873  2.43937466349e-23
6.62262242965  2.70858340422e-23
6.82909774767  2.98618533978e-23
7.04201040337  3.26848144488e-23
7.2615610954  3.54343187583e-23
7.48795677965  3.82687700855e-23
7.72141086431  4.119159188e-23
7.96214341107  4.42028502778e-23
8.21038134255  4.70832751437e-23
8.46635865618  5.00080207337e-23
8.7303166448  5.30239519202e-23
9.00250412412  5.62534437422e-23
9.28317766723  6.11231799455e-23
9.57260184645  6.6251747459e-23
9.87104948279  7.15402097301e-23
10.178801903  7.5214151063e-23
10.496149205  7.76793366393e-23
10.8233905309  8.02213799833e-23
11.1608343495  8.26115744338e-23
11.5087987467  8.48146066254e-23
11.8676117255  8.70863233565e-23
12.237611515  8.91157677068e-23
12.6191468896  9.10285991225e-23
13.0125774973  9.29704461656e-23
13.4182741991  9.46382946194e-23
13.8366194184  9.63388679357e-23
14.2680075014  9.78960083147e-23
14.7128450892  9.93782027087e-23
15.1715515006  1.0079338561e-22
15.6445591277  1.02057261989e-22
16.1323138435  1.03288696173e-22
16.6352754221  1.04359501374e-22
17.1539179718  1.05395351783e-22
17.6887303828  1.06296510695e-22
18.2402167871  1.07140488327e-22
18.8088970345  1.07896833056e-22
19.3953071822  1.08596511194e-22
20  1.09278e-22

