4 20 101
101
4  0
4.06489836507  3.32494442743e-42
4.13084967959  6.70383471919e-42
4.19787102722  1.01375461249e-41
4.26597976883  1.36269680946e-41
4.33519354694  1.71730045096e-41
4.4055302903  2.0776573916e-41
4.47700821858  2.44386097632e-41
4.54964584702  2.81600606452e-41
4.6234619913  3.19418905466e-41
4.69847577235  3.57850790925e-41
4.77470662134  3.96906218017e-41
4.85217428469  4.3659530345e-41
4.93089882922  4.76928328072e-41
5.0109006473  2.58590539592e-39
5.09220046219  1.94791397971e-38
5.17481933334  3.68880733542e-38
5.2587786619  5.45794597426e-38
5.34410019626  7.25578816442e-38
5.43080603763  9.08279960927e-38
5.51891864584  1.09394535681e-37
5.60846084511  1.28262309785e-37
5.69945582996  1.47436205811e-37
5.79192717125  1.66921190464e-37
5.88589882225  1.86722311029e-37
5.98139512488  2.44265989741e-37
6.07844081599  8.49625150465e-36
6.17706103378  1.89132324241e-35
6.27728132428  2.94992246012e-35
6.37912764804  4.02569701745e-35
6.48262638677  5.11892557727e-35
6.58780435024  6.22989132363e-35
6.69468878317  7.35888203514e-35
6.80330737234  8.50619015949e-35
6.91368825372  9.67211288922e-35
7.02586001978  4.59833300445e-34
7.13985172691  2.01482274308e-33
7.25569290288  3.59606197734e-33
7.3734135546  5.20295617187e-33
7.49304417576  6.83592156791e-33
7.61461575486  8.49538116006e-33
7.73815978314  1.01817648058e-32
7.86370826279  1.1895509337e-32
7.9912937152  1.69492163773e-32
8.12094918942  1.06242854465e-31
8.25270827072  2.06995874894e-31
8.38660508926  3.09383571899e-31
8.52267432896  4.13432467438e-31
8.66095123645  5.19169513779e-31
8.80147163025  6.26622100478e-31
8.94427191  7.35818061478e-31
9.08938906592  2.88751051656e-30
9.23686068839  6.36701024654e-30
9.38672497765  9.90296343745e-30
9.53902075375  1.34962860236e-29
9.69378746657  1.71479088001e-29
9.85106520605  2.08587776635e-29
10.0108947126  3.21362012537e-29
10.1733173875  1.07675237202e-28
10.3383753039  1.87007881884e-28
10.5061112176  2.67627666301e-28
10.6765685779  3.49555473767e-28
10.8497915392  4.32812526423e-28
11.0258249723  7.11522949368e-28
11.2047144759  2.02784479864e-27
11.3865063885  3.38016447751e-27
11.5712478006  4.75442499042e-27
11.7589865666  6.15098231846e-27
11.9497713174  7.57019821832e-27
12.1436514728  1.73890056353e-26
12.3406772544  3.03435609154e-26
12.5408996988  4.350829856e-26
12.7443706706  5.6886628692e-26
12.9511428756  7.05070111721e-26
13.1612698752  1.32794745403e-25
13.3748060995  2.11049066566e-25
13.5918068618  2.90573032104e-25
13.8123283727  3.7138724148e-25
14.036427755  5.02031319947e-25
14.2641630582  8.7111253734e-25
14.4955932736  1.24866246783e-24
14.7307783496  1.63233799163e-24
14.9697792074  2.03522843512e-24
15.2126577564  3.11896451322e-24
15.4594769106  4.33464757525e-24
15.7103006046  5.57005459807e-24
15.9651938106  6.84070815323e-24
16.2242225547  9.05406085932e-24
16.4874539343  1.1469066622e-23
16.7549561354  1.39232548661e-23
17.0267984504  1.65213963229e-23
17.3030512959  1.98962640877e-23
17.5837862308  2.33468333202e-23
17.8690759753  2.68533866282e-23
18.1589944294  3.05988332536e-23
18.4536166918  3.45573485095e-23
18.75301908  3.85800890575e-23
19.0572791496  4.2654504929e-23
19.3664757145  4.67375186296e-23
19.6806888673  5.08864519412e-23
20  5.51027e-23

