6 20 101
101
6  0
6.0726749839  2.62204074408e-40
6.14623024334  5.27584094964e-40
6.22067644067  7.96178530306e-40
6.29602436737  1.06802631503e-39
6.37228494562  1.34316685531e-39
6.44946922993  1.62164003465e-39
6.52758840867  1.90348621962e-39
6.60665380575  2.18874626576e-39
6.68667688224  2.47746152344e-39
6.76766923803  2.7696738439e-39
6.84964261352  3.06542558531e-39
6.93260889129  3.36475961889e-39
7.01658009788  3.40063065147e-38
7.10156840549  1.86773528702e-37
7.18758613374  3.41895499941e-37
7.2746457515  4.9889638564e-37
7.36275987864  6.57798944146e-37
7.45194128792  8.18626209465e-37
7.54220290677  9.81401494604e-37
7.63355781924  1.14614839495e-36
7.72601926784  1.31289079168e-36
7.81960065549  1.48165285524e-36
7.91431554744  1.65245904885e-36
8.01017767327  5.13224961539e-36
8.10720092884  3.08924165547e-35
8.20539937834  5.75353272402e-35
8.30478725629  8.45009501098e-35
8.40537896964  1.11793194014e-34
8.50718909986  1.39416015149e-34
8.610232405  1.67373417632e-34
8.7145238219  1.95669454076e-34
8.82007846831  2.24308226187e-34
8.92691164508  2.53293885347e-34
9.03503883843  8.69004157035e-34
9.14447572211  2.73011800555e-33
9.25523815976  4.61377459057e-33
9.36734220713  6.52024696091e-33
9.48080411448  8.44981147273e-33
9.59564032887  1.04027478295e-32
9.7118674966  1.23793391227e-32
9.82950246559  1.43798718726e-32
9.94856228783  1.640463607e-32
10.0690642218  5.65329206947e-32
10.1910257352  1.25851283531e-31
10.3144645071  1.96009264852e-31
10.4393984307  2.67017034533e-31
10.5658456162  3.38884885634e-31
10.6938243929  4.11623235888e-31
10.8233533122  4.85242629215e-31
10.9544511501  5.59753737246e-31
11.0871369103  1.69392398818e-30
11.2214298263  3.40197651812e-30
11.357349365  5.13071782974e-30
11.4949152287  6.88039851585e-30
11.6341473586  8.65127220458e-30
11.7750659372  1.04435955961e-29
11.9176913918  1.22576284999e-29
12.0620443968  2.44598653866e-29
12.2081458772  5.0728400205e-29
12.3560170113  7.73151125809e-29
12.5056792342  1.04223856439e-28
12.6571542404  1.31458532385e-28
12.8104639872  1.5902308827e-28
12.9656306978  1.8715804192e-28
13.1226768649  3.80207631633e-28
13.2816252532  6.22635554536e-28
13.4424989034  8.67999885004e-28
13.6053211353  1.11633619027e-27
13.7701155511  1.36768046836e-27
13.9369060387  1.62206915335e-27
14.1057167757  2.84870833934e-27
14.2765722323  4.67563156559e-27
14.4494971752  6.52468339452e-27
14.6245166709  8.39613185876e-27
14.8016560898  1.02902482375e-26
14.9809411095  1.2410521192e-26
15.1623977185  2.25967336236e-26
15.3460522202  3.41155990651e-26
15.5319312365  4.57739867333e-26
15.7200617119  5.75735865909e-26
15.9104709172  6.95161090701e-26
16.1031864535  1.08793359525e-25
16.2982362562  1.72423403393e-25
16.4956485991  2.36824165996e-25
16.6954520985  3.02004982663e-25
16.8976757173  3.67975301797e-25
17.1023487691  5.30132654104e-25
17.3095009226  7.90774393856e-25
17.5191622061  1.05457315598e-24
17.7313630113  1.32156717991e-24
17.9461340982  1.59180614595e-24
18.1635065993  2.24517706073e-24
18.3835120242  3.03313749042e-24
18.6061822643  3.83064208871e-24
18.831549597  4.63780645931e-24
19.059646691  5.66322054532e-24
19.2905066104  7.29694231972e-24
19.52416282  8.95045254472e-24
19.7606491897  1.06239909079e-23
20  1.23178e-23

