6 20 101
101
6  0
6.0726749839  2.68935231417e-41
6.14623024334  5.41127940102e-41
6.22067644067  8.16617582242e-41
6.29602436737  1.09544409193e-40
6.37228494562  1.37764788697e-40
6.44946922993  1.66326987472e-40
6.52758840867  1.95235145803e-40
6.60665380575  2.24493454125e-40
6.68667688224  2.54106153627e-40
6.76766923803  2.84077536873e-40
6.84964261352  3.14411948417e-40
6.93260889129  3.4511378544e-40
7.01658009788  4.49073830182e-39
7.10156840549  2.51990528509e-38
7.18758613374  4.62265981561e-38
7.2746457515  6.75088395473e-38
7.36275987864  8.90488620303e-38
7.45194128792  1.10849787978e-37
7.54220290677  1.32914777582e-37
7.63355781924  1.55247029314e-37
7.72601926784  1.77849780385e-37
7.81960065549  2.00726307218e-37
7.91431554744  2.23879925921e-37
8.01017767327  9.26685902646e-37
8.10720092884  6.20662062876e-36
8.20539937834  1.16677579069e-35
8.30478725629  1.71950431956e-35
8.40537896964  2.27892777126e-35
8.50718909986  2.84512723801e-35
8.610232405  3.41818479429e-35
8.7145238219  3.99818350868e-35
8.82007846831  4.58520745594e-35
8.92691164508  5.17934172918e-35
9.03503883843  2.62826978957e-34
9.14447572211  9.0925334891e-34
9.25523815976  1.56350955653e-33
9.36734220713  2.22569044072e-33
9.48080411448  2.89589198908e-33
9.59564032887  3.57421135191e-33
9.7118674966  4.26074685619e-33
9.82950246559  4.95559801993e-33
9.94856228783  5.65886556652e-33
10.0690642218  2.56916063315e-32
10.1910257352  6.05311688281e-32
10.3144645071  9.5792725432e-32
10.4393984307  1.31481387546e-31
10.5658456162  1.67602328483e-31
10.6938243929  2.04160784221e-31
10.8233533122  2.41162054156e-31
10.9544511501  2.78611501874e-31
11.0871369103  7.75552383005e-31
11.2214298263  1.52137051933e-30
11.357349365  2.27622237583e-30
11.4949152287  3.04021737342e-30
11.6341473586  3.81346625836e-30
11.7750659372  4.59608111835e-30
11.9176913918  5.38817539873e-30
12.0620443968  1.08388842602e-29
12.2081458772  2.2597746489e-29
12.3560170113  3.44990379049e-29
12.5056792342  4.65444836812e-29
12.6571542404  5.87358298872e-29
12.8104639872  7.10748437413e-29
12.9656306978  8.37303252525e-29
13.1226768649  2.12746843825e-28
13.2816252532  3.7654164797e-28
13.4424989034  5.42320416239e-28
13.6053211353  7.10107179395e-28
13.7701155511  8.79926259269e-28
13.9369060387  1.05180227229e-27
14.1057167757  2.13749221181e-27
14.2765722323  3.78706405701e-27
14.4494971752  5.45661633676e-27
14.6245166709  7.14639106402e-27
14.8016560898  8.85663318312e-27
14.9809411095  1.08177710979e-26
15.1623977185  2.19098586403e-26
15.3460522202  3.45060413887e-26
15.5319312365  4.72547953667e-26
15.7200617119  6.01579685931e-26
15.9104709172  7.32174314706e-26
16.1031864535  1.17495417167e-25
16.2982362562  1.89585453652e-25
16.4956485991  2.62548680511e-25
16.6954520985  3.36395674258e-25
16.8976757173  4.1113713952e-25
17.1023487691  5.98669118302e-25
17.3095009226  9.01685902588e-25
17.5191622061  1.20837297686e-24
17.7313630113  1.5187747975e-24
17.9461340982  1.83294987426e-24
18.1635065993  2.6185821093e-24
18.3835120242  3.56968316176e-24
18.6061822643  4.53230442316e-24
18.831549597  5.50658543201e-24
19.059646691  6.72625638475e-24
19.2905066104  8.62837821004e-24
19.52416282  1.05535394808e-23
19.7606491897  1.25020192624e-23
20  1.44741e-23

