0.02 20 201
201
0.02  0
0.0207028433336  2.32612561122e-42
0.0214303861048  4.73399631638e-42
0.0221834963052  7.22648481521e-42
0.0229630724299  9.80656476031e-42
0.0237700445487  1.24773143049e-41
0.0246053754162  1.52419197751e-41
0.0254700616203  1.81036794716e-41
0.0263651347711  2.10660076043e-41
0.0272916627318  2.4132438366e-41
0.0282507508925  2.73066301487e-41
0.0292435434891  3.0592369908e-41
0.0302712249687  3.39935776817e-41
0.0313350214022  3.75143112658e-41
0.0324362019472  4.11587710564e-41
0.0335760803625  4.49313050604e-41
0.034756016575  4.88364140831e-41
0.0359774183026  5.28787570981e-41
0.0372417427333  5.7063156805e-41
0.0385504982638  6.13946053839e-41
0.0399052462994  6.58782704508e-41
0.0413076031162  7.05195012227e-41
0.04275924179  7.53238349001e-41
0.0442618941921  8.02970032723e-41
0.0458173530554  8.54449395563e-41
0.0474274741132  9.07737854753e-41
0.0490941783137  9.62898985858e-41
0.050819454111  4.58373061945e-36
0.0526053598379  1.45732264747e-35
0.0544540261616  2.49137748584e-35
0.0563676586253  3.56177125169e-35
0.05834854028  4.66978097368e-35
0.060399034408  5.81672855799e-35
0.0625215873425  7.00398236549e-35
0.0647187313859  8.23295884418e-35
0.0669930878316  9.50512421913e-35
0.0693473700905  1.08219962417e-34
0.071784386929  1.21851460004e-34
0.0743070458194  1.35961997952e-34
0.0769183564091  1.50568410776e-34
0.0796214341107  1.65688124594e-34
0.0824195038195  1.81339177915e-34
0.0853159037603  1.9754024316e-34
0.0883140894707  2.14310648941e-34
0.091417637923  2.31670403117e-34
0.0946302517923  2.49640216668e-34
0.0979557638737  2.68241528402e-34
0.101398141655  2.07551854383e-32
0.10496149205  7.29397508484e-32
0.108650066298  1.26958194954e-31
0.112468265038  1.82874964227e-31
0.116420643554  2.40756769925e-31
0.120511917215  3.00672667687e-31
0.124746967096  3.62694139915e-31
0.129130845807  4.26895181057e-31
0.133668783514  4.93352385889e-31
0.138366194184  5.62145040889e-31
0.143228682043  6.33355218838e-31
0.14826204826  7.0706787673e-31
0.153472297872  7.83370957131e-31
0.158865646945  8.62355493103e-31
0.164448529989  9.44115716802e-31
0.17022760764  1.02874917191e-30
0.176209774602  1.11635683001e-30
0.182402167871  1.20704321102e-30
0.188812175257  1.30091650796e-30
0.195447444191  1.39808871594e-30
0.202315890852  1.60064674845e-30
0.20942570961  2.01782105195e-30
0.216785382804  2.44965576435e-30
0.22440369086  2.89666608419e-30
0.232289722768  3.35938531519e-30
0.240452886923  3.83836550254e-30
0.248902922354  4.33417809148e-30
0.257649910339  4.84741460905e-30
0.266704286433  5.37868736987e-30
0.276076852921  5.9286302066e-30
0.285778791702  6.49789922616e-30
0.295821677634  7.0871735925e-30
0.306217492336  7.69715633683e-30
0.316978638492  8.32857519644e-30
0.32811795464  8.98218348286e-30
0.339648730492  9.65876098062e-30
0.351584722792  1.03591148776e-29
0.363940171722  1.10840807279e-29
0.376729817898  1.1834523449e-29
0.389968919952  1.26113383533e-29
0.403673272736  1.34154522164e-29
0.417859226171  1.4247824383e-29
0.432543704745  1.51094479109e-29
0.447744227714  1.60013507565e-29
0.463478929994  1.69245970005e-29
0.479766583804  1.7880288118e-29
0.496626621059  1.8951665654e-29
0.514079156554  3.8977130945e-29
0.53214501196  6.45244364575e-29
0.550845740668  9.09695296387e-29
0.570203653501  1.18343960692e-28
0.590241845333  1.46680388565e-28
0.610984222643  1.76012619908e-28
0.632455532034  2.06375649415e-28
0.654681389758  2.37805701566e-28
0.677688312278  2.70340273847e-28
0.701503747905  3.04018181491e-28
0.72615610954  3.38879603779e-28
0.751674808577  3.7496613198e-28
0.778090289989  4.12320818969e-28
0.805434068651  4.50988230595e-28
0.833738766941  4.91014498845e-28
0.863038153656  5.32447376886e-28
0.893367184302  5.75336296032e-28
0.924762042799  6.19732424724e-28
0.957260184645  6.65688729571e-28
0.99090038161  7.13260038542e-28
1.02572276798  7.07528477645e-28
1.06176888846  6.81464384382e-28
1.09908174772  6.54484342409e-28
1.13770586169  6.26556163305e-28
1.17768731071  5.97646527475e-28
1.21907379448  5.67720944405e-28
1.26191468896  5.36743711506e-28
1.30626110529  5.04677871525e-28
1.35216595078  4.71485168451e-28
1.399683992  4.37126001873e-28
1.44887192015  4.01559379736e-28
1.49978841866  3.64742869436e-28
1.55249423326  3.26632547195e-28
1.60705224437  2.87182945656e-28
1.66352754221  2.46346999646e-28
1.72198750437  2.04075990014e-28
1.78250187627  1.60319485516e-28
1.84514285431  1.15025282643e-28
1.90998517204  6.81393433435e-29
1.97710618931  1.96057305502e-29
2.04658598456  4.50065592592e-26
2.11850745035  1.1448492825e-25
2.19295639229  1.86404917665e-25
2.27002163134  2.60852331335e-25
2.34979510988  3.37915988426e-25
2.43237200129  4.17687829398e-25
2.51785082359  5.00263025703e-25
2.6063335569  5.8574009332e-25
2.69792576518  6.74221010294e-25
2.79273672211  7.658113384e-25
2.89087954149  8.60620349083e-25
2.99247131219  9.9001413558e-25
3.09763323782  1.9558072458e-24
3.20649078138  3.05936865306e-24
3.31917381488  4.20171159923e-24
3.43581677432  5.38419895162e-24
3.55655882008  6.60824147165e-24
3.68154400294  7.87529949793e-24
3.81092143593  9.18688468857e-24
3.94484547223  1.05445618246e-23
4.08347588934  1.24756262413e-23
4.22697807967  1.48340847394e-23
4.3755232479  1.72754245792e-23
4.52928861519  1.98025583906e-23
4.68845763064  2.24185011596e-23
4.85322019016  2.51263738254e-23
5.02377286302  2.79012241516e-23
5.20031912633  3.0615461557e-23
5.38306960785  3.34223810279e-23
5.57224233726  3.63279417307e-23
5.76806300625  3.93356101319e-23
5.97076523784  4.24371749202e-23
6.18059086503  4.48706843141e-23
6.39779021938  4.72432614614e-23
6.62262242965  4.96992161103e-23
6.85535573093  5.22414783268e-23
7.09626778467  5.44224612726e-23
7.34564600996  5.59792297818e-23
7.60378792641  5.75907065094e-23
7.87100150912  5.92588140208e-23
8.14760555608  6.10440532868e-23
8.43393006857  6.29449617252e-23
8.7303166448  6.49126722048e-23
9.0371188875  6.6864547184e-23
9.35470282574  6.83553412326e-23
9.68344735168  6.98866661089e-23
10.0237446725  7.14154133414e-23
10.3760007786  7.25186055966e-23
10.7406359274  7.36410255117e-23
11.1180851454  7.46773769935e-23
11.5087987467  7.54647821143e-23
11.9132428706  7.62789104113e-23
12.3319000372  7.67532440835e-23
12.7652697238  7.71430601166e-23
13.2138689602  7.74296529691e-23
13.6782329456  7.75934805832e-23
14.1589156877  7.77170132775e-23
14.6564906628  7.77483654767e-23
15.1715515006  7.7761722347e-23
15.7047126922  7.77359653298e-23
16.2566103233  7.76107930183e-23
16.8279028329  7.73638803956e-23
17.4192717991  7.69868318809e-23
18.0314227521  7.65374823988e-23
18.6650860159  7.60010165722e-23
19.3210175798  7.53859186403e-23
20  7.46884e-23

