7 20 51
51
7  0
7.14852893045  1.48944811459e-43
7.30020940993  3.01049996282e-43
7.45510830933  4.56382612593e-43
7.61329391841  6.15011141385e-43
7.77483597598  7.77005516708e-43
7.93980570054  9.42437156504e-43
8.10827582179  1.50760951458e-40
8.28032061259  3.88719060791e-40
8.45601592179  6.31726264906e-40
8.63543920762  8.7988969761e-40
8.81866957183  1.13331876592e-39
9.00578779462  2.92874454779e-39
9.1968763702  2.16527155632e-38
9.39201954317  4.17428769464e-38
9.59130334568  6.22593197842e-38
9.79481563533  8.32110890952e-38
10.0026461339  1.1219236894e-37
10.2148864671  2.369341327e-37
10.4316302045  3.70679323751e-37
10.6529729012  5.07262376256e-37
10.8790121399  6.46743505148e-37
11.1098475739  7.25745224354e-35
11.3455809707  2.26771650226e-34
11.5863162574  3.84240597227e-34
11.8321595662  5.45050786268e-34
12.0832192812  4.25892043567e-33
12.3396060864  1.53625873679e-32
12.6014330142  2.67018565535e-32
12.8688154953  3.82817270997e-32
13.1418714098  2.21333134188e-31
13.4207211391  5.69955778242e-31
13.7054876186  9.25975643504e-31
13.9962963925  1.69419801968e-30
14.2932756687  8.66605105694e-30
14.5965563755  1.62894119535e-29
14.9062722194  2.40745285129e-29
15.2225597436  9.22387009582e-29
15.545558389  1.87745459807e-28
15.8754105548  2.85278721047e-28
16.212261662  7.99099695159e-28
16.556260217  1.57211216081e-27
16.9075578773  2.36152672857e-27
17.2663095185  5.92151141846e-27
17.6326733021  1.05332302172e-26
18.0068107459  1.682081859e-26
18.3888867946  4.22512524245e-26
18.7790698929  6.94357497874e-26
19.1775320595  1.34370793611e-25
19.5844489631  2.47926164111e-25
20  3.63891e-25

