0.1 20 151
151
0.1  0
0.103595335198  2.14524662925e-43
0.107319934748  4.36762206565e-43
0.111178446136  6.66989934834e-43
0.115175683943  9.05495121654e-43
0.119316635847  1.1525753694e-42
0.123606468853  1.40853898027e-42
0.128050535734  1.67370534093e-42
0.132654381717  1.94840532109e-42
0.137423751394  2.23298168632e-42
0.142364595899  2.52778952578e-42
0.147483080324  2.83319669525e-42
0.152785591422  3.14958427619e-42
0.158278745568  3.47734705119e-42
0.163969397019  3.8168939966e-42
0.169864646463  4.16864879286e-42
0.175971849887  4.53305035311e-42
0.182298627744  4.91055337092e-42
0.188852874473  5.30162888761e-42
0.195642768341  5.70676488e-42
0.202676781654  1.51705713873e-34
0.209963691323  5.64688890244e-34
0.21751258982  9.92520196117e-34
0.225332896521  1.43573347152e-33
0.233434369463  1.89488174981e-33
0.241827117512  2.37053794777e-33
0.250521612986  2.86329558043e-33
0.259528704717  3.37376950169e-33
0.268859631586  3.90259667153e-33
0.278526036554  4.45043695074e-33
0.288539981181  5.01797392434e-33
0.298913960685  5.60591575451e-33
0.309660919525  6.21499606424e-33
0.320794267559  6.84597485273e-33
0.332327896774  7.4996394437e-33
0.344276198619  8.17680546779e-33
0.356654081967  8.87831788028e-33
0.369476991711  9.60505201546e-33
0.382760928042  1.03579146788e-32
0.396522466412  1.11378452785e-32
0.410778778215  1.19458169975e-32
0.425547652214  1.27828380081e-32
0.440847516738  1.36499527298e-32
0.456697462677  1.45482431322e-32
0.473117267301  1.54788300857e-32
0.490127418939  1.64428747595e-32
0.507749142548  1.16368842777e-31
0.526004426187  3.50454431732e-31
0.544916048465  5.9295618226e-31
0.564507606954  8.4417668358e-31
0.584803547643  1.10442940401e-30
0.60582919543  1.3740390821e-30
0.627610785733  1.65334213184e-30
0.650175497219  1.94268706244e-30
0.673551485719  2.24243491318e-30
0.697767919361  2.55295970389e-30
0.722855014966  2.87464890171e-30
0.74884407575  3.20790390448e-30
0.775767530383  3.55314054167e-30
0.803658973457  3.91078959318e-30
0.832553207402  4.28129732694e-30
0.862486285909  4.66512605565e-30
0.893495558925  5.06275471375e-30
0.925619719247  5.47467945496e-30
0.958898850812  5.90141427137e-30
0.993374478709  2.09928209969e-29
1.02908962099  2.69455906345e-27
1.06608884235  6.11360462798e-27
1.10441830974  9.65557634113e-27
1.14412584997  1.332489381e-26
1.18526100936  1.71261355413e-26
1.22787511562  2.10640446546e-26
1.27202134183  2.51435348003e-26
1.31775477286  2.9369696291e-26
1.36513247404  3.37478024534e-26
1.41421356237  3.82833162077e-26
1.46505928036  4.29818968843e-26
1.51773307233  4.78494072859e-26
1.57230066369  5.28919210021e-26
1.62883014287  5.81157299889e-26
1.68739204632  6.35273524188e-26
1.74805944649  6.91335408148e-26
1.81090804305  7.49412904754e-26
1.87601625732  8.09578482038e-26
1.94346533014  8.71907213499e-26
2.01333942322  1.23874497424e-25
2.08572572415  2.89853782097e-25
2.16071455525  4.62563932736e-25
2.23839948618  6.41483592212e-25
2.31887745078  8.26836013181e-25
2.40224886796  1.01885247498e-24
2.48861776706  1.21777257222e-24
2.57809191758  1.42384451373e-24
2.67078296373  1.63732543228e-24
2.76680656368  1.85848170545e-24
2.86628253393  2.08758928794e-24
2.96933499874  2.32493405599e-24
3.0760925451  2.93408756274e-24
3.18668838309  3.71680427971e-24
3.30126051218  4.52766228631e-24
3.41995189335  5.36767335623e-24
3.54291062753  6.2378856398e-24
3.67029014035  7.13938497191e-24
3.80224937364  8.07329622681e-24
3.93895298368  9.04078472178e-24
4.08057154674  1.01241769433e-23
4.22728177184  1.1310192526e-23
4.3792667213  1.25388493444e-23
4.53671603914  1.38116804938e-23
4.69982618773  1.51302741896e-23
4.8688006929  1.64962757486e-23
5.04385039793  1.79100397808e-23
5.22519372662  1.93704526386e-23
5.41305695583  2.08833715824e-23
5.60767449785  2.24506850336e-23
5.80928919286  2.40743486569e-23
6.01815261197  2.57988535899e-23
6.23452537109  2.79097212636e-23
6.45867745619  3.01075324579e-23
6.69088856009  3.23843623317e-23
6.93144843155  3.47430518714e-23
7.18065723674  3.66014134822e-23
7.43882593382  3.82965749641e-23
7.70627666093  4.00526831834e-23
7.98334313818  4.18567661674e-23
8.270371084  4.33751170122e-23
8.56771864659  4.49080031669e-23
8.87575685075  4.6496001717e-23
9.19487006089  4.83368216271e-23
9.5254564606  5.03731016147e-23
9.8679285495  5.24825926935e-23
10.2227136579  5.48019783982e-23
10.5902544803  5.72871056684e-23
10.9710096272  5.99471790948e-23
11.3654541979  6.50285079993e-23
11.774080373  7.05866412342e-23
12.1973980289  7.46291006793e-23
12.6359353735  7.67829329935e-23
13.0902396056  7.89777039993e-23
13.5608775976  8.11030819145e-23
14.0484366031  8.32736715301e-23
14.553524989  8.53062976084e-23
15.0767729955  8.73327226432e-23
15.6188335217  8.90393139411e-23
16.1803829408  9.063816726e-23
16.7621219439  9.19374231494e-23
17.364776414  9.30543521805e-23
17.9890983325  9.40402075992e-23
18.6358667167  9.48000454984e-23
19.3058885922  9.54293937705e-23
20  9.59143e-23

