1 20 101
101
1  0
1.03041055791  4.35223740603e-44
1.06174591785  8.83682877973e-44
1.09403420358  1.34577990791e-43
1.12730439408  1.82192956634e-43
1.16158634964  2.31255920153e-43
1.1969108386  2.81810915765e-43
1.23330956497  3.33903317e-43
1.27081519692  3.87579877218e-43
1.30946139606  4.4288877158e-43
1.34928284767  4.99879640276e-43
1.39031529185  5.58603633086e-43
1.43259555555  6.1911345528e-43
1.47616158565  6.81463414925e-43
1.52105248304  7.4570947163e-43
1.56730853766  8.11909286762e-43
1.61497126471  8.80122275206e-43
1.66408344188  9.50409658685e-43
1.71468914776  1.02283452071e-42
1.76683380139  1.0974618632e-42
1.82056420303  1.1743586648e-42
1.87592857615  1.25359394105e-42
1.93297661076  1.33523880625e-42
1.99175950792  5.00084859701e-39
2.05233002578  3.21741007165e-37
2.11474252688  7.05470450118e-37
2.17905302696  1.10086931952e-36
2.24531924523  1.50829248913e-36
2.31360065617  1.92810562464e-36
2.3839585429  2.36068551182e-36
2.45645605223  2.80642039471e-36
2.53115825126  3.26571032407e-36
2.60813218585  3.73896751643e-36
2.68744694072  4.22661672403e-36
2.76917370155  4.72909561611e-36
2.85338581877  5.24685517163e-36
2.94015887345  5.78036008411e-36
3.02957074514  1.41311107782e-33
3.12170168173  5.79665974038e-33
3.21663437151  1.03135145634e-32
3.31445401734  1.49677294616e-32
3.41524841318  1.97634816315e-32
3.51910802283  2.47050753004e-32
3.62612606115  2.97969455899e-32
3.73639857773  3.50436624956e-32
3.85002454306  4.04499349896e-32
3.96710593738  4.60206152464e-32
4.08774784223  1.90382235894e-30
4.21205853471  4.5335173875e-30
4.34014958471  7.24318290902e-30
4.472135955  1.00352508708e-29
4.60813610445  1.2912227177e-29
4.74827209431  1.58766939378e-29
4.89266969782  1.89313117867e-29
5.041458513  9.20667616487e-29
5.19477207907  3.54125364162e-28
5.35274799621  6.24153314984e-28
5.51552804914  9.02392966441e-28
5.68325833429  1.18909404093e-27
5.85608939099  1.48451385505e-27
6.03417633655  2.90054701375e-27
6.21767900547  9.02146237726e-27
6.40676209294  1.53546302173e-26
6.6015953026  2.18803932246e-26
6.80235349885  2.86046083259e-26
7.00921686386  4.2374172231e-26
7.22237105921  1.25086168202e-25
7.44200739256  2.13842616183e-25
7.66832298935  3.05298197264e-25
7.9015209697  3.99534993591e-25
8.14181063074  7.93804965101e-25
8.38940763443  1.41270561583e-24
8.64453420113  2.05042738065e-24
8.90741930907  2.70754262012e-24
9.17829889981  4.3455136629e-24
9.45741609003  6.54739660608e-24
9.74502138973  8.81624003801e-24
10.041372927  1.13933588341e-23
10.34673668  1.53860044157e-23
10.661386715  1.95224881708e-23
10.9856054331  2.38105074102e-23
11.3196838233  2.87440023271e-23
11.6639217237  3.38803760396e-23
12.0186280908  3.91542944242e-23
12.3841212763  4.44114424737e-23
12.7607293136  4.98199858184e-23
13.1487902114  5.51788522323e-23
13.5486522576  6.03458296069e-23
13.9606743317  6.56534162231e-23
14.3852262269  7.05635577419e-23
14.8226889821  7.55436818685e-23
15.2734552238  8.02940249515e-23
15.7379295184  8.49341185097e-23
16.2165287354  8.94553360144e-23
16.7096824217  9.37898117088e-23
17.2178331866  9.80319944449e-23
17.7414370999  1.02095422613e-22
18.2809641002  1.06038685543e-22
18.8368984177  1.09870740793e-22
19.4097390079  1.13518582549e-22
20  1.17154e-22

