2 20 101
101
2  0
2.04658598456  3.13240899173e-40
2.0942570961  6.33778116192e-40
2.14303861048  9.61781604133e-40
2.19295639229  1.29742527479e-39
2.2440369086  1.64088709087e-39
2.29630724299  1.99234916038e-39
2.34979510988  2.35199783317e-39
2.40452886923  2.72002379971e-39
2.46053754162  3.09662219226e-39
2.51785082359  3.48199268825e-39
2.57649910339  3.87633961623e-39
2.63651347711  4.27987206416e-39
2.69792576518  4.69280399029e-39
2.76076852921  5.11535433658e-39
2.82507508925  5.54774714483e-39
2.89087954149  5.99021167542e-39
2.95821677634  6.44298252891e-39
3.02712249687  4.89615817389e-36
3.09763323782  1.76072899328e-35
3.16978638492  3.06145019856e-35
3.24362019472  4.39246909284e-35
3.31917381488  5.75449139995e-35
3.39648730492  7.14823928214e-35
3.4756016575  8.574451723e-35
3.55655882008  1.00338849192e-34
3.63940171722  1.15273126816e-34
3.72417427333  1.30555268454e-34
3.81092143593  1.46193376898e-34
3.89968919952  1.62195743682e-34
3.99052462994  5.17369788266e-34
4.08347588934  1.37519327507e-32
4.17859226171  2.92161162658e-32
4.275924179  4.50405068881e-32
4.3755232479  6.12334949189e-32
4.47744227714  7.7803666095e-32
4.58173530554  9.47598061404e-32
4.68845763064  1.12110905425e-31
4.79766583804  1.29866163731e-31
4.90941783137  1.48034995132e-31
5.02377286302  7.29944367485e-31
5.14079156554  3.48270286124e-30
5.26053598379  6.30634066614e-30
5.38306960785  9.19574944464e-30
5.50845740668  1.21524611995e-29
5.63676586253  1.51780436185e-29
5.76806300625  1.82741009053e-29
5.90241845333  2.14422746307e-29
6.0399034408  7.05654667237e-29
6.18059086503  2.35646219164e-28
6.32455532034  4.04572196297e-28
6.47187313859  5.77432964912e-28
6.62262242965  7.54320178075e-28
6.77688312278  9.35327623729e-28
6.93473700905  1.12055127442e-27
7.09626778467  4.03613146938e-27
7.2615610954  8.91074194934e-27
7.43070458194  1.38988966936e-26
7.60378792641  1.90032404878e-26
7.78090289989  2.42264797226e-26
7.96214341107  2.96800669111e-26
8.14760555608  7.24080971311e-26
8.33738766941  1.26049480072e-25
8.53159037603  1.80940331332e-25
8.7303166448  2.37109754767e-25
8.93367184302  2.94587532148e-25
9.1417637923  5.5750399412e-25
9.35470282574  9.24262732463e-25
9.57260184645  1.29956437927e-24
9.79557638737  1.68360792443e-24
10.0237446725  2.20042934255e-24
10.2572276798  3.57705970306e-24
10.496149205  5.00872526617e-24
10.7406359274  6.4737386042e-24
10.9908174772  8.03680590611e-24
11.2468265038  1.08335275035e-23
11.5087987467  1.38113135945e-23
11.7768731071  1.68584612339e-23
12.0511917215  2.01144477348e-23
12.3319000372  2.40379151408e-23
12.6191468896  2.80564411562e-23
12.9130845807  3.2168570667e-23
13.2138689602  3.6420647919e-23
13.5216595078  4.07901348711e-23
13.8366194184  4.52614002491e-23
14.1589156877  4.96715265703e-23
14.4887192015  5.40104875588e-23
14.826204826  5.84505159321e-23
15.1715515006  6.27629391617e-23
15.5249423326  6.6936311726e-23
15.8865646945  7.12068946252e-23
16.2566103233  7.52435845757e-23
16.6352754221  7.92235024432e-23
17.022760764  8.32524153285e-23
17.4192717991  8.69775567135e-23
17.8250187627  9.07717412018e-23
18.2402167871  9.44128569031e-23
18.6650860159  9.79588112382e-23
19.0998517204  1.01500792352e-22
19.5447444191  1.04829777744e-22
20  1.08236e-22

