1 20000 251
251
1  0
1.04040904696  6.16048344619e-41
1.082450985  1.25699061573e-40
1.12619179768  1.92383275316e-40
1.17170013492  2.61762134585e-40
1.21904742069  3.33944527436e-40
1.26830796516  4.09043741989e-40
1.31955908129  4.8717764423e-40
1.37288120617  5.68468862995e-40
1.4283580273  6.53044982437e-40
1.4860766139  7.41038742261e-40
1.54612755358  8.32588246059e-40
1.6086050945  9.27837178054e-40
1.6736072933  1.02693502862e-39
1.74123616901  1.13003732887e-39
1.81159786313  1.23730589482e-39
1.88480280626  1.34890908129e-39
1.96096589137  1.46502204617e-39
2.04020665416  3.41022940182e-35
2.12264946065  1.04025126425e-34
2.20842370239  1.7677347385e-34
2.29766399949  2.52461512662e-34
2.39051041194  3.3120803299e-34
2.48710865943  4.13136625155e-34
2.58761035005  4.98375873648e-34
2.6921732182  5.87059558936e-34
2.8009613722  6.79326867428e-34
2.91414555182  7.75322609921e-34
3.03190339627  5.26382410803e-32
3.15441972299  2.51524059241e-31
3.28188681771  4.58446663767e-31
3.41450473624  6.73730813536e-31
3.55248161847  8.97714390623e-31
3.69603401502  1.1307489306e-30
3.8453872271  1.37320017424e-30
4.00077566014  1.78162058646e-30
4.16244319166  3.45943140426e-29
4.33064355406  6.87329371695e-29
4.50564073281  1.04251069521e-28
4.68770938077  1.41204455752e-28
4.87713524927  1.79651093101e-28
5.07421563659  6.75905130342e-28
5.27925985453  1.97806748008e-27
5.49258971391  3.33284896936e-27
5.71454002959  4.74237588745e-27
5.945459146  6.20886044498e-27
6.18570948383  3.84961494375e-26
6.43566810884  8.14875367035e-26
6.69572732367  1.26216164956e-25
6.96629528353  1.72752234449e-25
7.24779663678  5.12157623994e-25
7.54067319143  9.06457055286e-25
7.84538460853  1.31668975081e-24
8.1624091236  2.42198144866e-24
8.49224429718  4.24396077322e-24
8.83540779578  6.13956454587e-24
9.19243820431  9.26561536782e-24
9.56389587139  1.35447506136e-23
9.95036378878  1.79968016364e-23
10.3524485064  2.35920641028e-23
10.7707810842  2.95545730275e-23
11.2060180829  3.57160896267e-23
11.6588425938  4.20780482239e-23
12.1299653117  4.85108385783e-23
12.6201256496  5.4694914598e-23
13.1300928996  6.09155587953e-23
13.6606674402  6.6739489575e-23
14.2126819923  7.24800075581e-23
14.7870029263  7.79233767555e-23
15.384531622  8.30957913805e-23
16.0062058827  8.81876702656e-23
16.6530014079  9.28006767408e-23
17.3259333238  9.73031148395e-23
18.0260577771  1.01496031976e-22
18.7544735924  1.01943526809e-22
19.5123239965  1.03262873914e-22
20.3007984131  1.05435025348e-22
21.1211343295  1.08441643515e-22
21.9746192385  1.12265043859e-22
22.8625926593  1.16888136716e-22
23.7864482397  1.22294368202e-22
24.7476359436  1.25479257649e-22
25.7476643266  1.27746345195e-22
26.7881029035  1.29868898898e-22
27.8705846117  1.31852400302e-22
28.996808374  1.33702110922e-22
30.1685417653  1.35423080644e-22
31.3876237862  1.37020155861e-22
32.6559677498  1.38497987358e-22
33.9755642841  1.39861037949e-22
35.3484844568  1.41113589878e-22
36.7768830251  1.42259751984e-22
38.2630018183  1.43303466649e-22
39.8091732557  1.44248516531e-22
41.4178240072  1.45098531097e-22
43.0914788025  1.45856992956e-22
44.832764393  1.46527244005e-22
46.6444136747  1.47112491411e-22
48.5292699773  1.47615813408e-22
50.4902915267  1.48040164953e-22
52.5305560881  1.48388383224e-22
54.6532657959  1.48663192988e-22
56.8617521799  1.48867211838e-22
59.159481394  1.49002955309e-22
61.5500596558  1.49072841898e-22
64.0372389068  1.49079197979e-22
66.624922701  1.49024262632e-22
69.3171723311  1.48910192407e-22
72.118213203  1.48739066011e-22
75.032441467  1.48512888954e-22
78.0644309178  1.48233598144e-22
81.2189401726  1.47903066463e-22
84.5009201401  1.4752310731e-22
87.9155217902  1.4709547915e-22
91.4681042388  1.46621890057e-22
95.1642431583  1.46104002276e-22
99.009739529  1.45543436805e-22
103.010628743  1.44941778022e-22
107.173190077  1.44300578344e-22
111.503956548  1.43621362945e-22
116.009725165  1.42905634533e-22
120.697567597  1.42154878192e-22
125.574841273  1.41370566292e-22
130.649200932  1.4055416347e-22
135.928610627  1.39707131677e-22
141.421356237  1.3883093529e-22
147.136058463  1.37927046277e-22
153.081686359  1.36996949397e-22
159.267571411  1.36042147416e-22
165.703422184  1.35064166321e-22
172.399339552  1.34064560478e-22
179.36583256  1.33044917701e-22
186.613834911  1.3200686418e-22
194.154722129  1.30952069191e-22
202.000329413  1.29882249524e-22
210.162970211  1.28799173522e-22
218.655455543  1.27704664645e-22
227.491114114  1.26600604426e-22
236.683813228  1.25488934703e-22
246.247980551  1.24371658971e-22
256.198626761  1.23250842704e-22
266.551369101  1.221286125e-22
277.322455892  1.21007153857e-22
288.528792035  1.19888707446e-22
300.187965542  1.18775563695e-22
312.318275138  1.17670055562e-22
324.938758985  1.16574549375e-22
338.069224556  1.15491433634e-22
351.730279727  1.14423105763e-22
365.943365117  1.13371956798e-22
380.730787743  1.12340354103e-22
396.115756024  1.11330622252e-22
412.122416211  1.10409668534e-22
428.775890281  1.09448831344e-22
446.102315367  1.0851644846e-22
464.128884777  1.07614446684e-22
482.883890678  1.06744598245e-22
502.396768493  1.0590849852e-22
522.698143103  1.05107545155e-22
543.819876914  1.04342919217e-22
565.795119858  1.03615569035e-22
588.658361426  1.02926197268e-22
612.445484796  1.02275251744e-22
637.193823152  1.01662920468e-22
662.942218274  1.01089131091e-22
689.731081504  1.00553555042e-22
717.602457167  1.0005561637e-22
746.600088557  9.95945052596e-23
776.769486596  9.91691961303e-23
808.158001257  9.87784701701e-23
840.814895881  9.8420942265e-23
874.791424493  9.8095092478e-23
910.140912246  9.77993027642e-23
946.918839109  9.7531900886e-23
985.182926946  9.72912174023e-23
1024.99323011  9.70788662343e-23
1066.41222967  9.69084106532e-23
1109.50493154  9.67809804437e-23
1154.33896842  9.6695744769e-23
1200.98470601  9.6270572553e-23
1249.51535339  9.63005773961e-23
1300.00707798  9.63664894406e-23
1352.53912504  9.64687263644e-23
1407.19394206  9.66075837641e-23
1464.05730815  9.67832327248e-23
1523.21846867  9.69957187321e-23
1584.7702753  9.72449619532e-23
1648.80933177  9.75307588814e-23
1715.43614549  9.78527853029e-23
1784.75528525  9.82106005191e-23
1856.87554538  9.86036527257e-23
1931.9101165  1.00407648402e-22
2009.97676312  1.01311089403e-22
2091.19800853  1.02138880675e-22
2175.70132706  1.02899696432e-22
2263.61934415  1.03601187821e-22
2355.09004453  1.04250153394e-22
2450.25698873  1.04852673722e-22
2549.26953846  1.05414218696e-22
2652.28309095  1.05939733791e-22
2759.45932292  1.0643370994e-22
2870.96644429  1.06900240508e-22
2986.97946215  1.07221358241e-22
3107.68045551  1.07586066453e-22
3233.25886097  1.07912822057e-22
3363.91177012  1.08204607306e-22
3499.84423881  1.08464134511e-22
3641.26960901  1.08693879336e-22
3788.40984363  1.0889610903e-22
3941.49587491  1.0907290648e-22
4100.76796681  1.09226190782e-22
4266.47609215  1.09357734902e-22
4438.88032492  1.09469180879e-22
4618.25124841  1.09562052958e-22
4804.87037999  1.09637768958e-22
4999.03061281  1.09697650131e-22
5201.0366756  1.09742929747e-22
5411.20561086  1.09774760564e-22
5629.8672725  1.09794221361e-22
5857.36484349  1.09802322657e-22
6094.05537452  1.0980001173e-22
6340.31034432  1.09788177043e-22
6596.51624277  1.09767652151e-22
6863.0751774  1.09739219173e-22
7140.40550453  1.09703611886e-22
7428.94248588  1.09661518505e-22
7729.13897165  1.09613584184e-22
8041.46611132  1.09560413293e-22
8366.41409304  1.09502571504e-22
8704.49291301  1.09440587704e-22
9056.2331759  1.09374955784e-22
9422.18692758  1.09306136304e-22
9802.92852161  1.09234558072e-22
10199.0555206  1.09160619634e-22
10611.1896341  1.09084690703e-22
11039.9776943  1.09007113533e-22
11486.0926714  1.0892820424e-22
11950.2347295  1.08848254087e-22
12433.1323259  1.08767530727e-22
12935.5433539  1.08686279421e-22
13458.2563327  1.08604724216e-22
14002.0916449  1.08523069102e-22
14567.9028237  1.08441499136e-22
15156.577893  1.08360181538e-22
15769.0407609  1.08279266764e-22
16406.2526695  1.0819888954e-22
17069.213704  1.08119169875e-22
17758.9643622  1.08040214035e-22
18476.5871871  1.07962115495e-22
19223.2084664  1.0788495584e-22
20000  1.07808805653e-22

