0.5 20 151
151
0.5  0
0.512448710082  1.95465413151e-39
0.52520736093  3.95797410821e-39
0.538283669269  6.0111715841e-39
0.55168554395  8.11548838022e-39
0.565421090737  1.02721972358e-38
0.579498617203  1.24826025779e-38
0.59392663776  1.47480413105e-38
0.608713878807  1.70698836231e-38
0.623869284008  1.94495338194e-38
0.6394020197  2.18884311664e-38
0.655321480438  2.43880507654e-38
0.67163729468  2.69499044438e-38
0.688359330604  2.95755416697e-38
0.705497702082  3.22665504887e-38
0.723062774796  3.5024558485e-38
0.741065172505  3.78512337652e-38
0.759515783475  4.07482859675e-38
0.778425767058  4.37174672958e-38
0.797806560447  4.67605735791e-38
0.817669885593  4.98794453581e-38
0.83802775629  5.30759689983e-38
0.858892485448  5.63520778306e-38
0.880276692535  5.9709753321e-38
0.90219331121  6.31510262689e-38
0.924655597149  6.66779780353e-38
0.947677136058  7.02927418016e-38
0.971271851895  7.39975038603e-38
0.995454015286  2.70683714056e-34
1.02023825216  4.67799872554e-32
1.04563955259  1.05494075158e-31
1.07167327987  1.65669992376e-31
1.0983551798  2.2734413469e-31
1.1257013902  2.90553804038e-31
1.15372845069  3.55337231082e-31
1.18245331269  4.21733598328e-31
1.21189334964  4.89783063828e-31
1.24206636756  5.59526785462e-31
1.27299061578  6.31006945838e-31
1.30468479801  7.04266777799e-31
1.33716808361  7.79350590579e-31
1.37046011922  8.56303796592e-31
1.40458104063  9.35172938909e-31
1.43955148495  1.0160057194e-30
1.47539260312  1.09885102759e-30
1.51212607267  1.18375897023e-30
1.54977411084  1.27078090159e-30
1.58835948804  1.35996945454e-30
1.62790554158  1.45137857236e-30
1.66843618984  1.5450635414e-30
1.70997594668  1.64108102447e-30
1.75254993629  1.73948909517e-30
1.79618390842  1.84034727295e-30
1.84090425388  1.94371655916e-30
1.88673802057  2.04965947392e-30
1.93371292981  2.15824009394e-30
1.9818573931  2.26952409128e-30
2.03120052932  4.21660345856e-29
2.08177218234  1.06764673165e-28
2.13360293905  1.72971651192e-28
2.18672414789  2.40827012169e-28
2.24116793778  3.10371796578e-28
2.29696723759  3.81648066704e-28
2.35415579601  4.54698932076e-28
2.41276820199  5.29568575537e-28
2.47283990568  6.06302279968e-28
2.53440723981  6.84946455679e-28
2.59750744173  7.65548668477e-28
2.66217867588  8.48157668433e-28
2.72846005693  9.3282341937e-28
2.79639167337  1.01959712908e-27
2.86601461181  1.1085312803e-27
2.9373709818  1.19967966245e-27
3.01050394131  2.99223262128e-27
3.08545772284  1.40810178551e-26
3.16227766017  2.55884385891e-26
3.24101021575  3.73823644121e-26
3.32170300885  4.94699285617e-26
3.40440484432  6.18584418747e-26
3.48916574214  7.45553972089e-26
3.57603696765  8.75684739749e-26
3.66507106256  1.00905542781e-25
3.75632187674  1.14574670192e-25
3.84984460077  1.28584123612e-25
3.94569579937  1.42942376281e-25
4.04393344553  2.46332749723e-25
4.14461695564  4.64633024726e-25
4.2478072254  6.88368413398e-25
4.35356666667  9.17674236048e-25
4.46195924519  1.15268918211e-24
4.57305051927  1.39355539403e-24
4.68690767949  1.64041855323e-24
4.80359958925  1.89342796823e-24
4.92319682653  2.15273666494e-24
5.04577172647  2.72936734574e-24
5.1713984252  3.85496246608e-24
5.30015290463  5.00858200106e-24
5.43211303844  6.19092368632e-24
5.56735863914  7.40270262929e-24
5.70597150638  8.64465174176e-24
5.84803547643  9.9175221831e-24
5.99363647282  1.12739662268e-23
6.1428625584  1.36982488464e-23
6.29580398853  1.62880672593e-23
6.4525532657  1.89423654695e-23
6.6132051955  2.16627488574e-23
6.77785694388  2.44508627735e-23
6.94660809603  2.73083935333e-23
7.11956071652  3.02681671794e-23
7.29681941106  3.33158645441e-23
7.47849138981  3.64394417106e-23
7.66468653214  3.96407878903e-23
7.85551745316  4.29218393309e-23
8.0510995718  4.61699493293e-23
8.25155118063  4.91667429761e-23
8.45699351738  5.22381490535e-23
8.66755083831  5.53860252184e-23
8.88335049333  5.86122753789e-23
9.10452300303  6.17711274398e-23
9.33120213764  6.4839660217e-23
9.5635249979  6.79845915441e-23
9.80163209803  7.12078235478e-23
10.0456674507  7.43293022233e-23
10.295778654  7.67486724796e-23
10.5521169811  7.92234626611e-23
10.8148374712  8.17598687336e-23
11.0840990237  8.42090321716e-23
11.3600644943  8.63798069191e-23
11.6429007931  8.86046283575e-23
11.9327789861  9.08845583969e-23
12.2298743982  9.28990813487e-23
12.5343667197  9.48667411792e-23
12.8464401144  9.68833906632e-23
13.1662833315  9.87642100626e-23
13.4940898196  1.00515775192e-22
13.8300578436  1.02310949775e-22
14.1743906047  1.03993119894e-22
14.5272963631  1.05559668556e-22
14.8889885645  1.07165220238e-22
15.2596859686  1.08625070547e-22
15.6396127818  1.10039917999e-22
16.0289987924  1.11465885793e-22
16.4280795102  1.12729166219e-22
16.8370963082  1.14016342082e-22
17.2562965694  1.15206648129e-22
17.6859338356  1.16342609061e-22
18.1262679613  1.1745419875e-22
18.5775652707  1.18459237858e-22
19.0400987189  1.19470954344e-22
19.5141480567  1.20368140791e-22
20  1.21283e-22

