6 20 101
101
6  0
6.0726749839  1.19016187382e-42
6.14623024334  2.39473958014e-42
6.22067644067  3.61390773069e-42
6.29602436737  4.8478430522e-42
6.37228494562  6.09672441198e-42
6.44946922993  7.36073284387e-42
6.52758840867  8.64005157451e-42
6.60665380575  9.93486604983e-42
6.68667688224  1.1245363962e-41
6.76766923803  1.25717352766e-41
6.84964261352  1.39141722603e-41
6.93260889129  1.52728695082e-41
7.01658009788  3.10218161229e-40
7.10156840549  1.78688886084e-39
7.18758613374  3.28632611586e-39
7.2746457515  4.80392530061e-39
7.36275987864  6.33990640142e-39
7.45194128792  7.89449206918e-39
7.54220290677  9.46790765168e-39
7.63355781924  1.10603812262e-38
7.72601926784  1.26721436326e-38
7.81960065549  1.43034285068e-38
7.91431554744  1.59544723147e-38
8.01017767327  6.6017534627e-38
8.10720092884  4.42111919179e-37
8.20539937834  8.31113479614e-37
8.30478725629  1.22482682041e-36
8.40537896964  1.62330901298e-36
8.50718909986  2.02661782005e-36
8.610232405  2.43481170396e-36
8.7145238219  2.84794983519e-36
8.82007846831  3.26609210092e-36
8.92691164508  3.68929911373e-36
9.03503883843  1.6602558588e-35
9.14447572211  5.60302787723e-35
9.25523815976  9.59355671116e-35
9.36734220713  1.36324208149e-34
9.48080411448  1.77202056492e-34
9.59564032887  2.18575037664e-34
9.7118674966  2.60449148959e-34
9.82950246559  3.02830460315e-34
9.94856228783  3.45725115191e-34
10.0690642218  1.62896400018e-33
10.1910257352  3.86232847729e-33
10.3144645071  6.12274457563e-33
10.4393984307  8.4105399579e-33
10.5658456162  1.07260462556e-32
10.6938243929  1.30695991171e-32
10.8233533122  1.54415382564e-32
10.9544511501  1.78422075021e-32
11.0871369103  6.83809973476e-32
11.2214298263  1.44984456539e-31
11.357349365  2.22515774924e-31
11.4949152287  3.00986191195e-31
11.6341473586  3.80407080172e-31
11.7750659372  4.60789954454e-31
11.9176913918  5.42146466085e-31
12.0620443968  1.40924965836e-30
12.2081458772  3.3405363456e-30
12.3560170113  5.29521573766e-30
12.5056792342  7.27357117861e-30
12.6571542404  9.27588944453e-30
12.8104639872  1.13024607851e-29
12.9656306978  1.33938935411e-29
13.1226768649  4.35618363981e-29
13.2816252532  8.21130354453e-29
13.4424989034  1.21131185788e-28
13.6053211353  1.60621943371e-28
13.7701155511  2.0059103265e-28
13.9369060387  2.41044247415e-28
14.1057167757  5.34286235008e-28
14.2765722323  9.83481119947e-28
14.4494971752  1.43811687672e-27
14.6245166709  1.89825940789e-27
14.8016560898  2.36397541422e-27
14.9809411095  2.90342886903e-27
15.1623977185  6.14368388944e-27
15.3460522202  9.82841027219e-27
15.5319312365  1.35577678934e-26
15.7200617119  1.73322973487e-26
15.9104709172  2.1152545782e-26
16.1031864535  3.52937383772e-26
16.2982362562  5.86289506333e-26
16.4956485991  8.22468105853e-26
16.6954520985  1.06150741802e-25
16.8976757173  1.30344209322e-25
17.1023487691  1.99227036979e-25
17.3095009226  3.1386752459e-25
17.5191622061  4.298965948e-25
17.7313630113  5.47331066812e-25
17.9461340982  6.66194872943e-25
18.1635065993  1.02558184936e-24
18.3835120242  1.46905162453e-24
18.6061822643  1.91789292616e-24
18.831549597  2.37217081686e-24
19.059646691  3.02840038716e-24
19.2905066104  4.25409803142e-24
19.52416282  5.49464193511e-24
19.7606491897  6.7502119235e-24
20  8.02099e-24

