4 20000 251
251
4  0
4.13862304168  4.63868739446e-43
4.28205017028  9.43813202792e-43
4.43044787508  1.44039050647e-42
4.58398841519  1.95417707422e-42
4.74285001948  2.48576930617e-42
4.90721709346  3.03578427115e-42
5.07728043337  1.69324937768e-39
5.25323744766  5.54092846061e-39
5.43529238607  9.52195178801e-39
5.62365657681  1.36409405061e-38
5.81854867182  1.79026759103e-38
6.02019490058  3.61201971174e-37
6.22882933273  3.86685076247e-36
6.44469414978  7.4939904784e-36
6.66803992621  1.12468314793e-35
6.89912592036  1.51297300389e-35
7.13822037536  4.4341497705e-34
7.38560083051  1.2069065869e-33
7.64155444345  1.99685757906e-33
7.90637832347  2.81418492354e-33
8.18037987644  4.18301248825e-32
8.46387716158  1.02696104655e-31
8.75719926071  1.65671441241e-31
9.06068666023  7.00834258406e-31
9.37469164637  3.20015066544e-30
9.69957871407  5.78608278308e-30
10.0357249902  1.35900704307e-29
10.3835206711  6.62855400474e-29
10.7433694757  1.20807211234e-28
11.1156891144  3.18374973752e-28
11.5009117732  8.46765633758e-28
11.8994846163  1.39346807389e-27
12.3118703042  5.12451004836e-27
12.7385475318  1.00404119911e-26
13.1800115832  2.6960900748e-26
13.6367749069  6.22517186461e-26
14.109367711  1.4268902619e-25
14.5983385781  3.7684518975e-25
15.1042551023  7.54947424331e-25
15.6277045485  1.68760295155e-24
16.1692945332  3.15070261142e-24
16.7296537307  5.79788989272e-24
17.3094326023  9.62818006191e-24
17.9093041516  1.45777622059e-23
18.5299647055  1.63090880213e-23
19.1721347229  1.95549413217e-23
19.8365596306  2.50407085363e-23
20.5240106887  3.27480741299e-23
21.235285886  4.26607705987e-23
21.9712108661  5.47645399236e-23
22.732639886  6.90470959454e-23
23.5204568076  8.54980876301e-23
24.3355761237  9.94065006947e-23
25.1789440195  1.06883299518e-22
26.0515394711  1.14035430621e-22
26.9543753815  1.20873852378e-22
27.888499757  1.27409147989e-22
28.8549969231  1.33651537666e-22
29.8549887833  1.39610890477e-22
30.8896361219  1.45296735862e-22
31.9601399508  1.50718274825e-22
33.0677429039  1.55884390803e-22
34.2137306796  1.6080366024e-22
35.3994335331  1.65484362847e-22
36.6262278206  1.69934491576e-22
37.8955375971  1.74161762307e-22
39.208836269  1.78173623263e-22
40.5676483051  1.81977264153e-22
41.9735510055  1.85579625053e-22
43.4281763331  1.88987405046e-22
44.9332128076  1.9220707061e-22
46.4904074655  1.95244863776e-22
48.1015678884  1.98106810057e-22
49.768564301  2.00798726168e-22
51.4933317418  2.03326227528e-22
53.2778723099  2.05694735568e-22
55.1242574883  2.07909484847e-22
57.0346305491  2.09975529985e-22
59.011209041  2.11897752421e-22
61.0562873636  2.13680867003e-22
63.1722394306  2.15329428433e-22
65.3615214255  2.16847837546e-22
67.6266746527  2.18240347465e-22
69.9703284874  2.19511069618e-22
72.3952034279  2.20663979631e-22
74.9041142534  2.21702923117e-22
77.4999732914  2.22631621345e-22
80.1857937984  2.23453676832e-22
82.9646934573  2.24172578827e-22
85.839897997  2.24791708734e-22
88.8147449364  2.25314345452e-22
91.8926874587  2.2574367066e-22
95.0772984195  2.26082774042e-22
98.3722744949  2.26334658474e-22
101.781440472  2.26502245163e-22
105.308753688  2.26588378762e-22
108.958308626  2.26595832459e-22
112.734341665  2.26527313043e-22
116.641236001  2.26385465968e-22
120.683526731  2.26172880397e-22
124.86590612  2.25892094254e-22
129.193229047  2.25545599264e-22
133.670518641  2.25135846005e-22
138.30297211  2.24665248944e-22
143.095966777  2.24136191488e-22
148.055066318  2.23551031013e-22
153.186027225  2.22912103889e-22
158.494805484  2.22221730472e-22
163.987563491  2.21482220062e-22
169.670677203  2.20695875812e-22
175.550743543  2.19864999546e-22
181.634588052  2.18991896491e-22
187.92927282  2.18078879862e-22
194.442104674  2.17128275286e-22
201.180643669  2.16142425011e-22
208.152711857  2.15123691855e-22
215.36640237  2.14074462836e-22
222.830088813  2.1299715243e-22
230.552434985  2.11894205379e-22
238.542404936  2.10768098985e-22
246.809273372  2.09621344795e-22
255.362636419  2.08456489613e-22
264.212422767  2.0727611573e-22
273.36890519  2.06082840289e-22
282.842712475  2.04879313698e-22
292.644841755  2.0366821699e-22
302.786671278  2.02452258058e-22
313.279973616  2.01234166679e-22
324.136929326  2.00016688265e-22
335.370141092  1.98802576293e-22
346.992648354  1.9759458339e-22
359.017942442  1.96395451066e-22
371.459982242  1.95207898118e-22
384.333210392  1.94034607782e-22
397.652570053  1.92878213705e-22
411.433522251  1.91840071697e-22
425.692063826  1.90723156493e-22
440.444746003  1.89630671881e-22
455.708693598  1.88564887055e-22
471.501624905  1.87527940302e-22
487.841872255  1.8652182232e-22
504.748403302  1.85548360117e-22
522.240843039  1.84609201874e-22
540.339496577  1.83705803101e-22
559.065372716  1.82839414461e-22
578.440208331  1.82011071583e-22
598.486493608  1.81221587159e-22
619.227498145  1.80471545589e-22
640.687297966  1.79761300374e-22
662.890803468  1.79090974411e-22
685.863788337  1.78460463287e-22
709.632919466  1.77869441603e-22
734.225787909  1.77317372321e-22
759.670940909  1.76803519085e-22
785.997915035  1.7632696146e-22
813.237270468  1.75886613023e-22
841.420626478  1.75481242328e-22
870.580698121  1.75109496892e-22
900.751334221  1.74769930636e-22
931.967556657  1.74461035859e-22
964.26560102  1.74181282395e-22
997.682958669  1.73929172045e-22
1032.25842026  1.73711903682e-22
1068.03212076  1.73542599555e-22
1105.04558606  1.73420899106e-22
1143.34178114  1.73346100032e-22
1182.96515999  1.72701403527e-22
1223.96171716  1.72765633471e-22
1266.37904119  1.72869439065e-22
1310.26636984  1.73013382434e-22
1355.67464724  1.73197918014e-22
1402.65658302  1.73423390076e-22
1451.26671352  1.73690031109e-22
1501.56146504  1.73997961089e-22
1553.59921943  1.7434718766e-22
1607.44038177  1.74737607214e-22
1663.14745053  1.75169006865e-22
1720.78509012  1.75641067266e-22
1780.42020593  1.76153366237e-22
1842.12202203  1.76705383131e-22
1905.96216149  1.79166449654e-22
1972.01472953  1.80452334513e-22
2040.35639954  1.81644582123e-22
2111.06650209  1.82752527477e-22
2184.22711702  1.83784507403e-22
2259.92316869  1.84748012253e-22
2338.24252459  1.85649808648e-22
2419.27609733  1.86496039586e-22
2503.11795014  1.87292306645e-22
2589.86540613  1.88043737942e-22
2679.61916116  1.88755044622e-22
2772.48340082  1.8943056808e-22
2868.56592133  1.90074319612e-22
2967.97825465  1.90690013886e-22
3070.83579797  1.91032177612e-22
3177.25794767  1.91506891222e-22
3287.3682379  1.91939268731e-22
3401.29448396  1.92332147558e-22
3519.16893071  1.92688146401e-22
3641.12840605  1.93009688451e-22
3767.31447975  1.93299021552e-22
3897.87362778  1.93558235763e-22
4032.95740237  1.9378927869e-22
4172.72260789  1.9399396893e-22
4317.33148289  1.94174007872e-22
4466.95188841  1.9433099008e-22
4621.75750286  1.9446641246e-22
4781.9280236  1.94581682344e-22
4947.64937553  1.94678124663e-22
5119.11392693  1.94756988289e-22
5296.52071274  1.94819451679e-22
5480.07566562  1.94866627888e-22
5669.99185496  1.94899569041e-22
5866.48973427  1.94919270321e-22
6069.79739701  1.94926673538e-22
6280.15084139  1.94922670336e-22
6497.79424435  1.94908105068e-22
6722.98024494  1.94883777393e-22
6955.97023761  1.94850444633e-22
7197.03467565  1.94808823904e-22
7446.4533851  1.94759594069e-22
7704.51588959  1.94703397526e-22
7971.52174641  1.9464084186e-22
8247.78089423  1.94572501364e-22
8533.61401289  1.94498918469e-22
8829.35289564  1.94420605074e-22
9135.34083425  1.94338043808e-22
9451.93301755  1.94251689216e-22
9779.49694371  1.94161968901e-22
10118.4128468  1.94069284607e-22
10469.0741383  1.93974013269e-22
10831.8878634  1.9387650802e-22
11207.2751741  1.93777099174e-22
11595.6718175  1.93676095178e-22
11997.5286419  1.93573783538e-22
12413.3121201  1.93470431728e-22
12843.504891  1.93366288077e-22
13288.6063194  1.93261582634e-22
13749.1330763  1.9315652802e-22
14225.6197382  1.93051320258e-22
14718.6194077  1.92946139587e-22
15228.7043556  1.92841151259e-22
15756.4666852  1.92736506318e-22
16302.5190197  1.92632342359e-22
16867.4952131  1.9252878427e-22
17452.0510861  1.92425944949e-22
18056.8651874  1.92323926012e-22
18682.6395812  1.92222818468e-22
19330.1006626  1.9212270338e-22
20000  1.92023652498e-22

