5 20000 251
251
5  0
5.16866332702  2.85769133131e-40
5.34301611761  5.81178020813e-40
5.52325029255  8.86551837661e-40
5.7095642466  1.20222672729e-39
5.90216306693  1.52855017236e-39
6.10125875882  1.90447194939e-37
6.30707047907  5.7409355772e-37
6.51982477722  9.70681334888e-37
6.73975584491  1.38064707485e-36
6.96710577373  1.80444205194e-36
7.20212482162  9.65734055958e-35
7.44507168842  2.10408637773e-34
7.69621380059  3.28083835747e-34
7.9558276056  4.49728531802e-34
8.22419887622  9.44343305519e-33
8.50162302512  2.05466504266e-32
8.78840543001  3.20244089145e-32
9.08486176981  1.52470118595e-31
9.39131837212  5.56847021372e-31
9.70811257246  9.74864634907e-31
10.0355930856  2.27220633691e-30
10.3741203892  1.09480752007e-29
10.7240671212  1.99166042459e-29
11.0858184891  5.70096951832e-29
11.459772695  1.87828032967e-28
11.8463413729  3.23059221969e-28
12.2459500427  1.32141531266e-27
12.659038578  2.9079345736e-27
13.0860616907  6.7855590254e-27
13.5274894311  1.99579563194e-26
13.9838077058  3.3574693684e-26
14.4555188123  1.15706690099e-25
14.9431419916  2.03110002242e-25
15.4472140004  5.8917943257e-25
15.9682897017  1.02713730422e-24
16.5069426753  2.42089874133e-24
17.0637658494  4.13976409592e-24
17.6393721533  7.65303872703e-24
18.2343951921  9.86784461193e-24
18.8494899439  1.14816976494e-23
19.4853334812  1.53506737322e-23
20.1426257158  2.14557036438e-23
20.8220901694  2.97797008852e-23
21.5244747701  4.03075260536e-23
22.2505526755  5.30259521095e-23
23.0011231239  6.79236305091e-23
23.7770123142  8.49910581732e-23
24.5790743149  9.59146435674e-23
25.4081920046  1.03603370994e-22
26.265278044  1.10968478897e-22
27.15127588  1.18020619809e-22
28.0671607845  1.24770090931e-22
29.0139409281  1.31226845381e-22
29.9926584895  1.37400503142e-22
31.0043908028  1.43300361712e-22
32.0502515438  1.48935406453e-22
33.1313919552  1.54314320666e-22
34.2490021144  1.59445495379e-22
35.4043122431  1.64337038864e-22
36.5985940618  1.68996785891e-22
37.8331621896  1.73432306725e-22
39.1093755908  1.77650915868e-22
40.4286390718  1.81659680563e-22
41.7924048263  1.8546542906e-22
43.2021740347  1.89074758649e-22
44.6594985161  1.92494043483e-22
46.1659824366  1.95729442178e-22
47.7232840751  1.98786905208e-22
49.3331176488  2.01672182106e-22
50.9972551997  2.04390828467e-22
52.7175285459  2.06948212778e-22
54.4958312972  2.09349523058e-22
56.3341209402  2.11599773341e-22
58.2344209926  2.13703809993e-22
60.1988232309  2.15666317874e-22
62.2294899926  2.17491826357e-22
64.3286565568  2.19184715209e-22
66.4986336042  2.20749220334e-22
68.7418097614  2.22189439405e-22
71.0606542293  2.23509337367e-22
73.4577195017  2.24712751841e-22
75.9356441749  2.2580339842e-22
78.4971558521  2.2678487588e-22
81.1450741455  2.27660671298e-22
83.8823137808  2.28434165094e-22
86.7118878048  2.29108636004e-22
89.6369109026  2.29687265983e-22
92.6606028258  2.30173145062e-22
95.786291937  2.30569276147e-22
99.0174188731  2.30878579776e-22
102.357540333  2.31103898845e-22
105.810332993  2.31248003297e-22
109.379597552  2.31313594797e-22
113.069262918  2.31303311375e-22
116.883390531  2.31219732072e-22
120.826178835  2.31065381557e-22
124.901967898  2.30842734758e-22
129.115244189  2.30554221471e-22
133.47064552  2.30202230978e-22
137.972966146  2.29789116659e-22
142.627162048  2.29317200591e-22
147.438356383  2.28788778156e-22
152.411845126  2.28206122613e-22
157.553102901  2.27571489663e-22
162.867789005  2.26887121975e-22
168.361753636  2.26155253663e-22
174.041044338  2.25378114703e-22
179.911912653  2.24557935252e-22
185.980821005  2.23696949875e-22
192.254449811  2.22797401612e-22
198.739704839  2.2186154588e-22
205.443724804  2.20891654155e-22
212.373889232  2.19890017402e-22
219.537826578  2.1885894918e-22
226.943422626  2.17800788397e-22
234.598829166  2.16717901629e-22
242.512472975  2.15612684946e-22
250.693065082  2.1448756518e-22
259.149610365  2.13345000547e-22
267.891417461  2.12187480565e-22
276.92810901  2.1101752517e-22
286.269632252  2.09837682967e-22
295.926269972  2.08650528536e-22
305.908651821  2.07458658719e-22
316.227766017  2.06264687838e-22
326.894971439  2.05071241774e-22
337.922010133  2.03880950898e-22
349.321020233  2.02696441801e-22
361.104549327  2.01520327866e-22
373.285568265  2.00355198673e-22
385.877485439  1.99203608325e-22
398.894161542  1.98068062763e-22
412.349924824  1.9705179164e-22
426.259586867  1.95953673185e-22
440.638458886  1.94878771324e-22
455.502368583  1.93829249675e-22
470.867677573  1.92807150712e-22
486.75129939  1.91814380813e-22
503.170718107  1.90852695826e-22
520.144007581  1.89923687442e-22
537.68985135  1.89028770685e-22
555.827563197  1.88169172819e-22
574.577108408  1.87345923954e-22
593.959125754  1.86559849614e-22
613.994950206  1.85811565488e-22
634.706636421  1.85101474543e-22
656.116983016  1.84429766654e-22
678.24955767  1.83796420826e-22
701.128723058  1.83201210064e-22
724.779663678  1.82643708886e-22
749.228413564  1.82123303454e-22
774.501884949  1.81639204268e-22
800.627897888  1.81190461368e-22
827.63521088  1.80775982038e-22
855.553552524  1.80394551054e-22
884.413654246  1.80044853741e-22
914.247284123  1.79725502415e-22
945.087281854  1.79435067624e-22
976.967594909  1.79172117747e-22
1009.9233159  1.78935875001e-22
1043.9907212  1.78740122265e-22
1079.20731088  1.78590764846e-22
1115.61185  1.7848724399e-22
1153.24441125  1.78428864452e-22
1192.14641911  1.77796359221e-22
1232.36069537  1.77872271978e-22
1273.93150637  1.77986575692e-22
1316.90461162  1.78139788222e-22
1361.32731425  1.78332327602e-22
1407.24851304  1.78564509948e-22
1454.71875627  1.78836548113e-22
1503.79029733  1.79148551133e-22
1554.51715227  1.79500524454e-22
1606.95515923  1.79892370959e-22
1661.16203994  1.80323892764e-22
1717.19746321  1.80794793757e-22
1775.12311067  1.81304682843e-22
1835.00274461  1.81853077839e-22
1896.90227821  1.84247146478e-22
1960.88984806  1.855455818e-22
2027.0358892  1.8675150719e-22
2095.41321261  1.87873929291e-22
2166.09708539  1.88920905954e-22
2239.1653136  1.89899688328e-22
2314.69832791  1.90816836269e-22
2392.77927211  1.91678312795e-22
2473.49409468  1.92489561917e-22
2556.93164335  1.93255573171e-22
2643.18376294  1.93980935437e-22
2732.34539641  1.94669882045e-22
2824.51468943  1.95326328774e-22
2919.79309838  1.95953905993e-22
3018.28550201  1.96341193098e-22
3120.10031694  1.96838728195e-22
3225.34961696  1.97293586176e-22
3334.1492564  1.97708571687e-22
3446.61899767  1.98086274817e-22
3562.88264309  1.98429093686e-22
3683.06817116  1.98739254089e-22
3807.30787743  1.99018826624e-22
3935.73852015  1.99269741697e-22
4068.50147076  1.99493802677e-22
4205.74286957  1.99692697475e-22
4347.61378656  1.99868008757e-22
4494.27038772  2.00021222955e-22
4645.87410694  2.00153738259e-22
4802.5918237  2.00266871693e-22
4964.59604675  2.00361865405e-22
5132.06510406  2.00439892255e-22
5305.18333904  2.00502060806e-22
5484.14131352  2.00549419764e-22
5669.13601747  2.00582961957e-22
5860.37108588  2.00603627893e-22
6058.05702285  2.00612308957e-22
6262.4114334  2.00609850279e-22
6473.6592629  2.00597053332e-22
6692.03304475  2.00574678268e-22
6917.77315631  2.00543446048e-22
7151.12808353  2.0050404038e-22
7392.35469443  2.00457109483e-22
7641.71852188  2.00403267718e-22
7899.49405588  2.0034309709e-22
8165.96504572  2.00277148632e-22
8441.4248123  2.0020594371e-22
8726.17657102  2.00129975238e-22
9020.53376554  2.00049708819e-22
9324.82041281  1.99965583841e-22
9639.37145974  1.99878014502e-22
9964.53315189  1.99787390807e-22
10300.6634146  1.99694079515e-22
10648.132247  1.99598425063e-22
11007.3221293  1.99500750453e-22
11378.6284436  1.99401358117e-22
11762.4599097  1.99300530761e-22
12159.2390341  1.99198532188e-22
12569.402576  1.99095608101e-22
12993.4020274  1.9899198689e-22
13431.7041105  1.98887880406e-22
13884.791291  1.98783484716e-22
14353.1623098  1.98678980838e-22
14837.3327315  1.98574535474e-22
15337.835512  1.98470301712e-22
15855.2215853  1.98366419725e-22
16390.06047  1.98263017444e-22
16942.9408957  1.98160211222e-22
17514.4714519  1.98058106475e-22
18105.2812571  1.97956798309e-22
18716.0206518  1.97856372126e-22
19347.3619141  1.97756904216e-22
20000  1.9765846232e-22

