0.2 20 151
151
0.2  0
0.206235454919  2.85885215593e-39
0.212665314327  5.80683553056e-39
0.219295639229  8.84672899234e-39
0.22613267959  1.19813980473e-38
0.233182880236  1.52137975402e-38
0.240452886923  1.85469744396e-38
0.247949552606  2.19840707105e-38
0.255679943893  2.55283262757e-38
0.263651347711  2.91830820698e-38
0.271871278176  3.29517831889e-38
0.280347483669  3.68379821377e-38
0.289087954149  4.08453421782e-38
0.298100928677  4.4977640783e-38
0.307394903187  4.92387731962e-38
0.316978638492  5.36327561047e-38
0.326861168545  5.81637314249e-38
0.33705180895  6.28359702068e-38
0.34756016575  6.76538766602e-38
0.358396144475  7.26219923061e-38
0.369569959484  7.77450002576e-38
0.381092143593  8.30277296348e-38
0.392973557999  8.84751601164e-38
0.405225402524  9.4092426634e-38
0.417859226171  9.98848242122e-38
0.430886938006  1.0585781296e-37
0.444320818391  1.12017023219e-37
0.458173530554  1.18368260867e-37
0.472458132527  1.24917512795e-37
0.487188089458  1.31670952549e-37
0.502377286302  3.3295485556e-33
0.518040040906  2.36972777563e-32
0.534191117512  4.49131014272e-32
0.550845740668  6.67903766585e-32
0.568019609583  8.9349725707e-32
0.585728912925  1.12612413775e-31
0.60399034408  1.36600369057e-31
0.622821116889  1.61336203408e-31
0.642238981873  1.86843233659e-31
0.662262242965  2.13145503596e-31
0.682909774767  2.40267806625e-31
0.704201040337  2.68235709143e-31
0.72615610954  2.97075574638e-31
0.748795677965  3.26814588539e-31
0.772141086431  3.57480783842e-31
0.796214341107  3.89103067537e-31
0.821038134255  4.21711247854e-31
0.846635865618  4.55336062362e-31
0.87303166448  4.90009206946e-31
0.900250412412  5.25763365679e-31
0.928317766723  5.62632241637e-31
0.957260184645  6.00650588665e-31
0.987104948279  6.39854244137e-31
1.0178801903  4.1105799755e-28
1.0496149205  1.13946028395e-27
1.08233905309  1.89057216845e-27
1.11608343495  2.66510167443e-27
1.15087987467  3.46377889949e-27
1.18676117255  4.28735670371e-27
1.2237611515  5.13661141928e-27
1.26191468896  6.01234358232e-27
1.30125774973  6.91537868747e-27
1.34182741991  7.84656796607e-27
1.38366194184  8.8067891885e-27
1.42680075014  9.79694749165e-27
1.47128450892  1.08179762321e-26
1.51715515006  1.1870837866e-26
1.56445591277  1.29565248561e-26
1.61323138435  1.40760606077e-26
1.66352754221  1.52305004328e-26
1.71539179718  1.64209325453e-26
1.76887303828  1.76484790867e-26
1.82402167871  1.89142971836e-26
1.88088970345  2.0219580039e-26
1.93953071822  2.15655580564e-26
2  2.87531102403e-26
2.06235454919  1.16268735253e-25
2.12665314327  2.12493285218e-25
2.19295639229  3.11717854401e-25
2.2613267959  4.14035975223e-25
2.33182880236  5.19544096195e-25
2.40452886923  6.28341672825e-25
2.47949552606  7.40531261377e-25
2.55679943893  8.56218615538e-25
2.63651347711  9.75512786106e-25
2.71871278176  1.09852622379e-24
2.80347483669  1.2253748852e-24
2.89087954149  1.35617834215e-24
2.98100928677  1.49279275904e-24
3.07394903187  2.23126309544e-24
3.16978638492  3.15372828652e-24
3.26861168545  4.10495342816e-24
3.3705180895  5.08583517724e-24
3.4756016575  6.09729814596e-24
3.58396144475  7.14029577339e-24
3.69569959484  8.21581122425e-24
3.81092143593  9.32485831565e-24
3.92973557999  1.04684824728e-23
4.05225402524  1.2055963889e-23
4.17859226171  1.42589489859e-23
4.30886938006  1.6530617154e-23
4.44320818391  1.88731097445e-23
4.58173530554  2.12886348697e-23
4.72458132527  2.3779469485e-23
4.87188089458  2.6347961535e-23
5.02377286302  2.89944309857e-23
5.18040040906  3.1712722819e-23
5.34191117512  3.45156291064e-23
5.50845740668  3.74059223727e-23
5.68019609583  4.03863271058e-23
5.85728912925  4.34596527358e-23
6.0399034408  4.65134481053e-23
6.22821116889  4.92420985292e-23
6.42238981873  5.20549121972e-23
6.62262242965  5.49554217292e-23
6.82909774767  5.79463612434e-23
7.04201040337  6.08973576232e-23
7.2615610954  6.33973620846e-23
7.48795677965  6.59727035512e-23
7.72141086431  6.86283371458e-23
7.96214341107  7.13606697317e-23
8.21038134255  7.36687210038e-23
8.46635865618  7.59456136108e-23
8.7303166448  7.82934935239e-23
9.00250412412  8.07192725311e-23
9.28317766723  8.32811980189e-23
9.57260184645  8.59272035868e-23
9.87104948279  8.8655704397e-23
10.178801903  9.07716195848e-23
10.496149205  9.24346749473e-23
10.8233905309  9.41495798434e-23
11.1608343495  9.57383985493e-23
11.5087987467  9.71734419994e-23
11.8676117255  9.86532261933e-23
12.237611515  9.99709223024e-23
12.6191468896  1.01210069077e-22
13.0125774973  1.02466387308e-22
13.4182741991  1.03527402256e-22
13.8366194184  1.04607987958e-22
14.2680075014  1.05581559438e-22
14.7128450892  1.06497035194e-22
15.1715515006  1.07364026364e-22
15.6445591277  1.08125095637e-22
16.1323138435  1.08856967437e-22
16.6352754221  1.09465047985e-22
17.1539179718  1.10040062553e-22
17.6887303828  1.10505884163e-22
18.2402167871  1.10924493107e-22
18.8088970345  1.11273662779e-22
19.3953071822  1.11552680638e-22
20  1.118e-22

