6 20000 251
251
6  0
6.19787431944  3.05085058978e-40
6.4022743466  6.2023153436e-40
6.61341529314  9.45771242131e-40
6.83151946819  1.28204694126e-39
7.05681651245  4.74902349399e-38
7.28954363992  2.35700386399e-37
7.52994588772  4.30117530464e-37
7.77827637405  6.30946367873e-37
8.03479656471  5.46015377355e-36
8.2997765484  4.08696652093e-35
8.57349532107  7.7446948808e-35
8.85624107972  1.1523051659e-34
9.1483115258  1.60879377566e-33
9.45001417867  4.60799492502e-33
9.7616666994  7.70610688876e-33
10.0835972252  4.43549457659e-32
10.4161447149  1.80718212065e-31
10.7596593061  3.21578609784e-31
11.1145026832  1.49204948749e-30
11.4810484589  4.92347013843e-30
11.8596825673  8.46805579371e-30
12.2508036701  3.8674534424e-29
12.6548235765  8.52181323185e-29
13.072167677  2.11315775972e-28
13.5032753908  7.27042147111e-28
13.9486006289  1.2597766857e-27
14.4086122716  5.42763743342e-27
14.8837946629  1.02030103011e-26
15.3746481195  3.64712312596e-26
15.8816894584  7.04416268936e-26
16.4054525405  2.24150424911e-25
16.9464888333  4.18682494475e-25
17.5053679908  1.14724914077e-24
18.0826784538  1.81613126155e-24
18.6790280692  1.63310095452e-24
19.2950447304  1.61063119748e-24
19.9313770378  5.35130011466e-24
20.5886949823  1.15135188078e-23
21.2676906503  2.00791360883e-23
21.9690789526  3.10320405561e-23
22.693598377  4.43581259235e-23
23.4420117661  6.00452572667e-23
24.2151071202  7.54444841002e-23
25.0136984271  8.44988434478e-23
25.8386265193  9.31883448797e-23
26.6907599589  1.01524770683e-22
27.5709959527  1.09519519302e-22
28.4802612961  1.17183617196e-22
29.4195133497  1.24527730379e-22
30.3897410467  1.31562175658e-22
31.3919659347  1.3829693156e-22
32.4272432506  1.4474164897e-22
33.4966630322  1.5090566148e-22
34.6013512657  1.56797995451e-22
35.7424710713  1.624273798e-22
36.9212239277  1.6780225553e-22
38.1388509373  1.72930784982e-22
39.3966341329  1.77820860846e-22
40.6958978275  1.82480114917e-22
42.0380100086  1.86915926619e-22
43.4243837788  1.91135431292e-22
44.8564788434  1.95145528253e-22
46.3358030473  1.98952888644e-22
47.863913963  2.02563963065e-22
49.4424205299  2.05984989007e-22
51.0729847489  2.09221998092e-22
52.757323432  2.12280823116e-22
54.4972100103  2.15167104919e-22
56.2944764007  2.17886299076e-22
58.1510149351  2.20443682431e-22
60.0687803526  2.22844359456e-22
62.049791858  2.25093268473e-22
64.0961352472  2.27195187726e-22
66.2099651041  2.29154741311e-22
68.3935070683  2.30976404985e-22
70.6490601792  2.32664511848e-22
72.9789992962  2.34223257907e-22
75.3857775995  2.35656707536e-22
77.8719291725  2.36968798834e-22
80.4400716706  2.38163348889e-22
83.0929090769  2.39244058956e-22
85.8332345493  2.40214519553e-22
88.6639333613  2.41078215491e-22
91.5879859402  2.4183853083e-22
94.6084710047  2.42498753783e-22
97.7285688069  2.43062081567e-22
100.951564481  2.43531625204e-22
104.2808515  2.43910414287e-22
107.719935254  2.44201401712e-22
111.272436734  2.44407468379e-22
114.942096349  2.44531427872e-22
118.732777864  2.4457603112e-22
122.648472467  2.44543971042e-22
126.69330297  2.44437887178e-22
130.871528154  2.44260370315e-22
135.187547249  2.44013967094e-22
139.645904567  2.43701184617e-22
144.251294288  2.43324495035e-22
149.008565403  2.42886340123e-22
153.922726815  2.42389135827e-22
158.998952617  2.41835276793e-22
164.242587541  2.41227140844e-22
169.659152579  2.40567093409e-22
175.254350805  2.39857491883e-22
181.034073371  2.39100689892e-22
187.004405715  2.38299041448e-22
193.171633967  2.37454904964e-22
199.542251569  2.36570647093e-22
206.122966107  2.35648646358e-22
212.92070638  2.34691296529e-22
219.942629692  2.33701009712e-22
227.196129386  2.32680219075e-22
234.688842633  2.31631381184e-22
242.42865847  2.30556977864e-22
250.423726104  2.29459517544e-22
258.6824635  2.28341535993e-22
267.213566236  2.27205596397e-22
276.026016664  2.26054288705e-22
285.129093363  2.24890228155e-22
294.532380914  2.23716052933e-22
304.245779985  2.2253442089e-22
314.279517761  2.21348005258e-22
324.64415871  2.20159489321e-22
335.350615704  2.18971560008e-22
346.410161514  2.17786900375e-22
357.834440673  2.16608180991e-22
369.635481744  2.15438050237e-22
381.825709976  2.14279123561e-22
394.417960394  2.13133971776e-22
407.425491308  2.12112508479e-22
420.861998278  2.11000374162e-22
434.741628526  2.09909415052e-22
449.078995839  2.08841883565e-22
463.889195952  2.07799919038e-22
479.187822443  2.06785533429e-22
494.990983152  2.05800597362e-22
511.315317139  2.04846826774e-22
528.178012205  2.03925770477e-22
545.59682299  2.0303879887e-22
563.590089664  2.0218709411e-22
582.176757236  2.0137164196e-22
601.376395509  2.00593225551e-22
621.209219674  1.99852421258e-22
641.696111603  1.9914959682e-22
662.858641832  1.98484911837e-22
684.719092272  1.97858320707e-22
707.300479671  1.97269578025e-22
730.626579847  1.96718246443e-22
754.721952723  1.9620370696e-22
779.611968183  1.95725171583e-22
805.322832789  1.95281698322e-22
831.881617367  1.9487220852e-22
859.316285516  1.94495506587e-22
887.655723047  1.94150302412e-22
916.929768397  1.93835237055e-22
947.169244046  1.93548913159e-22
978.405988974  1.93289933708e-22
1010.67289217  1.93057720884e-22
1044.00392729  1.92866644065e-22
1078.4341884  1.9272227044e-22
1113.99992691  1.92624068317e-22
1150.73858981  1.92571371916e-22
1188.68885903  1.9190223633e-22
1227.8906922  1.91986908315e-22
1268.38536471  1.92110193616e-22
1310.21551318  1.92272633322e-22
1353.42518035  1.92474671099e-22
1398.05986143  1.92716651104e-22
1444.16655203  1.92998816594e-22
1491.79379764  1.93321309268e-22
1540.99174472  1.93684169344e-22
1591.81219351  1.94087336373e-22
1644.30865259  1.94530650784e-22
1698.53639519  1.95013856131e-22
1754.55251739  1.95536602007e-22
1812.41599828  1.96098447586e-22
1872.18776198  1.96698865726e-22
1933.93074186  1.99692017611e-22
1997.70994676  2.00990618119e-22
2063.59252945  2.02200333362e-22
2131.64785735  2.03329578759e-22
2201.94758552  2.04385925341e-22
2274.56573218  2.05376220768e-22
2349.57875656  2.06306688438e-22
2427.06563947  2.07183009228e-22
2507.10796641  2.08010389322e-22
2589.79001351  2.08793616826e-22
2675.19883625  2.09537109262e-22
2763.4243611  2.10244953614e-22
2854.55948023  2.10920940234e-22
2948.70014931  2.11568591672e-22
3045.94548852  2.11941548757e-22
3146.39788695  2.124504013e-22
3250.16311038  2.12916524415e-22
3357.35041264  2.13342653329e-22
3468.07265065  2.1373132013e-22
3582.44640324  2.14084874574e-22
3700.5920939  2.14405502249e-22
3822.63411759  2.14695240474e-22
3948.70097167  2.14955992261e-22
4078.92539125  2.15189538612e-22
4213.44448889  2.15397549359e-22
4352.39989901  2.15581592765e-22
4495.93792701  2.15743144018e-22
4644.20970327  2.15883592776e-22
4797.37134233  2.16004249879e-22
4955.58410725  2.16106353316e-22
5119.01457936  2.16191073558e-22
5287.83483371  2.1625951831e-22
5462.22262022  2.16312736772e-22
5642.36155082  2.16351723449e-22
5828.44129281  2.16377421573e-22
6020.65776851  2.16390726184e-22
6219.2133616  2.16392486904e-22
6424.31713017  2.16383510436e-22
6636.18502684  2.16364562845e-22
6855.04012616  2.16336371611e-22
7081.11285944  2.16299627516e-22
7314.64125744  2.16254986362e-22
7555.8712009  2.16203070557e-22
7805.05667951  2.1614447057e-22
8062.46005929  2.16079746291e-22
8328.35235884  2.16009428292e-22
8603.01353469  2.15934019009e-22
8886.73277608  2.15853993861e-22
9179.80880943  2.15769802299e-22
9482.5502129  2.15681868817e-22
9795.27574123  2.15590593907e-22
10118.3146614  2.15496354983e-22
10452.0070993  2.1539950727e-22
10796.7043979  2.15300384663e-22
11152.7694871  2.15199300564e-22
11520.5772658  2.15096548695e-22
11900.5149968  2.1499240389e-22
12292.9827145  2.14887122872e-22
12698.3936459  2.14780945013e-22
13117.174646  2.14674093073e-22
13549.766647  2.14566773935e-22
13996.6251227  2.14459179314e-22
14458.2205678  2.14351486461e-22
14935.0389936  2.14243858846e-22
15427.5824398  2.1413644683e-22
15936.3695024  2.14029388325e-22
16461.9358807  2.13922809428e-22
17004.8349406  2.13816825056e-22
17565.6382974  2.13711539547e-22
18144.936418  2.13607047259e-22
18743.3392422  2.13503433146e-22
19361.476825  2.13400773315e-22
20000  2.13299135565e-22

