2 20000 251
251
2  0
2.07505683164  5.03122245551e-40
2.15293042726  1.02512587194e-39
2.23372649556  1.56671946748e-39
2.31755471231  2.12863821267e-39
2.40452886923  2.7116448782e-39
2.49476702849  3.31653086029e-39
2.5883916829  3.94411725504e-39
2.68552992228  4.59525597297e-39
2.78631360589  5.27083089546e-39
2.89087954149  5.97175907457e-39
2.999369671  6.69899197783e-39
3.11193126321  2.11766356902e-35
3.22871711365  4.32647324092e-35
3.34988575205  6.61817604066e-35
3.4756016575  8.99588281599e-35
3.60603548172  1.14628211599e-34
3.74136428073  1.40223397917e-34
3.88177175519  1.66779131031e-34
4.02744849972  4.56485421232e-33
4.17859226171  2.86595008822e-32
4.33540820964  5.36583814713e-32
4.49810921167  7.95954304461e-32
4.66691612456  1.0650585578e-31
4.84205809347  1.34426186746e-31
5.02377286302  6.59087116325e-31
5.2123071  4.62030803e-30
5.40791672822  8.73018728928e-30
5.6108672759  1.29943038064e-29
5.82143423613  1.74184458612e-29
6.0399034408  5.87985685332e-29
6.26657144863  2.7254309658e-28
6.50174594771  4.94309118155e-28
6.74574617318  7.24397667201e-28
6.99890334057  9.63121074991e-28
7.2615610954  6.68475045353e-27
7.53407597968  1.26449157022e-26
7.81681791585  1.88287565107e-26
8.11017070897  5.24644159085e-26
8.41453256769  1.34319435622e-25
8.7303166448  2.19246344551e-25
9.05795159807  3.84884571676e-25
9.3978821721  9.31044014516e-25
9.75056980207  1.49769995603e-24
10.1164932401  2.5613348584e-24
10.496149205  4.72168814349e-24
10.8900530568  6.96311606498e-24
11.2987394962  1.08926555567e-23
11.7227632903  1.55821464601e-23
12.1627000256  2.08856846752e-23
12.6191468896  2.71627089391e-23
13.0927234813  3.37032672417e-23
13.5840726523  4.06084662733e-23
14.0938613793  4.76798559855e-23
14.6227816697  5.45892751619e-23
15.1715515006  6.15304808953e-23
15.7409157939  6.82131347166e-23
16.3316474272  7.47187224116e-23
16.9445482828  8.11216685806e-23
17.5804503366  8.70964808683e-23
18.2402167871  9.1213449087e-23
18.9247432273  9.26199991225e-23
19.6349588604  9.51936299676e-23
20.3718277611  9.89170276708e-23
21.1363501843  1.03773889065e-22
21.9295639229  1.09748876719e-22
22.7525457165  1.16827573714e-22
23.606412713  1.24996438169e-22
24.4923239853  1.30963309299e-22
25.4114821042  1.34354684848e-22
26.3651347711  1.37564229748e-22
27.3545765119  1.40598448618e-22
28.3811504338  1.43463604024e-22
29.4462500487  1.46165725024e-22
30.5513211648  1.48710615468e-22
31.6978638492  1.5110386205e-22
32.8874344643  1.53350842119e-22
34.1216477801  1.55456731264e-22
35.4021791663  1.57426510667e-22
36.730766867  1.59264974239e-22
38.1092143593  1.60976735551e-22
39.5393928022  1.62566234554e-22
41.0232435765  1.64037744106e-22
42.5627809197  1.65395376307e-22
44.1600946604  1.66643088661e-22
45.8173530554  1.67784690054e-22
47.5368057325  1.68823846572e-22
49.3207867447  1.69764087165e-22
51.1717177381  1.70608809147e-22
53.0921112395  1.71361283572e-22
55.0845740668  1.72024660464e-22
57.1518108675  1.72601973924e-22
59.2966277905  1.73096147121e-22
61.5219362948  1.7350999717e-22
63.830757102  1.73846239919e-22
66.2262242965  1.74107494627e-22
68.71158958  1.74296288575e-22
71.2902266852  1.74415061592e-22
73.9656359561  1.74466170514e-22
76.7414490985  1.74451893592e-22
79.6214341107  1.74374434844e-22
82.609500398  1.7423592837e-22
85.7097040795  1.74038442636e-22
88.9262534938  1.73783984732e-22
92.2635149121  1.73474504618e-22
95.7260184645  1.73111899366e-22
99.3184642901  1.72698017397e-22
103.045728916  1.72234662737e-22
106.912871879  1.71723599284e-22
110.925142592  1.711665551e-22
115.087987467  1.70565226734e-22
119.407057317  1.69921283576e-22
123.888215015  1.69236372257e-22
128.537543463  1.68512121075e-22
133.361353843  1.67750144477e-22
138.366194184  1.66952047562e-22
143.558858254  1.66119430636e-22
148.946394781  1.65253893772e-22
154.536117019  1.64357041404e-22
160.335612678  1.63430486899e-22
166.352754221  1.62475857126e-22
172.595709553  1.61494796963e-22
179.07295311  1.60488973735e-22
185.793277356  1.59460081521e-22
192.765804725  1.58409845315e-22
200  1.57340024953e-22
207.505683164  1.56252418767e-22
215.293042726  1.55148866896e-22
223.372649556  1.54031254149e-22
231.755471231  1.52901512368e-22
240.452886923  1.5176162216e-22
249.476702849  1.50613613916e-22
258.83916829  1.4945956799e-22
268.552992228  1.48301613938e-22
278.631360589  1.47141928677e-22
289.087954149  1.45982733476e-22
299.9369671  1.44826289636e-22
311.193126321  1.43674892787e-22
322.871711365  1.42530865691e-22
334.988575205  1.41396549507e-22
347.56016575  1.40274293465e-22
360.603548172  1.3916644296e-22
374.136428073  1.38075326099e-22
388.177175519  1.37003238785e-22
402.744849972  1.36028892748e-22
417.859226171  1.34999834603e-22
433.540820964  1.33996417212e-22
449.810921167  1.33020627129e-22
466.691612456  1.32074329125e-22
484.205809347  1.31159247424e-22
502.377286302  1.30276947572e-22
521.23071  1.29428819382e-22
540.791672822  1.28616061436e-22
561.08672759  1.27839667573e-22
582.143423613  1.27100415797e-22
603.99034408  1.26398859973e-22
626.657144863  1.25735324626e-22
650.174594771  1.25109903088e-22
674.574617318  1.2452245915e-22
699.890334057  1.23972632321e-22
726.15610954  1.23459846678e-22
753.407597968  1.22983323288e-22
781.681791585  1.22542096098e-22
811.017070897  1.22135031215e-22
841.453256769  1.21760849577e-22
873.03166448  1.21418153139e-22
905.795159807  1.21105455136e-22
939.78821721  1.20821215811e-22
975.056980207  1.20563887415e-22
1011.64932401  1.20332636565e-22
1049.6149205  1.20140044733e-22
1089.00530568  1.19990980472e-22
1129.87394962  1.19884757385e-22
1172.27632903  1.19820546325e-22
1216.27000256  1.19363182829e-22
1261.91468896  1.19415903856e-22
1309.27234813  1.19504886847e-22
1358.40726523  1.19630518338e-22
1409.38613793  1.19793075315e-22
1462.27816697  1.19992723391e-22
1517.15515006  1.2022951604e-22
1574.09157939  1.20503394884e-22
1633.16474272  1.20814191043e-22
1694.45482828  1.21161627508e-22
1758.04503366  1.21545322495e-22
1824.02167871  1.21964793724e-22
1892.47432273  1.23710298877e-22
1963.49588604  1.24752562935e-22
2037.18277611  1.25711956763e-22
2113.63501843  1.26597412074e-22
2192.95639229  1.27416833237e-22
2275.25457165  1.28177264227e-22
2360.6412713  1.28885021611e-22
2449.23239853  1.29545801423e-22
2541.14821042  1.30164765765e-22
2636.51347711  1.30746613466e-22
2735.45765119  1.31295638132e-22
2838.11504338  1.3181577612e-22
2944.62500487  1.32310646394e-22
3055.13211648  1.32605301323e-22
3169.78638492  1.32984180549e-22
3288.74344643  1.33325989429e-22
3412.16477801  1.33633424311e-22
3540.21791663  1.33908957192e-22
3673.0766867  1.3415486128e-22
3810.92143593  1.34373232955e-22
3953.93928022  1.34566010697e-22
4102.32435765  1.34734991467e-22
4256.27809197  1.34881844917e-22
4416.00946604  1.35008125758e-22
4581.73530554  1.35115284543e-22
4753.68057325  1.352046771e-22
4932.07867447  1.35277572788e-22
5117.17177381  1.35335161746e-22
5309.21112395  1.3537856127e-22
5508.45740668  1.35408821423e-22
5715.18108675  1.35426929999e-22
5929.66277905  1.35433816904e-22
6152.19362948  1.35430358052e-22
6383.0757102  1.35417378823e-22
6622.62242965  1.35395657153e-22
6871.158958  1.35365926307e-22
7129.02266852  1.3532887736e-22
7396.56359561  1.35285161458e-22
7674.14490985  1.35235391859e-22
7962.14341107  1.35180145802e-22
8260.9500398  1.35119966235e-22
8570.97040795  1.350553634e-22
8892.62534938  1.34986816321e-22
9226.35149121  1.34914774199e-22
9572.60184645  1.34839657722e-22
9931.84642901  1.34761860322e-22
10304.5728916  1.34681749361e-22
10691.2871879  1.34599667284e-22
11092.5142592  1.34515932723e-22
11508.7987467  1.34430841567e-22
11940.7057317  1.34344668008e-22
12388.8215015  1.34257665549e-22
12853.7543463  1.34170067997e-22
13336.1353843  1.34082090428e-22
13836.6194184  1.3399393013e-22
14355.8858254  1.33905767526e-22
14894.6394781  1.33817767074e-22
15453.6117019  1.33730078151e-22
16033.5612678  1.33642835903e-22
16635.2754221  1.33556162087e-22
17259.5709553  1.33470165881e-22
17907.295311  1.33384944668e-22
18579.3277356  1.33300584804e-22
19276.5804725  1.33217162352e-22
20000  1.33134743795e-22

