2 20000 251
251
2  0
2.07505683164  1.4403405991e-42
2.15293042726  2.93473489911e-42
2.23372649556  4.48521144982e-42
2.31755471231  6.09387492923e-42
2.40452886923  7.76290900062e-42
2.49476702849  9.49457927664e-42
2.5883916829  1.12912363949e-41
2.68552992228  1.31553192085e-41
2.78631360589  1.5089358097e-41
2.89087954149  1.70959784012e-41
2.999369671  1.91779039866e-41
3.11193126321  1.95578867869e-37
3.22871711365  3.99620193209e-37
3.34988575205  6.11318866249e-37
3.4756016575  8.3096225512e-37
3.60603548172  1.05884851242e-36
3.74136428073  1.29528697994e-36
3.88177175519  1.54059860859e-36
4.02744849972  1.03916592599e-34
4.17859226171  6.66507355577e-34
4.33540820964  1.25021125864e-33
4.49810921167  1.8558206445e-33
4.66691612456  2.48415759121e-33
4.84205809347  3.13607502813e-33
5.02377286302  2.8680151762e-32
5.2123071  2.26598874576e-31
5.40791672822  4.31945173519e-31
5.6108672759  6.44997793755e-31
5.82143423613  8.66045941314e-31
6.0399034408  4.54627610599e-30
6.26657144863  2.43866854987e-29
6.50174594771  4.49716740251e-29
6.74574617318  6.63291845605e-29
6.99890334057  8.84882086322e-29
7.2615610954  7.98428527033e-28
7.53407597968  1.53800007661e-27
7.81681791585  2.30532657483e-27
8.11017070897  6.15884810674e-27
8.41453256769  1.54313356157e-26
8.7303166448  2.50518048916e-26
9.05795159807  4.92625685615e-26
9.3978821721  1.43084154842e-25
9.75056980207  2.40426716624e-25
10.1164932401  4.97843432351e-25
10.496149205  1.11241152559e-24
10.8900530568  1.75004338577e-24
11.2987394962  3.53986028855e-24
11.7227632903  5.82766837257e-24
12.1627000256  9.00969925935e-24
12.6191468896  1.37402730215e-23
13.0927234813  1.88999635103e-23
13.5840726523  2.53254348892e-23
14.0938613793  3.20410959868e-23
14.6227816697  3.92343061512e-23
15.1715515006  4.65642735126e-23
15.7409157939  5.38654595915e-23
16.3316474272  6.1053950034e-23
16.9445482828  6.81987865975e-23
17.5804503366  7.4926118012e-23
18.2402167871  7.96394598188e-23
18.9247432273  8.14556175484e-23
19.6349588604  8.46280934375e-23
20.3718277611  8.91391152832e-23
21.1363501843  9.49721571704e-23
21.9295639229  1.02111893434e-22
22.7525457165  1.10544152666e-22
23.606412713  1.20255871699e-22
24.4923239853  1.27298349043e-22
25.4114821042  1.31253766567e-22
26.3651347711  1.35003522676e-22
27.3545765119  1.38555006312e-22
28.3811504338  1.41915331812e-22
29.4462500487  1.4509134859e-22
30.5513211648  1.48089650536e-22
31.6978638492  1.50916585143e-22
32.8874344643  1.53578262348e-22
34.1216477801  1.56080563122e-22
35.4021791663  1.58429147792e-22
36.730766867  1.60629464126e-22
38.1092143593  1.62686755162e-22
39.5393928022  1.64606066817e-22
41.0232435765  1.66392255268e-22
42.5627809197  1.68049994108e-22
44.1600946604  1.69583781311e-22
45.8173530554  1.70997945982e-22
47.5368057325  1.72296654924e-22
49.3207867447  1.73483919023e-22
51.1717177381  1.74563599458e-22
53.0921112395  1.75539413747e-22
55.0845740668  1.76414941638e-22
57.1518108675  1.77193630853e-22
59.2966277905  1.77878802695e-22
61.5219362948  1.78473657528e-22
63.830757102  1.78981280134e-22
66.2262242965  1.79404644964e-22
68.71158958  1.79746621286e-22
71.2902266852  1.80009978244e-22
73.9656359561  1.80197389833e-22
76.7414490985  1.80311439803e-22
79.6214341107  1.80354626499e-22
82.609500398  1.8032936765e-22
85.7097040795  1.80238005115e-22
88.9262534938  1.80082809588e-22
92.2635149121  1.79865985287e-22
95.7260184645  1.79589674623e-22
99.3184642901  1.79255962858e-22
103.045728916  1.78866882774e-22
106.912871879  1.7842441934e-22
110.925142592  1.77930514404e-22
115.087987467  1.77387071404e-22
119.407057317  1.76795960108e-22
123.888215015  1.76159021386e-22
128.537543463  1.75478072015e-22
133.361353843  1.74754909526e-22
138.366194184  1.73991317071e-22
143.558858254  1.73189068332e-22
148.946394781  1.72349932446e-22
154.536117019  1.71475678934e-22
160.335612678  1.70568082634e-22
166.352754221  1.69628928596e-22
172.595709553  1.68660016931e-22
179.07295311  1.67663167572e-22
185.793277356  1.66640224905e-22
192.765804725  1.65593062234e-22
200  1.64523586009e-22
207.505683164  1.63433739766e-22
215.293042726  1.62325507704e-22
223.372649556  1.612009178e-22
231.755471231  1.60062044397e-22
240.452886923  1.5891101014e-22
249.476702849  1.57749987161e-22
258.83916829  1.56581197399e-22
268.552992228  1.55406911929e-22
278.631360589  1.54229449181e-22
289.087954149  1.5305117192e-22
299.9369671  1.51874482882e-22
311.193126321  1.50701818952e-22
322.871711365  1.49535643795e-22
334.988575205  1.48378438869e-22
347.56016575  1.4723269279e-22
360.603548172  1.46100889036e-22
374.136428073  1.44985492037e-22
388.177175519  1.43888931734e-22
402.744849972  1.42892964355e-22
417.859226171  1.41839382301e-22
433.540820964  1.40811632901e-22
449.810921167  1.39811820903e-22
466.691612456  1.38841923557e-22
484.205809347  1.37903771097e-22
502.377286302  1.36999027853e-22
521.23071  1.36129174493e-22
540.791672822  1.3529549185e-22
561.08672759  1.34499046826e-22
582.143423613  1.33740680798e-22
603.99034408  1.33021000916e-22
626.657144863  1.32340374642e-22
650.174594771  1.31698927756e-22
674.574617318  1.31096546031e-22
699.890334057  1.3053288065e-22
726.15610954  1.3000735738e-22
753.407597968  1.29519189467e-22
781.681791585  1.29067394151e-22
811.017070897  1.28650812726e-22
841.453256769  1.28268134126e-22
873.03166448  1.27917922204e-22
905.795159807  1.27598647244e-22
939.78821721  1.27308723176e-22
975.056980207  1.27046554461e-22
1011.64932401  1.26811287671e-22
1049.6149205  1.26616025548e-22
1089.00530568  1.26465847468e-22
1129.87394962  1.26360052808e-22
1172.27632903  1.26297791362e-22
1216.27000256  1.2582624802e-22
1261.91468896  1.25885318273e-22
1309.27234813  1.25981973338e-22
1358.40726523  1.26116623824e-22
1409.38613793  1.26289565702e-22
1462.27816697  1.26500978428e-22
1517.15515006  1.26750924141e-22
1574.09157939  1.27039347989e-22
1633.16474272  1.27366079546e-22
1694.45482828  1.27730835308e-22
1758.04503366  1.28133222219e-22
1824.02167871  1.28572742144e-22
1892.47432273  1.30392212848e-22
1963.49588604  1.31479674772e-22
2037.18277611  1.32480788423e-22
2113.63501843  1.3340485686e-22
2192.95639229  1.34260112396e-22
2275.25457165  1.35053890763e-22
2360.6412713  1.35792769812e-22
2449.23239853  1.36482680963e-22
2541.14821042  1.37128999487e-22
2636.51347711  1.37736618164e-22
2735.45765119  1.38310007782e-22
2838.11504338  1.38853267129e-22
2944.62500487  1.39370164515e-22
3055.13211648  1.39678660993e-22
3169.78638492  1.4007473255e-22
3288.74344643  1.40432168095e-22
3412.16477801  1.40753775353e-22
3540.21791663  1.41042128476e-22
3673.0766867  1.41299594666e-22
3810.92143593  1.41528357043e-22
3953.93928022  1.41730434353e-22
4102.32435765  1.41907698022e-22
4256.27809197  1.42061886956e-22
4416.00946604  1.42194620408e-22
4581.73530554  1.42307409211e-22
4753.68057325  1.42401665591e-22
4932.07867447  1.42478711765e-22
5117.17177381  1.42539787483e-22
5309.21112395  1.42586056668e-22
5508.45740668  1.42618613255e-22
5715.18108675  1.42638486351e-22
5929.66277905  1.42646644804e-22
6152.19362948  1.42644001252e-22
6383.0757102  1.42631415721e-22
6622.62242965  1.42609698846e-22
6871.158958  1.42579614749e-22
7129.02266852  1.42541883629e-22
7396.56359561  1.42497184109e-22
7674.14490985  1.42446155361e-22
7962.14341107  1.42389399055e-22
8260.9500398  1.42327481151e-22
8570.97040795  1.42260933554e-22
8892.62534938  1.42190255658e-22
9226.35149121  1.42115915801e-22
9572.60184645  1.42038352628e-22
9931.84642901  1.41957976394e-22
10304.5728916  1.41875170207e-22
10691.2871879  1.41790291222e-22
11092.5142592  1.41703671789e-22
11508.7987467  1.41615620573e-22
11940.7057317  1.41526423634e-22
12388.8215015  1.41436345485e-22
12853.7543463  1.41345630119e-22
13336.1353843  1.41254502015e-22
13836.6194184  1.41163167123e-22
14355.8858254  1.4107181382e-22
14894.6394781  1.40980613851e-22
15453.6117019  1.40889723243e-22
16033.5612678  1.407992832e-22
16635.2754221  1.4070942097e-22
17259.5709553  1.40620250692e-22
17907.295311  1.40531874214e-22
18579.3277356  1.40444381892e-22
19276.5804725  1.4035785335e-22
20000  1.40272358228e-22

