2 20 101
101
2  0
2.04658598456  1.50685628083e-38
2.0942570961  3.04881175338e-38
2.14303861048  4.62668398285e-38
2.19295639229  6.24130957798e-38
2.2440369086  7.89354463463e-38
2.29630724299  9.5842651897e-38
2.34979510988  1.13143676856e-37
2.40452886923  1.30847694456e-37
2.46053754162  1.48964091601e-37
2.51785082359  1.67502473845e-37
2.57649910339  1.86472670484e-37
2.63651347711  2.05884739766e-37
2.69792576518  2.25748974229e-37
2.76076852921  2.46075906151e-37
2.82507508925  2.66876313142e-37
2.89087954149  2.88161223852e-37
2.95821677634  3.09941923823e-37
3.02712249687  1.14014631952e-34
3.09763323782  4.09579196799e-34
3.16978638492  7.12028344774e-34
3.24362019472  1.02152243842e-33
3.31917381488  1.3382255756e-33
3.39648730492  1.6623056765e-33
3.4756016575  1.9939345727e-33
3.55655882008  2.33328809821e-33
3.63940171722  2.68054618278e-33
3.72417427333  3.03589294723e-33
3.81092143593  3.39951680112e-33
3.89968919952  3.77161054263e-33
3.99052462994  9.56646395733e-33
4.08347588934  2.21179977042e-31
4.17859226171  4.68426227749e-31
4.275924179  7.21431583464e-31
4.3755232479  9.80330190978e-31
4.47744227714  1.24525932176e-30
4.58173530554  1.51635944474e-30
4.68845763064  1.79377430079e-30
4.79766583804  2.07765097894e-30
4.90941783137  2.36813999436e-30
5.02377286302  9.74081651387e-30
5.14079156554  4.43814415165e-29
5.26053598379  7.99138493645e-29
5.38306960785  1.16273913314e-28
5.50845740668  1.53480911953e-28
5.63676586253  1.91554572924e-28
5.76806300625  2.30515083386e-28
5.90241845333  2.70383100717e-28
6.0399034408  6.60227753707e-28
6.18059086503  1.93261199344e-27
6.32455532034  3.23463386945e-27
6.47187313859  4.56698373096e-27
6.62262242965  5.93036800751e-27
6.77688312278  7.3255095835e-27
6.93473700905  8.75314818144e-27
7.09626778467  1.96777954078e-26
7.2615610954  3.74221331437e-26
7.43070458194  5.55797896014e-26
7.60378792641  7.41603922109e-26
7.78090289989  9.31737926535e-26
7.96214341107  1.12981878238e-25
8.14760555608  2.53497191066e-25
8.33738766941  4.29390290209e-25
8.53159037603  6.09380465952e-25
8.7303166448  7.9356315147e-25
8.93367184302  9.8203600286e-25
9.1417637923  1.62565592488e-24
9.35470282574  2.50007941878e-24
9.57260184645  3.39487085237e-24
9.79557638737  4.31050465591e-24
10.0237446725  5.41361369318e-24
10.2572276798  7.67988168851e-24
10.496149205  1.00297561219e-23
10.7406359274  1.24343661622e-23
10.9908174772  1.49367034894e-23
11.2468265038  1.8278582627e-23
11.5087987467  2.17739472784e-23
11.7768731071  2.53507294316e-23
12.0511917215  2.90569406159e-23
12.3319000372  3.30473853394e-23
12.6191468896  3.71320068555e-23
12.9130845807  4.1311771429e-23
13.2138689602  4.54026153622e-23
13.5216595078  4.95112806042e-23
13.8366194184  5.3715648954e-23
14.1589156877  5.77990607443e-23
14.4887192015  6.17473068079e-23
14.826204826  6.57875193367e-23
15.1715515006  6.96842399609e-23
15.5249423326  7.34254120038e-23
15.8865646945  7.72537271382e-23
16.2566103233  8.08525282608e-23
16.6352754221  8.43909983562e-23
17.022760764  8.79714380548e-23
17.4192717991  9.12672905408e-23
17.8250187627  9.46235076992e-23
18.2402167871  9.78357967566e-23
18.6650860159  1.00957353468e-22
19.0998517204  1.04073456984e-22
19.5447444191  1.069953366e-22
20  1.09985e-22

