1 20 101
101
1  0
1.03041055791  4.12069141809e-35
1.06174591785  8.36669536118e-35
1.09403420358  1.27418226531e-34
1.12730439408  1.72500000069e-34
1.16158634964  2.18952735491e-34
1.1969108386  2.66818124515e-34
1.23330956497  3.16139126723e-34
1.27081519692  3.66960008125e-34
1.30946139606  4.19326380884e-34
1.34928284767  4.73285244255e-34
1.39031529185  5.28885026764e-34
1.43259555555  5.8617562968e-34
1.47616158565  6.45208471794e-34
1.52105248304  7.06036535571e-34
1.56730853766  7.68714414704e-34
1.61497126471  8.33298363111e-34
1.66408344188  8.9984634542e-34
1.71468914776  9.68418089e-34
1.76683380139  1.03907513756e-33
1.82056420303  1.11188090638e-33
1.87592857615  1.18690073926e-33
1.93297661076  1.26420196711e-33
1.99175950792  8.6671354928e-33
2.05233002578  4.72717516839e-31
2.11474252688  1.03489786962e-30
2.17905302696  1.61417444057e-30
2.24531924523  2.21106713523e-30
2.31360065617  2.82611166975e-30
2.3839585429  3.4598600517e-30
2.45645605223  4.11288107552e-30
2.53115825126  4.78576083301e-30
2.60813218585  5.47910323933e-30
2.68744694072  6.19353057504e-30
2.76917370155  6.92968404463e-30
2.85338581877  7.68822435193e-30
2.94015887345  8.46983229317e-30
3.02957074514  1.52118810435e-29
3.12170168173  3.45381092088e-29
3.21663437151  5.4452058755e-29
3.31445401734  7.4971602617e-29
3.41524841318  9.61151572561e-29
3.51910802283  1.17901699188e-28
3.62612606115  1.40350782015e-28
3.73639857773  1.63482553975e-28
3.85002454306  1.87317776026e-28
3.96710593738  2.11877840478e-28
4.08774784223  6.89165400913e-28
4.21205853471  1.35555424941e-27
4.34014958471  2.04220835457e-27
4.472135955  2.74974399416e-27
4.60813610445  3.47879618729e-27
4.74827209431  4.23001926437e-27
4.89266969782  5.00408745433e-27
5.041458513  2.30747165379e-26
5.19477207907  8.77722058591e-26
5.35274799621  1.54437181926e-25
5.51552804914  2.23129477108e-25
5.68325833429  2.93910743311e-25
5.85608939099  3.66844507309e-25
6.03417633655  5.45859875035e-25
6.21767900547  1.16589024968e-24
6.40676209294  1.80721583694e-24
6.6015953026  2.4680444931e-24
6.80235349885  3.14896931738e-24
7.00921686386  4.03376089601e-24
7.22237105921  6.78013504725e-24
7.44200739256  9.70451814948e-24
7.66832298935  1.27178333734e-23
7.9015209697  1.58227851945e-23
8.14181063074  1.92776803996e-23
8.38940763443  2.30204805058e-23
8.64453420113  2.68771012514e-23
8.90741930907  3.08510039856e-23
9.17829889981  3.49020542587e-23
9.45741609003  3.90529176413e-23
9.74502138973  4.33300110952e-23
10.041372927  4.76549161621e-23
10.34673668  5.16516679869e-23
10.661386715  5.57622560441e-23
10.9856054331  5.99677013867e-23
11.3196838233  6.3697818609e-23
11.6639217237  6.74794784881e-23
12.0186280908  7.13130399233e-23
12.3841212763  7.46639690566e-23
12.7607293136  7.80881269921e-23
13.1487902114  8.13865956082e-23
13.5486522576  8.44045584004e-23
13.9606743317  8.75010240998e-23
14.3852262269  9.02426155693e-23
14.8226889821  9.30038323595e-23
15.2734552238  9.55726435671e-23
15.7379295184  9.80349193423e-23
16.2165287354  1.00390748804e-22
16.7096824217  1.02592083297e-22
17.2178331866  1.04712062945e-22
17.7414370999  1.06692856549e-22
18.2809641002  1.08577109223e-22
18.8368984177  1.10369997397e-22
19.4097390079  1.12033025747e-22
20  1.13671e-22

