7 20000 201
201
7  0
7.28413019689  1.88152152901e-41
7.57979324646  3.83941406981e-41
7.88745726754  5.87677752391e-41
8.20760937988  2.97748692938e-38
8.54075647546  7.74478120994e-38
8.88742602103  1.27055800994e-37
9.2481668932  4.71264587363e-36
9.62355024752  1.16245551768e-35
10.0141704227  4.22189190995e-35
10.4206458819  7.2098167929e-34
10.8436201913  1.42729543901e-33
11.2837630399  1.92162942034e-32
11.7417712991  4.75071758271e-32
12.2183701264  4.08175178173e-31
12.7143141134  1.19106848784e-30
13.2303884809  9.97972848892e-30
13.7674103215  2.94143609417e-29
14.3262298937  1.86775970593e-28
14.907731968  4.52267895109e-28
15.5128372279  2.54570496176e-27
16.1425037273  8.34680566598e-27
16.7977284077  2.60603331371e-26
17.4795486762  1.03035254027e-25
18.1890440486  1.74949482335e-25
18.9273378582  1.5272179366e-25
19.6955990342  1.29591882477e-25
20.495043953  1.05523127548e-25
21.3269383635  2.57848693917e-24
22.1925993915  1.37625650713e-23
23.0933976251  2.89044267661e-23
24.0307592842  4.77317539539e-23
25.0061684795  6.07885901971e-23
26.0211695614  7.32136627086e-23
27.0773695658  8.50319583406e-23
28.1764407581  9.62674699216e-23
29.320123281  1.06943233805e-22
30.5102279097  1.17081366197e-22
31.7486389187  1.26703098282e-22
33.0373170654  1.35828810195e-22
34.3783026943  1.44478063844e-22
35.7737189676  1.52669634649e-22
37.2257752267  1.60421542203e-22
38.7367704903  1.67751079904e-22
40.309097094  1.74674843585e-22
41.9452444788  1.81208759181e-22
43.647803132  1.87368109469e-22
45.4194686888  1.931675599e-22
47.2630462004  1.98621183585e-22
49.1814545751  2.03742485444e-22
51.1777311996  2.08544425563e-22
53.2550367485  2.13039441802e-22
55.416660188  2.17239471667e-22
57.6660239838  2.21155973507e-22
60.0066895193  2.24799947043e-22
62.4423627347  2.2818195329e-22
64.9768999944  2.31312133881e-22
67.6143141928  2.34200229849e-22
70.3587811077  2.36855599885e-22
73.2146460118  2.39287238116e-22
76.1864305528  2.41503791429e-22
79.2788399118  2.43513576384e-22
82.4967702537  2.4532459574e-22
85.8453164787  2.46944554629e-22
89.3297802892  2.48380876424e-22
92.9556785837  2.49640718307e-22
96.728752192  2.50730986596e-22
100.654974964  2.51658351845e-22
104.740563229  2.52429263748e-22
108.991985637  2.53049965879e-22
113.415973399  2.53526510296e-22
118.01953095  2.53864772021e-22
122.80994703  2.5407046343e-22
127.794806235  2.54149148552e-22
132.982001014  2.54106257312e-22
138.379744176  2.53947099691e-22
143.996581884  2.53676879838e-22
149.841407193  2.53300710089e-22
155.923474126  2.52823624896e-22
162.252412326  2.52250594624e-22
168.838242306  2.51586539177e-22
175.69139131  2.50836341383e-22
182.822709825  2.50004860068e-22
190.243488759  2.49096942715e-22
197.965477319  2.48117437604e-22
206.000901611  2.47071205264e-22
214.362484002  2.45963129092e-22
223.063463257  2.44798124947e-22
232.117615505  2.43581149476e-22
241.539276047  2.42317206958e-22
251.343362056  2.41011354377e-22
261.545396191  2.39668704443e-22
272.161531179  2.38294426262e-22
283.208575385  2.36893743332e-22
294.704019425  2.35471928579e-22
306.666063863  2.34034296118e-22
319.113648021  2.32586189491e-22
332.06647997  2.3113296616e-22
345.545067732  2.29679978115e-22
359.57075175  2.28232548517e-22
374.165738677  2.26795944447e-22
389.353136535  2.2537534591e-22
405.156991298  2.24088242896e-22
421.602324971  2.22712127188e-22
438.7151752  2.21366807103e-22
456.522636501  2.20056729712e-22
475.052903157  2.1878606073e-22
494.335313858  2.17558643419e-22
514.400398152  2.16377959177e-22
535.279924781  2.15247091008e-22
557.006951984  2.1416869109e-22
579.615879832  2.13144953621e-22
603.142504697  2.12177593976e-22
627.624075928  2.11267835116e-22
653.099354823  2.10416401939e-22
679.608676005  2.09623524092e-22
707.194011279  2.08888947506e-22
735.899036089  2.08211954721e-22
765.769198662  2.07591393907e-22
796.851791975  2.0702571637e-22
829.196028624  2.06513022406e-22
862.853118749  2.0605111562e-22
897.876351109  2.05637566494e-22
934.321177455  2.05269787726e-22
972.245300327  2.04945128455e-22
1011.70876441  2.04662012377e-22
1052.77405162  2.04442321985e-22
1095.50617999  2.04295243564e-22
1139.97280664  2.0421970015e-22
1186.24433493  2.03518474781e-22
1234.39402585  2.03643970167e-22
1284.49811408  2.03829862568e-22
1336.63592866  2.04077178243e-22
1390.8900186  2.04386708833e-22
1447.34628358  2.04759006337e-22
1506.09410994  2.05194380638e-22
1567.22651222  2.05692899671e-22
1630.84028043  2.0625439222e-22
1697.03613329  2.06878453284e-22
1765.91887767  2.07564451904e-22
1837.59757458  2.08311541249e-22
1912.18571182  2.11325669633e-22
1989.80138365  2.13032067376e-22
2070.56747778  2.14596349933e-22
2154.61186994  2.16034815009e-22
2242.06762635  2.1736178713e-22
2333.07321436  2.18589955944e-22
2427.77272176  2.19730641657e-22
2526.31608482  2.20794005392e-22
2628.85932576  2.21789217383e-22
2735.56479973  2.22724592553e-22
2846.6014519  2.23607700571e-22
2962.1450849  2.24445455798e-22
3082.37863721  2.24950240802e-22
3207.49247279  2.25583328485e-22
3337.68468248  2.26151456215e-22
3473.16139762  2.26659635331e-22
3614.13711644  2.27112436306e-22
3760.83504366  2.27514042077e-22
3913.48744386  2.27868293371e-22
4072.33600928  2.28178727372e-22
4237.63224244  2.28448610838e-22
4409.63785435  2.28680968566e-22
4588.62517889  2.28878607923e-22
4774.87760397  2.2904414005e-22
4968.69002022  2.29179998231e-22
5170.36928789  2.29288453842e-22
5380.23472272  2.29371630239e-22
5598.61860144  2.29431514867e-22
5825.86668795  2.29469969849e-22
6062.33878068  2.29488741281e-22
6308.4092823  2.29489467401e-22
6564.46779251  2.294736858e-22
6830.91972484  2.29442839821e-22
7108.18694861  2.29398284259e-22
7396.70845679  2.29341290459e-22
7696.9410611  2.29273050918e-22
8009.36011526  2.29194683458e-22
8334.46026762  2.29107235039e-22
8672.7562443  2.2901168527e-22
9024.7836642  2.28908949669e-22
9391.09988697  2.28799882709e-22
9772.28489553  2.28685280692e-22
10168.9422143  2.28565884471e-22
10581.6998648  2.28442382056e-22
11011.21136  2.28315411111e-22
11458.1567388  2.28185561366e-22
11923.2436431  2.28053376953e-22
12407.2084379  2.27919358678e-22
12910.8173774  2.27783966229e-22
13434.8678179  2.27647620332e-22
13980.1894805  2.27510704855e-22
14547.6457647  2.27373568859e-22
15138.1351155  2.27236528602e-22
15752.5924456  2.27099869484e-22
16391.9906161  2.26963847947e-22
17057.3419762  2.2682869332e-22
17749.6999668  2.26694609599e-22
18470.1607877  2.26561777179e-22
19219.8651336  2.26430354519e-22
20000  2.26300479743e-22

