2 20 101
101
2  0
2.04658598456  4.26328842556e-42
2.0942570961  8.6258815955e-42
2.14303861048  1.30900926145e-41
2.19295639229  1.76582884663e-41
2.2440369086  2.23328912687e-41
2.29630724299  2.71163795582e-41
2.34979510988  3.20112896035e-41
2.40452886923  3.70202167507e-41
2.46053754162  4.21458167993e-41
2.51785082359  4.73908074102e-41
2.57649910339  5.27579695469e-41
2.63651347711  5.82501489499e-41
2.69792576518  6.38702576453e-41
2.76076852921  6.96212754891e-41
2.82507508925  7.55062517472e-41
2.89087954149  8.15283067119e-41
2.95821677634  8.76906333564e-41
3.02712249687  1.79947801936e-37
3.09763323782  6.47522751203e-37
3.16978638492  1.12598892015e-36
3.24362019472  1.61559999789e-36
3.31917381488  2.11661558267e-36
3.39648730492  2.62930131961e-36
3.4756016575  3.15392904145e-36
3.55655882008  3.69077691278e-36
3.63940171722  4.24012957742e-36
3.72417427333  4.80227830944e-36
3.81092143593  5.37752116754e-36
3.89968919952  5.96616315309e-36
3.99052462994  3.31932800522e-35
4.08347588934  1.07254071159e-33
4.17859226171  2.28708820011e-33
4.275924179  3.5299261339e-33
4.3755232479  4.80171348209e-33
4.47744227714  6.10312456317e-33
4.58173530554  7.43484940251e-33
4.68845763064  8.79759409826e-33
4.79766583804  1.01920811957e-32
4.90941783137  1.16190500703e-32
5.02377286302  9.5036218675e-32
5.14079156554  4.94260932892e-31
5.26053598379  9.03768199112e-31
5.38306960785  1.32281411492e-30
5.50845740668  1.75162086401e-30
5.63676586253  2.1904158054e-30
5.76806300625  2.63943159398e-30
5.90241845333  3.09890630384e-30
6.0399034408  1.24558007151e-29
6.18059086503  4.42687979788e-29
6.32455532034  7.68228151422e-29
6.47187313859  1.10135112776e-28
6.62262242965  1.44223353502e-28
6.77688312278  1.79105611355e-28
6.93473700905  2.14800381372e-28
7.09626778467  6.58121190981e-28
7.2615610954  1.39397097641e-27
7.43070458194  2.14696090521e-27
7.60378792641  2.91749022261e-27
7.78090289989  3.70596747346e-27
7.96214341107  4.53418086277e-27
8.14760555608  1.26859095993e-26
8.33738766941  2.29776911226e-26
8.53159037603  3.35091990334e-26
8.7303166448  4.42860172767e-26
8.93367184302  5.53138598641e-26
9.1417637923  1.35112552571e-25
9.35470282574  2.49572862051e-25
9.57260184645  3.66699294637e-25
9.79557638737  4.86553952312e-25
10.0237446725  6.69236069769e-25
10.2572276798  1.2671846696e-24
10.496149205  1.89019715539e-24
10.7406359274  2.52772146621e-24
10.9908174772  3.23728854793e-24
11.2468265038  5.03447079652e-24
11.5087987467  6.97722027402e-24
11.7768731071  8.96522220011e-24
12.0511917215  1.12385122503e-23
12.3319000372  1.45903537654e-23
12.6191468896  1.8026630411e-23
12.9130845807  2.15429482219e-23
13.2138689602  2.55667280534e-23
13.5216595078  2.98612064491e-23
13.8366194184  3.42557160969e-23
14.1589156877  3.87325493449e-23
14.4887192015  4.32925809267e-23
14.826204826  4.7958829289e-23
15.1715515006  5.25522121542e-23
15.5249423326  5.70643734413e-23
15.8865646945  6.16816364665e-23
16.2566103233  6.60833820988e-23
16.6352754221  7.04415182403e-23
17.022760764  7.48558100737e-23
17.4192717991  7.89603048234e-23
17.8250187627  8.31420101217e-23
18.2402167871  8.71631078025e-23
18.6650860159  9.10855472586e-23
19.0998517204  9.50055056589e-23
19.5447444191  9.86964318813e-23
20  1.02473e-22

