6 20000 251
251
6  0
6.19787431944  2.74821267952e-42
6.4022743466  5.58705881131e-42
6.61341529314  8.51952740082e-42
6.83151946819  1.15487060281e-41
7.05681651245  8.00343659768e-40
7.28954363992  4.02175590304e-39
7.52994588772  7.34940727219e-39
7.77827637405  1.0786801433e-38
8.03479656471  1.60495504603e-37
8.2997765484  1.27717353152e-36
8.57349532107  2.43067854253e-36
8.85624107972  3.62222505672e-36
9.1483115258  6.99449181332e-35
9.45001417867  2.03629419537e-34
9.7616666994  3.4172270923e-34
10.0835972252  2.08735505643e-33
10.4161447149  8.61133716263e-33
10.7596593061  1.53504740221e-32
11.1145026832  7.85483586219e-32
11.4810484589  2.65763496324e-31
11.8596825673  4.5915281202e-31
12.2508036701  3.27414617899e-30
12.6548235765  7.69337225598e-30
13.072167677  2.5424522048e-29
13.5032753908  1.08790796941e-28
13.9486006289  1.94906412652e-28
14.4086122716  1.08154632761e-27
14.8837946629  2.10107670313e-27
15.3746481195  8.7466380442e-27
15.8816894584  1.7403177466e-26
16.4054525405  6.18031998156e-26
16.9464888333  1.18355313293e-25
17.5053679908  3.72781495672e-25
18.0826784538  6.0783537168e-25
18.6790280692  5.46577522613e-25
19.2950447304  4.83299447679e-25
19.9313770378  4.17934521744e-25
20.5886949823  4.88654748536e-24
21.2676906503  1.24980530199e-23
21.9690789526  2.26287741621e-23
22.693598377  3.52627160153e-23
23.4420117661  5.03859791288e-23
24.2151071202  6.56550104027e-23
25.0136984271  7.54175001743e-23
25.8386265193  8.47895489019e-23
26.6907599589  9.37837790037e-23
27.5709959527  1.02412401843e-22
28.4802612961  1.10687230423e-22
29.4195133497  1.18619691741e-22
30.3897410467  1.26220838817e-22
31.3919659347  1.33501362397e-22
32.4272432506  1.40471602335e-22
33.4966630322  1.47141558671e-22
34.6013512657  1.53520902404e-22
35.7424710713  1.59618985967e-22
36.9212239277  1.65444853419e-22
38.1388509373  1.71007250352e-22
39.3966341329  1.7631463353e-22
40.6958978275  1.81375180264e-22
42.0380100086  1.8619679752e-22
43.4243837788  1.9078713079e-22
44.8564788434  1.95153572715e-22
46.3358030473  1.99303271475e-22
47.863913963  2.03243138951e-22
49.4424205299  2.06979858677e-22
51.0729847489  2.10519893567e-22
52.757323432  2.13869493456e-22
54.4972100103  2.17034702431e-22
56.2944764007  2.20021365987e-22
58.1510149351  2.22835137993e-22
60.0687803526  2.25481487496e-22
62.049791858  2.27965705354e-22
64.0961352472  2.30292910714e-22
66.2099651041  2.32468057345e-22
68.3935070683  2.34495939827e-22
70.6490601792  2.36381199608e-22
72.9789992962  2.38128330933e-22
75.3857775995  2.39741686659e-22
77.8719291725  2.41225483959e-22
80.4400716706  2.42583809922e-22
83.0929090769  2.43820627057e-22
85.8332345493  2.44939778714e-22
88.6639333613  2.45944994418e-22
91.5879859402  2.46839895139e-22
94.6084710047  2.47627998485e-22
97.7285688069  2.4831272385e-22
100.951564481  2.48897397498e-22
104.2808515  2.49385257605e-22
107.719935254  2.49779459266e-22
111.272436734  2.50083079466e-22
114.942096349  2.50299122018e-22
118.732777864  2.50430522481e-22
122.648472467  2.50480153065e-22
126.69330297  2.50450827502e-22
130.871528154  2.50345305922e-22
135.187547249  2.50166299703e-22
139.645904567  2.49916476306e-22
144.251294288  2.49598464106e-22
149.008565403  2.49214857188e-22
153.922726815  2.48768220131e-22
158.998952617  2.48261092745e-22
164.242587541  2.4769599478e-22
169.659152579  2.4707543056e-22
175.254350805  2.46401893557e-22
181.034073371  2.45677870863e-22
187.004405715  2.44905847541e-22
193.171633967  2.44088310838e-22
199.542251569  2.43227754209e-22
206.122966107  2.42326681129e-22
212.92070638  2.41387608646e-22
219.942629692  2.40413070621e-22
227.196129386  2.39405620621e-22
234.688842633  2.38367834382e-22
242.42865847  2.37302311806e-22
250.423726104  2.36211678407e-22
258.6824635  2.35098586147e-22
267.213566236  2.33965713588e-22
276.026016664  2.32815765286e-22
285.129093363  2.31651470351e-22
294.532380914  2.3047558011e-22
304.245779985  2.29290864804e-22
314.279517761  2.2810010925e-22
324.64415871  2.26906107438e-22
335.350615704  2.25711656007e-22
346.410161514  2.24519546583e-22
357.834440673  2.23332556995e-22
369.635481744  2.22153441353e-22
381.825709976  2.20984919079e-22
394.417960394  2.19829662921e-22
407.425491308  2.18800354194e-22
420.861998278  2.17677352869e-22
434.741628526  2.16575310036e-22
449.078995839  2.15496568552e-22
463.889195952  2.1444335447e-22
479.187822443  2.13417762368e-22
494.990983152  2.12421741021e-22
511.315317139  2.11457079707e-22
528.178012205  2.10525395419e-22
545.59682299  2.09628121285e-22
563.590089664  2.08766496453e-22
582.176757236  2.07941557717e-22
601.376395509  2.07154133096e-22
621.209219674  2.06404837581e-22
641.696111603  2.05694071193e-22
662.858641832  2.05022019476e-22
684.719092272  2.04388656496e-22
707.300479671  2.03793750373e-22
730.626579847  2.03236871346e-22
754.721952723  2.02717402321e-22
779.611968183  2.02234551878e-22
805.322832789  2.01787369659e-22
831.881617367  2.01374764174e-22
859.316285516  2.00995523063e-22
887.655723047  2.00648336124e-22
916.929768397  2.00331821711e-22
947.169244046  2.00044557969e-22
978.405988974  1.99785122658e-22
1010.67289217  1.99552933629e-22
1044.00392729  1.99362749767e-22
1078.4341884  1.99220296458e-22
1113.99992691  1.99125038996e-22
1150.73858981  1.99076304389e-22
1188.68885903  1.98394618363e-22
1227.8906922  1.98486529708e-22
1268.38536471  1.98617919285e-22
1310.21551318  1.98789350214e-22
1353.42518035  1.99001285229e-22
1398.05986143  1.99254084537e-22
1444.16655203  1.99548004395e-22
1491.79379764  1.99883196439e-22
1540.99174472  2.00259707765e-22
1591.81219351  2.00677481777e-22
1644.30865259  2.01136359784e-22
1698.53639519  2.0163608331e-22
1754.55251739  2.02176297104e-22
1812.41599828  2.02756552784e-22
1872.18776198  2.0337631307e-22
1933.93074186  2.06452585423e-22
1997.70994676  2.07788986944e-22
2063.59252945  2.09034045294e-22
2131.64785735  2.10196402666e-22
2201.94758552  2.11283834134e-22
2274.56573218  2.12303371961e-22
2349.57875656  2.13261407404e-22
2427.06563947  2.14163774666e-22
2507.10796641  2.15015820559e-22
2589.79001351  2.15822462643e-22
2675.19883625  2.16588237997e-22
2763.4243611  2.1731734434e-22
2854.55948023  2.18013674843e-22
2948.70014931  2.1868084773e-22
3045.94548852  2.19065926311e-22
3146.39788695  2.19590465783e-22
3250.16311038  2.20071072975e-22
3357.35041264  2.20510557503e-22
3468.07265065  2.20911520418e-22
3582.44640324  2.21276375566e-22
3700.5920939  2.21607368238e-22
3822.63411759  2.21906591489e-22
3948.70097167  2.22176000476e-22
4078.92539125  2.22417425077e-22
4213.44448889  2.22632581022e-22
4352.39989901  2.2282307975e-22
4495.93792701  2.22990437124e-22
4644.20970327  2.23136081183e-22
4797.37134233  2.23261359023e-22
4955.58410725  2.23367542932e-22
5119.01457936  2.23455835856e-22
5287.83483371  2.23527376285e-22
5462.22262022  2.23583242619e-22
5642.36155082  2.23624457083e-22
5828.44129281  2.23651989244e-22
6020.65776851  2.23666759165e-22
6219.2133616  2.23669640256e-22
6424.31713017  2.23661461847e-22
6636.18502684  2.23643011515e-22
6855.04012616  2.23615037206e-22
7081.11285944  2.23578249162e-22
7314.64125744  2.23533321691e-22
7555.8712009  2.23480894789e-22
7805.05667951  2.23421575643e-22
8062.46005929  2.23355940017e-22
8328.35235884  2.23284533556e-22
8603.01353469  2.23207872992e-22
8886.73277608  2.23126447297e-22
9179.80880943  2.23040718761e-22
9482.5502129  2.22951124027e-22
9795.27574123  2.22858075074e-22
10118.3146614  2.22761960164e-22
10452.0070993  2.22663144758e-22
10796.7043979  2.22561972396e-22
11152.7694871  2.22458765555e-22
11520.5772658  2.22353826489e-22
11900.5149968  2.22247438038e-22
12292.9827145  2.22139864426e-22
12698.3936459  2.22031352045e-22
13117.174646  2.21922130212e-22
13549.766647  2.21812411925e-22
13996.6251227  2.21702394589e-22
14458.2205678  2.2159226074e-22
14935.0389936  2.21482178751e-22
15427.5824398  2.21372303516e-22
15936.3695024  2.21262777129e-22
16461.9358807  2.21153729542e-22
17004.8349406  2.21045279208e-22
17565.6382974  2.20937533705e-22
18144.936418  2.2083059035e-22
18743.3392422  2.20724536787e-22
19361.476825  2.20619451565e-22
20000  2.20515404689e-22

