5 20 101
101
5  0
5.06979739895  1.30773802621e-40
5.14056913328  2.63373139497e-40
5.21232880421  3.97823494136e-40
5.28509020281  5.34150705783e-40
5.35886731268  6.72380974386e-40
5.43367431263  8.1254086563e-40
5.50952557938  9.54657316044e-40
5.58643569036  1.09875763817e-39
5.66441942648  1.24486952584e-39
5.74349177499  1.39302105945e-39
5.82366793234  1.5432407114e-39
5.90496330715  1.69555735154e-39
5.98739352309  3.66389762511e-39
6.07097442198  1.52548512205e-37
6.15572206672  3.32463217839e-37
6.24165274451  5.1488943917e-37
6.32878296985  6.99862235652e-37
6.41712948781  8.87417156147e-37
6.50670927721  1.07759024576e-36
6.59753955386  1.27041805278e-36
6.68963777393  1.46593763568e-36
6.78302163724  1.66418657024e-36
6.8777090907  1.86520295679e-36
6.97371833175  2.06902542753e-36
7.07106781187  3.83738941158e-35
7.16977624008  8.87214289032e-35
7.2698625866  1.39771789085e-34
7.37134608646  1.91534785738e-34
7.47424624317  2.44020366897e-34
7.57858283255  2.97238619465e-34
7.68437590644  3.51199771154e-34
7.7916457966  4.0591419245e-34
7.90041311863  4.61392398604e-34
8.0106987759  1.01940911651e-33
8.12252396356  5.15527182667e-33
8.23591017268  9.45207759752e-33
8.35087919428  1.38088645417e-32
8.46745312363  1.82264699652e-32
8.58565436438  2.27057428622e-32
8.70550563296  2.72475440788e-32
8.82702996291  3.18527464777e-32
8.95025070928  3.65222351064e-32
9.07519155317  1.44354090229e-31
9.20187650625  3.22856039526e-31
9.33032991537  5.03849783177e-31
9.46057646726  6.87370105334e-31
9.59264119325  8.7345227572e-31
9.72654947412  1.0621320564e-30
9.86232704493  1.25344570867e-30
10  1.69562822426e-30
10.1395947979  5.57636074445e-30
10.2811382666  9.76292921418e-30
10.4246576084  1.40079400019e-29
10.5701804056  1.83122089318e-29
10.7177346254  2.26765632169e-29
10.8673486253  2.71018416175e-29
11.0190511588  3.9946657344e-29
11.1728713807  1.03117018397e-28
11.328838853  1.68159291119e-28
11.48698355  2.34109520133e-28
11.6473358647  3.00980380036e-28
11.8099266143  3.68784722356e-28
11.9747870462  4.44764879097e-28
12.141948844  1.10723204154e-27
12.3114441334  1.89433426691e-27
12.483305489  2.69242402989e-27
12.6575659397  3.50165471079e-27
12.8342589756  4.32218183103e-27
13.0134185544  5.73894292604e-27
13.1950791077  1.19524798462e-26
13.3792755479  1.84303831412e-26
13.5660432745  2.49987145963e-26
13.7554181814  3.16587365416e-26
13.9474366635  3.84117289286e-26
14.1421356237  6.91879837723e-26
14.3395524802  1.09366598001e-25
14.5397251732  1.50106084783e-25
14.7426921729  1.91414273608e-25
14.9484924863  2.33303811529e-25
15.1571656651  3.88873884379e-25
15.3687518129  5.84205561111e-25
15.5832915932  7.82263966436e-25
15.8008262373  9.83087164068e-25
16.0213975518  1.2402167831e-24
16.2450479271  1.88161042323e-24
16.4718203454  2.54296270057e-24
16.7017583886  3.21354711167e-24
16.9349062473  3.89349253229e-24
17.1713087288  5.1830926376e-24
17.4110112659  6.72192779463e-24
17.6540599258  8.28224428994e-24
17.9005014186  9.86434199183e-24
18.1503831063  1.2000614973e-23
18.4037530125  1.45236724985e-23
18.6606598307  1.70819505945e-23
18.9211529345  1.96759409219e-23
19.1852823865  2.28232466173e-23
19.4530989482  2.62376131813e-23
19.7246540899  2.96996425263e-23
20  3.321e-23

