0.5 20000 301
301
0.5  0
0.51797667599  6.73948288742e-42
0.536599673739  1.37212727753e-41
0.555892230681  2.09540814124e-41
0.575878419714  2.84469337642e-41
0.596583179235  3.6209179274e-41
0.618032344264  4.42505035288e-41
0.640252678672  5.25809403449e-41
0.663271908584  6.12108842879e-41
0.687118756972  7.01511036432e-41
0.711822979493  7.94127538516e-41
0.737415401622  8.900739143e-41
0.763927957112  9.89469883903e-41
0.791393727841  1.09243947179e-40
0.819846985093  1.19911116151e-40
0.849323232317  1.30961805603e-40
0.879859249433  1.42409804383e-40
0.911493138721  1.54269397093e-40
0.944264372364  1.66555381914e-40
0.978213841706  1.79283089072e-40
1.01338390827  8.22098738879e-34
1.04981845661  3.06006905486e-33
1.0875629491  5.37850190533e-33
1.12666448261  7.78029018811e-33
1.16717184731  1.02684308104e-32
1.20913558756  1.28460284283e-32
1.25260806493  1.55162993206e-32
1.29764352358  1.82825754021e-32
1.34429815793  2.11483083813e-32
1.39263018277  2.4117074067e-32
1.44269990591  2.71925768303e-32
1.49456980343  3.03786542269e-32
1.54830459763  3.36792817857e-32
1.6039713378  3.70985779688e-32
1.66163948387  4.06408093111e-32
1.7213809931  4.43103957437e-32
1.78327040983  4.81119161089e-32
1.84738495855  5.20501138738e-32
1.91380464021  5.61299030492e-32
1.98261233206  6.03563743208e-32
2.05389389107  1.49526031385e-29
2.12773826107  3.53562090095e-29
2.20423758369  5.6493392904e-29
2.28348731338  7.83905294109e-29
2.3655863365  1.01074941374e-28
2.4506370947  1.24574933985e-28
2.53874571274  1.48919830102e-28
2.63002213093  1.74140006837e-28
2.72458024232  2.00266933464e-28
2.82253803477  2.2733321068e-28
2.92401773821  2.55372611288e-28
3.02914597715  1.57908008536e-27
3.13805392866  6.44684693368e-27
3.25087748609  1.14896263168e-26
3.36775742859  1.67137105221e-26
3.48883959681  2.21256180656e-26
3.61427507483  2.77321018259e-26
3.74422037875  3.35401574702e-26
3.87883765192  3.95570321834e-26
4.01829486729  6.15670280949e-26
4.16276603701  1.92610749706e-25
4.31243142955  3.28365932365e-25
4.46747779462  4.69001968889e-25
4.62809859623  6.14694342335e-25
4.79449425406  7.65624844965e-25
4.96687239354  9.2198180508e-25
5.14544810495  1.7751604333e-24
5.33044421176  2.822103189e-24
5.52209154871  3.90668704609e-24
5.72062924983  5.03026532835e-24
5.92630504679  6.19424001606e-24
6.13937557808  8.56612343527e-24
6.36010670917  1.1662006405e-23
6.58877386432  1.48691967448e-23
6.82566237018  1.81916963278e-23
7.07106781187  2.18238278134e-23
7.32529640178  2.60698459053e-23
7.58866536167  3.04685225801e-23
7.86150331847  3.50253464257e-23
8.14415071437  3.95784231551e-23
8.43696023158  4.4128402308e-23
8.74029723243  4.88419684629e-23
9.05454021523  5.35936090832e-23
9.38008128661  5.78679370166e-23
9.7173266507  6.22959413667e-23
10.0666971161  6.67288610865e-23
10.4286286208  7.06437591583e-23
10.8035727762  7.46994109383e-23
11.1919974309  7.85355913278e-23
11.5943872539  8.21225454139e-23
12.0112443398  8.5821210973e-23
12.4430888353  8.90081733542e-23
12.8904595879  9.23097177157e-23
13.3539148186  9.52943826654e-23
13.8340328184  9.82466922369e-23
14.3314126696  1.00981852432e-22
14.8466749937  1.03647628031e-22
15.3804627255  1.06110493102e-22
15.9334419155  1.08537181017e-22
16.5063025609  1.10716275328e-22
17.0997594668  1.12873168386e-22
17.7145531376  1.14825908976e-22
18.3514507018  1.18420069605e-22
19.0112468682  1.23762808562e-22
19.6947649184  1.29657434677e-22
20.4028577337  1.36094185902e-22
21.1364088592  1.43063479352e-22
21.8963336065  1.50555878702e-22
22.6835801957  1.58562060737e-22
23.4991309386  1.67072780966e-22
24.3440034645  1.72806562538e-22
25.2192519896  1.73776090316e-22
26.1259686331  1.74660375809e-22
27.0652847792  1.75462182689e-22
28.0383724893  1.7618417432e-22
29.0464459643  1.76828917207e-22
30.0907630598  1.77398884371e-22
31.1726268555  1.77896458623e-22
32.2933872809  1.78323935763e-22
33.4544428005  1.78683527685e-22
34.6572421578  1.78977365413e-22
35.9032861837  1.79207502052e-22
37.1941296691  1.79375915672e-22
38.5313833047  1.79484512115e-22
39.9167156909  1.79535127743e-22
41.35185542  1.79529532114e-22
42.8385932329  1.79469430603e-22
44.3787842538  1.79356466964e-22
45.9743503045  1.79192225842e-22
47.627282303  1.7897823523e-22
49.3396427475  1.78715968888e-22
51.1135682897  1.78406848712e-22
52.9512724014  1.78052247072e-22
54.8550481358  1.77653489116e-22
56.8272709893  1.77211855036e-22
58.8704018652  1.76728582321e-22
60.9869901447  1.7620486798e-22
63.1796768676  1.75641870756e-22
65.4511980279  1.75040713316e-22
67.8043879881  1.7440248445e-22
70.2421830153  1.73728241252e-22
72.767624945  1.73019011317e-22
75.3838649774  1.72275794929e-22
78.0941676085  1.7149956728e-22
80.9019147041  1.70691280687e-22
83.8106097193  1.69851866844e-22
86.8238820702  1.68982239096e-22
89.9454916625  1.68083294745e-22
93.1793335833  1.67155917387e-22
96.5294429608  1.66200979301e-22
100  1.65219343875e-22
103.595335198  1.64211868077e-22
107.319934748  1.63179404992e-22
111.178446136  1.621228064e-22
115.175683943  1.61042925424e-22
119.316635847  1.59940619224e-22
123.606468853  1.58816751764e-22
128.050535734  1.57672196629e-22
132.654381717  1.56507839899e-22
137.423751394  1.55324583078e-22
142.364595899  1.54123346068e-22
147.483080324  1.52905070176e-22
152.785591422  1.51670721156e-22
158.278745568  1.50421292253e-22
163.969397019  1.49157807247e-22
169.864646463  1.47881323467e-22
175.971849887  1.46592934746e-22
182.298627744  1.45293774303e-22
188.852874473  1.43985017487e-22
195.642768341  1.4266788437e-22
202.676781654  1.41343642122e-22
209.963691323  1.40013607125e-22
217.51258982  1.38679146758e-22
225.332896521  1.37341680795e-22
233.434369463  1.36002682337e-22
241.827117512  1.34663678205e-22
250.521612986  1.3332624871e-22
259.528704717  1.31992026722e-22
268.859631586  1.30662695938e-22
278.526036554  1.29339988282e-22
288.539981181  1.28025680334e-22
298.913960685  1.26721588729e-22
309.660919525  1.2542956445e-22
320.794267559  1.2415148596e-22
332.327896774  1.22889251143e-22
344.276198619  1.21644768032e-22
356.654081967  1.20419944345e-22
369.476991711  1.19216675857e-22
382.760928042  1.18036833701e-22
396.522466412  1.168822507e-22
410.778778215  1.15833750233e-22
425.547652214  1.14733188127e-22
440.847516738  1.13663088857e-22
456.697462677  1.12624974252e-22
473.117267301  1.11620251735e-22
490.127418939  1.10650199374e-22
507.749142548  1.09715951741e-22
526.004426187  1.08818486919e-22
544.916048465  1.07958614985e-22
564.507606954  1.07136968283e-22
584.803547643  1.0635399376e-22
605.82919543  1.05609947618e-22
627.610785733  1.04904892469e-22
650.175497219  1.04238697141e-22
673.551485719  1.03611039216e-22
697.767919361  1.03021410334e-22
722.855014966  1.02469124237e-22
748.84407575  1.01953327507e-22
775.767530383  1.01473012918e-22
803.658973457  1.01027035315e-22
832.553207402  1.00614130021e-22
862.486285909  1.0023293382e-22
893.495558925  9.98820088795e-23
925.619719247  9.95598703866e-23
958.898850812  9.92650199894e-23
993.374478709  9.89959910563e-23
1029.08962099  9.87567204228e-23
1066.08884235  9.8559180693e-23
1104.41830974  9.84033059249e-23
1144.12584997  9.8288340343e-23
1185.26100936  9.77427974012e-23
1227.87511562  9.77449239381e-23
1272.02134183  9.77815087655e-23
1317.75477286  9.78529293395e-23
1365.13247404  9.79594770694e-23
1414.21356237  9.81013551737e-23
1465.05928036  9.8278677261e-23
1517.73307233  9.84914666582e-23
1572.30066369  9.8739656501e-23
1628.83014287  9.90230905818e-23
1687.39204632  9.93415249408e-23
1748.05944649  9.96946301707e-23
1810.90804305  1.00081994393e-22
1876.01625732  1.00503126855e-22
1943.46533014  1.02696006118e-22
2013.33942322  1.03644745136e-22
2085.72572415  1.04522554202e-22
2160.71455525  1.05336676576e-22
2238.39948618  1.06093601877e-22
2318.87745078  1.06799177593e-22
2402.24886796  1.07458699633e-22
2488.61776706  1.08076986403e-22
2578.09191758  1.08658439806e-22
2670.78296373  1.09207095782e-22
2766.80656368  1.09726666415e-22
2866.28253393  1.10220575187e-22
2969.33499874  1.10691986637e-22
3076.0925451  1.10947652149e-22
3186.68838309  1.1130494767e-22
3301.26051218  1.11627963727e-22
3419.95189335  1.11919088905e-22
3542.91062753  1.12180523613e-22
3670.29014035  1.12414300359e-22
3802.24937364  1.12622301304e-22
3938.95298368  1.12806273531e-22
4080.57154674  1.1296784235e-22
4227.28177184  1.13108522938e-22
4379.2667213  1.13229730534e-22
4536.71603914  1.1333278939e-22
4699.82618773  1.13418940658e-22
4868.8006929  1.13489349327e-22
5043.85039793  1.13545110364e-22
5225.19372662  1.13587254137e-22
5413.05695583  1.13616751219e-22
5607.67449785  1.1363451666e-22
5809.28919286  1.13641413778e-22
6018.15261197  1.13638257544e-22
6234.52537109  1.13625817603e-22
6458.67745619  1.13604820984e-22
6690.88856009  1.13575954532e-22
6931.44843155  1.13539867107e-22
7180.65723674  1.13497171572e-22
7438.82593382  1.13448446608e-22
7706.27666093  1.13394238364e-22
7983.34313818  1.13335061989e-22
8270.371084  1.13271403035e-22
8567.71864659  1.13203718771e-22
8875.75685075  1.13132439414e-22
9194.87006089  1.13057969281e-22
9525.4564606  1.12980687889e-22
9867.9285495  1.12900950996e-22
10222.7136579  1.12819091606e-22
10590.2544803  1.12735420925e-22
10971.0096272  1.12650229298e-22
11365.4541979  1.12563787106e-22
11774.080373  1.12476345644e-22
12197.3980289  1.12388137975e-22
12635.9353735  1.12299379766e-22
13090.2396056  1.12210270103e-22
13560.8775976  1.12120992286e-22
14048.4366031  1.12031714613e-22
14553.524989  1.1194259114e-22
15076.7729955  1.11853762428e-22
15618.8335217  1.11765356271e-22
16180.3829408  1.11677488406e-22
16762.1219439  1.11590263204e-22
17364.776414  1.11503774345e-22
17989.0983325  1.11418105468e-22
18635.8667167  1.11333330807e-22
19305.8885922  1.11249515801e-22
20000  1.11166717684e-22

