4 20 101
101
4  0
4.06489836507  6.04378355397e-43
4.13084967959  1.21856250258e-42
4.19787102722  1.84271153652e-42
4.26597976883  2.47698713342e-42
4.33519354694  3.12155359263e-42
4.4055302903  3.77657787919e-42
4.47700821858  4.44222966706e-42
4.54964584702  5.11868138312e-42
4.6234619913  5.80610825179e-42
4.69847577235  6.50468834043e-42
4.77470662134  7.21460260547e-42
4.85217428469  7.93603493929e-42
4.93089882922  8.66917221786e-42
5.0109006473  6.40008016304e-40
5.09220046219  4.84347395284e-39
5.17481933334  9.17526293768e-39
5.2587786619  1.35773334283e-38
5.34410019626  1.80508257133e-38
5.43080603763  2.25968985822e-38
5.51891864584  2.72167296252e-38
5.60846084511  3.19115155387e-38
5.69945582996  3.66824724346e-38
5.79192717125  4.15308361562e-38
5.88589882225  4.64578625975e-38
5.98139512488  6.4197549851e-38
6.07844081599  2.87009400201e-36
6.17706103378  6.41260714652e-36
6.27728132428  1.00125961189e-35
6.37912764804  1.36709934409e-35
6.48262638677  1.73887467641e-35
6.58780435024  2.11668191154e-35
6.69468878317  2.50061891464e-35
6.80330737234  2.89078513869e-35
6.91368825372  3.28728165025e-35
7.02586001978  1.91863907465e-34
7.13985172691  8.76638265117e-34
7.25569290288  1.57297310417e-33
7.3734135546  2.28060569138e-33
7.49304417576  2.99971932808e-33
7.61461575486  3.7305002896e-33
7.73815978314  4.47313787354e-33
7.86370826279  5.22782444874e-33
7.9912937152  7.66100322966e-33
8.12094918942  5.24710064904e-32
8.25270827072  1.03044082808e-31
8.38660508926  1.54437686618e-31
8.52267432896  2.06665130643e-31
8.66095123645  2.59739943601e-31
8.80147163025  3.13675873705e-31
8.94427191  3.68486892231e-31
9.08938906592  1.55893607681e-30
9.23686068839  3.48761758873e-30
9.38672497765  5.44759116987e-30
9.53902075375  7.43936452125e-30
9.69378746657  9.46345358116e-30
9.85106520605  1.15203826588e-29
10.0108947126  1.76823824547e-29
10.1733173875  5.87027902511e-29
10.3383753039  1.01781718026e-28
10.5061112176  1.45559583797e-28
10.6765685779  1.90047727546e-28
10.8497915392  2.35257673244e-28
11.0258249723  3.38463279314e-28
11.2047144759  7.48114819529e-28
11.3865063885  1.16873203976e-27
11.5712478006  1.59617360248e-27
11.7589865666  2.03055022984e-27
11.9497713174  2.47197444043e-27
12.1436514728  5.10035402703e-27
12.3406772544  8.545923164e-27
12.5408996988  1.20473952519e-26
12.7443706706  1.56056772933e-26
12.9511428756  1.92296503373e-26
13.1612698752  3.83398972444e-26
13.3748060995  6.2522853291e-26
13.5918068618  8.70981679151e-26
13.8123283727  1.12072206974e-25
14.036427755  1.58775590905e-25
14.2641630582  3.10099163589e-25
14.4955932736  4.64968097983e-25
14.7307783496  6.22349717538e-25
14.9697792074  7.8869970139e-25
15.2126577564  1.29074724158e-24
15.4594769106  1.85741736313e-24
15.7103006046  2.43328147578e-24
15.9651938106  3.03049064976e-24
16.2242225547  4.3653426387e-24
16.4874539343  5.85269996125e-24
16.7549561354  7.36418904844e-24
17.0267984504  9.01210795856e-24
17.3030512959  1.14761568084e-23
17.5837862308  1.40026926172e-23
17.8690759753  1.65702204368e-23
18.1589944294  1.96541436327e-23
18.4536166918  2.31853682214e-23
18.75301908  2.67738854857e-23
19.0572791496  3.05032211465e-23
19.3664757145  3.46425291299e-23
19.6806888673  3.88509744127e-23
20  4.31277e-23

