3 20 101
101
3  0
3.05745688936  3.99560954324e-41
3.11601421011  8.06774418497e-41
3.17569303801  1.22178695566e-40
3.23651485253  1.64474793596e-40
3.29850154446  2.07580959035e-40
3.3616754239  2.51512706533e-40
3.4260592282  2.96285847883e-40
3.49167613021  3.41916497709e-40
3.55854974658  3.88421079268e-40
3.62670414627  4.3581633036e-40
3.69616385924  4.84119309351e-40
3.76695388521  5.33347401316e-40
3.83909970275  5.83518324291e-40
3.91262727838  6.34650135657e-40
3.98756307593  4.19066863357e-39
4.06393406609  3.69354233378e-37
4.1417677361  8.18161433631e-37
4.22109209963  1.27556432243e-36
4.30193570688  1.74172752696e-36
4.38432765487  2.21681882738e-36
4.46829759787  2.70100921723e-36
4.55387575811  3.19447296496e-36
4.64109293664  3.69738767668e-36
4.72998052444  4.20993436005e-36
4.82057051367  4.73229748945e-36
4.91289550923  5.26466507235e-36
5.00698874047  4.90221140354e-35
5.10288407317  4.48670834766e-34
5.20061602171  8.69395445445e-34
5.30021976151  1.29817789859e-33
5.40173114165  1.7351725204e-33
5.50518669785  2.18053659275e-33
5.61062366552  2.63443040985e-33
5.71807999326  3.09701733589e-33
5.82759435644  3.56846386387e-33
5.93920617117  4.04893967552e-33
6.05295560847  4.45745175274e-32
6.16888360871  1.32718337973e-31
6.28703189637  2.22550314999e-31
6.40744299507  3.1410278068e-31
6.53016024283  4.07408686324e-31
6.6552278077  5.02501614335e-31
6.78269070364  5.99415790293e-31
6.91259480676  6.9818609528e-31
7.04498687177  2.85032250999e-30
7.17991454885  9.10583365969e-30
7.31742640081  1.54811522134e-29
7.45757192053  2.19785727581e-29
7.60040154878  2.86004338272e-29
7.74596669241  3.53491187426e-29
7.89431974284  4.22270564721e-29
8.04551409486  9.15662618254e-29
8.19960416593  2.42018790228e-28
8.35664541573  3.95352830056e-28
8.51669436609  5.51623568872e-28
8.67980862141  7.10887251205e-28
8.84604688929  8.73201198796e-28
9.01546900177  1.21549602568e-27
9.18813593677  2.87055961008e-27
9.36410984009  4.59819748389e-27
9.54345404778  6.35892359043e-27
9.72623310891  8.15337164534e-27
9.91251280879  9.98218750137e-27
10.1023601927  2.2221803071e-26
10.29584359  4.37338482848e-26
10.4930326387  6.5657898566e-26
10.6939983105  8.80018447576e-26
10.8988129364  1.10773728831e-25
11.1075502328  2.05685067539e-25
11.3202853277  3.71167230458e-25
11.5370947883  5.39818756819e-25
11.7580566479  7.1170034721e-25
11.9832504345  9.03802960587e-25
12.2127571994  1.55724338759e-24
12.4466595458  2.27991439242e-24
12.6850416593  3.01642620657e-24
12.9279893377  3.76704391333e-24
13.175590022  5.34567670831e-24
13.4279328281  7.29461356639e-24
13.6851085784  9.28087704095e-24
13.9472098349  1.13082176317e-23
14.2143309324  1.41852501708e-23
14.4865680123  1.73255593351e-23
14.7640190574  2.05260126315e-23
15.0467839273  2.38811561845e-23
15.3349643938  2.77490835519e-23
15.628664178  3.1695586292e-23
15.9279889875  3.57176723665e-23
16.2330465545  3.98131809404e-23
16.5439466745  4.39859890806e-23
16.8608012457  4.82387160794e-23
17.1837243096  5.24168738827e-23
17.5128320918  5.6554581474e-23
17.8482430438  6.07715356678e-23
18.1900778857  6.48661578983e-23
18.5384596499  6.88739451975e-23
18.893513725  7.29584908271e-23
19.2553679009  7.68530213351e-23
19.6241524153  8.07081434468e-23
20  8.46371e-23

