5 20 101
101
5  0
5.06979739895  3.49384839925e-42
5.14056913328  7.03646910461e-42
5.21232880421  1.06285429521e-41
5.28509020281  1.42707602819e-41
5.35886731268  1.79638210709e-41
5.43367431263  2.17084350673e-41
5.50952557938  2.55053219272e-41
5.58643569036  2.93552113524e-41
5.66441942648  3.32588432313e-41
5.74349177499  3.72169677804e-41
5.82366793234  4.12303456893e-41
5.90496330715  4.52997482659e-41
5.98739352309  1.23389713183e-40
6.07097442198  6.1921297501e-39
6.15572206672  1.35261267727e-38
6.24165274451  2.09625025786e-38
6.32878296985  2.85026863222e-38
6.41712948781  3.61481271084e-38
6.50670927721  4.39002942708e-38
6.59753955386  5.1760677654e-38
6.68963777393  5.97307879002e-38
6.78302163724  6.78121567392e-38
6.8777090907  7.60063372833e-38
6.97371833175  8.4314904325e-38
7.07106781187  2.12799163592e-36
7.16977624008  4.96336268001e-36
7.2698625866  7.83831402888e-36
7.37134608646  1.0753398203e-35
7.47424624317  1.37091754358e-35
7.57858283255  1.6706213781e-35
7.68437590644  1.97450892225e-35
7.7916457966  2.28263857844e-35
7.90041311863  2.59506956432e-35
8.0106987759  7.13040195444e-35
8.12252396356  4.17439999784e-34
8.23591017268  7.7708503362e-34
8.35087919428  1.14175052504e-33
8.46745312363  1.51150655701e-33
8.58565436438  1.88642419084e-33
8.70550563296  2.26657547981e-33
8.82702996291  2.65203348301e-33
8.95025070928  3.04287227941e-33
9.07519155317  1.46701887594e-32
9.20187650625  3.39943732529e-32
9.33032991537  5.35883133094e-32
9.46057646726  7.34557745761e-32
9.59264119325  9.36005752668e-32
9.72654947412  1.14026586896e-31
9.86232704493  1.34737735021e-31
10  1.89507301227e-31
10.1395947979  7.12043092094e-31
10.2811382666  1.27611391388e-30
10.4246576084  1.8480588709e-30
10.5701804056  2.42798788199e-30
10.7177346254  3.01601240039e-30
10.8673486253  3.61224543517e-30
11.0190511588  5.59164938853e-30
11.1728713807  1.58477160728e-29
11.328838853  2.64098208152e-29
11.48698355  3.71193670453e-29
11.6473358647  4.79784129696e-29
11.8099266143  5.8989045526e-29
11.9747870462  7.15403590022e-29
12.141948844  1.96583910424e-28
12.3114441334  3.455106584e-28
12.483305489  4.96516346305e-28
12.6575659397  6.49629995058e-28
12.8342589756  8.04881030696e-28
13.0134185544  1.0874440443e-27
13.1950791077  2.39624444453e-27
13.3792755479  3.76132811206e-27
13.5660432745  5.14546763745e-27
13.7554181814  6.54892903058e-27
13.9474366635  7.97198201466e-27
14.1421356237  1.48646853556e-26
14.3395524802  2.38971323486e-26
14.5397251732  3.30556676028e-26
14.7426921729  4.23420512449e-26
14.9484924863  5.17593657007e-26
15.1571656651  9.24804576582e-26
15.3687518129  1.44130815668e-25
15.5832915932  1.96502185806e-25
15.8008262373  2.49604633027e-25
16.0213975518  3.24787512954e-25
16.2450479271  5.52848174877e-25
16.4718203454  7.88481725346e-25
16.7017583886  1.0274045976e-24
16.9349062473  1.26966270886e-24
17.1713087288  1.87257468004e-24
17.4110112659  2.62155402173e-24
17.6540599258  3.38098872539e-24
17.9005014186  4.15102474246e-24
18.1503831063  5.45097164445e-24
18.4037530125  7.11735511283e-24
18.6606598307  8.80700042757e-24
18.9211529345  1.05202323119e-23
19.1852823865  1.29216025552e-23
19.4530989482  1.56431008923e-23
19.7246540899  1.84025899304e-23
20  2.12006e-23

