2 20000 251
251
2  0
2.07505683164  2.62156249833e-41
2.15293042726  5.3415080842e-41
2.23372649556  8.16352891901e-41
2.31755471231  1.10914557252e-40
2.40452886923  1.4129262986e-40
2.49476702849  1.72810743408e-40
2.5883916829  2.05511681828e-40
2.68552992228  2.39439834663e-40
2.78631360589  2.74641257325e-40
2.89087954149  3.11163733614e-40
2.999369671  3.4905684058e-40
3.11193126321  1.89049342381e-36
3.22871711365  3.86261528963e-36
3.34988575205  5.90874776487e-36
3.4756016575  8.03166835046e-36
3.60603548172  1.02342587825e-35
3.74136428073  1.25195089442e-35
3.88177175519  1.48905209242e-35
4.02744849972  6.40662747626e-34
4.17859226171  4.07545204669e-33
4.33540820964  7.63914354682e-33
4.49810921167  1.13365747434e-32
4.66691612456  1.51727646754e-32
4.84205809347  1.91529207383e-32
5.02377286302  1.27156365738e-31
5.2123071  9.55228485251e-31
5.40791672822  1.81437683959e-30
5.6108672759  2.70576767062e-30
5.82143423613  3.63061098742e-30
6.0399034408  1.50182058946e-29
6.26657144863  7.52493582732e-29
6.50174594771  1.37740890384e-28
6.74574617318  2.02577630696e-28
6.99890334057  2.69847591159e-28
7.2615610954  2.38875013138e-27
7.53407597968  4.59608553959e-27
7.81681791585  6.88625874886e-27
8.11017070897  1.90967799769e-26
8.41453256769  4.87309693077e-26
8.7303166448  7.94772828181e-26
9.05795159807  1.4521227187e-25
9.3978821721  3.7677675213e-25
9.75056980207  6.17031480493e-25
10.1164932401  1.1543778828e-24
10.496149205  2.35185224246e-24
10.8900530568  3.59426591781e-24
11.2987394962  6.40674124319e-24
11.7227632903  9.90648523082e-24
12.1627000256  1.41898253336e-23
12.6191468896  1.97870506485e-23
13.0927234813  2.5739267036e-23
13.5840726523  3.25325132695e-23
14.0938613793  3.95453323046e-23
14.6227816697  4.66587283972e-23
15.1715515006  5.38452600908e-23
15.7409157939  6.08593157567e-23
16.3316474272  6.77187253783e-23
16.9445482828  7.44968633599e-23
17.5804503366  8.08464684967e-23
18.2402167871  8.52725605283e-23
18.9247432273  8.69183579387e-23
19.6349588604  8.98263788091e-23
20.3718277611  9.39791262798e-23
21.1363501843  9.93602326785e-23
21.9295639229  1.05954414035e-22
22.7525457165  1.1374742453e-22
23.606412713  1.22726010811e-22
24.4923239853  1.29246653161e-22
25.4114821042  1.32917435352e-22
26.3651347711  1.3639456123e-22
27.3545765119  1.39684974139e-22
28.3811504338  1.42795359218e-22
29.4462500487  1.45732152511e-22
30.5513211648  1.48501549815e-22
31.6978638492  1.51109515257e-22
32.8874344643  1.53561789628e-22
34.1216477801  1.55863898456e-22
35.4021791663  1.58021159846e-22
36.730766867  1.60038692085e-22
38.1092143593  1.61921421019e-22
39.5393928022  1.63674087213e-22
41.0232435765  1.65301252904e-22
42.5627809197  1.66807308743e-22
44.1600946604  1.68196480353e-22
45.8173530554  1.69472834691e-22
47.5368057325  1.70640286242e-22
49.3207867447  1.71702603035e-22
51.1717177381  1.72663412498e-22
53.0921112395  1.73526207168e-22
55.0845740668  1.74294350245e-22
57.1518108675  1.74971081022e-22
59.2966277905  1.75559520174e-22
61.5219362948  1.7606267494e-22
63.830757102  1.76483444192e-22
66.2262242965  1.76824623397e-22
68.71158958  1.77088909495e-22
71.2902266852  1.77278905689e-22
73.9656359561  1.77397126161e-22
76.7414490985  1.77446000728e-22
79.6214341107  1.77427879433e-22
82.609500398  1.77345037099e-22
85.7097040795  1.7719967784e-22
88.9262534938  1.76993939544e-22
92.2635149121  1.76729898337e-22
95.7260184645  1.76409573037e-22
99.3184642901  1.76034929602e-22
103.045728916  1.75607885593e-22
106.912871879  1.75130314635e-22
110.925142592  1.74604050914e-22
115.087987467  1.74030893689e-22
119.407057317  1.73412611842e-22
123.888215015  1.72750948457e-22
128.537543463  1.72047625446e-22
133.361353843  1.71304348198e-22
138.366194184  1.70522810279e-22
143.558858254  1.69704698152e-22
148.946394781  1.68851695926e-22
154.536117019  1.67965490113e-22
160.335612678  1.67047774384e-22
166.352754221  1.66100254297e-22
172.595709553  1.65124651979e-22
179.07295311  1.64122710721e-22
185.793277356  1.63096199452e-22
192.765804725  1.62046917046e-22
200  1.60976696405e-22
207.505683164  1.59887408253e-22
215.293042726  1.58780964578e-22
223.372649556  1.57659321628e-22
231.755471231  1.56524482377e-22
240.452886923  1.55378498366e-22
249.476702849  1.54223470799e-22
258.83916829  1.53061550798e-22
268.552992228  1.51894938681e-22
278.631360589  1.50725882151e-22
289.087954149  1.49556673284e-22
299.9369671  1.4838964418e-22
311.193126321  1.47227161205e-22
322.871711365  1.46071617698e-22
334.988575205  1.44925425117e-22
347.56016575  1.43791002548e-22
360.603548172  1.42670764606e-22
374.136428073  1.41567107748e-22
388.177175519  1.4048239509e-22
402.744849972  1.39496878725e-22
417.859226171  1.38455192096e-22
433.540820964  1.37439253856e-22
449.810921167  1.36451109829e-22
466.691612456  1.35492681191e-22
484.205809347  1.34565745309e-22
502.377286302  1.33671917241e-22
521.23071  1.32812632313e-22
540.791672822  1.31989130289e-22
561.08672759  1.3120244156e-22
582.143423613  1.30453375795e-22
603.99034408  1.2974251344e-22
626.657144863  1.29070200385e-22
650.174594771  1.28436546036e-22
674.574617318  1.27841424983e-22
699.890334057  1.27284482335e-22
726.15610954  1.26765142737e-22
753.407597968  1.26282623029e-22
781.681791585  1.25835948451e-22
811.017070897  1.25423972319e-22
841.453256769  1.25045399158e-22
873.03166448  1.24698811438e-22
905.795159807  1.24382700473e-22
939.78821721  1.24095502896e-22
975.056980207  1.23835646613e-22
1011.64932401  1.23602287935e-22
1049.6149205  1.23408271767e-22
1089.00530568  1.23258573099e-22
1129.87394962  1.23152498173e-22
1172.27632903  1.2308920704e-22
1216.27000256  1.2262461046e-22
1261.91468896  1.22680480918e-22
1309.27234813  1.22773284373e-22
1358.40726523  1.2290341941e-22
1409.38613793  1.23071172498e-22
1462.27816697  1.23276716137e-22
1517.15515006  1.23520108077e-22
1574.09157939  1.23801291622e-22
1633.16474272  1.24120097012e-22
1694.45482828  1.24476243863e-22
1758.04503366  1.24869344604e-22
1824.02167871  1.25298908853e-22
1892.47432273  1.27081764513e-22
1963.49588604  1.28146836984e-22
2037.18277611  1.29127281896e-22
2113.63501843  1.30032218733e-22
2192.95639229  1.30869717682e-22
2275.25457165  1.31646970228e-22
2360.6412713  1.32370425032e-22
2449.23239853  1.33045897123e-22
2541.14821042  1.33678656356e-22
2636.51347711  1.34273499596e-22
2735.45765119  1.34834810004e-22
2838.11504338  1.35366606027e-22
2944.62500487  1.35872582105e-22
3055.13211648  1.36174206405e-22
3169.78638492  1.36561749457e-22
3288.74344643  1.36911431647e-22
3412.16477801  1.37226005608e-22
3540.21791663  1.37507994955e-22
3673.0766867  1.37759720392e-22
3810.92143593  1.37983322122e-22
3953.93928022  1.38180779178e-22
4102.32435765  1.38353926141e-22
4256.27809197  1.38504467648e-22
4416.00946604  1.38633991011e-22
4581.73530554  1.38743977234e-22
4753.68057325  1.3883581063e-22
4932.07867447  1.38910787254e-22
5117.17177381  1.38970122302e-22
5309.21112395  1.39014956617e-22
5508.45740668  1.39046362416e-22
5715.18108675  1.39065348357e-22
5929.66277905  1.39072864009e-22
6152.19362948  1.39069803829e-22
6383.0757102  1.3905701069e-22
6622.62242965  1.3903527904e-22
6871.158958  1.39005357719e-22
7129.02266852  1.38967952508e-22
7396.56359561  1.38923728423e-22
7674.14490985  1.38873311804e-22
7962.14341107  1.38817292225e-22
8260.9500398  1.38756224247e-22
8570.97040795  1.38690629046e-22
8892.62534938  1.38620995931e-22
9226.35149121  1.38547783758e-22
9572.60184645  1.3847142228e-22
9931.84642901  1.38392313418e-22
10304.5728916  1.38310832481e-22
10691.2871879  1.38227329335e-22
11092.5142592  1.38142129536e-22
11508.7987467  1.38055535418e-22
11940.7057317  1.3796782716e-22
12388.8215015  1.37879263821e-22
12853.7543463  1.37790084346e-22
13336.1353843  1.37700508553e-22
13836.6194184  1.37610738099e-22
14355.8858254  1.37520957418e-22
14894.6394781  1.37431334644e-22
15453.6117019  1.37342022505e-22
16033.5612678  1.37253159202e-22
16635.2754221  1.37164869259e-22
17259.5709553  1.37077264355e-22
17907.295311  1.36990444122e-22
18579.3277356  1.36904496931e-22
19276.5804725  1.36819500639e-22
20000  1.36735523318e-22

