4 20 101
101
4  0
4.06489836507  2.17470527445e-41
4.13084967959  4.38469425311e-41
4.19787102722  6.63053939965e-41
4.26597976883  8.91282246575e-41
4.33519354694  1.12321346417e-40
4.4055302903  1.35890767098e-40
4.47700821858  1.59842591996e-40
4.54964584702  1.84183025463e-40
4.6234619913  2.08918372514e-40
4.69847577235  2.34055040461e-40
4.77470662134  2.59599540571e-40
4.85217428469  2.85558489754e-40
4.93089882922  3.11938612278e-40
5.0109006473  1.26067825346e-38
5.09220046219  9.43966138481e-38
5.17481933334  1.78683139146e-37
5.2587786619  2.64337178867e-37
5.34410019626  3.51380920372e-37
5.43080603763  4.39836911006e-37
5.51891864584  5.29728063933e-37
5.60846084511  6.21077664075e-37
5.69945582996  7.13909374141e-37
5.79192717125  8.0824724076e-37
5.88589882225  9.04115700706e-37
5.98139512488  1.19273075551e-36
6.07844081599  4.33479279296e-35
6.17706103378  9.65643323645e-35
6.27728132428  1.5064415121e-34
6.37912764804  2.05601393012e-34
6.48262638677  2.614502936e-34
6.58780435024  3.18205319772e-34
6.69468878317  3.75881173047e-34
6.80330737234  4.34492793466e-34
6.91368825372  4.94055363471e-34
7.02586001978  2.49108574348e-33
7.13985172691  1.10588042592e-32
7.25569290288  1.97711577087e-32
7.3734135546  2.86248655319e-32
7.49304417576  3.76222211458e-32
7.61461575486  4.67655551769e-32
7.73815978314  5.60572360656e-32
7.86370826279  6.54996706788e-32
7.9912937152  8.87139331824e-32
8.12094918942  4.58337773377e-31
8.25270827072  8.75119403763e-31
8.38660508926  1.29866314575e-30
8.52267432896  1.72907871184e-30
8.66095123645  2.16647759456e-30
8.80147163025  2.61097309537e-30
8.94427191  3.062680354e-30
9.08938906592  9.18274649159e-30
9.23686068839  1.89886419716e-29
9.38672497765  2.89536340978e-29
9.53902075375  3.90803041483e-29
9.69378746657  4.93712752812e-29
9.85106520605  5.98292132144e-29
10.0108947126  8.5246363255e-29
10.1733173875  2.37328164573e-28
10.3383753039  3.96937123057e-28
10.5061112176  5.59135671655e-28
10.6765685779  7.23965825408e-28
10.8497915392  8.91470281034e-28
11.0258249723  1.40612101359e-27
11.2047144759  3.76230490883e-27
11.3865063885  6.18269697704e-27
11.5712478006  8.64235891727e-27
11.7589865666  1.11419278671e-26
11.9497713174  1.36820513016e-26
12.1436514728  3.22018226445e-26
12.3406772544  5.66854678307e-26
12.5408996988  8.15663501529e-26
12.7443706706  1.06850914621e-25
12.9511428756  1.32592966846e-25
13.1612698752  2.50348478776e-25
13.3748060995  3.98291286294e-25
13.5918068618  5.48634405394e-25
13.8123283727  7.01416780152e-25
14.036427755  9.31742681679e-25
14.2641630582  1.53141927152e-24
14.4955932736  2.14466305626e-24
14.7307783496  2.76785647076e-24
14.9697792074  3.41733342579e-24
15.2126577564  4.91686274116e-24
15.4594769106  6.58310429639e-24
15.7103006046  8.27637993981e-24
15.9651938106  1.00109608111e-23
16.2242225547  1.26126708634e-23
16.4874539343  1.54073984204e-23
16.7549561354  1.82474692897e-23
17.0267984504  2.12127710318e-23
17.3030512959  2.47845241281e-23
17.5837862308  2.84301479934e-23
17.8690759753  3.21349206158e-23
18.1589944294  3.59687893427e-23
18.4536166918  3.99225906424e-23
18.75301908  4.39405407522e-23
19.0572791496  4.79909939644e-23
19.3664757145  5.19688671731e-23
19.6806888673  5.6010496693e-23
20  6.01177e-23

