5 20 101
101
5  0
5.06979739895  3.70290556858e-42
5.14056913328  7.45750177261e-42
5.21232880421  1.12645101865e-41
5.28509020281  1.51246624574e-41
5.35886731268  1.90387004458e-41
5.43367431263  2.30073763685e-41
5.50952557938  2.70314529425e-41
5.58643569036  3.11117035322e-41
5.66441942648  3.52489122974e-41
5.74349177499  3.94438743449e-41
5.82366793234  4.36973958802e-41
5.90496330715  4.80102943635e-41
5.98739352309  1.26531624633e-40
6.07097442198  6.21064739686e-39
6.15572206672  1.35631791362e-38
6.24165274451  2.10183483938e-38
6.32878296985  2.85775879359e-38
6.41712948781  3.62423505297e-38
6.50670927721  4.40141092219e-38
6.59753955386  5.18943576226e-38
6.68963777393  5.98846101916e-38
6.78302163724  6.79864025298e-38
6.8777090907  7.62012916744e-38
6.97371833175  8.4530856398e-38
7.07106781187  2.21689020939e-36
7.16977624008  5.17542748823e-36
7.2698625866  8.17526440843e-36
7.37134608646  1.12169774915e-35
7.47424624317  1.43011513068e-35
7.57858283255  1.74283785843e-35
7.68437590644  2.05992603276e-35
7.7916457966  2.38144059306e-35
7.90041311863  2.70744332937e-35
8.0106987759  7.4498248216e-35
8.12252396356  4.36486075779e-34
8.23591017268  8.12601817123e-34
8.35087919428  1.19396793856e-33
8.46745312363  1.58065773266e-33
8.58565436438  1.97274551512e-33
8.70550563296  2.37030663906e-33
8.82702996291  2.77341750948e-33
8.95025070928  3.18215559794e-33
9.07519155317  1.54003724389e-32
9.20187650625  3.57079476139e-32
9.33032991537  5.62990059741e-32
9.46057646726  7.71775047974e-32
9.59264119325  9.8347456603e-32
9.72654947412  1.19812929923e-31
9.86232704493  1.41578050084e-31
10  1.99535435607e-31
10.1395947979  7.54609432163e-31
10.2811382666  1.35382139246e-30
10.4246576084  1.96139804e-30
10.5701804056  2.57745614147e-30
10.7177346254  3.20211409356e-30
10.8673486253  3.83549194571e-30
11.0190511588  5.98105675759e-30
11.1728713807  1.71765837347e-29
11.328838853  2.87064853585e-29
11.48698355  4.03973384109e-29
11.6473358647  5.22513896902e-29
11.8099266143  6.42709173588e-29
11.9747870462  7.79638477236e-29
12.141948844  2.13772227782e-28
12.3114441334  3.75507666987e-28
12.483305489  5.39500848787e-28
12.6575659397  7.05783290095e-28
12.8342589756  8.74386947781e-28
13.0134185544  1.17542416567e-27
13.1950791077  2.54327162607e-27
13.3792755479  3.96972569775e-27
13.5660432745  5.4160923262e-27
13.7554181814  6.88264948038e-27
13.9474366635  8.36967900951e-27
14.1421356237  1.5486402782e-26
14.3395524802  2.48056747515e-26
14.5397251732  3.42550389097e-26
14.7426921729  4.3836311276e-26
14.9484924863  5.35526927421e-26
15.1571656651  9.606133336e-26
15.3687518129  1.50017536049e-25
15.5832915932  2.0472693926e-25
15.8008262373  2.60200057278e-25
16.0213975518  3.38502496528e-25
16.2450479271  5.74819155212e-25
16.4718203454  8.18971184799e-25
16.7017583886  1.06653144971e-24
16.9349062473  1.31754752713e-24
17.1713087288  1.93823338509e-24
17.4110112659  2.7086613098e-24
17.6540599258  3.48984400756e-24
17.9005014186  4.28193160939e-24
18.1503831063  5.60926222439e-24
18.4037530125  7.30678232054e-24
18.6606598307  9.02799891417e-24
18.9211529345  1.07732427961e-23
19.1852823865  1.32113167271e-23
19.4530989482  1.59718627189e-23
19.7246540899  1.87709444967e-23
20  2.16091e-23

