3 20 101
101
3  0
3.05745688936  4.93750033058e-43
3.11601421011  9.96956513123e-43
3.17569303801  1.50980055287e-42
3.23651485253  2.03246673371e-42
3.29850154446  2.56514317218e-42
3.3616754239  3.10802158772e-42
3.4260592282  3.66129737162e-42
3.49167613021  4.22516965734e-42
3.55854974658  4.79984139225e-42
3.62670414627  5.38551941059e-42
3.69616385924  5.98241450796e-42
3.76695388521  6.59074151719e-42
3.83909970275  7.21071938564e-42
3.91262727838  7.84257125402e-42
3.98756307593  9.99015820642e-41
4.06393406609  9.62609308966e-39
4.1417677361  2.13344880484e-38
4.22109209963  3.32671256585e-38
4.30193570688  4.54283006815e-38
4.38432765487  5.78223901338e-38
4.46829759787  7.04538548615e-38
4.55387575811  8.33272411464e-38
4.64109293664  9.64471823418e-38
4.72998052444  1.0981840054e-37
4.82057051367  1.23445708274e-37
4.91289550923  1.37334010245e-37
5.00698874047  2.081561349e-36
5.10288407317  1.99204926561e-35
5.20061602171  3.87005234472e-35
5.30021976151  5.78402349555e-35
5.40173114165  7.73465158927e-35
5.50518669785  9.72263869051e-35
5.61062366552  1.17487003101e-34
5.71807999326  1.38135656624e-34
5.82759435644  1.59179779281e-34
5.93920617117  1.80626945213e-34
6.05295560847  2.80473578257e-33
6.16888360871  8.52374121824e-33
6.28703189637  1.43522787414e-32
6.40744299507  2.02924461432e-32
6.53016024283  2.6346381392e-32
6.6552278077  3.25162634034e-32
6.78269070364  3.88043128242e-32
6.91259480676  4.52127928316e-32
7.04498687177  2.54850419605e-31
7.17991454885  8.70677244267e-31
7.31742640081  1.49829856684e-30
7.45757192053  2.13794027904e-30
7.60040154878  2.78983259894e-30
7.74596669241  3.45421015381e-30
7.89431974284  4.13131206456e-30
8.04551409486  1.31681766006e-29
8.19960416593  4.21299216607e-29
8.35664541573  7.1646350648e-29
8.51669436609  1.01728087034e-28
8.67980862141  1.32385957752e-28
8.84604688929  1.636309971e-28
9.01546900177  2.52244398497e-28
9.18813593677  7.61804824204e-28
9.36410984009  1.2942443122e-27
9.54345404778  1.83688123912e-27
9.72623310891  2.38991090932e-27
9.91251280879  2.95353236772e-27
10.1023601927  5.73511950424e-27
10.29584359  1.04925782795e-26
10.4930326387  1.53411533155e-26
10.6939983105  2.0282589698e-26
10.8988129364  2.53186659351e-26
11.1075502328  5.32662384736e-26
11.3202853277  1.03625379439e-25
11.5370947883  1.54949013602e-25
11.7580566479  2.07255613221e-25
11.9832504345  2.68209354662e-25
12.2127571994  5.37013740693e-25
12.4466595458  8.36579726713e-25
12.6850416593  1.1418830893e-24
12.9279893377  1.45303371241e-24
13.175590022  2.31628105436e-24
13.4279328281  3.42432588607e-24
13.6851085784  4.55359232089e-24
13.9472098349  5.70832550519e-24
14.2143309324  7.91055866047e-24
14.4865680123  1.04182187971e-23
14.7640190574  1.29739063841e-23
15.0467839273  1.57510451072e-23
15.3349643938  1.9409820932e-23
15.628664178  2.31469744659e-23
15.9279889875  2.69558106104e-23
16.2330465545  3.11466536604e-23
16.5439466745  3.55152666962e-23
16.8608012457  3.9967548704e-23
17.1837243096  4.44503890372e-23
17.5128320918  4.89768387409e-23
17.8482430438  5.35899803511e-23
18.1900778857  5.81165835544e-23
18.5384596499  6.25875757634e-23
18.893513725  6.71441977407e-23
19.2553679009  7.15163806e-23
19.6241524153  7.58568305083e-23
20  8.028041e-23

