4 20 101
101
4  0
4.06489836507  5.98181210517e-41
4.13084967959  1.20606766668e-40
4.19787102722  1.82381683213e-40
4.26597976883  2.45158872529e-40
4.33519354694  3.08954596083e-40
4.4055302903  3.73785379176e-40
4.47700821858  4.39668015227e-40
4.54964584702  5.06619570119e-40
4.6234619913  5.74657386624e-40
4.69847577235  6.43799088892e-40
4.77470662134  7.1406258702e-40
4.85217428469  7.85466081685e-40
4.93089882922  8.58028068866e-40
5.0109006473  2.97871474908e-38
5.09220046219  2.22174088518e-37
5.17481933334  4.20433625324e-37
5.2587786619  6.21909842079e-37
5.34410019626  8.26654928102e-37
5.43080603763  1.03472191946e-36
5.51891864584  1.24616471271e-36
5.60846084511  1.46103807885e-36
5.69945582996  1.67939767754e-36
5.79192717125  1.90130007146e-36
5.88589882225  2.12680274103e-36
5.98139512488  2.75250718553e-36
6.07844081599  9.02127024325e-35
6.17706103378  2.00615017475e-34
6.27728132428  3.12808564954e-34
6.37912764804  4.26822406883e-34
6.48262638677  5.42686076796e-34
6.58780435024  6.60429587397e-34
6.69468878317  7.80083438332e-34
6.80330737234  9.01678624091e-34
6.91368825372  1.02524664204e-33
7.02586001978  5.14830484964e-33
7.13985172691  2.28351274485e-32
7.25569290288  4.08205276491e-32
7.3734135546  5.90977336167e-32
7.49304417576  7.76714797806e-32
7.61461575486  9.65465773844e-32
7.73815978314  1.15727915732e-31
7.86370826279  1.35220463454e-31
7.9912937152  1.84061287528e-31
8.12094918942  9.71363126198e-31
8.25270827072  1.85918467124e-30
8.38660508926  2.76141075798e-30
8.52267432896  3.6782750942e-30
8.66095123645  4.61001517952e-30
8.80147163025  5.55687236689e-30
8.94427191  6.51909192512e-30
9.08938906592  1.82083416623e-29
9.23686068839  3.68734414914e-29
9.38672497765  5.58413749361e-29
9.53902075375  7.51170553482e-29
9.69378746657  9.47054757964e-29
9.85106520605  1.1461171036e-28
10.0108947126  1.59459709372e-28
10.1733173875  4.15195999435e-28
10.3383753039  6.83503914817e-28
10.5061112176  9.5616501646e-28
10.6765685779  1.23324993303e-27
10.8497915392  1.51483043912e-27
11.0258249723  2.32236803325e-27
11.2047144759  5.91804070602e-27
11.3865063885  9.61137974074e-27
11.5712478006  1.33646416917e-26
11.7589865666  1.71787987838e-26
11.9497713174  2.10548390157e-26
12.1436514728  4.89106448797e-26
12.3406772544  8.57167750141e-26
12.5408996988  1.23120069566e-25
12.7443706706  1.61130217284e-25
12.9511428756  1.99821944885e-25
13.1612698752  3.64899057629e-25
13.3748060995  5.71477417581e-25
13.5918068618  7.81407426989e-25
13.8123283727  9.94743464994e-25
14.036427755  1.30585430451e-24
14.2641630582  2.08138075315e-24
14.4955932736  2.87431158572e-24
14.7307783496  3.68010739695e-24
14.9697792074  4.51621098502e-24
15.2126577564  6.26050194437e-24
15.4594769106  8.1848225436e-24
15.7103006046  1.0140364458e-23
15.9651938106  1.21407174872e-23
16.2242225547  1.49670657636e-23
16.4874539343  1.79819074003e-23
16.7549561354  2.10456636102e-23
17.0267984504  2.42211264232e-23
17.3030512959  2.78854490864e-23
17.5837862308  3.16216941887e-23
17.8690759753  3.54185583407e-23
18.1589944294  3.92929086051e-23
18.4536166918  4.32434101355e-23
18.75301908  4.72580069385e-23
19.0572791496  5.12967517574e-23
19.3664757145  5.52276063315e-23
19.6806888673  5.9221255503e-23
20  6.32797e-23

