0.5 20 151
151
0.5  0
0.512448710082  2.8785899246e-37
0.52520736093  5.82884931203e-37
0.538283669269  8.85256254702e-37
0.55168554395  1.19515584409e-36
0.565421090737  1.51277113376e-36
0.579498617203  1.83829422475e-36
0.59392663776  2.17192200091e-36
0.608713878807  2.51385624799e-36
0.623869284008  2.86430377569e-36
0.6394020197  3.22347654273e-36
0.655321480438  3.59159178507e-36
0.67163729468  3.96887214726e-36
0.688359330604  4.35554581715e-36
0.705497702082  4.75184666386e-36
0.723062774796  5.15801437927e-36
0.741065172505  5.57429462295e-36
0.759515783475  6.00093917076e-36
0.778425767058  6.43820606713e-36
0.797806560447  6.88635978115e-36
0.817669885593  7.34567136649e-36
0.83802775629  7.81641862535e-36
0.858892485448  8.29888627651e-36
0.880276692535  8.79336612749e-36
0.90219331121  9.30015725109e-36
0.924655597149  9.81956616623e-36
0.947677136058  1.03519070234e-35
0.971271851895  1.08975017945e-35
0.995454015286  1.29725993546e-33
1.02023825216  2.22290075099e-31
1.04563955259  5.0127480419e-31
1.07167327987  7.872055333e-31
1.0983551798  1.08025519991e-30
1.1257013902  1.3806010472e-30
1.15372845069  1.68842473124e-30
1.18245331269  2.00391243089e-30
1.21189334964  2.32725496034e-30
1.24206636756  2.65864788461e-30
1.27299061578  2.99829163776e-30
1.30468479801  3.34639164413e-30
1.33716808361  3.70315844263e-30
1.37046011922  4.068807814e-30
1.40458104063  4.44356091141e-30
1.43955148495  4.82764439414e-30
1.47539260312  5.22129056472e-30
1.51212607267  5.6247375094e-30
1.54977411084  6.03822924218e-30
1.58835948804  6.46201585236e-30
1.62790554158  6.89635365584e-30
1.66843618984  7.34150535011e-30
1.70997594668  7.79774017314e-30
1.75254993629  8.26533406626e-30
1.79618390842  8.744569841e-30
1.84090425388  9.23573735019e-30
1.88673802057  9.73913366322e-30
1.93371292981  1.02550632458e-29
1.9818573931  1.07838381439e-29
2.03120052932  5.89613052359e-29
2.08177218234  1.36727202174e-28
2.13360293905  2.16429269323e-28
2.18672414789  2.98115712326e-28
2.24116793778  3.81835937022e-28
2.29696723759  4.67640579329e-28
2.35415579601  5.55581535867e-28
2.41276820199  6.4571199535e-28
2.47283990568  7.38086470752e-28
2.53440723981  8.3276083228e-28
2.59750744173  9.29792341167e-28
2.66217867588  1.0292396843e-27
2.72846005693  1.13116300972e-27
2.79639167337  1.23562396299e-27
2.86601461181  1.34268572451e-27
2.9373709818  1.4524130477e-27
3.01050394131  3.77901762303e-27
3.08545772284  1.82193237539e-26
3.16227766017  3.32049177174e-26
3.24101021575  4.85636143102e-26
3.32170300885  6.43047028253e-26
3.40440484432  8.0437703835e-26
3.48916574214  9.69723749493e-26
3.57603696765  1.13918716718e-25
3.66507106256  1.31286978677e-25
3.75632187674  1.49087665552e-25
3.84984460077  1.67331543608e-25
3.94569579937  1.86029647161e-25
4.04393344553  2.64361651185e-25
4.14461695564  4.196002192e-25
4.2478072254  5.78703827068e-25
4.35356666667  7.4176870431e-25
4.46195924519  9.08893476316e-25
4.57305051927  1.08017922399e-24
4.68690767949  1.25572954489e-24
4.80359958925  1.43565061589e-24
4.92319682653  1.6200512574e-24
5.04577172647  1.96329339697e-24
5.1713984252  2.58035164085e-24
5.30015290463  3.2127730431e-24
5.43211303844  3.86094010672e-24
5.56735863914  4.52524485806e-24
5.70597150638  5.20608908392e-24
5.84803547643  5.90388457453e-24
5.99363647282  6.64944113513e-24
6.1428625584  8.01921760594e-24
6.29580398853  9.48470086004e-24
6.4525532657  1.09866708664e-23
6.6132051955  1.25260360512e-23
6.77785694388  1.41037274577e-23
6.94660809603  1.57206993101e-23
7.11956071652  1.76755174091e-23
7.29681941106  1.98152071109e-23
7.47849138981  2.20081695664e-23
7.66468653214  2.42557311294e-23
7.85551745316  2.65592511771e-23
8.0510995718  2.89247167827e-23
8.25155118063  3.13623887525e-23
8.45699351738  3.38607524655e-23
8.66755083831  3.64213189896e-23
8.88335049333  3.90456370143e-23
9.10452300303  4.16858857641e-23
9.33120213764  4.43353568251e-23
9.5635249979  4.70507928805e-23
9.80163209803  4.98338362882e-23
10.0456674507  5.30658522719e-23
10.295778654  5.80051496944e-23
10.5521169811  6.30774699752e-23
10.8148374712  6.82760779452e-23
11.0840990237  7.26075620716e-23
11.3600644943  7.47981235433e-23
11.6429007931  7.70432243444e-23
11.9327789861  7.93439210475e-23
12.2298743982  8.13597389842e-23
12.5343667197  8.3322706588e-23
12.8464401144  8.5334547021e-23
13.1662833315  8.72388920401e-23
13.4940898196  8.90414999182e-23
13.8300578436  9.08889880821e-23
14.1743906047  9.26533551313e-23
14.5272963631  9.43326924735e-23
14.8889885645  9.60538409832e-23
15.2596859686  9.76306859728e-23
15.6396127818  9.91647924516e-23
16.0289987924  1.00708062928e-22
16.4280795102  1.02051069803e-22
16.8370963082  1.03418412958e-22
17.2562965694  1.04656794813e-22
17.6859338356  1.05819822893e-22
18.1262679613  1.06942612528e-22
18.5775652707  1.07916963419e-22
19.0400987189  1.08904800484e-22
19.5141480567  1.09835187747e-22
20  1.10786e-22

