2 20000 251
251
2  0
2.07505683164  6.97386035277e-39
2.15293042726  1.42094386367e-38
2.23372649556  2.17165567112e-38
2.31755471231  2.95054050343e-38
2.40452886923  3.75865564961e-38
2.49476702849  4.59709807702e-38
2.5883916829  5.46700592049e-38
2.68552992228  6.36956002723e-38
2.78631360589  7.30598555979e-38
2.89087954149  8.27755365911e-38
2.999369671  9.28558317006e-38
3.11193126321  1.95560766165e-34
3.22871711365  3.99506282799e-34
3.34988575205  6.11105551585e-34
3.4756016575  8.30645805716e-34
3.60603548172  1.05842505779e-33
3.74136428073  1.29475250436e-33
3.88177175519  1.53994894561e-33
4.02744849972  3.6403859118e-32
4.17859226171  2.27243314367e-31
4.33540820964  4.25244672046e-31
4.49810921167  6.30676707009e-31
4.66691612456  8.43818280803e-31
4.84205809347  1.06495872021e-30
5.02377286302  4.30480712995e-30
5.2123071  2.84173541998e-29
5.40791672822  5.34348069625e-29
5.6108672759  7.93911250952e-29
5.82143423613  1.06321542728e-28
6.0399034408  2.695127116e-28
6.26657144863  1.06677871469e-27
6.50174594771  1.89396484786e-27
6.74574617318  2.7521939662e-27
6.99890334057  3.64263106375e-27
7.2615610954  1.98111660794e-26
7.53407597968  3.6652796395e-26
7.81681791585  5.41264664161e-26
8.11017070897  1.35156269502e-25
8.41453256769  3.27737071514e-25
8.7303166448  5.27545125943e-25
9.05795159807  8.77841170053e-25
9.3978821721  1.93167074482e-24
9.75056980207  3.02504887407e-24
10.1164932401  4.78407106411e-24
10.496149205  7.99668695472e-24
10.8900530568  1.13298672303e-23
11.2987394962  1.60799543959e-23
11.7227632903  2.15015828886e-23
12.1627000256  2.73601691177e-23
12.6191468896  3.38514155389e-23
13.0927234813  4.0534239806e-23
13.5840726523  4.72461383744e-23
14.0938613793  5.40887760393e-23
14.6227816697  6.06312186407e-23
15.1715515006  6.71818077807e-23
15.7409157939  7.34366731667e-23
16.3316474272  7.95069772521e-23
16.9445482828  8.54652415959e-23
17.5804503366  9.10072655048e-23
18.2402167871  9.48198038335e-23
18.9247432273  9.6105853687e-23
19.6349588604  9.8466746829e-23
20.3718277611  1.01885613985e-22
21.1363501843  1.06346485719e-22
21.9295639229  1.11834248337e-22
22.7525457165  1.18334599503e-22
23.606412713  1.2583400353e-22
24.4923239853  1.31309412476e-22
25.4114821042  1.34417861582e-22
26.3651347711  1.37356716564e-22
27.3545765119  1.40132030069e-22
28.3811504338  1.42749629346e-22
29.4462500487  1.45215124211e-22
30.5513211648  1.47533914782e-22
31.6978638492  1.49711198983e-22
32.8874344643  1.51751979825e-22
34.1216477801  1.53661072473e-22
35.4021791663  1.55443111105e-22
36.730766867  1.57102555567e-22
38.1092143593  1.58643697834e-22
39.5393928022  1.60070668276e-22
41.0232435765  1.61387441751e-22
42.5627809197  1.62597843518e-22
44.1600946604  1.6370555498e-22
45.8173530554  1.64714119275e-22
47.5368057325  1.65626946702e-22
49.3207867447  1.66447320013e-22
51.1717177381  1.67178399557e-22
53.0921112395  1.67823228304e-22
55.0845740668  1.68384736731e-22
57.1518108675  1.68865747608e-22
59.2966277905  1.69268980667e-22
61.5219362948  1.69597057174e-22
63.830757102  1.69852504408e-22
66.2262242965  1.70037760061e-22
68.71158958  1.70155176552e-22
71.2902266852  1.70207025287e-22
73.9656359561  1.7019550085e-22
76.7414490985  1.70122725145e-22
79.6214341107  1.69990751498e-22
82.609500398  1.69801568723e-22
85.7097040795  1.69557105163e-22
88.9262534938  1.69259232712e-22
92.2635149121  1.68909770827e-22
95.7260184645  1.68510490545e-22
99.3184642901  1.68063118495e-22
103.045728916  1.67569340938e-22
106.912871879  1.67030807809e-22
110.925142592  1.66449136808e-22
115.087987467  1.65825917502e-22
119.407057317  1.6516271548e-22
123.888215015  1.64461076539e-22
128.537543463  1.63722530915e-22
133.361353843  1.62948597557e-22
138.366194184  1.62140788433e-22
143.558858254  1.61300612884e-22
148.946394781  1.60429581993e-22
154.536117019  1.59529212975e-22
160.335612678  1.58601033566e-22
166.352754221  1.57646586395e-22
172.595709553  1.56667433304e-22
179.07295311  1.55665159604e-22
185.793277356  1.54641378201e-22
192.765804725  1.53597733581e-22
200  1.5253590557e-22
207.505683164  1.5145761283e-22
215.293042726  1.50364616012e-22
223.372649556  1.49258720493e-22
231.755471231  1.48141778597e-22
240.452886923  1.47015691236e-22
249.476702849  1.45882408825e-22
258.83916829  1.44743931402e-22
268.552992228  1.43602307821e-22
278.631360589  1.424596339e-22
289.087954149  1.41318049425e-22
299.9369671  1.40179733889e-22
311.193126321  1.39046900874e-22
322.871711365  1.37921790989e-22
334.988575205  1.36806663309e-22
347.56016575  1.3570378527e-22
360.603548172  1.34615421026e-22
374.136428073  1.33543818306e-22
388.177175519  1.32491193857e-22
402.744849972  1.31534255339e-22
417.859226171  1.30524364922e-22
433.540820964  1.29539836143e-22
449.810921167  1.28582585738e-22
466.691612456  1.27654412152e-22
484.205809347  1.26756977272e-22
502.377286302  1.25891788786e-22
521.23071  1.25060183595e-22
540.791672822  1.24263312753e-22
561.08672759  1.23502128339e-22
582.143423613  1.22777372689e-22
603.99034408  1.22089570356e-22
626.657144863  1.21439023075e-22
650.174594771  1.20825807998e-22
674.574617318  1.20249779343e-22
699.890334057  1.19710573536e-22
726.15610954  1.1920761786e-22
753.407597968  1.18740142567e-22
781.681791585  1.18307196359e-22
811.017070897  1.17907665175e-22
841.453256769  1.17540294252e-22
873.03166448  1.17203713617e-22
905.795159807  1.1689646754e-22
939.78821721  1.16617049291e-22
975.056980207  1.16363944929e-22
1011.64932401  1.1613633658e-22
1049.6149205  1.15946467715e-22
1089.00530568  1.15799071739e-22
1129.87394962  1.15693473951e-22
1172.27632903  1.15628861216e-22
1216.27000256  1.15181581759e-22
1261.91468896  1.15230965852e-22
1309.27234813  1.15315720789e-22
1358.40726523  1.15436219119e-22
1409.38613793  1.15592727071e-22
1462.27816697  1.15785402784e-22
1517.15515006  1.16014295553e-22
1574.09157939  1.16279346098e-22
1633.16474272  1.16580387867e-22
1694.45482828  1.16917149329e-22
1758.04503366  1.1728925723e-22
1824.02167871  1.17696240724e-22
1892.47432273  1.19394163555e-22
1963.49588604  1.20407553268e-22
2037.18277611  1.21340323968e-22
2113.63501843  1.22201165141e-22
2192.95639229  1.22997767361e-22
2275.25457165  1.23736984513e-22
2360.6412713  1.24424963027e-22
2449.23239853  1.25067245761e-22
2541.14821042  1.25668856181e-22
2636.51347711  1.26234367059e-22
2735.45765119  1.26767956917e-22
2838.11504338  1.2727345667e-22
2944.62500487  1.27754388395e-22
3055.13211648  1.280404102e-22
3169.78638492  1.28408468772e-22
3288.74344643  1.28740462959e-22
3412.16477801  1.29039016891e-22
3540.21791663  1.29306536365e-22
3673.0766867  1.29545233714e-22
3810.92143593  1.29757149175e-22
3953.93928022  1.29944169307e-22
4102.32435765  1.30108042927e-22
4256.27809197  1.30250394943e-22
4416.00946604  1.30372738385e-22
4581.73530554  1.30476484901e-22
4753.68057325  1.30562953939e-22
4932.07867447  1.30633380779e-22
5117.17177381  1.3068892359e-22
5309.21112395  1.30730669638e-22
5508.45740668  1.30759640744e-22
5715.18108675  1.30776798116e-22
5929.66277905  1.30783046616e-22
6152.19362948  1.3077923855e-22
6383.0757102  1.30766177034e-22
6622.62242965  1.30744619004e-22
6871.158958  1.30715277912e-22
7129.02266852  1.30678826146e-22
7396.56359561  1.30635897226e-22
7674.14490985  1.30587087793e-22
7962.14341107  1.30532959431e-22
8260.9500398  1.30474040344e-22
8570.97040795  1.30410826904e-22
8892.62534938  1.303437851e-22
9226.35149121  1.30273351888e-22
9572.60184645  1.30199936478e-22
9931.84642901  1.30123921549e-22
10304.5728916  1.30045664407e-22
10691.2871879  1.2996549811e-22
11092.5142592  1.29883732536e-22
11508.7987467  1.29800655433e-22
11940.7057317  1.2971653343e-22
12388.8215015  1.29631613026e-22
12853.7543463  1.29546121547e-22
13336.1353843  1.29460268095e-22
13836.6194184  1.29374244461e-22
14355.8858254  1.29288226024e-22
14894.6394781  1.2920237263e-22
15453.6117019  1.29116829445e-22
16033.5612678  1.29031727795e-22
16635.2754221  1.28947185975e-22
17259.5709553  1.28863310037e-22
17907.295311  1.28780194566e-22
18579.3277356  1.28697923412e-22
19276.5804725  1.28616570413e-22
20000  1.28536200089e-22

