3 20 101
101
3  0
3.05745688936  3.16867850014e-42
3.11601421011  6.39804447028e-42
3.17569303801  9.68926021485e-42
3.23651485253  1.3043510299e-41
3.29850154446  1.64620019752e-41
3.3616754239  1.99459656175e-41
3.4260592282  2.34966551642e-41
3.49167613021  2.71153485697e-41
3.55854974658  3.08033482641e-41
3.62670414627  3.4561981622e-41
3.69616385924  3.83926014402e-41
3.76695388521  4.22965864248e-41
3.83909970275  4.62753416872e-41
3.91262727838  5.03302992498e-41
3.98756307593  4.33387190744e-40
4.06393406609  3.99218655389e-38
4.1417677361  8.84558172259e-38
4.22109209963  1.37919305544e-37
4.30193570688  1.88330133254e-37
4.38432765487  2.3970644408e-37
4.46829759787  2.92066729242e-37
4.55387575811  3.45429834109e-37
4.64109293664  3.99814964979e-37
4.72998052444  4.55241695998e-37
4.82057051367  5.11729976202e-37
4.91289550923  5.69300136694e-37
5.00698874047  6.1808274426e-36
5.10288407317  5.75220451324e-35
5.20061602171  1.11571173189e-34
5.30021976151  1.6665546617e-34
5.40173114165  2.2279474986e-34
5.50518669785  2.80009229754e-34
5.61062366552  3.38319498329e-34
5.71807999326  3.97746542453e-34
5.82759435644  4.58311750944e-34
5.93920617117  5.20036922263e-34
6.05295560847  6.08859630785e-33
6.16888360871  1.82054305403e-32
6.28703189637  3.0554329974e-32
6.40744299507  4.31397391906e-32
6.53016024283  5.59661878955e-32
6.6552278077  6.90382925485e-32
6.78269070364  8.2360758025e-32
6.91259480676  9.59383793099e-32
7.04498687177  4.39566552173e-31
7.17991454885  1.44279930194e-30
7.31742640081  2.46524626274e-30
7.45757192053  3.50727543085e-30
7.60040154878  4.56926185049e-30
7.74596669241  5.65158774888e-30
7.89431974284  6.75464267373e-30
8.04551409486  1.92718778136e-29
8.19960416593  5.89893007522e-29
8.35664541573  9.94674035495e-29
8.51669436609  1.40720754971e-28
8.67980862141  1.82764202809e-28
8.84604688929  2.25612879224e-28
9.01546900177  3.41906513253e-28
9.18813593677  9.9676281875e-28
9.36410984009  1.68094495553e-27
9.54345404778  2.37823075143e-27
9.72623310891  3.0888711716e-27
9.91251280879  3.81312198777e-27
10.1023601927  7.19698410934e-27
10.29584359  1.29502767776e-26
10.4930326387  1.88137582127e-26
10.6939983105  2.47895387824e-26
10.8988129364  3.08797692732e-26
11.1075502328  5.79866708317e-26
11.3202853277  1.05652819504e-25
11.5370947883  1.54231884386e-25
11.7580566479  2.03741349921e-25
11.9832504345  2.62025821422e-25
12.2127571994  5.33014719678e-25
12.4466595458  8.35414900429e-25
12.6850416593  1.14360673909e-24
12.9279893377  1.45770115921e-24
13.175590022  2.30950868201e-24
13.4279328281  3.39985923617e-24
13.6851085784  4.51109250738e-24
13.9472098349  5.64725881117e-24
14.2143309324  7.78026050999e-24
14.4865680123  1.02044473132e-23
14.7640190574  1.26750628607e-23
15.0467839273  1.53447894851e-23
15.3349643938  1.87946328676e-23
15.628664178  2.23178554787e-23
15.9279889875  2.59086367803e-23
16.2330465545  2.98006535384e-23
16.5439466745  3.38405518773e-23
16.8608012457  3.79578235469e-23
17.1837243096  4.20864133678e-23
17.5128320918  4.62419256902e-23
17.8482430438  5.04770256165e-23
18.1900778857  5.46245052929e-23
18.5384596499  5.87141239847e-23
18.893513725  6.2882068266e-23
19.2553679009  6.68743682037e-23
19.6241524153  7.08345607114e-23
20  7.48706e-23

