4 20 101
101
4  0
4.06489836507  1.44500752712e-43
4.13084967959  2.91345971075e-43
4.19787102722  4.40573693086e-43
4.26597976883  5.92222573892e-43
4.33519354694  7.46331895805e-43
4.4055302903  9.02941578476e-43
4.47700821858  1.06209218924e-42
4.54964584702  1.22382495361e-42
4.6234619913  1.38818176598e-42
4.69847577235  1.55520520045e-42
4.77470662134  1.72493852187e-42
4.85217428469  1.89742569706e-42
4.93089882922  2.07271140617e-42
5.0109006473  1.46899614967e-40
5.09220046219  1.11111907894e-39
5.17481933334  2.10477404708e-39
5.2587786619  3.11455066094e-39
5.34410019626  4.14071048763e-39
5.43080603763  5.18351933809e-39
5.51891864584  6.24324733591e-39
5.60846084511  7.32016898735e-39
5.69945582996  8.41456325241e-39
5.79192717125  9.52671361711e-39
5.88589882225  1.06569081669e-38
5.98139512488  1.47376142962e-38
6.07844081599  6.60893261476e-37
6.17706103378  1.47668175427e-36
6.27728132428  2.30570608192e-36
6.37912764804  3.14818099044e-36
6.48262638677  4.00432471e-36
6.58780435024  4.87435901148e-36
6.69468878317  5.75850926388e-36
6.80330737234  6.65700449275e-36
6.91368825372  7.57007743947e-36
7.02586001978  4.83246645343e-35
7.13985172691  2.24208955875e-34
7.25569290288  4.03062628782e-34
7.3734135546  5.84818129428e-34
7.49304417576  7.69522538783e-34
7.61461575486  9.57223701685e-34
7.73815978314  1.14797023924e-33
7.86370826279  1.34181156139e-33
7.9912937152  2.03929917474e-33
8.12094918942  1.54652381298e-32
8.25270827072  3.06217171478e-32
8.38660508926  4.6024103843e-32
8.52267432896  6.16763879668e-32
8.66095123645  7.7582624003e-32
8.80147163025  9.37469322174e-32
8.94427191  1.10173499726e-31
9.08938906592  5.18477776723e-31
9.23686068839  1.18151107615e-30
9.38672497765  1.85530181986e-30
9.53902075375  2.54002454299e-30
9.69378746657  3.23585661243e-30
9.85106520605  3.94297827278e-30
10.0108947126  6.44397226591e-30
10.1733173875  2.42011655123e-29
10.3383753039  4.28562439605e-29
10.5061112176  6.18139934317e-29
10.6765685779  8.10793246393e-29
10.8497915392  1.00657227971e-28
11.0258249723  1.71506305091e-28
11.2047144759  5.14699425675e-28
11.3865063885  8.67304110179e-28
11.5712478006  1.22562966157e-27
11.7589865666  1.58976889857e-27
11.9497713174  1.95981614585e-27
12.1436514728  4.65153675658e-27
12.3406772544  8.2097553842e-27
12.5408996988  1.18257046547e-26
12.7443706706  1.55003212242e-26
12.9511428756  1.92426788883e-26
13.1612698752  3.87884197429e-26
13.3748060995  6.35112380718e-26
13.5918068618  8.8635174023e-26
13.8123283727  1.14166735566e-25
14.036427755  1.59222686462e-25
14.2641630582  2.98088476083e-25
14.4955932736  4.40184314029e-25
14.7307783496  5.84585598868e-25
14.9697792074  7.38218003995e-25
15.2126577564  1.25191360848e-24
15.4594769106  1.83458822444e-24
15.7103006046  2.42671649788e-24
15.9651938106  3.0418924677e-24
16.2242225547  4.48226784508e-24
16.4874539343  6.09254632495e-24
16.7549561354  7.72895091499e-24
17.0267984504  9.51857791677e-24
17.3030512959  1.22307931617e-23
17.5837862308  1.50124917603e-23
17.8690759753  1.78393222816e-23
18.1589944294  2.11238713727e-23
18.4536166918  2.4806355031e-23
18.75301908  2.85485854814e-23
19.0572791496  3.23920147741e-23
19.3664757145  3.64690848463e-23
19.6806888673  4.06132735393e-23
20  4.48247e-23

