1 20 101
101
1  0
1.03041055791  2.27611165848e-36
1.06174591785  4.62144114237e-36
1.09403420358  7.03809340434e-36
1.12730439408  9.52823740988e-36
1.16158634964  1.20941080839e-35
1.1969108386  1.47380083167e-35
1.23330956497  1.74623110305e-35
1.27081519692  2.02694613099e-35
1.30946139606  2.31619785954e-35
1.34928284767  2.61424589453e-35
1.39031529185  2.92135773654e-35
1.43259555555  3.23780902102e-35
1.47616158565  3.56388376561e-35
1.52105248304  3.8998746251e-35
1.56730853766  4.24608315408e-35
1.61497126471  4.60282007758e-35
1.66408344188  4.97040556995e-35
1.71468914776  5.34916954223e-35
1.76683380139  5.73945193822e-35
1.82056420303  6.14160303961e-35
1.87592857615  6.55598378036e-35
1.93297661076  6.98296607063e-35
1.99175950792  2.09855750059e-33
2.05233002578  1.30354901383e-31
2.11474252688  2.85736137544e-31
2.17905302696  4.45842603786e-31
2.24531924523  6.10817996991e-31
2.31360065617  7.80810383946e-31
2.3839585429  9.55972334228e-31
2.45645605223  1.13646105714e-30
2.53115825126  1.32243854282e-30
2.60813218585  1.51407170759e-30
2.68744694072  1.71153254382e-30
2.76917370155  1.91499827425e-30
2.85338581877  2.12465151105e-30
2.94015887345  2.34068041975e-30
3.02957074514  3.74094672832e-29
3.12170168173  1.46206000319e-28
3.21663437151  2.58311096623e-28
3.31445401734  3.73825371451e-28
3.41524841318  4.92852499823e-28
3.51910802283  6.15499309575e-28
3.62612606115  7.41875877238e-28
3.73639857773  8.7209562683e-28
3.85002454306  1.00627543166e-27
3.96710593738  1.14453571921e-27
4.08774784223  6.61593841538e-27
4.21205853471  1.43121401839e-26
4.34014958471  2.2242387742e-26
4.472135955  3.04137985527e-26
4.60813610445  3.88337065251e-26
4.74827209431  4.75096685965e-26
4.89266969782  5.64494715149e-26
5.041458513  1.0016890742e-25
5.19477207907  2.37270422431e-25
5.35274799621  3.78541271004e-25
5.51552804914  5.24108244899e-25
5.68325833429  6.74101991683e-25
5.85608939099  8.28657131991e-25
6.03417633655  1.1346975364e-24
6.21767900547  2.06561498467e-24
6.40676209294  3.02829011533e-24
6.6015953026  4.02024073379e-24
6.80235349885  5.04235712398e-24
7.00921686386  6.23290809651e-24
7.22237105921  8.83548940607e-24
7.44200739256  1.15880749451e-23
7.66832298935  1.4424368146e-23
7.9015209697  1.73469146056e-23
8.14181063074  2.08285716002e-23
8.38940763443  2.47525879534e-23
8.64453420113  2.87959358333e-23
8.90741930907  3.29622441779e-23
9.17829889981  3.71858405221e-23
9.45741609003  4.15007410774e-23
9.74502138973  4.5946860166e-23
10.041372927  5.04449479865e-23
10.34673668  5.46146556214e-23
10.661386715  5.89033670635e-23
10.9856054331  6.32908092495e-23
11.3196838233  6.71775772625e-23
11.6639217237  7.11174833045e-23
12.0186280908  7.51173860994e-23
12.3841212763  7.86708893943e-23
12.7607293136  8.23052737022e-23
13.1487902114  8.58301477243e-23
13.5486522576  8.90976164361e-23
13.9606743317  9.24513854921e-23
14.3852262269  9.54652024986e-23
14.8226889821  9.85079309464e-23
15.2734552238  1.01371485353e-22
15.7379295184  1.04140588203e-22
16.2165287354  1.06817906459e-22
16.7096824217  1.09357154789e-22
17.2178331866  1.11825060845e-22
17.7414370999  1.14163999525e-22
18.2809641002  1.16413074206e-22
18.8368984177  1.18577882438e-22
19.4097390079  1.20615946363e-22
20  1.22637e-22

