1 20 101
101
1  0
1.03041055791  3.2737269697e-37
1.06174591785  6.64700980301e-37
1.09403420358  1.01228760493e-36
1.12730439408  1.37044453273e-36
1.16158634964  1.73949321253e-36
1.1969108386  2.11976486857e-36
1.23330956497  2.51160079784e-36
1.27081519692  2.91535267632e-36
1.30946139606  3.33138287469e-36
1.34928284767  3.76006478349e-36
1.39031529185  4.20178314831e-36
1.43259555555  4.65693441504e-36
1.47616158565  5.12592708573e-36
1.52105248304  5.60918208519e-36
1.56730853766  6.1071331388e-36
1.61497126471  6.62022716176e-36
1.66408344188  7.14892466022e-36
1.71468914776  7.69370014457e-36
1.76683380139  8.25504255534e-36
1.82056420303  8.833455702e-36
1.87592857615  9.42945871515e-36
1.93297661076  1.00435865124e-35
1.99175950792  4.56537779435e-34
2.05233002578  2.87048480978e-32
2.11474252688  6.29274470752e-32
2.17905302696  9.81907743807e-32
2.24531924523  1.34526479143e-31
2.31360065617  1.7196717296e-31
2.3839585429  2.10546459164e-31
2.45645605223  2.50298962986e-31
2.53115825126  2.91260362627e-31
2.60813218585  3.33467421284e-31
2.68744694072  3.76958020142e-31
2.76917370155  4.21771192376e-31
2.85338581877  4.67947158179e-31
2.94015887345  5.15527360864e-31
3.02957074514  1.01918230682e-29
3.12170168173  4.02371642611e-29
3.21663437151  7.11962010424e-29
3.31445401734  1.03096719404e-28
3.41524841318  1.35967350328e-28
3.51910802283  1.69837595476e-28
3.62612606115  2.04737853676e-28
3.73639857773  2.40699448199e-28
3.85002454306  2.77754654875e-28
3.96710593738  3.1593673106e-28
4.08774784223  2.47798978171e-27
4.21205853471  5.52573193556e-27
4.34014958471  8.66615762868e-27
4.472135955  1.19020854192e-26
4.60813610445  1.52364195792e-26
4.74827209431  1.86721527013e-26
4.89266969782  2.22123683844e-26
5.041458513  4.24493731305e-26
5.19477207907  1.07554776191e-25
5.35274799621  1.74640070882e-25
5.51552804914  2.43765466812e-25
5.68325833429  3.14993004599e-25
5.85608939099  3.88386611548e-25
6.03417633655  5.55533769238e-25
6.21767900547  1.1115764432e-24
6.40676209294  1.68667851531e-24
6.6015953026  2.2792697623e-24
6.80235349885  2.88988203971e-24
7.00921686386  3.63938432602e-24
7.22237105921  5.61691289204e-24
7.44200739256  7.71665161343e-24
7.66832298935  9.88024456082e-24
7.9015209697  1.21096335768e-23
8.14181063074  1.5111693551e-23
8.38940763443  1.87094265728e-23
8.64453420113  2.2416568663e-23
8.90741930907  2.62364470124e-23
9.17829889981  3.03055188028e-23
9.45741609003  3.45695083826e-23
9.74502138973  3.89631682645e-23
10.041372927  4.34166360642e-23
10.34673668  4.75930893648e-23
10.661386715  5.18896355927e-23
10.9856054331  5.62887974784e-23
11.3196838233  6.02606059029e-23
11.6639217237  6.42956248767e-23
12.0186280908  6.83956091865e-23
12.3841212763  7.20719528584e-23
12.7607293136  7.58338566478e-23
13.1487902114  7.94957821179e-23
13.5486522576  8.29138388763e-23
13.9606743317  8.64230591843e-23
14.3852262269  8.96066525203e-23
14.8226889821  9.28256828331e-23
15.2734552238  9.58631836368e-23
15.7379295184  9.88063668071e-23
16.2165287354  1.01656608873e-22
16.7096824217  1.04365995225e-22
17.2178331866  1.07003767464e-22
17.7414370999  1.09510259397e-22
18.2809641002  1.11925801508e-22
18.8368984177  1.14256278167e-22
19.4097390079  1.16445790854e-22
20  1.18615e-22

