4 20 101
101
4  0
4.06489836507  2.78156339638e-42
4.13084967959  5.60825652195e-42
4.19787102722  8.48081158812e-42
4.26597976883  1.13999726861e-41
4.33519354694  1.43664959798e-41
4.4055302903  1.73811499014e-41
4.47700821858  2.04447153507e-41
4.54964584702  2.35579858972e-41
4.6234619913  2.67217679859e-41
4.69847577235  2.99368811457e-41
4.77470662134  3.32041582025e-41
4.85217428469  3.65244454941e-41
4.93089882922  3.98986030899e-41
5.0109006473  2.07557765229e-39
5.09220046219  1.56233682829e-38
5.17481933334  2.9584729766e-38
5.2587786619  4.37726086328e-38
5.34410019626  5.81906800352e-38
5.43080603763  7.28426787529e-38
5.51891864584  8.7732400161e-38
5.60846084511  1.02863701213e-37
5.69945582996  1.1824050144e-37
5.79192717125  1.33866783966e-37
5.88589882225  1.49746596538e-37
5.98139512488  2.04687822862e-37
6.07844081599  8.75672633874e-36
6.17706103378  1.95536650202e-35
6.27728132428  3.05257796186e-35
6.37912764804  4.16759122918e-35
6.48262638677  5.30069513102e-35
6.58780435024  6.45218318052e-35
6.69468878317  7.62235365298e-35
6.80330737234  8.81150966307e-35
6.91368825372  1.00199592434e-34
7.02586001978  5.33442975323e-34
7.13985172691  2.39502914251e-33
7.25569290288  4.28804204354e-33
7.3734135546  6.21176830516e-33
7.49304417576  8.16670623908e-33
7.61461575486  1.01533622419e-32
7.73815978314  1.21722509264e-32
7.86370826279  1.42238952546e-32
7.9912937152  1.96768587222e-32
8.12094918942  1.10795930774e-31
8.25270827072  2.13572876099e-31
8.38660508926  3.18017335354e-31
8.52267432896  4.2415636327e-31
8.66095123645  5.32017453531e-31
8.80147163025  6.41628545896e-31
8.94427191  7.53018033433e-31
9.08938906592  2.58755990875e-30
9.23686068839  5.5424210834e-30
9.38672497765  8.54522367286e-30
9.53902075375  1.1596745507e-29
9.69378746657  1.46977770356e-29
9.85106520605  1.78491215333e-29
10.0108947126  2.63703262586e-29
10.1733173875  8.04336312167e-29
10.3383753039  1.37193698006e-28
10.5061112176  1.9487467368e-28
10.6765685779  2.53491499608e-28
10.8497915392  3.13059359578e-28
11.0258249723  5.09976767333e-28
11.2047144759  1.43597300233e-27
11.3865063885  2.3872804462e-27
11.5712478006  3.35402246451e-27
11.7589865666  4.33644947693e-27
11.9497713174  5.33481596607e-27
12.1436514728  1.30052263208e-26
12.3406772544  2.31651050629e-26
12.5408996988  3.3489823685e-26
12.7443706706  4.39820566467e-26
12.9511428756  5.46676710244e-26
13.1612698752  1.10396521627e-25
13.3748060995  1.80881434037e-25
13.5918068618  2.52509935342e-25
13.8123283727  3.25300579804e-25
14.036427755  4.42390162721e-25
14.2641630582  7.71391805879e-25
14.4955932736  1.10793577366e-24
14.7307783496  1.44994002975e-24
14.9697792074  1.80951184482e-24
15.2126577564  2.79880820655e-24
15.4594769106  3.90996829317e-24
15.7103006046  5.03915649802e-24
15.9651938106  6.20167882397e-24
16.2242225547  8.29367917205e-24
16.4874539343  1.0583302564e-23
16.7549561354  1.29100741597e-23
17.0267984504  1.53803628352e-23
17.3030512959  1.86368096588e-23
17.5837862308  2.19673647066e-23
17.8690759753  2.53519566487e-23
18.1589944294  2.89971851039e-23
18.4536166918  3.28737069842e-23
18.75301908  3.68131238475e-23
19.0572791496  4.08084253043e-23
19.3664757145  4.4834570336e-23
19.6806888673  4.89258455341e-23
20  5.30835e-23

