4 20000 251
251
4  0
4.13862304168  9.09185557224e-40
4.28205017028  1.8498796313e-39
4.43044787508  2.82317417383e-39
4.58398841519  3.83019897884e-39
4.74285001948  4.87212299423e-39
4.90721709346  5.95015567868e-39
5.07728043337  9.60650656801e-37
5.25323744766  3.1329880325e-36
5.43529238607  5.38060941185e-36
5.62365657681  7.70612381923e-36
5.81854867182  1.01122306968e-35
6.02019490058  9.81671484033e-35
6.22882933273  9.84723199263e-34
6.44469414978  1.90200352422e-33
6.66803992621  2.85107289635e-33
6.89912592036  3.83303298927e-33
7.13822037536  7.23244779074e-32
7.38560083051  1.94140135555e-31
7.64155444345  3.2017740745e-31
7.90637832347  4.50582596843e-31
8.18037987644  5.11881299191e-30
8.46387716158  1.23832653612e-29
8.75719926071  1.98994728513e-29
9.06068666023  5.95558632078e-29
9.37469164637  2.32554052873e-28
9.69957871407  4.11547626352e-28
10.0357249902  7.71185809065e-28
10.3835206711  2.66105119615e-27
10.7433694757  4.61641130531e-27
11.1156891144  1.1445570839e-26
11.5009117732  2.95419869245e-26
11.8994846163  4.82655480703e-26
12.3118703042  1.73948674592e-25
12.7385475318  3.39438675789e-25
13.1800115832  7.55461144537e-25
13.6367749069  1.55377152744e-24
14.109367711  2.76364230025e-24
14.5983385781  5.33459244277e-24
15.1042551023  8.45368020326e-24
15.6277045485  1.35106834265e-23
16.1692945332  1.92473844766e-23
16.7296537307  2.63306609484e-23
17.3094326023  3.39471241863e-23
17.9093041516  4.20876210585e-23
18.5299647055  4.47014022897e-23
19.1721347229  4.79952359659e-23
19.8365596306  5.30762211131e-23
20.5240106887  5.99283821356e-23
21.235285886  6.85373078598e-23
21.9712108661  7.88901163084e-23
22.732639886  9.09754200069e-23
23.5204568076  1.04783291787e-22
24.3355761237  1.16227473658e-22
25.1789440195  1.22061789134e-22
26.0515394711  1.27634580699e-22
26.9543753815  1.32954634675e-22
27.888499757  1.3803043612e-22
28.8549969231  1.42870178618e-22
29.8549887833  1.47481773809e-22
30.8896361219  1.51872860647e-22
31.9601399508  1.560508144e-22
33.0677429039  1.60022755403e-22
34.2137306796  1.63795557554e-22
35.3994335331  1.67375856583e-22
36.6262278206  1.70770058077e-22
37.8955375971  1.73984345284e-22
39.208836269  1.77024686698e-22
40.5676483051  1.79896843421e-22
41.9735510055  1.82606376338e-22
43.4281763331  1.85158653069e-22
44.9332128076  1.87558854751e-22
46.4904074655  1.89811982619e-22
48.1015678884  1.91922864414e-22
49.768564301  1.93896160626e-22
51.4933317418  1.95736370559e-22
53.2778723099  1.97447838253e-22
55.1242574883  1.99034758251e-22
57.0346305491  2.00501181215e-22
59.011209041  2.01851019425e-22
61.0562873636  2.03088052129e-22
63.1722394306  2.04215930789e-22
65.3615214255  2.05238184203e-22
67.6266746527  2.06158223523e-22
69.9703284874  2.06979347176e-22
72.3952034279  2.07704745692e-22
74.9041142534  2.08337506448e-22
77.4999732914  2.0888061833e-22
80.1857937984  2.09336976335e-22
82.9646934573  2.09709386101e-22
85.839897997  2.10000568388e-22
88.8147449364  2.10213163507e-22
91.8926874587  2.10349735713e-22
95.0772984195  2.10412777558e-22
98.3722744949  2.10404714222e-22
101.781440472  2.10327907821e-22
105.308753688  2.10184661699e-22
108.958308626  2.09977224718e-22
112.734341665  2.09707795537e-22
116.641236001  2.09378526894e-22
120.683526731  2.08991529899e-22
124.86590612  2.08548878328e-22
129.193229047  2.0805261293e-22
133.670518641  2.07504745748e-22
138.30297211  2.06907264443e-22
143.095966777  2.06262136633e-22
148.055066318  2.05571314229e-22
153.186027225  2.04836737766e-22
158.494805484  2.04060340726e-22
163.987563491  2.03244053827e-22
169.670677203  2.02389809273e-22
175.550743543  2.01499544936e-22
181.634588052  2.00575208456e-22
187.92927282  1.99618761219e-22
194.442104674  1.98632182184e-22
201.180643669  1.97617471526e-22
208.152711857  1.96576654032e-22
215.36640237  1.95511782223e-22
222.830088813  1.94424939122e-22
230.552434985  1.93318240621e-22
238.542404936  1.92193837371e-22
246.809273372  1.91053916121e-22
255.362636419  1.89900700434e-22
264.212422767  1.88736450689e-22
273.36890519  1.87563463287e-22
282.842712475  1.86384068988e-22
292.644841755  1.85200630279e-22
302.786671278  1.84015537711e-22
313.279973616  1.82831205123e-22
324.136929326  1.81650063704e-22
335.370141092  1.80474554849e-22
346.992648354  1.79307121772e-22
359.017942442  1.78150199896e-22
371.459982242  1.77006206027e-22
384.333210392  1.7587752638e-22
397.652570053  1.74766503548e-22
411.433522251  1.7376686103e-22
425.692063826  1.72696118058e-22
440.444746003  1.71649735064e-22
455.708693598  1.70629726134e-22
471.501624905  1.69637986486e-22
487.841872255  1.68676277088e-22
504.748403302  1.67746209832e-22
522.240843039  1.66849233598e-22
540.339496577  1.65986621543e-22
559.065372716  1.65159459926e-22
578.440208331  1.64368638777e-22
598.486493608  1.63614844675e-22
619.227498145  1.62898555887e-22
640.687297966  1.62220040027e-22
662.890803468  1.61579354391e-22
685.863788337  1.60976349053e-22
709.632919466  1.60410672736e-22
734.225787909  1.59881781462e-22
759.670940909  1.59388949935e-22
785.997915035  1.58931285582e-22
813.237270468  1.58507745227e-22
841.420626478  1.58117154382e-22
870.580698121  1.57758229311e-22
900.751334221  1.57429602264e-22
931.967556657  1.57129850874e-22
964.26560102  1.56857534154e-22
997.682958669  1.56611242565e-22
1032.25842026  1.56397584973e-22
1068.03212076  1.56228628718e-22
1105.04558606  1.56104012871e-22
1143.34178114  1.56023063347e-22
1182.96515999  1.55417400564e-22
1223.96171716  1.55465416768e-22
1266.37904119  1.55550271359e-22
1310.26636984  1.55672463157e-22
1355.67464724  1.55832392846e-22
1402.65658302  1.56030360681e-22
1451.26671352  1.56266564995e-22
1501.56146504  1.56541101511e-22
1553.59921943  1.56853963481e-22
1607.44038177  1.57205042668e-22
1663.14745053  1.57594131117e-22
1720.78509012  1.58020923722e-22
1780.42020593  1.58485021527e-22
1842.12202203  1.58985935697e-22
1905.96216149  1.61245387698e-22
1972.01472953  1.62422686484e-22
2040.35639954  1.63513957805e-22
2111.06650209  1.64527790229e-22
2184.22711702  1.65471854455e-22
2259.92316869  1.66353042614e-22
2338.24252459  1.67177581034e-22
2419.27609733  1.67951122224e-22
2503.11795014  1.68678820441e-22
2589.86540613  1.69365394166e-22
2679.61916116  1.70015178056e-22
2772.48340082  1.70632166377e-22
2868.56592133  1.71220049491e-22
2967.97825465  1.71782244648e-22
3070.83579797  1.72092628083e-22
3177.25794767  1.72525260425e-22
3287.3682379  1.72919039888e-22
3401.29448396  1.73276576442e-22
3519.16893071  1.73600278677e-22
3641.12840605  1.7389237517e-22
3767.31447975  1.74154933051e-22
3897.87362778  1.74389874163e-22
4032.95740237  1.74598989194e-22
4172.72260789  1.74783950047e-22
4317.33148289  1.74946320712e-22
4466.95188841  1.75087566833e-22
4621.75750286  1.75209064144e-22
4781.9280236  1.75312105924e-22
4947.64937553  1.75397909597e-22
5119.11392693  1.75467622581e-22
5296.52071274  1.7552232748e-22
5480.07566562  1.75563046709e-22
5669.99185496  1.7559074661e-22
5866.48973427  1.75606341127e-22
6069.79739701  1.75610695095e-22
6280.15084139  1.75604627192e-22
6497.79424435  1.7558891259e-22
6722.98024494  1.75564285349e-22
6955.97023761  1.7553144058e-22
7197.03467565  1.75491036419e-22
7446.4533851  1.75443695819e-22
7704.51588959  1.75390008202e-22
7971.52174641  1.75330530972e-22
8247.78089423  1.75265790928e-22
8533.61401289  1.7519628557e-22
8829.35289564  1.75122484331e-22
9135.34083425  1.75044829735e-22
9451.93301755  1.74963738494e-22
9779.49694371  1.74879602552e-22
10118.4128468  1.74792790089e-22
10469.0741383  1.74703646484e-22
10831.8878634  1.74612495246e-22
11207.2751741  1.74519638912e-22
11595.6718175  1.74425359928e-22
11997.5286419  1.74329921503e-22
12413.3121201  1.74233568441e-22
12843.504891  1.7413652796e-22
13288.6063194  1.74039010486e-22
13749.1330763  1.7394121044e-22
14225.6197382  1.73843306999e-22
14718.6194077  1.73745464844e-22
15228.7043556  1.736478349e-22
15756.4666852  1.73550555041e-22
16302.5190197  1.734537508e-22
16867.4952131  1.73357536042e-22
17452.0510861  1.73262013631e-22
18056.8651874  1.73167276075e-22
18682.6395812  1.73073406152e-22
19330.1006626  1.72980477512e-22
20000  1.72888555267e-22

