5 20 101
101
5  0
5.06979739895  4.77343015472e-43
5.14056913328  9.61349491121e-43
5.21232880421  1.45211244539e-42
5.28509020281  1.94972619519e-42
5.35886731268  2.45428637408e-42
5.43367431263  2.96588995059e-42
5.50952557938  3.48463524689e-42
5.58643569036  4.01062195767e-42
5.66441942648  4.5439511693e-42
5.74349177499  5.08472537929e-42
5.82366793234  5.63304851593e-42
5.90496330715  6.18902595832e-42
5.98739352309  2.08906064561e-41
6.07097442198  1.18067508102e-39
6.15572206672  2.58230459931e-39
6.24165274451  4.00350013652e-39
6.32878296985  5.44453482412e-39
6.41712948781  6.90568560631e-39
6.50670927721  8.38723329332e-39
6.59753955386  9.88946261532e-39
6.68963777393  1.14126622772e-38
6.78302163724  1.29571250139e-38
6.8777090907  1.45231476471e-38
6.97371833175  1.61110311415e-38
7.07106781187  5.02425975144e-37
7.16977624008  1.17728111702e-36
7.2698625866  1.86155688562e-36
7.37134608646  2.55538478797e-36
7.47424624317  3.25889816691e-36
7.57858283255  3.97223222664e-36
7.68437590644  4.69552405876e-36
7.7916457966  5.4289126686e-36
7.90041311863  6.17253900191e-36
8.0106987759  1.86171983694e-35
8.12252396356  1.14414688123e-34
8.23591017268  2.13954128024e-34
8.35087919428  3.14883086726e-34
8.46745312363  4.17220961187e-34
8.58565436438  5.20987419138e-34
8.70550563296  6.26202402862e-34
8.82702996291  7.32886133024e-34
8.95025070928  8.41059112562e-34
9.07519155317  4.48197713312e-33
9.20187650625  1.05427204612e-32
9.33032991537  1.66880686132e-32
9.46057646726  2.29192026286e-32
9.59264119325  2.92373200334e-32
9.72654947412  3.56436350703e-32
9.86232704493  4.21393789326e-32
10  6.05195165652e-32
10.1395947979  2.42253634367e-31
10.2811382666  4.38483016627e-31
10.4246576084  6.37451658983e-31
10.5701804056  8.3919780008e-31
10.7177346254  1.04376021236e-30
10.8673486253  1.25117820949e-30
11.0190511588  1.98662054409e-30
11.1728713807  5.88308137055e-30
11.328838853  9.89614314727e-30
11.48698355  1.39652251788e-29
11.6473358647  1.80911094786e-29
11.8099266143  2.2274588977e-29
11.9747870462  2.70874668776e-29
12.141948844  7.82068530202e-29
12.3114441334  1.39153596329e-28
12.483305489  2.00951124468e-28
12.6575659397  2.63611313953e-28
12.8342589756  3.27146207087e-28
13.0134185544  4.46803842337e-28
13.1950791077  1.0193468961e-27
13.3792755479  1.61666040153e-27
13.5660432745  2.22231209278e-27
13.7554181814  2.83641836656e-27
13.9474366635  3.45909724447e-27
14.1421356237  6.66025815735e-27
14.3395524802  1.0869708691e-26
14.5397251732  1.51379209644e-26
14.7426921729  1.94657152607e-26
14.9484924863  2.38545374031e-26
15.1571656651  4.30554528675e-26
15.3687518129  6.74271725681e-26
15.5832915932  9.21391087972e-26
15.8008262373  1.17196010801e-25
16.0213975518  1.54626381618e-25
16.2450479271  2.78127918435e-25
16.4718203454  4.05826641952e-25
16.7017583886  5.3530797322e-25
16.9349062473  6.66596796514e-25
17.1713087288  1.03412761462e-24
17.4110112659  1.49710299766e-24
17.6540599258  1.96654127619e-24
17.9005014186  2.44253266889e-24
18.1503831063  3.37196332923e-24
18.4037530125  4.61410954752e-24
18.6606598307  5.87359548084e-24
18.9211529345  7.1506631826e-24
19.1852823865  9.08970860666e-24
19.4530989482  1.13337674132e-23
19.7246540899  1.36091521132e-23
20  1.59163e-23

