4 20 101
101
4  0
4.06489836507  3.76099654233e-43
4.13084967959  7.58301371632e-43
4.19787102722  1.14670415568e-42
4.26597976883  1.54140861614e-42
4.33519354694  1.94251699515e-42
4.4055302903  2.35013319366e-42
4.47700821858  2.76436279838e-42
4.54964584702  3.18531310913e-42
4.6234619913  3.61309316662e-42
4.69847577235  4.04781378069e-42
4.77470662134  4.48958755904e-42
4.85217428469  4.93852893638e-42
4.93089882922  5.39475420407e-42
5.0109006473  3.65445476389e-40
5.09220046219  2.7624511703e-39
5.17481933334  5.23263188513e-39
5.2587786619  7.74289027241e-39
5.34410019626  1.0293876576e-38
5.43080603763  1.28862515897e-38
5.51891864584  1.55206868284e-38
5.60846084511  1.81978647021e-38
5.69945582996  2.09184786925e-38
5.79192717125  2.36832335329e-38
5.88589882225  2.64928453906e-38
5.98139512488  3.6886788372e-38
6.07844081599  1.69808126422e-36
6.17706103378  3.79540742566e-36
6.27728132428  5.92676184682e-36
6.37912764804  8.09269662231e-36
6.48262638677  1.02937728043e-35
6.58780435024  1.25305605476e-35
6.69468878317  1.48036392578e-35
6.80330737234  1.7113597741e-35
6.91368825372  1.94610343565e-35
7.02586001978  1.04749220191e-34
7.13985172691  4.71328744543e-34
7.25569290288  8.44096775407e-34
7.3734135546  1.22291281521e-33
7.49304417576  1.60787499042e-33
7.61461575486  1.99908301958e-33
7.73815978314  2.39663823912e-33
7.86370826279  2.80064362959e-33
7.9912937152  4.06087230699e-33
8.12094918942  2.6930599666e-32
8.25270827072  5.27394077652e-32
8.38660508926  7.89669532268e-32
8.52267432896  1.05620029894e-31
8.66095123645  1.32705541835e-31
8.80147163025  1.60230505137e-31
8.94427191  1.88202049719e-31
9.08938906592  7.73622688743e-31
9.23686068839  1.72142472345e-30
9.38672497765  2.68460445878e-30
9.53902075375  3.66341139162e-30
9.69378746657  4.65809906689e-30
9.85106520605  5.66892514312e-30
10.0108947126  8.80719870156e-30
10.1733173875  3.0017542864e-29
10.3383753039  5.22942328185e-29
10.5061112176  7.49323529624e-29
10.6765685779  9.79377673527e-29
10.8497915392  1.21316435188e-28
11.0258249723  2.04885427532e-28
11.2047144759  6.08147825224e-28
11.3865063885  1.02246450135e-27
11.5712478006  1.44350329621e-27
11.7589865666  1.87137327341e-27
11.9497713174  2.30618526612e-27
12.1436514728  5.84718432585e-27
12.3406772544  1.05468481763e-26
12.5408996988  1.53227621518e-26
12.7443706706  2.01761633795e-26
12.9511428756  2.51194861555e-26
13.1612698752  5.18074464584e-26
13.3748060995  8.56164873741e-26
13.5918068618  1.1997406616e-25
13.8123283727  1.54889082618e-25
14.036427755  2.14273186881e-25
14.2641630582  3.910419656e-25
14.4955932736  5.71900767756e-25
14.7307783496  7.55693930054e-25
14.9697792074  9.50564454392e-25
15.2126577564  1.56882918797e-24
15.4594769106  2.26839708385e-24
15.7103006046  2.97931518291e-24
15.9651938106  3.71589070462e-24
16.2242225547  5.32102561485e-24
16.4874539343  7.10617659712e-24
16.7549561354  8.92029092443e-24
17.0267984504  1.08857043505e-23
17.3030512959  1.37426522697e-23
17.5837862308  1.66704649798e-23
17.8690759753  1.96457802545e-23
18.1589944294  2.30220820455e-23
18.4536166918  2.67483171097e-23
18.75301908  3.05350088148e-23
19.0572791496  3.44083216644e-23
19.3664757145  3.84510296235e-23
19.6806888673  4.25599321795e-23
20  4.67355e-23

