4 20 101
101
4  0
4.06489836507  1.05285266636e-39
4.13084967959  2.12278743689e-39
4.19787102722  3.21008146175e-39
4.26597976883  4.31501638776e-39
4.33519354694  5.43787843132e-39
4.4055302903  6.57895845259e-39
4.47700821858  7.7385520308e-39
4.54964584702  8.91695954086e-39
4.6234619913  1.01144862311e-38
4.69847577235  1.13314423024e-38
4.77470662134  1.25681429886e-38
4.85217428469  1.3824908638e-38
4.93089882922  1.51020647963e-38
5.0109006473  3.39988813686e-37
5.09220046219  2.49792549054e-36
5.17481933334  4.72172616548e-36
5.2587786619  6.98160709742e-36
5.34410019626  9.2781536738e-36
5.43080603763  1.16119607797e-35
5.51891864584  1.3983632952e-35
5.60846084511  1.63937845359e-35
5.69945582996  1.88430398442e-35
5.79192717125  2.13320333187e-35
5.88589882225  2.3861409695e-35
5.98139512488  2.87448257188e-35
6.07844081599  5.40146338453e-34
6.17706103378  1.18538759472e-33
6.27728132428  1.84109762664e-33
6.37912764804  2.50744628582e-33
6.48262638677  3.18460617963e-33
6.58780435024  3.87275271595e-33
6.69468878317  4.57206414855e-33
6.80330737234  5.28272162331e-33
6.91368825372  6.00490922513e-33
7.02586001978  1.9539656825e-32
7.13985172691  7.65139970249e-32
7.25569290288  1.34449920069e-31
7.3734135546  1.93325829784e-31
7.49304417576  2.5315697707e-31
7.61461575486  3.13958860265e-31
7.73815978314  3.75747229164e-31
7.86370826279  4.38538089093e-31
7.9912937152  5.80080008907e-31
8.12094918942  2.69900257573e-30
8.25270827072  5.08724106806e-30
8.38660508926  7.51422775377e-30
8.52267432896  9.98059130648e-30
8.66095123645  1.24869705997e-29
8.80147163025  1.50340148726e-29
8.94427191  1.76223838977e-29
9.08938906592  5.37683472805e-29
9.23686068839  1.11734501772e-28
9.38672497765  1.70641133427e-28
9.53902075375  2.30503501104e-28
9.69378746657  2.91337111229e-28
9.85106520605  3.53157721813e-28
10.0108947126  5.14533600791e-28
10.1733173875  1.51982832802e-27
10.3383753039  2.57514955504e-27
10.5061112176  3.64759293761e-27
10.6765685779  4.73743627573e-27
10.8497915392  5.84496187656e-27
11.0258249723  8.64240309831e-27
11.2047144759  2.03839823765e-26
11.3865063885  3.24421779507e-26
11.5712478006  4.46960128196e-26
11.7589865666  5.71486611506e-26
11.9497713174  6.98033486111e-26
12.1436514728  1.30304551221e-25
12.3406772544  2.08715689643e-25
12.5408996988  2.88399016736e-25
12.7443706706  3.69375173242e-25
12.9511428756  4.51779393782e-25
13.1612698752  7.56987431018e-25
13.3748060995  1.13551690326e-24
13.5918068618  1.52018786147e-24
13.8123283727  1.91109994874e-24
14.036427755  2.44180425928e-24
14.2641630582  3.63110626561e-24
14.4955932736  4.84652684219e-24
14.7307783496  6.08166712083e-24
14.9697792074  7.3533322464e-24
15.2126577564  9.50137773015e-24
15.4594769106  1.18294105471e-23
15.7103006046  1.4195214745e-23
15.9651938106  1.66092517918e-23
16.2242225547  1.96598069847e-23
16.4874539343  2.28672286986e-23
16.7549561354  2.61266895188e-23
17.0267984504  2.94672431024e-23
17.3030512959  3.3060985639e-23
17.5837862308  3.67187091799e-23
17.8690759753  4.04357777904e-23
18.1589944294  4.41503515201e-23
18.4536166918  4.7872638646e-23
18.75301908  5.16553183591e-23
19.0572791496  5.54490736603e-23
19.3664757145  5.90915745471e-23
19.6806888673  6.27919685832e-23
20  6.65524e-23

