2 20000 251
251
2  0
2.07505683164  9.49498942928e-38
2.15293042726  1.93463107701e-37
2.23372649556  2.95673365945e-37
2.31755471231  4.01719413261e-37
2.40452886923  5.11745200737e-37
2.49476702849  6.25900081716e-37
2.5883916829  7.44339014536e-37
2.68552992228  8.67222772876e-37
2.78631360589  9.94718163996e-37
2.89087954149  1.12699825517e-36
2.999369671  1.26424260861e-36
3.11193126321  1.31548749385e-33
3.22871711365  2.68670928248e-33
3.34988575205  4.10939085258e-33
3.4756016575  5.58546340822e-33
3.60603548172  7.11693062851e-33
3.74136428073  8.70587138745e-33
3.88177175519  1.03544425759e-32
4.02744849972  1.66958030393e-31
4.17859226171  1.02164387124e-30
4.33540820964  1.90840471773e-30
4.49810921167  2.82844429398e-30
4.66691612456  3.78301149803e-30
4.84205809347  4.77340209704e-30
5.02377286302  1.89488914264e-29
5.2123071  1.24286640388e-28
5.40791672822  2.33577548194e-28
5.6108672759  3.46969970633e-28
5.82143423613  4.64617831052e-28
6.0399034408  1.3080390525e-27
6.26657144863  5.53229522013e-27
6.50174594771  9.91508102973e-27
6.74574617318  1.44623458476e-26
6.99890334057  1.91802623105e-26
7.2615610954  6.95931391085e-26
7.53407597968  1.22095938468e-25
7.81681791585  1.76569084713e-25
8.11017070897  3.68535756759e-25
8.41453256769  8.01371495303e-25
8.7303166448  1.25045087342e-24
9.05795159807  1.95289271161e-24
9.3978821721  3.82361904245e-24
9.75056980207  5.76455076893e-24
10.1164932401  8.44726288565e-24
10.496149205  1.27167106152e-23
10.8900530568  1.71463839545e-23
11.2987394962  2.25678714769e-23
11.7227632903  2.85080632099e-23
12.1627000256  3.47044530835e-23
12.6191468896  4.11922062301e-23
13.0927234813  4.78168024709e-23
13.5840726523  5.42355915012e-23
14.0938613793  6.07589432478e-23
14.6227816697  6.69003425229e-23
15.1715515006  7.30342253868e-23
15.7409157939  7.88553489853e-23
16.3316474272  8.4490456245e-23
16.9445482828  9.00092055484e-23
17.5804503366  9.51294751298e-23
18.2402167871  9.86198597352e-23
18.9247432273  9.97145089411e-23
19.6349588604  1.01791073235e-22
20.3718277611  1.04833037654e-22
21.1363501843  1.08824675513e-22
21.9295639229  1.13751005146e-22
22.7525457165  1.19597746277e-22
23.606412713  1.26351275957e-22
24.4923239853  1.31304353802e-22
25.4114821042  1.34136641498e-22
26.3651347711  1.36811350051e-22
27.3545765119  1.39334088719e-22
28.3811504338  1.41710257707e-22
29.4462500487  1.43945055565e-22
30.5513211648  1.4604348636e-22
31.6978638492  1.48010366651e-22
32.8874344643  1.49850332243e-22
34.1216477801  1.51567844753e-22
35.4021791663  1.53167197981e-22
36.730766867  1.54652524085e-22
38.1092143593  1.5602779959e-22
39.5393928022  1.57296851209e-22
41.0232435765  1.58463361504e-22
42.5627809197  1.59530874381e-22
44.1600946604  1.60502800438e-22
45.8173530554  1.61382422155e-22
47.5368057325  1.6217289895e-22
49.3207867447  1.62877272103e-22
51.1717177381  1.63498469543e-22
53.0921112395  1.6403931053e-22
55.0845740668  1.64502510208e-22
57.1518108675  1.6489068407e-22
59.2966277905  1.65206352308e-22
61.5219362948  1.65451944089e-22
63.830757102  1.65629801733e-22
66.2262242965  1.65742184827e-22
68.71158958  1.65791274266e-22
71.2902266852  1.65779176233e-22
73.9656359561  1.65707926134e-22
76.7414490985  1.65579492478e-22
79.6214341107  1.65395780732e-22
82.609500398  1.6515863714e-22
85.7097040795  1.64869852524e-22
88.9262534938  1.64531166074e-22
92.2635149121  1.6414426913e-22
95.7260184645  1.63710808974e-22
99.3184642901  1.6323239262e-22
103.045728916  1.62710590635e-22
106.912871879  1.62146940973e-22
110.925142592  1.61542952845e-22
115.087987467  1.60900110623e-22
119.407057317  1.6021987778e-22
123.888215015  1.59503700875e-22
128.537543463  1.58753013581e-22
133.361353843  1.57969240756e-22
138.366194184  1.57153802554e-22
143.558858254  1.56308118575e-22
148.946394781  1.55433612043e-22
154.536117019  1.54531713996e-22
160.335612678  1.53603867487e-22
166.352754221  1.52651531758e-22
172.595709553  1.51676186381e-22
179.07295311  1.50679335319e-22
185.793277356  1.49662510881e-22
192.765804725  1.48627277525e-22
200  1.47575235452e-22
207.505683164  1.4650802394e-22
215.293042726  1.45427324349e-22
223.372649556  1.44334862711e-22
231.755471231  1.4323241184e-22
240.452886923  1.4212179285e-22
249.476702849  1.41004875989e-22
258.83916829  1.39883580694e-22
268.552992228  1.38759874739e-22
278.631360589  1.37635772375e-22
289.087954149  1.36513331354e-22
299.9369671  1.35394648727e-22
311.193126321  1.3428185532e-22
322.871711365  1.33177108814e-22
334.988575205  1.32082585363e-22
347.56016575  1.31000469719e-22
360.603548172  1.29932943866e-22
374.136428073  1.28882174201e-22
388.177175519  1.27850297336e-22
402.744849972  1.26911951396e-22
417.859226171  1.25922443622e-22
433.540820964  1.24957981226e-22
449.810921167  1.2402041025e-22
466.691612456  1.23111461994e-22
484.205809347  1.22232735272e-22
502.377286302  1.21385679269e-22
521.23071  1.20571577449e-22
540.791672822  1.19791532929e-22
561.08672759  1.19046455761e-22
582.143423613  1.18337052502e-22
603.99034408  1.1766381843e-22
626.657144863  1.17027032696e-22
650.174594771  1.16426756648e-22
674.574617318  1.1586283547e-22
699.890334057  1.15334903211e-22
726.15610954  1.14842391224e-22
753.407597968  1.14384539959e-22
781.681791585  1.1396041403e-22
811.017070897  1.13568920479e-22
841.453256769  1.13208830221e-22
873.03166448  1.12878802823e-22
905.795159807  1.12577415107e-22
939.78821721  1.12303194924e-22
975.056980207  1.12054663689e-22
1011.64932401  1.11831019976e-22
1049.6149205  1.11644158992e-22
1089.00530568  1.11498675176e-22
1129.87394962  1.11393906332e-22
1172.27632903  1.11329056262e-22
1216.27000256  1.10892348206e-22
1261.91468896  1.1093845413e-22
1309.27234813  1.11019005946e-22
1358.40726523  1.11134362102e-22
1409.38613793  1.11284778051e-22
1462.27816697  1.11470404528e-22
1517.15515006  1.11691286804e-22
1574.09157939  1.11947364949e-22
1633.16474272  1.12238475077e-22
1694.45482828  1.12564351565e-22
1758.04503366  1.12924630195e-22
1824.02167871  1.1331885215e-22
1892.47432273  1.14967828053e-22
1963.49588604  1.15951557081e-22
2037.18277611  1.16856985802e-22
2113.63501843  1.17692553798e-22
2192.95639229  1.18465731103e-22
2275.25457165  1.1918317554e-22
2360.6412713  1.19850858089e-22
2449.23239853  1.20474163671e-22
2541.14821042  1.21057972827e-22
2636.51347711  1.2160672839e-22
2735.45765119  1.22124490269e-22
2838.11504338  1.22614980725e-22
2944.62500487  1.23081622002e-22
3055.13211648  1.23358818684e-22
3169.78638492  1.2371579548e-22
3288.74344643  1.24037742382e-22
3412.16477801  1.24327209117e-22
3540.21791663  1.24586533287e-22
3673.0766867  1.24817864527e-22
3810.92143593  1.25023185256e-22
3953.93928022  1.25204328567e-22
4102.32435765  1.25362993711e-22
4256.27809197  1.25500759529e-22
4416.00946604  1.25619096148e-22
4581.73530554  1.25719375176e-22
4753.68057325  1.25802878617e-22
4932.07867447  1.25870806685e-22
5117.17177381  1.25924284657e-22
5309.21112395  1.25964368898e-22
5508.45740668  1.2599205218e-22
5715.18108675  1.26008268364e-22
5929.66277905  1.26013896554e-22
6152.19362948  1.26009764773e-22
6383.0757102  1.25996653245e-22
6622.62242965  1.25975297312e-22
6871.158958  1.25946390054e-22
7129.02266852  1.25910584646e-22
7396.56359561  1.25868496488e-22
7674.14490985  1.25820705143e-22
7962.14341107  1.25767756102e-22
8260.9500398  1.25710162416e-22
8570.97040795  1.25648406205e-22
8892.62534938  1.25582940058e-22
9226.35149121  1.25514188356e-22
9572.60184645  1.25442548514e-22
9931.84642901  1.25368392163e-22
10304.5728916  1.25292066283e-22
10691.2871879  1.25213894287e-22
11092.5142592  1.25134177067e-22
11508.7987467  1.25053194009e-22
11940.7057317  1.24971203981e-22
12388.8215015  1.24888446285e-22
12853.7543463  1.24805141603e-22
13336.1353843  1.24721492904e-22
13836.6194184  1.24637686337e-22
14355.8858254  1.2455389211e-22
14894.6394781  1.24470265337e-22
15453.6117019  1.2438694687e-22
16033.5612678  1.24304064117e-22
16635.2754221  1.24221731824e-22
17259.5709553  1.24140052848e-22
17907.295311  1.24059118903e-22
18579.3277356  1.23979011277e-22
19276.5804725  1.23899801534e-22
20000  1.23821552184e-22

