3 20 101
101
3  0
3.05745688936  3.97224757202e-40
3.11601421011  8.02057280714e-40
3.17569303801  1.21464327673e-39
3.23651485253  1.63513124206e-39
3.29850154446  2.06367251755e-39
3.3616754239  2.50042134259e-39
3.4260592282  2.94553491061e-39
3.49167613021  3.39917342564e-39
3.55854974658  3.86150015999e-39
3.62670414627  4.33268151301e-39
3.69616385924  4.812887071e-39
3.76695388521  5.30228966818e-39
3.83909970275  5.801065449e-39
3.91262727838  6.30939393143e-39
3.98756307593  2.97404884489e-38
4.06393406609  2.41782785261e-36
4.1417677361  5.35288780223e-36
4.22109209963  8.34416089013e-36
4.30193570688  1.1392723727e-35
4.38432765487  1.4499673543e-35
4.46829759787  1.7666128583e-35
4.55387575811  2.08932285087e-35
4.64109293664  2.41821348088e-35
4.72998052444  2.75340312174e-35
4.82057051367  3.09501241396e-35
4.91289550923  3.44316430863e-35
5.00698874047  2.05665668569e-34
5.10288407317  1.75788488437e-33
5.20061602171  3.391912605e-33
5.30021976151  5.05723570895e-33
5.40173114165  6.75445357467e-33
5.50518669785  8.48417706011e-33
5.61062366552  1.02470287225e-32
5.71807999326  1.20436430426e-32
5.82759435644  1.38746666527e-32
5.93920617117  1.57407585699e-32
6.05295560847  1.08620501397e-31
6.16888360871  3.09723446571e-31
6.28703189637  5.14677974969e-31
6.40744299507  7.23557853254e-31
6.53016024283  9.36438260892e-31
6.6552278077  1.15339581721e-30
6.78269070364  1.37450860896e-30
6.91259480676  1.59985621845e-30
7.04498687177  5.01735234131e-30
7.17991454885  1.48125781784e-29
7.31742640081  2.47954050846e-29
7.45757192053  3.49694260511e-29
7.60040154878  4.53383028833e-29
7.74596669241  5.59057675185e-29
7.89431974284  6.66756233692e-29
8.04551409486  1.51208726642e-28
8.19960416593  4.11425622183e-28
8.35664541573  6.7662626885e-28
8.51669436609  9.46906116922e-28
8.67980862141  1.22236244477e-27
8.84604688929  1.50309439387e-27
9.01546900177  2.29741800585e-27
9.18813593677  6.86015662957e-27
9.36410984009  1.16277331249e-26
9.54345404778  1.64866196586e-26
9.72623310891  2.14385650277e-26
9.91251280879  2.64853515225e-26
10.1023601927  5.26566376753e-26
10.29584359  9.76458615761e-26
10.4930326387  1.4349673243e-25
10.6939983105  1.90225752756e-25
10.8988129364  2.37849741131e-25
11.1075502328  3.94453344649e-25
11.3202853277  6.57677285145e-25
11.5370947883  9.25942568582e-25
11.7580566479  1.19934574826e-24
11.9832504345  1.5008286547e-24
12.2127571994  2.42563141802e-24
12.4466595458  3.44467610965e-24
12.6850416593  4.48323784731e-24
12.9279893377  5.54169042726e-24
13.175590022  7.45277647744e-24
13.4279328281  9.74835917165e-24
13.6851085784  1.20879075461e-23
13.9472098349  1.44747314375e-23
14.2143309324  1.75664586178e-23
14.4865680123  2.08866348208e-23
14.7640190574  2.42704000228e-23
15.0467839273  2.77717383637e-23
15.3349643938  3.15935449874e-23
15.628664178  3.54910879735e-23
15.9279889875  3.94632432088e-23
16.2330465545  4.34118935947e-23
16.5439466745  4.74047527455e-23
16.8608012457  5.14740843184e-23
17.1837243096  5.54416521888e-23
17.5128320918  5.93464502027e-23
17.8482430438  6.33260340657e-23
18.1900778857  6.71759627407e-23
18.5384596499  7.09321104077e-23
18.893513725  7.47601969285e-23
19.2553679009  7.84011503749e-23
19.6241524153  8.20011510474e-23
20  8.56701e-23

