5 20 101
101
5  0
5.06979739895  1.21321838855e-40
5.14056913328  2.44337267468e-40
5.21232880421  3.6906992747e-40
5.28509020281  4.95543790519e-40
5.35886731268  6.23783162903e-40
5.43367431263  7.53812690214e-40
5.50952557938  8.85657362084e-40
5.58643569036  1.01934251699e-39
5.66441942648  1.15489384711e-39
5.74349177499  1.29233740328e-39
5.82366793234  1.4316996e-39
5.90496330715  1.57300722048e-39
5.98739352309  3.34784419687e-39
6.07097442198  1.37270374214e-37
6.15572206672  2.99103781696e-37
6.24165274451  4.6319629936e-37
6.32878296985  6.29579463208e-37
6.41712948781  7.98285249469e-37
6.50670927721  9.69346080744e-37
6.59753955386  1.14279483224e-36
6.68963777393  1.31866483807e-36
6.78302163724  1.49698989769e-36
6.8777090907  1.67780428238e-36
6.97371833175  1.86114274182e-36
7.07106781187  3.72564563721e-35
7.16977624008  8.63484683198e-35
7.2698625866  1.36125779216e-34
7.37134608646  1.86597955478e-34
7.47424624317  2.37774697064e-34
7.57858283255  2.8966583934e-34
7.68437590644  3.42281354968e-34
7.7916457966  3.95631355824e-34
7.90041311863  4.49726094937e-34
8.0106987759  1.01507138813e-33
8.12252396356  5.22048865392e-33
8.23591017268  9.58961589069e-33
8.35087919428  1.40197338708e-32
8.46745312363  1.85116939934e-32
8.58565436438  2.30663595424e-32
8.70550563296  2.76846058532e-32
8.82702996291  3.236732048e-32
8.95025070928  3.7115403367e-32
9.07519155317  1.3516462027e-31
9.20187650625  2.97131028735e-31
9.33032991537  4.61358404006e-31
9.46057646726  6.27878308003e-31
9.59264119325  7.96722743235e-31
9.72654947412  9.67924158947e-31
9.86232704493  1.14151545736e-30
10  1.53693126348e-30
10.1395947979  4.97200594535e-30
10.2811382666  8.6774964738e-30
10.4246576084  1.24347137224e-29
10.5701804056  1.62443797692e-29
10.7177346254  2.01072267723e-29
10.8673486253  2.402399711e-29
11.0190511588  3.52017793433e-29
11.1728713807  8.97733210238e-29
11.328838853  1.45960337752e-28
11.48698355  2.02931696005e-28
11.6473358647  2.60698344782e-28
11.8099266143  3.19271385925e-28
11.9747870462  3.84847428055e-28
12.141948844  9.5222658004e-28
12.3114441334  1.6262508705e-27
12.483305489  2.30968418942e-27
12.6575659397  3.00265788195e-27
12.8342589756  3.70530512673e-27
13.0134185544  4.93616144878e-27
13.1950791077  1.04189532191e-26
13.3792755479  1.61357476136e-26
13.5660432745  2.1932345484e-26
13.7554181814  2.78098608451e-26
13.9474366635  3.37694232632e-26
14.1421356237  6.18219931156e-26
14.3395524802  9.85192597897e-26
14.5397251732  1.35728801216e-25
14.7426921729  1.73457768484e-25
14.9484924863  2.11717819426e-25
15.1571656651  3.56369060175e-25
15.3687518129  5.38223545638e-25
15.5832915932  7.22616625115e-25
15.8008262373  9.09583736059e-25
16.0213975518  1.1499139516e-24
16.2450479271  1.75470816062e-24
16.4718203454  2.3783844684e-24
16.7017583886  3.01076697299e-24
16.9349062473  3.65197720838e-24
17.1713087288  4.8901333464e-24
17.4110112659  6.37211825269e-24
17.6540599258  7.87479089733e-24
17.9005014186  9.39844007039e-24
18.1503831063  1.14676993702e-23
18.4037530125  1.39176090037e-23
18.6606598307  1.64017181013e-23
18.9211529345  1.89205040697e-23
19.1852823865  2.20003935622e-23
19.4530989482  2.53502163348e-23
19.7246540899  2.87468008906e-23
20  3.21908e-23

