5 20000 251
251
5  0
5.16866332702  2.08536713815e-41
5.34301611761  4.24107926821e-41
5.52325029255  6.46950931427e-41
5.7095642466  8.77311024544e-41
5.90216306693  1.1154417776e-40
6.10125875882  2.01630102709e-38
6.30707047907  6.08936803699e-38
6.51982477722  1.02998304535e-37
6.73975584491  1.46523229899e-37
6.96710577373  1.91516367007e-37
7.20212482162  1.18099256964e-35
7.44507168842  2.57670170271e-35
7.69621380059  4.01949182496e-35
7.9558276056  5.51095110366e-35
8.22419887622  1.37359321766e-33
8.50162302512  3.00194754447e-33
8.78840543001  4.68523060295e-33
9.08486176981  2.8381891578e-32
9.39131837212  1.09471291613e-31
9.70811257246  1.93296053247e-31
10.0355930856  5.03021776429e-31
10.3741203892  2.71425681138e-30
10.7240671212  5.0000826979e-30
11.0858184891  1.58245940437e-29
11.459772695  5.51385768318e-29
11.8463413729  9.57787250471e-29
12.2459500427  4.35142740816e-28
12.659038578  9.77993907664e-28
13.0860616907  2.36218731187e-27
13.5274894311  7.1637685677e-27
13.9838077058  1.21273199575e-26
14.4555188123  4.21777648665e-26
14.9431419916  7.41575823437e-26
15.4472140004  2.32457912157e-25
15.9682897017  4.12558277348e-25
16.5069426753  1.11268545076e-24
17.0637658494  2.02782239116e-24
17.6393721533  4.23802007371e-24
18.2343951921  5.40309166474e-24
18.8494899439  6.30223556912e-24
19.4853334812  9.63043737043e-24
20.1426257158  1.53113588046e-23
20.8220901694  2.33266601217e-23
21.5244747701  3.3660065603e-23
22.2505526755  4.62973272835e-23
23.0011231239  6.12261896225e-23
23.7770123142  7.84363550943e-23
24.5790743149  8.97957167522e-23
25.4081920046  9.79904247734e-23
26.265278044  1.05842693897e-22
27.15127588  1.13363808059e-22
28.0671607845  1.20564674934e-22
29.0139409281  1.27455837843e-22
29.9926584895  1.34047487346e-22
31.0043908028  1.4034947251e-22
32.0502515438  1.46371311868e-22
33.1313919552  1.52122204084e-22
34.2490021144  1.57611038306e-22
35.4043122431  1.62846404243e-22
36.5985940618  1.67836601961e-22
37.8331621896  1.72589651395e-22
39.1093755908  1.77113301608e-22
40.4286390718  1.81415039781e-22
41.7924048263  1.85502099963e-22
43.2021740347  1.89381471569e-22
44.6594985161  1.93059907649e-22
46.1659824366  1.9654393293e-22
47.7232840751  1.99839851635e-22
49.3331176488  2.02953755096e-22
50.9972551997  2.05891529158e-22
52.7175285459  2.08658861396e-22
54.4958312972  2.11261248134e-22
56.3341209402  2.13704001292e-22
58.2344209926  2.15992255061e-22
60.1988232309  2.18130972408e-22
62.2294899926  2.20124951433e-22
64.3286565568  2.21978831569e-22
66.4986336042  2.23697099654e-22
68.7418097614  2.25284095858e-22
71.0606542293  2.26744019493e-22
73.4577195017  2.28080934705e-22
75.9356441749  2.29298776056e-22
78.4971558521  2.30401354008e-22
81.1450741455  2.31392360312e-22
83.8823137808  2.3227537331e-22
86.7118878048  2.33053863165e-22
89.6369109026  2.33731197015e-22
92.6606028258  2.3431064407e-22
95.786291937  2.34795380649e-22
99.0174188731  2.35188495173e-22
102.357540333  2.35492993116e-22
105.810332993  2.35711801922e-22
109.379597552  2.35847775889e-22
113.069262918  2.35903701037e-22
116.883390531  2.35882299956e-22
120.826178835  2.35786236638e-22
124.901967898  2.35618121306e-22
129.115244189  2.35380515223e-22
133.47064552  2.35075935512e-22
137.972966146  2.34706859955e-22
142.627162048  2.34275731794e-22
147.438356383  2.33784964512e-22
152.411845126  2.33236946606e-22
157.553102901  2.32634046325e-22
162.867789005  2.31978616377e-22
168.361753636  2.31272998588e-22
174.041044338  2.30519528481e-22
179.911912653  2.2972053978e-22
185.980821005  2.28878368784e-22
192.254449811  2.27995358609e-22
198.739704839  2.27073863238e-22
205.443724804  2.26116251353e-22
212.373889232  2.25124909904e-22
219.537826578  2.24102247355e-22
226.943422626  2.23050696556e-22
234.598829166  2.2197271718e-22
242.512472975  2.20870797651e-22
250.693065082  2.19747456498e-22
259.149610365  2.18605243056e-22
267.891417461  2.17446737437e-22
276.92810901  2.16274549685e-22
286.269632252  2.15091318049e-22
295.926269972  2.13899706279e-22
305.908651821  2.12702399896e-22
316.227766017  2.11502101342e-22
326.894971439  2.10301523998e-22
337.922010133  2.0910338499e-22
349.321020233  2.079103968e-22
361.104549327  2.06725257662e-22
373.285568265  2.05550640779e-22
385.877485439  2.04389182432e-22
398.894161542  2.03243469045e-22
412.349924824  2.02218881062e-22
426.259586867  2.01110195322e-22
440.638458886  2.0002465613e-22
455.502368583  1.98964497814e-22
470.867677573  1.9793183036e-22
486.75129939  1.96928624136e-22
503.170718107  1.95956695145e-22
520.144007581  1.95017691097e-22
537.68985135  1.94113078616e-22
555.827563197  1.93244131898e-22
574.577108408  1.92411923095e-22
593.959125754  1.9161731471e-22
613.994950206  1.90860954212e-22
634.706636421  1.90143271079e-22
656.116983016  1.89464476397e-22
678.24955767  1.88824565119e-22
701.128723058  1.8822332103e-22
724.779663678  1.87660324418e-22
749.228413564  1.87134962413e-22
774.501884949  1.86646441963e-22
800.627897888  1.86193805369e-22
827.63521088  1.85775948374e-22
855.553552524  1.8539164087e-22
884.413654246  1.85039550472e-22
914.247284123  1.84718269553e-22
945.087281854  1.84426347183e-22
976.967594909  1.84162329628e-22
1009.9233159  1.83925430638e-22
1043.9907212  1.83729740925e-22
1079.20731088  1.83581302982e-22
1115.61185  1.83479554404e-22
1153.24441125  1.83423792794e-22
1192.14641911  1.82781232102e-22
1232.36069537  1.82862427382e-22
1273.93150637  1.82982735086e-22
1316.90461162  1.83142690227e-22
1361.32731425  1.83342725505e-22
1407.24851304  1.83583169166e-22
1454.71875627  1.83864243633e-22
1503.79029733  1.8418606494e-22
1554.51715227  1.84548642974e-22
1606.95515923  1.84951882532e-22
1661.16203994  1.85395585159e-22
1717.19746321  1.85879451757e-22
1775.12311067  1.8640308591e-22
1835.00274461  1.86965997879e-22
1896.90227821  1.89415088699e-22
1960.88984806  1.90744389552e-22
2027.0358892  1.91979080307e-22
2095.41321261  1.93128367839e-22
2166.09708539  1.94200489073e-22
2239.1653136  1.95202856287e-22
2314.69832791  1.9614217512e-22
2392.77927211  1.97024541149e-22
2473.49409468  1.97855519462e-22
2556.93164335  1.98640210634e-22
2643.18376294  1.99383305743e-22
2732.34539641  2.0008913248e-22
2824.51468943  2.00761693985e-22
2919.79309838  2.01404701704e-22
3018.28550201  2.01802090315e-22
3120.10031694  2.02312101717e-22
3225.34961696  2.02778451651e-22
3334.1492564  2.03204007478e-22
3446.61899767  2.03591417277e-22
3562.88264309  2.03943132924e-22
3683.06817116  2.04261430173e-22
3807.30787743  2.04548426163e-22
3935.73852015  2.04806094746e-22
4068.50147076  2.05036279938e-22
4205.74286957  2.05240707747e-22
4347.61378656  2.0542099661e-22
4494.27038772  2.05578666607e-22
4645.87410694  2.05715147621e-22
4802.5918237  2.05831786574e-22
4964.59604675  2.0592985385e-22
5132.06510406  2.06010549012e-22
5305.18333904  2.06075005896e-22
5484.14131352  2.06124297149e-22
5669.13601747  2.06159438299e-22
5860.37108588  2.06181391388e-22
6058.05702285  2.06191068236e-22
6262.4114334  2.0618933338e-22
6473.6592629  2.0617700672e-22
6692.03304475  2.06154865911e-22
6917.77315631  2.06123648541e-22
7151.12808353  2.06084054104e-22
7392.35469443  2.06036745814e-22
7641.71852188  2.05982352263e-22
7899.49405588  2.05921468957e-22
8165.96504572  2.05854659734e-22
8441.4248123  2.05782458097e-22
8726.17657102  2.05705368452e-22
9020.53376554  2.0562386728e-22
9324.82041281  2.0553840425e-22
9639.37145974  2.05449403273e-22
9964.53315189  2.0535726352e-22
10300.6634146  2.05262360387e-22
10648.132247  2.05165046441e-22
11007.3221293  2.05065652327e-22
11378.6284436  2.04964487653e-22
11762.4599097  2.04861841851e-22
12159.2390341  2.0475798502e-22
12569.402576  2.04653168746e-22
12993.4020274  2.04547626907e-22
13431.7041105  2.04441576462e-22
13884.791291  2.04335218226e-22
14353.1623098  2.04228737622e-22
14837.3327315  2.04122305427e-22
15337.835512  2.0401607849e-22
15855.2215853  2.03910200451e-22
16390.06047  2.03804802425e-22
16942.9408957  2.03700003682e-22
17514.4714519  2.03595912301e-22
18105.2812571  2.03492625816e-22
18716.0206518  2.03390231829e-22
19347.3619141  2.0328880862e-22
20000  2.03188425722e-22

