4 20 101
101
4  0
4.06489836507  6.22199446445e-41
4.13084967959  1.2544938246e-40
4.19787102722  1.89704692059e-40
4.26597976883  2.55002517794e-40
4.33519354694  3.21359774062e-40
4.4055302903  3.8879364969e-40
4.47700821858  4.57321612388e-40
4.54964584702  5.26961413272e-40
4.6234619913  5.9773109146e-40
4.69847577235  6.69648978751e-40
4.77470662134  7.42733704369e-40
4.85217428469  8.17004199787e-40
4.93089882922  8.92479703637e-40
5.0109006473  3.2271984269e-38
5.09220046219  2.40973245339e-37
5.17481933334  4.56045143349e-37
5.2587786619  6.74606494997e-37
5.34410019626  8.96713915242e-37
5.43080603763  1.1224249376e-36
5.51891864584  1.35179802904e-36
5.60846084511  1.58489260513e-36
5.69945582996  1.82176904545e-36
5.79192717125  2.06248870919e-36
5.88589882225  2.30711395109e-36
5.98139512488  2.99913871105e-36
6.07844081599  1.00792891084e-34
6.17706103378  2.24241326608e-34
6.27728132428  3.4969266254e-34
6.37912764804  4.77179395121e-34
6.48262638677  6.06734547831e-34
6.58780435024  7.3839167994e-34
6.69468878317  8.72184895205e-34
6.80330737234  1.0081488507e-33
6.91368825372  1.1463187658e-33
7.02586001978  5.34724162925e-33
7.13985172691  2.33259888972e-32
7.25569290288  4.16082332697e-32
7.3734135546  6.01870995845e-32
7.49304417576  7.90674004115e-32
7.61461575486  9.82540264024e-32
7.73815978314  1.17751947558e-31
7.86370826279  1.37566214515e-31
7.9912937152  1.83809644349e-31
8.12094918942  8.94168162855e-31
8.25270827072  1.69495954072e-30
8.38660508926  2.50874343139e-30
8.52267432896  3.33573063306e-30
8.66095123645  4.17613536406e-30
8.80147163025  5.03017531833e-30
8.94427191  5.89807172177e-30
9.08938906592  1.69759035504e-29
9.23686068839  3.46930307201e-29
9.38672497765  5.26976110366e-29
9.53902075375  7.09943083096e-29
9.69378746657  8.95878620174e-29
9.85106520605  1.08483088534e-28
10.0108947126  1.53157946653e-28
10.1733173875  4.16010845861e-28
10.3383753039  6.91843091422e-28
10.5061112176  9.72150602426e-28
10.6765685779  1.25700598822e-27
10.8497915392  1.54648303623e-27
11.0258249723  2.41036072479e-27
11.2047144759  6.32044115832e-27
11.3865063885  1.03369334969e-26
11.5712478006  1.44185917821e-26
11.7589865666  1.85664733046e-26
11.9497713174  2.27816525095e-26
12.1436514728  5.23873415397e-26
12.3406772544  9.14710700072e-26
12.5408996988  1.31188915994e-25
12.7443706706  1.71551167799e-25
12.9511428756  2.1263519061e-25
13.1612698752  3.84076580121e-25
13.3748060995  5.98336692206e-25
13.5918068618  8.16073087034e-25
13.8123283727  1.03734216587e-24
14.036427755  1.35950955474e-24
14.2641630582  2.16085854993e-24
14.4955932736  2.98018399856e-24
14.7307783496  3.81280266772e-24
14.9697792074  4.67635457693e-24
15.2126577564  6.45841629823e-24
15.4594769106  8.42279564619e-24
15.7103006046  1.04190462462e-23
15.9651938106  1.24607623603e-23
16.2242225547  1.53287759059e-23
16.4874539343  1.83858925021e-23
16.7549561354  2.14926095655e-23
17.0267984504  2.47099494205e-23
17.3030512959  2.84042664905e-23
17.5837862308  3.21706344513e-23
17.8690759753  3.59981101928e-23
18.1589944294  3.98976382151e-23
18.4536166918  4.38687633039e-23
18.75301908  4.79043182741e-23
19.0572791496  5.19631997893e-23
19.3664757145  5.59096034123e-23
19.6806888673  5.99190260841e-23
20  6.39935e-23

