6 20 101
101
6  0
6.0726749839  9.84440796895e-43
6.14623024334  1.9808056303e-42
6.22067644067  2.98923893008e-42
6.29602436737  4.00988687549e-42
6.37228494562  5.0428974164e-42
6.44946922993  6.08842029472e-42
6.52758840867  7.1466070661e-42
6.60665380575  8.2176111219e-42
6.68667688224  9.30158771146e-42
6.76766923803  1.03986939645e-41
6.84964261352  1.15090889142e-41
6.93260889129  1.26329335197e-41
7.01658009788  2.20681520037e-40
7.10156840549  1.26162387167e-39
7.18758613374  2.31861437862e-39
7.2746457515  3.38840768024e-39
7.36275987864  4.47115885036e-39
7.45194128792  5.56702484113e-39
7.54220290677  6.67616450576e-39
7.63355781924  7.79873862161e-39
7.72601926784  8.93490991342e-39
7.81960065549  1.0084843077e-38
7.91431554744  1.12487048029e-38
8.01017767327  5.86323060427e-38
8.10720092884  4.17311897691e-37
8.20539937834  7.88310392686e-37
8.30478725629  1.16380260596e-36
8.40537896964  1.54384296765e-36
8.50718909986  1.92848656721e-36
8.610232405  2.31778916133e-36
8.7145238219  2.71180718208e-36
8.82007846831  3.11059774505e-36
8.92691164508  3.51421865765e-36
9.03503883843  2.09656405185e-35
9.14447572211  7.46092644231e-35
9.25523815976  1.28902646578e-34
9.36734220713  1.83853657179e-34
9.48080411448  2.39470261749e-34
9.59564032887  2.95760522292e-34
9.7118674966  3.52732598464e-34
9.82950246559  4.10394748757e-34
9.94856228783  4.6875533169e-34
10.0690642218  2.02102252451e-33
10.1910257352  4.71766854275e-33
10.3144645071  7.44697767866e-33
10.4393984307  1.02093455641e-32
10.5658456162  1.30051726232e-32
10.6938243929  1.58348641301e-32
10.8233533122  1.86988302677e-32
10.9544511501  2.15974861875e-32
11.0871369103  6.69124553831e-32
11.2214298263  1.35198455959e-31
11.357349365  2.04311570533e-31
11.4949152287  2.74261817522e-31
11.6341473586  3.4505933669e-31
11.7750659372  4.1671439062e-31
11.9176913918  4.89237366197e-31
12.0620443968  1.17047683643e-30
12.2081458772  2.67609786867e-30
12.3560170113  4.19995573162e-30
12.5056792342  5.74227131884e-30
12.6571542404  7.30326819948e-30
12.8104639872  8.88317265064e-30
12.9656306978  1.05111996937e-29
13.1226768649  3.23276201796e-29
13.2816252532  6.01730889548e-29
13.4424989034  8.83558358958e-29
13.6053211353  1.16879946283e-28
13.7701155511  1.45749554882e-28
13.9369060387  1.74968846537e-28
14.1057167757  3.90705323862e-28
14.2765722323  7.21506774433e-28
14.4494971752  1.05631505669e-27
14.6245166709  1.39517870336e-27
14.8016560898  1.73814683504e-27
14.9809411095  2.13880684714e-27
15.1623977185  4.66256238242e-27
15.3460522202  7.53547526178e-27
15.5319312365  1.04431862907e-26
15.7200617119  1.33861169616e-26
15.9104709172  1.63646938724e-26
16.1031864535  2.77920134242e-26
16.2982362562  4.67453538427e-26
16.4956485991  6.59282665461e-26
16.6954520985  8.53435322281e-26
16.8976757173  1.04993965264e-25
17.1023487691  1.62446172758e-25
17.3095009226  2.58603923771e-25
17.5191622061  3.55926385286e-25
17.7313630113  4.54427664854e-25
17.9461340982  5.54127953777e-25
18.1635065993  8.59636940721e-25
18.3835120242  1.23707692772e-24
18.6061822643  1.61908865554e-24
18.831549597  2.0057274994e-24
19.059646691  2.57686137427e-24
19.2905066104  3.6688772736e-24
19.52416282  4.77412021258e-24
19.7606491897  5.8927504037e-24
20  7.02493e-24

