4 20 101
101
4  0
4.06489836507  4.27876218869e-43
4.13084967959  8.62694554503e-43
4.19787102722  1.30456763991e-42
4.26597976883  1.75360993551e-42
4.33519354694  2.20993775883e-42
4.4055302903  2.67366931456e-42
4.47700821858  3.14492472524e-42
4.54964584702  3.62382606235e-42
4.6234619913  4.1104973779e-42
4.69847577235  4.60506473663e-42
4.77470662134  5.10765624861e-42
4.85217428469  5.61840210245e-42
4.93089882922  6.13743459901e-42
5.0109006473  3.9283669435e-40
5.09220046219  2.96708596402e-39
5.17481933334  5.61992066012e-39
5.2587786619  8.31579651487e-39
5.34410019626  1.10554118535e-38
5.43080603763  1.38394763312e-38
5.51891864584  1.66687111171e-38
5.60846084511  1.9543849081e-38
5.69945582996  2.24656349832e-38
5.79192717125  2.54348256674e-38
5.88589882225  2.84521902569e-38
5.98139512488  3.83218616128e-38
6.07844081599  1.53796652968e-36
6.17706103378  3.43120686845e-36
6.27728132428  5.35516425789e-36
6.37912764804  7.31033706958e-36
6.48262638677  9.297231761e-36
6.58780435024  1.13163630067e-35
6.69468878317  1.33682538315e-35
6.80330737234  1.54534357464e-35
6.91368825372  1.75724488855e-35
7.02586001978  1.00675314368e-34
7.13985172691  4.5843942633e-34
7.25569290288  8.22243342642e-34
7.3734135546  1.1919498288e-33
7.49304417576  1.56765465158e-33
7.61461575486  1.94945513155e-33
7.73815978314  2.33745016825e-33
7.86370826279  2.73174026584e-33
7.9912937152  4.05143208796e-33
8.12094918942  2.87433332124e-32
8.25270827072  5.66134396711e-32
8.38660508926  8.49357272156e-32
8.52267432896  1.13717532299e-31
8.66095123645  1.42966310406e-31
8.80147163025  1.72689637983e-31
8.94427191  2.02895214401e-31
9.08938906592  8.90914591101e-31
9.23686068839  2.00654287149e-30
9.38672497765  3.14027176474e-30
9.53902075375  4.29239494589e-30
9.69378746657  5.46321085474e-30
9.85106520605  6.65302277317e-30
10.0108947126  1.06094176816e-29
10.1733173875  3.80824072412e-29
10.3383753039  6.69410145107e-29
10.5061112176  9.62678408877e-29
10.6765685779  1.26070483036e-28
10.8497915392  1.56356660872e-28
11.0258249723  2.63918365117e-28
11.2047144759  7.81900361362e-28
11.3865063885  1.31407818821e-27
11.5712478006  1.85489038278e-27
11.7589865666  2.40447703416e-27
11.9497713174  2.96298050433e-27
12.1436514728  7.06169676088e-27
12.3406772544  1.24816356423e-26
12.5408996988  1.79895108168e-26
12.7443706706  2.35867490147e-26
12.9511428756  2.92865725832e-26
13.1612698752  5.78973091117e-26
13.3748060995  9.40165770843e-26
13.5918068618  1.30721865417e-25
13.8123283727  1.68022682049e-25
14.036427755  2.32029600335e-25
14.2641630582  4.24203368336e-25
14.4955932736  6.20829487924e-25
14.7307783496  8.20645785934e-25
14.9697792074  1.03232648647e-24
15.2126577564  1.69503446726e-24
15.4594769106  2.44440703767e-24
15.7103006046  3.20593787175e-24
15.9651938106  3.99430985831e-24
16.2242225547  5.67407195563e-24
16.4874539343  7.53901363368e-24
16.7549561354  9.4342132282e-24
17.0267984504  1.14826683297e-23
17.3030512959  1.44285257024e-23
17.5837862308  1.7446819282e-23
17.8690759753  2.05140834413e-23
18.1589944294  2.39688645742e-23
18.4536166918  2.77623324388e-23
18.75301908  3.16173477689e-23
19.0572791496  3.55553000766e-23
19.3664757145  3.96434183157e-23
19.6806888673  4.37983530986e-23
20  4.80207e-23

