0.1 20000 301
301
0.1  0
0.10415259619  5.17211482204e-37
0.108477632931  1.05590066871e-36
0.112982270983  1.61695944185e-36
0.117673968462  2.20131672023e-36
0.122560493193  2.80993999668e-36
0.127649935564  3.44383694012e-36
0.132950721924  4.10405706389e-36
0.138471628537  4.79169346335e-36
0.144221796108  5.50788462574e-36
0.150210744918  6.25381631505e-36
0.156448390588  7.03072353527e-36
0.162945060494  7.83989257511e-36
0.169711510868  8.68266313767e-36
0.176758944602  9.56043055851e-36
0.1840990298  1.04746481158e-35
0.191743919097  1.14268294366e-35
0.199706269776  1.24185510026e-35
0.207999264725  1.40886125405e-30
0.216636634267  2.93009453269e-30
0.225632678887  4.51449848651e-30
0.235002292913  6.16469633854e-30
0.244760989175  7.88342024369e-30
0.254924924685  9.67351581225e-30
0.265510927395  1.15379468212e-29
0.276536524049  1.34798001211e-29
0.28801996921  1.55022907473e-29
0.299980275477  1.7608767242e-29
0.312437244967  1.98027171995e-29
0.325411502097  2.20877730393e-29
0.338924527734  2.44677180208e-29
0.352998694759  2.6946492507e-29
0.367657305107  2.9528200488e-29
0.382924628351  3.22171163762e-29
0.398825941877  3.50176920832e-29
0.415387572744  3.79345643903e-29
0.432636941262  4.09725626257e-29
0.450602606401  4.413671666e-29
0.469314313065  4.74322652342e-29
0.488803041347  5.0864664633e-29
0.509101057818  1.47690556658e-27
0.530241968947  4.7848851424e-27
0.552260776746  8.23023175204e-27
0.575193936719  1.18186496937e-26
0.599079418219  1.55560801421e-26
0.623956767313  1.94487109849e-26
0.649867172259  2.35029870677e-26
0.676853531693  2.77256208647e-26
0.70496052566  3.21236035919e-26
0.734234689588  3.67042167822e-26
0.764724491332  4.14750443413e-26
0.796480411421  4.64439851039e-26
0.829555026638  5.16192659112e-26
0.864003097066  5.70094552321e-26
0.899881656755  6.26234773495e-26
0.937250108145  6.84706271353e-26
0.976170320425  7.45605854404e-26
1.01670673196  1.64639828929e-25
1.05892645697  3.8285702749e-25
1.10289939667  6.10135905123e-25
1.148698355  8.4685275677e-25
1.19639915912  1.09339950338e-24
1.24608078501  1.35018434079e-24
1.29782548821  1.61763241558e-24
1.35171893999  1.89618652893e-24
1.40785036919  2.18630786978e-24
1.46631270998  2.48847677838e-24
1.5272027557  2.80319354156e-24
1.59062131914  3.13097922105e-24
1.65667339944  3.47237651619e-24
1.7254683559  3.82795066239e-24
1.7971200891  4.19829036704e-24
1.87174722945  4.58400878416e-24
1.94947333358  4.98574452956e-24
2.03042708895  5.54399783097e-24
2.11474252688  6.36728337431e-24
2.20255924448  7.22475664174e-24
2.29402263574  8.11783731141e-24
2.3892841323  9.04800401494e-24
2.48850145414  1.00167967856e-23
2.59183887071  1.10258196079e-23
2.6994674729  1.20767430734e-23
2.81156545633  1.31713071468e-23
2.92831841634  1.43113240461e-23
3.04991965532  1.53434767149e-23
3.17657050272  1.61863716161e-23
3.30848064838  1.70642685389e-23
3.44586848972  1.79786209759e-23
3.58896149333  1.89309427773e-23
3.73799657156  1.99228106576e-23
3.89322047476  2.09558668057e-23
4.05489019986  2.19383557793e-23
4.2232734158  2.27722713999e-23
4.39864890674  2.36408161687e-23
4.58130703365  2.45454280946e-23
4.77155021497  2.54876049009e-23
4.96969342739  2.64689065052e-23
5.1760647273  2.73096064791e-23
5.39100579394  2.81527044948e-23
5.61487249513  2.90308129666e-23
5.84803547643  2.99453857373e-23
6.0908807748  3.09249901657e-23
6.34381045777  3.19923884839e-23
6.60724328913  3.31041115441e-23
6.8816154222  3.42619999736e-23
7.16738112202  3.57446432069e-23
7.4650135174  3.74926641857e-23
7.77500538429  3.93132734172e-23
8.09786996163  4.18462030446e-23
8.43414180111  4.60088585438e-23
8.78437765219  5.03443723166e-23
9.14915738387  5.407812699e-23
9.52908494479  5.67898323771e-23
9.92478936312  5.96141439388e-23
10.3369257881  6.2125221092e-23
10.7661765745  6.4640479823e-23
11.2132524127  6.74032018331e-23
11.6788935051  7.04439706369e-23
12.1638707918  7.34258147154e-23
12.6689872269  7.61535206463e-23
13.1950791077  7.87072014958e-23
13.74301746  8.08591959501e-23
14.3137094794  8.27145153965e-23
14.9081000339  8.43175142122e-23
15.5271732278  8.57690185132e-23
16.1719540317  8.70546607457e-23
16.8435099786  8.78594418484e-23
17.5429529322  8.84719814063e-23
18.2714409272  8.91177254662e-23
19.030180087  8.99385234649e-23
19.8204266202  9.08060088109e-23
20.6434889008  9.17087031942e-23
21.5007296344  9.26347168873e-23
22.3935681139  9.35717061856e-23
23.3234825702  9.45068289378e-23
24.2920126187  9.5120532992e-23
25.3007618091  9.49832841072e-23
26.35140028  9.48175040794e-23
27.445667524  9.46241189129e-23
28.5853752678  9.44040146531e-23
29.772410472  9.41580390737e-23
31.0087384549  9.38870033209e-23
32.2964061465  9.35916835167e-23
33.6375454776  9.32728223249e-23
35.0343769094  9.29311304814e-23
36.48921311  9.25672882926e-23
38.0044627833  9.21819471045e-23
39.5826346568  9.17757307444e-23
41.2263416354  9.13492369412e-23
42.9383051273  9.09030387237e-23
44.72135955  9.04376858046e-23
46.5784570227  8.99537059495e-23
48.5126722543  8.94516063387e-23
50.5272076339  8.89318749221e-23
52.6253985329  8.83949817734e-23
54.8107188272  8.78413804475e-23
57.0867866488  8.72715093443e-23
59.457370376  8.66857930843e-23
61.9263948728  8.60846439008e-23
64.4979479868  8.5468463053e-23
67.1762873173  8.48376422644e-23
69.9658472649  8.41925651932e-23
72.8712463726  8.35336089383e-23
75.8972949729  8.28611455868e-23
79.0490031521  8.21755438085e-23
82.331589045  8.1477170502e-23
85.7504874747  8.07663924988e-23
89.3113589503  8.00435783294e-23
93.0200990391  7.93091000569e-23
96.8828481275  7.85633351821e-23
100.906001587  7.78066686251e-23
105.096220365  7.70394947859e-23
109.460442007  7.62622196863e-23
114.005892151  7.54752631953e-23
118.740096485  7.46790613375e-23
123.670893207  7.38740686823e-23
128.806446006  7.30607608106e-23
134.155257575  7.22396368519e-23
139.72618369  7.14112220823e-23
145.52844787  7.05760705711e-23
151.571656651  6.97347678561e-23
157.86581549  6.88879336287e-23
164.421345329  6.80362243983e-23
171.24909985  6.71803361023e-23
178.360383446  6.63210066224e-23
185.766969933  6.54590181568e-23
193.481122048  6.45951993922e-23
201.51561175  6.3730427411e-23
209.883741365  6.28656292592e-23
218.599365612  6.2001783092e-23
227.67691454  6.1139918807e-23
237.131417418  6.02811180659e-23
246.978527622  5.94265136009e-23
257.23454855  5.85772876977e-23
267.916460612  5.77346697449e-23
279.041949347  5.6899932746e-23
290.629434703  5.60743886922e-23
302.698101535  5.5259382712e-23
315.267931366  5.44562859293e-23
328.359735471  5.36664869883e-23
341.995189335  5.28913822363e-23
356.196868537  5.21323645944e-23
370.988286128  5.13908111931e-23
386.393931562  5.06680698985e-23
402.439311242  5.00067282841e-23
419.150990746  4.93243151156e-23
436.556638818  4.86644981408e-23
454.685073167  4.80283524872e-23
473.566308191  4.74168484267e-23
493.231604661  4.68308369406e-23
513.713521483  4.62710364431e-23
535.045969603  4.57380210809e-23
557.26426815  4.52322110051e-23
580.405202916  4.4753864966e-23
604.507087258  4.43030755302e-23
629.60982553  4.3879767144e-23
655.754979155  4.34836971909e-23
682.985835434  4.3114460108e-23
711.347479213  4.27714945508e-23
740.886867531  4.2454093532e-23
771.652907362  4.216141742e-23
803.696536592  4.18925096795e-23
837.070808348  4.16463152928e-23
871.830978841  4.14217019514e-23
908.03459885  4.12174844679e-23
945.741609003  4.10324537088e-23
985.014439024  4.08654139496e-23
1025.91811109  4.07173086248e-23
1068.52034748  4.05965734504e-23
1112.89168271  4.05037603867e-23
1159.10558033  4.04382311092e-23
1207.23855449  4.01746299108e-23
1257.37029671  4.01819520276e-23
1309.58380774  4.02124659518e-23
1363.96553504  4.0266401645e-23
1420.60551588  4.0343918755e-23
1479.5975264  4.04451050772e-23
1541.03923691  4.05699757557e-23
1605.03237354  4.07184732395e-23
1671.68288673  4.08904679952e-23
1741.10112659  4.10857599579e-23
1813.40202564  4.13040806881e-23
1888.70528906  4.21881507625e-23
1967.13559293  4.2765985179e-23
2048.82279061  4.32940603439e-23
2133.90212774  4.3778084901e-23
2222.51446619  4.42231006268e-23
2314.80651723  4.46335927467e-23
2410.93108447  4.50135771492e-23
2511.04731682  4.53666699813e-23
2615.32097202  4.56961436483e-23
2723.92469106  4.60049722147e-23
2837.03828399  4.62958684608e-23
2954.84902768  4.65713143169e-23
3077.55197581  4.67335077136e-23
3205.3502819  4.69381277181e-23
3338.45553557  4.71200961179e-23
3477.08811294  4.72812005082e-23
3621.47754143  4.74230723521e-23
3771.86287983  4.75472055118e-23
3928.49311406  4.76549720475e-23
4091.62756943  4.77476357403e-23
4261.53633998  4.78263637048e-23
4438.50073566  4.78922363921e-23
4622.81374809  4.79462562294e-23
4814.78053566  4.79893550982e-23
5014.71892873  4.8022400823e-23
5222.95995589  4.80462028122e-23
5439.84839201  4.80615169742e-23
5665.74332907  4.8069050009e-23
5901.01877067  4.80694631677e-23
6146.0642513  4.8063375552e-23
6401.28548122  4.80513670225e-23
6667.10501821  4.80339807714e-23
6943.96296717  4.80117256088e-23
7232.31770876  4.79850780061e-23
7532.64665837  4.79544839329e-23
7845.44705649  4.79203605195e-23
8171.23679203  4.78830975733e-23
8510.55525972  4.78430589714e-23
8863.96425316  4.7800583952e-23
9232.048895  4.7755988318e-23
9615.41860565  4.77095655716e-23
10014.7081123  4.76615879883e-23
10430.5784998  4.76123076417e-23
10863.7183051  4.75619573877e-23
11314.8446575  4.75107518123e-23
11784.7044657  4.74588881505e-23
12274.0756543  4.74065471776e-23
12783.7684522  4.73538940771e-23
13314.6267339  4.73010792865e-23
13867.5294163  4.72482393217e-23
14443.3919145  4.7195497581e-23
15043.1676568  4.71429651284e-23
15667.8496638  4.70907414559e-23
16318.4721919  4.70389152242e-23
16996.1124464  4.69875649811e-23
17701.8923642  4.69367598568e-23
18436.9804721  4.68865602352e-23
19202.5938207  4.68370184004e-23
20000  4.67881791573e-23

