4 20000 251
251
4  0
4.13862304168  1.76417994901e-43
4.28205017028  3.58949889567e-43
4.43044787508  5.47807565844e-43
4.58398841519  7.43210248503e-43
4.74285001948  9.45384759717e-43
4.90721709346  1.15456578236e-42
5.07728043337  7.492945795e-40
5.25323744766  2.45243857562e-39
5.43529238607  4.21460632202e-39
5.62365657681  6.03784333167e-39
5.81854867182  7.92426600631e-39
6.02019490058  1.78950895237e-37
6.22882933273  1.92769006947e-36
6.44469414978  3.73703312957e-36
6.66803992621  5.60908034927e-36
6.89912592036  7.54600478891e-36
7.13822037536  2.4718388577e-34
7.38560083051  6.74563462167e-34
7.64155444345  1.11675420277e-33
7.90637832347  1.57426939974e-33
8.18037987644  2.66949672781e-32
8.46387716158  6.59221591439e-32
8.75719926071  1.06508799173e-31
9.06068666023  4.20635673055e-31
9.37469164637  1.87215853927e-30
9.69957871407  3.37398503418e-30
10.0357249902  7.35852016762e-30
10.3835206711  3.26296137188e-29
10.7433694757  5.87764962336e-29
11.1156891144  1.73994754083e-28
11.5009117732  4.95558717019e-28
11.8994846163  8.28266723613e-28
12.3118703042  3.45891665308e-27
12.7385475318  6.94317928162e-27
13.1800115832  1.96539340672e-26
13.6367749069  4.64888894035e-26
14.109367711  1.07431601849e-25
14.5983385781  2.84492882203e-25
15.1042551023  5.80034777103e-25
15.6277045485  1.33364581819e-24
16.1692945332  2.55617007297e-24
16.7296537307  4.82856080411e-24
17.3094326023  8.29359890158e-24
17.9093041516  1.28856401675e-23
18.5299647055  1.44191809974e-23
19.1721347229  1.75375797732e-23
19.8365596306  2.29400691855e-23
20.5240106887  3.06079338309e-23
21.235285886  4.05245528074e-23
21.9712108661  5.26753606262e-23
22.732639886  6.70478090806e-23
23.5204568076  8.36313300399e-23
24.3355761237  9.77118544238e-23
25.1789440195  1.05364238203e-22
26.0515394711  1.12685194186e-22
26.9543753815  1.19685913081e-22
27.888499757  1.26377202518e-22
28.8549969231  1.32769499486e-22
29.8549887833  1.38872882431e-22
30.8896361219  1.4469708301e-22
31.9601399508  1.50251497518e-22
33.0677429039  1.55545197988e-22
34.2137306796  1.60586942976e-22
35.3994335331  1.65385188049e-22
36.6262278206  1.69948095953e-22
37.8955375971  1.74283546514e-22
39.208836269  1.7839914624e-22
40.5676483051  1.82302237659e-22
41.9735510055  1.85999908381e-22
43.4281763331  1.89498999919e-22
44.9332128076  1.92806116249e-22
46.4904074655  1.95927632134e-22
48.1015678884  1.98869701223e-22
49.768564301  2.01638263919e-22
51.4933317418  2.04239055045e-22
53.2778723099  2.06677611292e-22
55.1242574883  2.08959278485e-22
57.0346305491  2.11089218652e-22
59.011209041  2.13072416921e-22
61.0562873636  2.14913688244e-22
63.1722394306  2.16617683963e-22
65.3615214255  2.1818889822e-22
67.6266746527  2.19631674232e-22
69.9703284874  2.20950210423e-22
72.3952034279  2.22148566434e-22
74.9041142534  2.2323066902e-22
77.4999732914  2.24200317836e-22
80.1857937984  2.2506119112e-22
82.9646934573  2.25816851297e-22
85.839897997  2.26470750487e-22
88.8147449364  2.27026235954e-22
91.8926874587  2.27486555479e-22
95.0772984195  2.27854862688e-22
98.3722744949  2.28134222318e-22
101.781440472  2.28327615457e-22
105.308753688  2.2843794474e-22
108.958308626  2.28468039528e-22
112.734341665  2.28420661058e-22
116.641236001  2.28298507588e-22
120.683526731  2.28104219526e-22
124.86590612  2.2784038456e-22
129.193229047  2.27509542781e-22
133.670518641  2.27114191808e-22
138.30297211  2.26656791908e-22
143.095966777  2.26139771117e-22
148.055066318  2.25565530349e-22
153.186027225  2.24936448491e-22
158.494805484  2.2425488747e-22
163.987563491  2.23523197288e-22
169.670677203  2.22743720991e-22
175.550743543  2.21918799564e-22
181.634588052  2.2105077673e-22
187.92927282  2.20142003599e-22
194.442104674  2.19194843158e-22
201.180643669  2.18211674541e-22
208.152711857  2.17194897033e-22
215.36640237  2.16146933764e-22
222.830088813  2.15070235012e-22
230.552434985  2.13967281061e-22
238.542404936  2.12840584537e-22
246.809273372  2.11692692137e-22
255.362636419  2.10526185662e-22
264.212422767  2.09343682275e-22
273.36890519  2.08147833887e-22
282.842712475  2.06941325571e-22
292.644841755  2.05726872926e-22
302.786671278  2.04507218293e-22
313.279973616  2.03285125761e-22
324.136929326  2.0206337488e-22
335.370141092  2.00844753046e-22
346.992648354  1.99632046526e-22
359.017942442  1.98428030112e-22
371.459982242  1.97235455451e-22
384.333210392  1.96057038088e-22
397.652570053  1.94895443334e-22
411.433522251  1.93852871918e-22
425.692063826  1.92730686694e-22
440.444746003  1.9163294885e-22
455.708693598  1.90561955321e-22
471.501624905  1.89519870819e-22
487.841872255  1.88508711e-22
504.748403302  1.87530326232e-22
522.240843039  1.86586386319e-22
540.339496577  1.85678366534e-22
559.065372716  1.84807535334e-22
578.440208331  1.83974944079e-22
598.486493608  1.8318141905e-22
619.227498145  1.82427556044e-22
640.687297966  1.81713717736e-22
662.890803468  1.81040033971e-22
685.863788337  1.80406405081e-22
709.632919466  1.79812508253e-22
734.225787909  1.79257806961e-22
759.670940909  1.78741563387e-22
785.997915035  1.78262853791e-22
813.237270468  1.77820586762e-22
841.420626478  1.77413524364e-22
870.580698121  1.77040306335e-22
900.751334221  1.76699477772e-22
931.967556657  1.76389521392e-22
964.26560102  1.76108897028e-22
997.682958669  1.75856096556e-22
1032.25842026  1.75638383882e-22
1068.03212076  1.75468997628e-22
1105.04558606  1.75347577134e-22
1143.34178114  1.75273416849e-22
1182.96515999  1.74624371408e-22
1223.96171716  1.7469035444e-22
1266.37904119  1.74796216597e-22
1310.26636984  1.74942526901e-22
1355.67464724  1.75129745638e-22
1402.65658302  1.75358221859e-22
1451.26671352  1.75628191744e-22
1501.56146504  1.75939777875e-22
1553.59921943  1.76292989419e-22
1607.44038177  1.76687723217e-22
1663.14745053  1.7712376578e-22
1720.78509012  1.77600796134e-22
1780.42020593  1.78118389487e-22
1842.12202203  1.78676021634e-22
1905.96216149  1.81159315465e-22
1972.01472953  1.82457160554e-22
2040.35639954  1.83660528893e-22
2111.06650209  1.84778837886e-22
2184.22711702  1.85820497907e-22
2259.92316869  1.86793065351e-22
2338.24252459  1.87703366489e-22
2419.27609733  1.8855759846e-22
2503.11795014  1.89361412224e-22
2589.86540613  1.90119981111e-22
2679.61916116  1.9083805782e-22
2772.48340082  1.91520022055e-22
2868.56592133  1.92169920531e-22
2967.97825465  1.92791500734e-22
3070.83579797  1.93137154262e-22
3177.25794767  1.93616494791e-22
3287.3682379  1.94053115308e-22
3401.29448396  1.94449878332e-22
3519.16893071  1.94809425743e-22
3641.12840605  1.95134202206e-22
3767.31447975  1.95426475504e-22
3897.87362778  1.9568835425e-22
4032.95740237  1.95921803363e-22
4172.72260789  1.96128657621e-22
4317.33148289  1.96310633565e-22
4466.95188841  1.96469339981e-22
4621.75750286  1.96606287134e-22
4781.9280236  1.96722894937e-22
4947.64937553  1.96820500172e-22
5119.11392693  1.969003629e-22
5296.52071274  1.96963672144e-22
5480.07566562  1.97011550952e-22
5669.99185496  1.97045060905e-22
5866.48973427  1.97065206141e-22
6069.79739701  1.97072936956e-22
6280.15084139  1.97069153035e-22
6497.79424435  1.97054706353e-22
6722.98024494  1.97030403802e-22
6955.97023761  1.96997009557e-22
7197.03467565  1.96955247234e-22
7446.4533851  1.96905801855e-22
7704.51588959  1.96849321656e-22
7971.52174641  1.9678641975e-22
8247.78089423  1.96717675662e-22
8533.61401289  1.96643636771e-22
8829.35289564  1.96564819657e-22
9135.34083425  1.96481711362e-22
9451.93301755  1.96394770601e-22
9779.49694371  1.96304428903e-22
10118.4128468  1.96211091708e-22
10469.0741383  1.96115139425e-22
10831.8878634  1.96016928449e-22
11207.2751741  1.95916792153e-22
11595.6718175  1.95815041845e-22
11997.5286419  1.95711967705e-22
12413.3121201  1.95607839705e-22
12843.504891  1.95502908494e-22
13288.6063194  1.95397406283e-22
13749.1330763  1.95291547693e-22
14225.6197382  1.95185530602e-22
14718.6194077  1.95079536959e-22
15228.7043556  1.94973733594e-22
15756.4666852  1.94868272998e-22
16302.5190197  1.94763294091e-22
16867.4952131  1.94658922974e-22
17452.0510861  1.94555273647e-22
18056.8651874  1.94452448728e-22
18682.6395812  1.94350540129e-22
19330.1006626  1.94249629726e-22
20000  1.9414979e-22

