6 20 101
101
6  0
6.0726749839  2.82832141838e-40
6.14623024334  5.69090087235e-40
6.22067644067  8.58815331227e-40
6.29602436737  1.15204987146e-39
6.37228494562  1.44883621427e-39
6.44946922993  1.74921738087e-39
6.52758840867  2.05323691354e-39
6.60665380575  2.36093888198e-39
6.68667688224  2.67236788969e-39
6.76766923803  2.98756908042e-39
6.84964261352  3.30658814473e-39
6.93260889129  3.6294713266e-39
7.01658009788  3.67523021048e-38
7.10156840549  2.0189307567e-37
7.18758613374  3.69579326166e-37
7.2746457515  5.39296675922e-37
7.36275987864  7.11069726622e-37
7.45194128792  8.84923377937e-37
7.54220290677  1.06088283114e-36
7.63355781924  1.23897359274e-36
7.72601926784  1.41922147822e-36
7.81960065549  1.60165261572e-36
7.91431554744  1.78629344989e-36
8.01017767327  5.56788476532e-36
8.10720092884  3.35688853569e-35
8.20539937834  6.25294414779e-35
8.30478725629  9.18407822572e-35
8.40537896964  1.21507156573e-34
8.50718909986  1.51532864768e-34
8.610232405  1.81922259273e-34
8.7145238219  2.12679745238e-34
8.82007846831  2.43809781168e-34
8.92691164508  2.75316879575e-34
9.03503883843  9.55165158064e-34
9.14447572211  3.01121367452e-33
9.25523815976  5.09216607311e-33
9.36734220713  7.19832400205e-33
9.48080411448  9.32999276325e-33
9.59564032887  1.14874813566e-32
9.7118674966  1.36711025247e-32
9.82950246559  1.58811727984e-32
9.94856228783  1.81180125424e-32
10.0690642218  6.49822441573e-32
10.1910257352  1.46033914387e-31
10.3144645071  2.28067322756e-31
10.4393984307  3.11094360563e-31
10.5658456162  3.95127063142e-31
10.6938243929  4.80177611607e-31
10.8233533122  5.66258334611e-31
10.9544511501  6.53381710141e-31
11.0871369103  2.05202808026e-30
11.2214298263  4.16093019244e-30
11.357349365  6.29537637581e-30
11.4949152287  8.45567603284e-30
11.6341473586  1.06421423137e-29
11.7750659372  1.28550921615e-29
11.9176913918  1.50948463583e-29
12.0620443968  2.77463392569e-29
12.2081458772  5.44942476426e-29
12.3560170113  8.15661399968e-29
12.5056792342  1.08965940575e-28
12.6571542404  1.36697621163e-28
12.8104639872  1.64765201659e-28
12.9656306978  1.93414261118e-28
13.1226768649  3.90455090468e-28
13.2816252532  6.37914683551e-28
13.4424989034  8.88371630291e-28
13.6053211353  1.14186223613e-27
13.7701155511  1.39842324624e-27
13.9369060387  1.65809185091e-27
14.1057167757  2.95626672007e-27
14.2765722323  4.89557524856e-27
14.4494971752  6.85837364639e-27
14.6245166709  8.84494643455e-27
14.8016560898  1.08555815803e-26
14.9809411095  1.31113940627e-26
15.1623977185  2.41315127169e-26
15.3460522202  3.6599174045e-26
15.5319312365  4.92178498874e-26
15.7200617119  6.19893694071e-26
15.9104709172  7.49155839227e-26
16.1031864535  1.17744658757e-25
16.2982362562  1.87214298668e-25
16.4956485991  2.57525389405e-25
16.6954520985  3.28688123041e-25
16.8976757173  4.00712815096e-25
17.1023487691  5.7466185478e-25
17.3095009226  8.52969323036e-25
17.5191622061  1.13464778976e-24
17.7313630113  1.41973808615e-24
17.9461340982  1.70829305583e-24
18.1635065993  2.39889134288e-24
18.3835120242  3.23076265534e-24
18.6061822643  4.07271000684e-24
18.831549597  4.92485544338e-24
19.059646691  5.99931696901e-24
19.2905066104  7.69274604436e-24
19.52416282  9.40668677485e-24
19.7606491897  1.11413876078e-23
20  1.28971e-23

