4 20 101
101
4  0
4.06489836507  1.38317885472e-40
4.13084967959  2.78879922101e-40
4.19787102722  4.21722520322e-40
4.26597976883  5.66882681315e-40
4.33519354694  7.14398006588e-40
4.4055302903  8.64306707719e-40
4.47700821858  1.01664761625e-39
4.54964584702  1.17146019376e-39
4.6234619913  1.32878454206e-39
4.69847577235  1.48866141361e-39
4.77470662134  1.65113222206e-39
4.85217428469  1.81623905296e-39
4.93089882922  1.98402467471e-39
5.0109006473  5.5309503711e-38
5.09220046219  4.09743891435e-37
5.17481933334  7.74996856253e-37
5.2587786619  1.14617590113e-36
5.34410019626  1.52337717431e-36
5.43080603763  1.90669838396e-36
5.51891864584  2.29623882357e-36
5.60846084511  2.69209939759e-36
5.69945582996  3.09438264762e-36
5.79192717125  3.50319277896e-36
5.88589882225  3.91863568758e-36
5.98139512488  4.90247852054e-36
6.07844081599  1.28879381068e-34
6.17706103378  2.85352874444e-34
6.27728132428  4.44365086294e-34
6.37912764804  6.05957206287e-34
6.48262638677  7.7017109238e-34
6.58780435024  9.37049281654e-34
6.69468878317  1.10663500134e-33
6.80330737234  1.27897218002e-33
6.91368825372  1.45410545897e-33
7.02586001978  6.31240369791e-33
7.13985172691  2.70518890011e-32
7.25569290288  4.8141464343e-32
7.3734135546  6.95732094248e-32
7.49304417576  9.13526758106e-32
7.61461575486  1.13485505137e-31
7.73815978314  1.35977430572e-31
7.86370826279  1.58834278304e-31
7.9912937152  2.24755114802e-31
8.12094918942  1.3765268859e-30
8.25270827072  2.67602098437e-30
8.38660508926  3.99659884345e-30
8.52267432896  5.33860253852e-30
8.66095123645  6.70237969503e-30
8.80147163025  8.08828357847e-30
8.94427191  9.49667318597e-30
9.08938906592  3.62353029392e-29
9.23686068839  7.94411997041e-29
9.38672497765  1.23348094484e-28
9.53902075375  1.67967360686e-28
9.69378746657  2.13310556245e-28
9.85106520605  2.59389426618e-28
10.0108947126  3.65591531565e-28
10.1733173875  9.8038232054e-28
10.3383753039  1.62546100936e-27
10.5061112176  2.28100583624e-27
10.6765685779  2.94718660999e-27
10.8497915392  3.62417589451e-27
11.0258249723  5.02646644513e-27
11.2047144759  1.02533841323e-26
11.3865063885  1.56189869772e-26
11.5712478006  2.10716445351e-26
11.7589865666  2.66127692332e-26
11.9497713174  3.22437964147e-26
12.1436514728  6.50261890017e-26
12.3406772544  1.07955683404e-25
12.5408996988  1.51581691305e-25
12.7443706706  1.95915513354e-25
12.9511428756  2.41044981051e-25
13.1612698752  4.3489011734e-25
13.3748060995  6.77564640646e-25
13.5918068618  9.24176458903e-25
13.8123283727  1.17478945311e-24
14.036427755  1.5328658693e-24
14.2641630582  2.40036397193e-24
14.4955932736  3.28722307172e-24
14.7307783496  4.18847109791e-24
14.9697792074  5.12146401284e-24
15.2126577564  6.95842513344e-24
15.4594769106  8.97593724072e-24
15.7103006046  1.10261826573e-23
15.9651938106  1.31218112295e-23
16.2242225547  1.59864817996e-23
16.4874539343  1.90297524252e-23
16.7549561354  2.21223988728e-23
17.0267984504  2.53173575761e-23
17.3030512959  2.89319178838e-23
17.5837862308  3.26156094063e-23
17.8690759753  3.63590673181e-23
18.1589944294  4.01565835384e-23
18.4536166918  4.40101248822e-23
18.75301908  4.79261883593e-23
19.0572791496  5.18625550193e-23
19.3664757145  5.56798668187e-23
19.6806888673  5.955807722e-23
20  6.349921e-23

