5 20 101
101
5  0
5.06979739895  2.44956065537e-41
5.14056913328  4.93331590321e-41
5.21232880421  7.45174308224e-41
5.28509020281  1.00053261946e-40
5.35886731268  1.25945559988e-40
5.43367431263  1.52199301041e-40
5.50952557938  1.78819530661e-40
5.58643569036  2.05811364839e-40
5.66441942648  2.33179990981e-40
5.74349177499  2.60930668906e-40
5.82366793234  2.89068731859e-40
5.90496330715  3.17599587533e-40
5.98739352309  7.3247289693e-40
6.07097442198  3.24067669442e-38
6.15572206672  7.06832989213e-38
6.24165274451  1.09494151373e-37
6.32878296985  1.48846783135e-37
6.41712948781  1.88748757165e-37
6.50670927721  2.29207741995e-37
6.59753955386  2.70231513206e-37
6.68963777393  3.11827954922e-37
6.78302163724  3.54005061326e-37
6.8777090907  3.96770938194e-37
6.97371833175  4.40133804456e-37
7.07106781187  9.69124566511e-36
7.16977624008  2.25239331886e-35
7.2698625866  3.55357583543e-35
7.37134608646  4.87292218303e-35
7.47424624317  6.21068591932e-35
7.57858283255  7.56712414144e-35
7.68437590644  8.94249753551e-35
7.7916457966  1.03370704267e-34
7.90041311863  1.17511108299e-34
8.0106987759  2.96696945626e-34
8.12252396356  1.65127959133e-33
8.23591017268  3.05867933555e-33
8.35087919428  4.48572564805e-33
8.46745312363  5.93269278472e-33
8.58565436438  7.39985882988e-33
8.70550563296  8.8875057498e-33
8.82702996291  1.03959194468e-32
8.95025070928  1.19253898144e-32
9.07519155317  5.26082002858e-32
9.20187650625  1.20111403407e-31
9.33032991537  1.88556916127e-31
9.46057646726  2.579578926e-31
9.59264119325  3.283276706e-31
9.72654947412  3.99679774095e-31
9.86232704493  4.72027915836e-31
10  6.54135343244e-31
10.1395947979  2.34269889625e-30
10.2811382666  4.16510134556e-30
10.4246576084  6.01294358502e-30
10.5701804056  7.88658074088e-30
10.7177346254  9.78637289676e-30
10.8673486253  1.17126851628e-29
11.0190511588  1.7972425826e-29
11.1728713807  5.01586034941e-29
11.328838853  8.33042492108e-29
11.48698355  1.16912590899e-28
11.6473358647  1.50990087554e-28
11.8099266143  1.85543288334e-28
11.9747870462  2.24476358665e-28
12.141948844  5.79573161292e-28
12.3114441334  1.00183558955e-27
12.483305489  1.42999258165e-27
12.6575659397  1.86412642262e-27
12.8342589756  2.30432054617e-27
13.0134185544  3.05003533902e-27
13.1950791077  6.25172594519e-27
13.3792755479  9.58904678055e-27
13.5660432745  1.29729548787e-26
13.7554181814  1.64041005735e-26
13.9474366635  1.98831432773e-26
14.1421356237  3.54307675906e-26
14.3395524802  5.57026162013e-26
14.5397251732  7.62574492729e-26
14.7426921729  9.70992171215e-26
14.9484924863  1.18234816462e-25
15.1571656651  2.0911532292e-25
15.3687518129  3.24347699191e-25
15.5832915932  4.4118865949e-25
15.8008262373  5.59660658813e-25
16.0213975518  7.1704694194e-25
16.2450479271  1.14173891958e-24
16.4718203454  1.58002353702e-24
16.7017583886  2.02442637972e-24
16.9349062473  2.47503285491e-24
17.1713087288  3.45743846257e-24
17.4110112659  4.65602785322e-24
17.6540599258  5.87134892824e-24
17.9005014186  7.10363525325e-24
18.1503831063  8.88834013745e-24
18.4037530125  1.105701931e-23
18.6606598307  1.32559721156e-23
18.9211529345  1.54856211585e-23
19.1852823865  1.83768293791e-23
19.4530989482  2.1580424309e-23
19.7246540899  2.48287397576e-23
20  2.81224e-23

