2 20 101
101
2  0
2.04658598456  1.63905332922e-38
2.0942570961  3.31628511499e-38
2.14303861048  5.03258464779e-38
2.19295639229  6.78886193237e-38
2.2440369086  8.58604817018e-38
2.29630724299  1.04250962531e-37
2.34979510988  1.23069812689e-37
2.40452886923  1.42327010178e-37
2.46053754162  1.6203276542e-37
2.51785082359  1.82197526666e-37
2.57649910339  2.02831985541e-37
2.63651347711  2.23947082707e-37
2.69792576518  2.45554013668e-37
2.76076852921  2.67664234705e-37
2.82507508925  2.9028946895e-37
2.89087954149  3.13441712601e-37
2.95821677634  3.37133241286e-37
3.02712249687  1.30440500906e-34
3.09763323782  4.6863385885e-34
3.16978638492  8.1470475207e-34
3.24362019472  1.16883667193e-33
3.31917381488  1.53121738387e-33
3.39648730492  1.90203902694e-33
3.4756016575  2.28149821567e-33
3.55655882008  2.66979614436e-33
3.63940171722  3.06713869371e-33
3.72417427333  3.47373653999e-33
3.81092143593  3.88980526676e-33
3.89968919952  4.31556547918e-33
3.99052462994  1.12118910709e-32
4.08347588934  2.63711627991e-31
4.17859226171  5.58731541512e-31
4.275924179  8.60623351602e-31
4.3755232479  1.16954712529e-30
4.47744227714  1.48566665806e-30
4.58173530554  1.80914956066e-30
4.68845763064  2.14016734802e-30
4.79766583804  2.47889553014e-30
4.90941783137  2.8255137052e-30
5.02377286302  1.08671720673e-29
5.14079156554  4.85343511559e-29
5.26053598379  8.7171148614e-29
5.38306960785  1.26707912697e-28
5.50845740668  1.67165606321e-28
5.63676586253  2.08565680689e-28
5.76806300625  2.50930086671e-28
5.90241845333  2.94281286434e-28
6.0399034408  6.45353417979e-28
6.18059086503  1.77211815446e-27
6.32455532034  2.92512861325e-27
6.47187313859  4.10499613575e-27
6.62262242965  5.31234630335e-27
6.77688312278  6.54781926908e-27
6.93473700905  7.81207009706e-27
7.09626778467  1.9342620114e-26
7.2615610954  3.82432885279e-26
7.43070458194  5.75842100653e-26
7.60378792641  7.73756395387e-26
7.78090289989  9.76280706261e-26
7.96214341107  1.18727229294e-25
8.14760555608  2.68487096748e-25
8.33738766941  4.55955576329e-25
8.53159037603  6.47790757758e-25
8.7303166448  8.44094354587e-25
8.93367184302  1.04497044958e-24
9.1417637923  1.71712420236e-24
9.35470282574  2.6283307849e-24
9.57260184645  3.56076209532e-24
9.79557638737  4.51491252107e-24
10.0237446725  5.65922881125e-24
10.2572276798  7.97994215765e-24
10.496149205  1.03858628024e-23
10.7406359274  1.28478245381e-23
10.9908174772  1.54084357544e-23
11.2468265038  1.88021985625e-23
11.5087987467  2.2349905268e-23
11.7768731071  2.59802486784e-23
12.0511917215  2.97371481136e-23
12.3319000372  3.37617780039e-23
12.6191468896  3.78812712879e-23
12.9130845807  4.20967198971e-23
13.2138689602  4.62151179445e-23
13.5216595078  5.03482525351e-23
13.8366194184  5.45776601978e-23
14.1589156877  5.86830696746e-23
14.4887192015  6.26500122995e-23
14.826204826  6.67093568883e-23
15.1715515006  7.06238058903e-23
15.5249423326  7.43812021063e-23
15.8865646945  7.82261193233e-23
16.2566103233  8.18408289113e-23
16.6352754221  8.53950893413e-23
17.022760764  8.8991528823e-23
17.4192717991  9.23023132333e-23
17.8250187627  9.56737459028e-23
18.2402167871  9.89017730379e-23
18.6650860159  1.02039559754e-22
19.0998517204  1.0517195069e-22
19.5447444191  1.08109402655e-22
20  1.11115e-22

