3 20000 251
251
3  0
3.10754116011  9.0265281677e-43
3.21893735392  1.83766307724e-42
3.33432677304  2.80619070041e-42
3.45385256282  3.80943718498e-42
3.57766299997  4.84864709983e-42
3.70591167647  5.92510962795e-42
3.83875769011  7.04016016577e-42
3.9763658419  8.19518197973e-42
4.11890684045  1.68857635851e-38
4.26655751378  3.78429687327e-38
4.41950102868  5.95514279318e-38
4.57792711792  8.20380714263e-38
4.74203231564  1.0533079483e-37
4.91202020113  1.29458493733e-37
5.08810165143  1.52704925427e-35
5.27049510288  4.65905387311e-35
5.45942682211  7.90333162868e-35
5.65513118677  1.12639071821e-34
5.85785097623  1.47449494667e-34
6.0678376728  2.95370035056e-33
6.28535177369  1.18733716625e-32
6.51066311417  2.11127869079e-32
6.74405120229  3.06834079648e-32
6.98580556566  4.05971075855e-32
7.2362261106  8.66878465178e-31
7.49562349418  1.77357007848e-30
7.76431950961  2.71276391444e-30
8.04264748544  9.59787235349e-30
8.33095269908  5.05735377232e-29
8.6295928051  9.30180599563e-29
8.93893827894  1.36984093243e-28
9.25937287649  8.73691843853e-28
9.59129411015  1.80535588007e-27
9.935113742  2.77041732672e-27
10.2912582945  1.10261702167e-26
10.6601695799  2.12523211758e-26
11.0423052477  3.95488773436e-26
11.4381393532  1.22603109454e-25
11.8481629451  2.08634591055e-25
12.2728846745  5.579431835e-25
12.7128314264  1.06973852315e-24
13.168548973  2.09316299879e-24
13.6406026509  4.02384160822e-24
14.1295780621  6.63651646547e-24
14.6360818009  1.11033991557e-23
15.1607422064  1.63000281974e-23
15.7042101414  2.30187860573e-23
16.2671598004  3.03664051565e-23
16.8502895459  3.84224093243e-23
17.4543227746  4.66696095354e-23
18.0800088146  5.42187459787e-23
18.7281238555  5.62474390468e-23
19.3994719108  6.00637088642e-23
20.0948858158  6.56492123884e-23
20.81522826  7.29872616773e-23
21.5613928584  8.20627824836e-23
22.3343052589  9.28622733802e-23
23.1349242915  1.0537376537e-22
23.9642431572  1.19586781932e-22
24.8232906606  1.25670508253e-22
25.7131324857  1.31096060562e-22
26.6348725182  1.36265300878e-22
27.5896542149  1.4118710481e-22
28.5786620219  1.45870032983e-22
29.6031228447  1.50322341663e-22
30.6643075692  1.54551993075e-22
31.7635326391  1.58566665427e-22
32.9021616888  1.6237376264e-22
34.0816072348  1.65980423802e-22
35.3033324283  1.69393532341e-22
36.5688528699  1.72619724937e-22
37.8797384904  1.75665400167e-22
39.2376154977  1.78536726911e-22
40.6441683945  1.81239652504e-22
42.1011420681  1.83779910661e-22
43.6103439547  1.86163029171e-22
45.1736462819  1.88394337373e-22
46.792988391  1.9047897343e-22
48.4703791432  1.92421891389e-22
50.2078994111  1.94227868062e-22
52.0077046609  1.9590150971e-22
53.8720276255  1.9744725856e-22
55.8031810749  1.98869399151e-22
57.803560685  2.00172064524e-22
59.8756480098  2.01359242257e-22
62.0220135595  2.02434780364e-22
64.2453199896  2.03402393058e-22
66.548325404  2.04265666392e-22
68.9338867764  2.05028063783e-22
71.4049634946  2.05692931432e-22
73.9646210318  2.06263503646e-22
76.6160347494  2.06742908067e-22
79.362493836  2.07134170829e-22
82.207405388  2.07440221638e-22
85.1542986363  2.07663898791e-22
88.2068293241  2.07807954148e-22
91.3687842424  2.07875058044e-22
94.6440859274  2.07867804186e-22
98.0367975267  2.07788714501e-22
101.55112784  2.07640243978e-22
105.191436539  2.07424785494e-22
108.962239579  2.0714467463e-22
112.868214796  2.06802194491e-22
116.914207716  2.06399580537e-22
121.105237559  2.05939025416e-22
125.446503473  2.05422683819e-22
129.943390978  2.04852677348e-22
134.601478649  2.04231099404e-22
139.426545038  2.03560020087e-22
144.424575839  2.02841491109e-22
149.601771317  2.02077550717e-22
154.964553998  2.01270228603e-22
160.519576635  2.00421550804e-22
166.273730466  1.99533544561e-22
172.234153755  1.98608243124e-22
178.408240657  1.97647690474e-22
184.803650381  1.96653945928e-22
191.428316699  1.95629088585e-22
198.290457784  1.94575221576e-22
205.398586407  1.93494476061e-22
212.761520496  1.92389014907e-22
220.388394076  1.91261035993e-22
228.288668601  1.90112775053e-22
236.472144687  1.88946507984e-22
244.948974278  1.87764552522e-22
253.729673232  1.86569269203e-22
262.82513437  1.85363061486e-22
272.246640988  1.84148374959e-22
282.005880857  1.8292769551e-22
292.114960719  1.81703546359e-22
302.586421305  1.80478483864e-22
313.433252899  1.79255092004e-22
324.668911443  1.78035975474e-22
336.307335239  1.76823751328e-22
348.362962233  1.75621039155e-22
360.850747932  1.74430449769e-22
373.786183952  1.73254572467e-22
387.185317237  1.72095960917e-22
401.064769967  1.71048523672e-22
415.441760181  1.69929964006e-22
430.33412313  1.68836049524e-22
445.760333408  1.67769019712e-22
461.739527869  1.66730993275e-22
478.291529368  1.65723950047e-22
495.436871347  1.64749713332e-22
513.196823315  1.63809933082e-22
531.593417229  1.62906070305e-22
550.649474827  1.62039383122e-22
570.388635939  1.61210914856e-22
590.835387813  1.60421484508e-22
612.015095492  1.59671679927e-22
633.954033283  1.58961853943e-22
656.679417347  1.58292123643e-22
680.219439467  1.57662372919e-22
704.603302016  1.57072258356e-22
729.861254188  1.56521218449e-22
756.024629519  1.56008486099e-22
783.125884761  1.55533104333e-22
811.198640147  1.55093945159e-22
840.277721093  1.54689731569e-22
870.399201406  1.54319062829e-22
901.600448031  1.53980443529e-22
933.920167409  1.53672317575e-22
967.398453493  1.5339311015e-22
1002.07683748  1.53141287525e-22
1037.99833936  1.52926424457e-22
1075.20752123  1.5275878539e-22
1113.75054262  1.52637750391e-22
1153.67521776  1.52562547952e-22
1195.03107486  1.51987819563e-22
1237.86941758  1.52044818954e-22
1282.24338866  1.52140819767e-22
1328.20803584  1.52276320262e-22
1375.82038019  1.52451707867e-22
1425.13948679  1.52667256868e-22
1476.22653803  1.52923127051e-22
1529.14490952  1.5321936334e-22
1583.9602487  1.53555896414e-22
1640.74055627  1.53932544321e-22
1699.55627056  1.54349015037e-22
1760.48035489  1.54804909935e-22
1823.58838813  1.55299728089e-22
1888.9586584  1.57348208247e-22
1956.67226024  1.585650209e-22
2026.81319518  1.59689317526e-22
2099.46847595  1.60730657591e-22
2174.72823446  1.61697535324e-22
2252.68583354  1.62597547781e-22
2333.43798284  1.63437529727e-22
2417.08485874  1.64223662811e-22
2503.73022867  1.64961564606e-22
2593.4815798  1.65656361717e-22
2686.45025241  1.66312750202e-22
2782.75157798  1.66935045772e-22
2882.50502231  1.67527225729e-22
2985.83433368  1.68092964174e-22
3092.86769639  1.68394084499e-22
3203.73788976  1.68822948773e-22
3318.58245288  1.69211741863e-22
3437.54385517  1.6956323728e-22
3560.76967321  1.69879989457e-22
3688.41277372  1.70164357542e-22
3820.63150327  1.70418525977e-22
3957.58988467  1.70644522369e-22
4099.45782048  1.70844233042e-22
4246.41130375  1.71019416623e-22
4398.63263638  1.71171715929e-22
4556.31065525  1.71302668401e-22
4719.64096648  1.7141371527e-22
4888.82618808  1.71506209637e-22
5064.07620136  1.71581423593e-22
5245.60841122  1.71640554524e-22
5433.64801588  1.71684730681e-22
5628.4282863  1.71715016132e-22
5830.19085546  1.71732415159e-22
6039.18601821  1.7173787617e-22
6255.67304171  1.71732295206e-22
6479.9204871  1.71716519066e-22
6712.20654262  1.71691348127e-22
6952.81936878  1.7165753888e-22
7202.05745576  1.7161580623e-22
7460.22999374  1.71566825586e-22
7727.65725647  1.71511234776e-22
8004.67099856  1.71449635799e-22
8291.61486705  1.71382596452e-22
8588.84482771  1.71310651842e-22
8896.72960662  1.71234305799e-22
9215.65114764  1.71154032207e-22
9546.00508616  1.71070276262e-22
9888.20123995  1.70983455679e-22
10242.6641175  1.70893961832e-22
10609.8334448  1.70802160869e-22
10990.1647105  1.70708394771e-22
11384.1297314  1.70612982392e-22
11792.2172375  1.70516220466e-22
12214.9334781  1.70418384581e-22
12652.8028504  1.70319730146e-22
13106.3685495  1.70220493319e-22
13576.1932423  1.70120891925e-22
14062.859766  1.70021126353e-22
14566.9718506  1.69921380428e-22
15089.1548679  1.69821822272e-22
15630.0566078  1.69722605139e-22
16190.3480812  1.69623868229e-22
16770.7243529  1.69525737485e-22
17371.9054038  1.6942832637e-22
17994.6370239  1.69331736615e-22
18639.6917377  1.69236058946e-22
19307.8697622  1.69141373796e-22
20000  1.6904775198e-22

