5 20 101
101
5  0
5.06979739895  1.70226782378e-43
5.14056913328  3.42829842083e-43
5.21232880421  5.17842350713e-43
5.28509020281  6.9529794292e-43
5.35886731268  8.75230722879e-43
5.43367431263  1.05767527084e-42
5.50952557938  1.24266664979e-42
5.58643569036  1.43024041215e-42
5.66441942648  1.62043260666e-42
5.74349177499  1.81327978526e-42
5.82366793234  2.00881901015e-42
5.90496330715  2.2070878609e-42
5.98739352309  9.5286308631e-42
6.07097442198  5.93568586716e-40
6.15572206672  1.29941232364e-39
6.24165274451  2.01510927194e-39
6.32878296985  2.74079697733e-39
6.41712948781  3.47661490558e-39
6.50670927721  4.22270446933e-39
6.59753955386  4.97920905526e-39
6.68963777393  5.74627405167e-39
6.78302163724  6.5240468764e-39
6.8777090907  7.31267700515e-39
6.97371833175  8.11231600025e-39
7.07106781187  2.79218170461e-37
7.16977624008  6.55462005593e-37
7.2698625866  1.03695800894e-36
7.37134608646  1.42377949803e-36
7.47424624317  1.81600081388e-36
7.57858283255  2.21369733527e-36
7.68437590644  2.61694549321e-36
7.7916457966  3.02582278565e-36
7.90041311863  3.4404077924e-36
8.0106987759  1.09529983448e-35
8.12252396356  6.90316642706e-35
8.23591017268  1.29379886664e-34
8.35087919428  1.90570538849e-34
8.46745312363  2.52615380706e-34
8.58565436438  3.15526336279e-34
8.70550563296  3.79315496065e-34
8.82702996291  4.43995119338e-34
8.95025070928  5.09577636504e-34
9.07519155317  2.90162316698e-33
9.20187650625  6.88720070741e-33
9.33032991537  1.0928414837e-32
9.46057646726  1.50260422135e-32
9.59264119325  1.91808703365e-32
9.72654947412  2.33936976988e-32
9.86232704493  2.76653339395e-32
10  4.06047642918e-32
10.1395947979  1.72768656669e-31
10.2811382666  3.15505818018e-31
10.4246576084  4.60235515886e-31
10.5701804056  6.06985565046e-31
10.7177346254  7.55784168552e-31
10.8673486253  9.06659923157e-31
11.0190511588  1.51385413718e-30
11.1728713807  4.85477996808e-30
11.328838853  8.2961507737e-30
11.48698355  1.17855613255e-29
11.6473358647  1.53236822334e-29
11.8099266143  1.89111934686e-29
11.9747870462  2.30069317678e-29
12.141948844  6.42604560805e-29
12.3114441334  1.13402377911e-28
12.483305489  1.63230295405e-28
12.6575659397  2.13753784707e-28
12.8342589756  2.64982555637e-28
13.0134185544  3.56338348441e-28
13.1950791077  7.70920609605e-28
13.3792755479  1.20326170478e-27
13.5660432745  1.64163805673e-27
13.7554181814  2.0861339145e-27
13.9474366635  2.53683470322e-27
14.1421356237  4.93693699957e-27
14.3395524802  8.09915823165e-27
14.5397251732  1.13055224271e-26
14.7426921729  1.45566457988e-26
14.9484924863  1.785364713e-26
15.1571656651  3.30621274028e-26
15.3687518129  5.24266609162e-26
15.5832915932  7.20615132439e-26
15.8008262373  9.19704578957e-26
16.0213975518  1.2228482679e-25
16.2450479271  2.25079673667e-25
16.4718203454  3.31392624284e-25
16.7017583886  4.39189648386e-25
16.9349062473  5.48491462867e-25
17.1713087288  8.64958585743e-25
17.4110112659  1.26507293721e-24
17.6540599258  1.67077267689e-24
17.9005014186  2.08213577388e-24
18.1503831063  2.91742933472e-24
18.4037530125  4.0449330182e-24
18.6606598307  5.18817606657e-24
18.9211529345  6.34737819317e-24
19.1852823865  8.17907315355e-24
19.4530989482  1.03195300691e-23
19.7246540899  1.24898666497e-23
20  1.46905e-23

