4 20 101
101
4  0
4.06489836507  3.68673334318e-42
4.13084967959  7.43328242797e-42
4.19787102722  1.12406177403e-41
4.26597976883  1.51097255119e-41
4.33519354694  1.90416079757e-41
4.4055302903  2.30372836254e-41
4.47700821858  2.70977874793e-41
4.54964584702  3.12241713486e-41
4.6234619913  3.54175041096e-41
4.69847577235  3.96788719806e-41
4.77470662134  4.40093788036e-41
4.85217428469  4.84101463298e-41
4.93089882922  5.28823145104e-41
5.0109006473  2.45446567968e-39
5.09220046219  1.84345904456e-38
5.17481933334  3.49025301981e-38
5.2587786619  5.16376555421e-38
5.34410019626  6.86443014546e-38
5.43080603763  8.59268732459e-38
5.51891864584  1.03489847701e-37
5.60846084511  1.21337774237e-37
5.69945582996  1.39475276087e-37
5.79192717125  1.57907051491e-37
5.88589882225  1.76637874917e-37
5.98139512488  2.30561347361e-37
6.07844081599  7.92435955482e-36
6.17706103378  1.76366382681e-35
6.27728132428  2.75064947339e-35
6.37912764804  3.75364855866e-35
6.48262638677  4.77292089413e-35
6.58780435024  5.80873050664e-35
6.69468878317  6.86134570674e-35
6.80330737234  7.93103915823e-35
6.91368825372  9.01808794874e-35
7.02586001978  4.67593054193e-34
7.13985172691  2.08810244277e-33
7.25569290288  3.73596854028e-33
7.3734135546  5.41057059169e-33
7.49304417576  7.11234237691e-33
7.61461575486  8.84172471378e-33
7.73815978314  1.05991655722e-32
7.86370826279  1.23851201903e-32
7.9912937152  1.79740683932e-32
8.12094918942  1.19546925061e-31
8.25270827072  2.3417430851e-31
8.38660508926  3.50661474403e-31
8.52267432896  4.69038596951e-31
8.66095123645  5.89336339928e-31
8.80147163025  7.11585864615e-31
8.94427191  8.35818837873e-31
9.08938906592  3.5078074231e-30
9.23686068839  7.83599616482e-30
9.38672497765  1.22344079998e-29
9.53902075375  1.6704182269e-29
9.69378746657  2.12464767988e-29
9.85106520605  2.58624682008e-29
10.0108947126  4.09098755295e-29
10.1733173875  1.44610856871e-28
10.3383753039  2.53537445142e-28
10.5061112176  3.64231322785e-28
10.6765685779  4.76721163349e-28
10.8497915392  5.91036105598e-28
11.0258249723  9.50998880536e-28
11.2047144759  2.61436389841e-27
11.3865063885  4.32310551018e-27
11.5712478006  6.05957075618e-27
11.7589865666  7.82420944106e-27
11.9497713174  9.61747866732e-27
12.1436514728  2.03064231412e-26
12.3406772544  3.43193498906e-26
12.5408996988  4.8559630649e-26
12.7443706706  6.30309541422e-26
12.9511428756  7.77640566994e-26
13.1612698752  1.45046241956e-25
13.3748060995  2.29568812214e-25
13.5918068618  3.15462726628e-25
13.8123283727  4.02750234696e-25
14.036427755  5.4383498683e-25
14.2641630582  9.42338414728e-25
14.4955932736  1.34998538187e-24
14.7307783496  1.76424625443e-24
14.9697792074  2.19884791066e-24
15.2126577564  3.34749380447e-24
15.4594769106  4.63468309048e-24
15.7103006046  5.94275649654e-24
15.9651938106  7.28734292469e-24
16.2242225547  9.58113563511e-24
16.4874539343  1.20788405371e-23
16.7549561354  1.46170696802e-23
17.0267984504  1.72992935049e-23
17.3030512959  2.07502819736e-23
17.5837862308  2.42779410192e-23
17.8690759753  2.7862834891e-23
18.1589944294  3.16724547648e-23
18.4536166918  3.56832654723e-23
18.75301908  3.97591499442e-23
19.0572791496  4.388419891e-23
19.3664757145  4.80043957153e-23
19.6806888673  5.21910346053e-23
20  5.64456e-23

