1 20 101
101
1  0
1.03041055791  4.65381890883e-41
1.06174591785  9.4491630471e-41
1.09403420358  1.4390336276e-40
1.12730439408  1.94817733395e-40
1.16158634964  2.47280438447e-40
1.1969108386  3.01338563629e-40
1.23330956497  3.57040626557e-40
1.27081519692  4.14436620296e-40
1.30946139606  4.73578058227e-40
1.34928284767  5.3451802028e-40
1.39031529185  5.97311200579e-40
1.43259555555  6.62013956524e-40
1.47616158565  7.28684359375e-40
1.52105248304  7.97382246373e-40
1.56730853766  8.68169274442e-40
1.61497126471  9.41108975527e-40
1.66408344188  1.01626681362e-39
1.71468914776  1.09371024349e-39
1.76683380139  1.17350877128e-39
1.82056420303  1.25573401682e-39
1.87592857615  1.34045977794e-39
1.93297661076  1.42776209674e-39
1.99175950792  6.50777483066e-37
2.05233002578  4.17848826314e-35
2.11474252688  9.16186727496e-35
2.17905302696  1.42967936228e-34
2.24531924523  1.95878759457e-34
2.31360065617  2.5039863034e-34
2.3839585429  3.06576480914e-34
2.45645605223  3.64462731266e-34
2.53115825126  4.24109334787e-34
2.60813218585  4.85569824799e-34
2.68744694072  5.48899362601e-34
2.76917370155  6.14154786979e-34
2.85338581877  6.8139466522e-34
2.94015887345  7.50679345673e-34
3.02957074514  4.86889187092e-32
3.12170168173  1.97896955019e-31
3.21663437151  3.51642490958e-31
3.31445401734  5.10063514422e-31
3.41524841318  6.73302209593e-31
3.51910802283  8.41505084558e-31
3.62612606115  1.01482310279e-30
3.73639857773  1.19341181866e-30
3.85002454306  1.37743151701e-30
3.96710593738  1.56704735705e-30
4.08774784223  2.00025873899e-29
4.21205853471  4.60443945787e-29
4.34014958471  7.28781476531e-29
4.472135955  1.00527930129e-28
4.60813610445  1.29018557917e-28
4.74827209431  1.58375601591e-28
4.89266969782  1.88625409341e-28
5.041458513  4.10401072e-28
5.19477207907  1.14737938408e-27
5.35274799621  1.90676961781e-27
5.51552804914  2.68925333221e-27
5.68325833429  3.49553281292e-27
5.85608939099  4.32633170247e-27
6.03417633655  1.01573537517e-26
6.21767900547  3.70290898843e-26
6.40676209294  6.48348715961e-26
6.6015953026  9.34862426429e-26
6.80235349885  1.23008917868e-25
7.00921686386  1.73386661591e-25
7.22237105921  4.25204811414e-25
7.44200739256  6.94976652036e-25
7.66832298935  9.7295240484e-25
7.9015209697  1.25938155537e-24
8.14181063074  2.21055615659e-24
8.38940763443  3.66008805499e-24
8.64453420113  5.15370102712e-24
8.90741930907  6.69273560304e-24
9.17829889981  9.3972667342e-24
9.45741609003  1.27825842345e-23
9.74502138973  1.62708511287e-23
10.041372927  1.99802162293e-23
10.34673668  2.44451381077e-23
10.661386715  2.90566175557e-23
10.9856054331  3.380195955e-23
11.3196838233  3.85640531052e-23
11.6639217237  4.34578767931e-23
12.0186280908  4.84496871479e-23
12.3841212763  5.31105447059e-23
12.7607293136  5.78900396459e-23
13.1487902114  6.25676221202e-23
13.5486522576  6.69777406138e-23
13.9606743317  7.15056913233e-23
14.3852262269  7.56205882322e-23
14.8226889821  7.97824339005e-23
15.2734552238  8.37213131503e-23
15.7379295184  8.7546444756e-23
16.2165287354  9.12546581593e-23
16.7096824217  9.47847558076e-23
17.2178331866  9.82246048546e-23
17.7414370999  1.01497700041e-22
18.2809641002  1.04657897731e-22
18.8368984177  1.07712756805e-22
19.4097390079  1.10602790012e-22
20  1.13475e-22

