4 20 101
101
4  0
4.06489836507  1.14972645589e-39
4.13084967959  2.31810675361e-39
4.19787102722  3.50544354409e-39
4.26597976883  4.7120443887e-39
4.33519354694  5.93822183884e-39
4.4055302903  7.18429351692e-39
4.47700821858  8.45058219867e-39
4.54964584702  9.73741589671e-39
4.6234619913  1.10451279455e-38
4.69847577235  1.23740570878e-38
4.77470662134  1.37245475623e-38
4.85217428469  1.50969491927e-38
4.93089882922  1.64916174787e-38
5.0109006473  3.65972687606e-37
5.09220046219  2.68714822466e-36
5.17481933334  5.07916978626e-36
5.2587786619  7.51000092e-36
5.34410019626  9.98027129533e-36
5.43080603763  1.24906207978e-35
5.51891864584  1.50416996949e-35
5.60846084511  1.76341688044e-35
5.69945582996  2.02686996656e-35
5.79192717125  2.29459747131e-35
5.88589882225  2.56666874541e-35
5.98139512488  3.15247362067e-35
6.07844081599  7.14742155777e-34
6.17706103378  1.57693333482e-33
6.27728132428  2.45311321334e-33
6.37912764804  3.34350875227e-33
6.48262638677  4.24835059488e-33
6.58780435024  5.16787312654e-33
6.69468878317  6.10231453545e-33
6.80330737234  7.05191687428e-33
6.91368825372  8.01692612292e-33
7.02586001978  3.21415623514e-32
7.13985172691  1.34799521636e-31
7.25569290288  2.39190317496e-31
7.3734135546  3.45274811351e-31
7.49304417576  4.53080482758e-31
7.61461575486  5.6263525712e-31
7.73815978314  6.73967512918e-31
7.86370826279  7.8710608906e-31
7.9912937152  1.09370785811e-30
8.12094918942  6.27430968424e-30
8.25270827072  1.2118137736e-29
8.38660508926  1.80567795093e-29
8.52267432896  2.40917733181e-29
8.66095123645  3.02246824348e-29
8.80147163025  3.64570954951e-29
8.94427191  4.279062691e-29
9.08938906592  1.3724433713e-28
9.23686068839  2.88993772178e-28
9.38672497765  4.43205279783e-28
9.53902075375  5.99918806069e-28
9.69378746657  7.59174945265e-28
9.85106520605  9.21014950225e-28
10.0108947126  1.23268763229e-27
10.1733173875  2.80606253538e-27
10.3383753039  4.45532618823e-27
10.5061112176  6.13134846975e-27
10.6765685779  7.83456352773e-27
10.8497915392  9.56541255388e-27
11.0258249723  1.32518399332e-26
11.2047144759  2.72569631817e-26
11.3865063885  4.16347037603e-26
11.5712478006  5.62457173032e-26
11.7589865666  7.10937885688e-26
11.9497713174  8.61827637218e-26
12.1436514728  1.70483293004e-25
12.3406772544  2.80657489653e-25
12.5408996988  3.92619217611e-25
12.7443706706  5.06397478843e-25
12.9511428756  6.22170007867e-25
13.1612698752  1.02719538246e-24
13.3748060995  1.52750819352e-24
13.5918068618  2.03593837545e-24
13.8123283727  2.55261762927e-24
14.036427755  3.23408059188e-24
14.2641630582  4.68837332933e-24
14.4955932736  6.17425737285e-24
14.7307783496  7.68424927765e-24
14.9697792074  9.23509259952e-24
15.2126577564  1.16599529444e-23
15.4594769106  1.42681227864e-23
15.7103006046  1.6918609118e-23
15.9651938106  1.96212634593e-23
16.2242225547  2.29236506541e-23
16.4874539343  2.63795364672e-23
16.7549561354  2.9891492615e-23
17.0267984504  3.34771813506e-23
17.3030512959  3.72392194678e-23
17.5837862308  4.10656647047e-23
17.8690759753  4.49541924515e-23
18.1589944294  4.88125756384e-23
18.4536166918  5.2655540043e-23
18.75301908  5.65608549743e-23
19.0572791496  6.04737684833e-23
19.3664757145  6.42142311279e-23
19.6806888673  6.80140453477e-23
20  7.187551e-23

