0.2 20 151
151
0.2  0
0.206235454919  9.58593112518e-36
0.212665314327  1.94707254573e-35
0.219295639229  2.96637007366e-35
0.22613267959  4.01744652051e-35
0.233182880236  5.10129266636e-35
0.240452886923  6.21893018111e-35
0.247949552606  7.37141258756e-35
0.255679943893  8.55982625446e-35
0.263651347711  9.78529142058e-35
0.271871278176  1.10489632507e-34
0.280347483669  1.23520329244e-34
0.289087954149  1.36957287592e-34
0.298100928677  1.5081317368e-34
0.307394903187  1.65101048534e-34
0.316978638492  1.79834380384e-34
0.326861168545  1.95027057368e-34
0.33705180895  2.10693400614e-34
0.34756016575  2.26848177745e-34
0.358396144475  2.43506616799e-34
0.369569959484  2.60684420581e-34
0.381092143593  2.78397781469e-34
0.392973557999  2.96663396673e-34
0.405225402524  3.15498483978e-34
0.417859226171  3.34920797972e-34
0.430886938006  3.54948646782e-34
0.444320818391  3.75600909335e-34
0.458173530554  3.96897053147e-34
0.472458132527  4.18857152684e-34
0.487188089458  4.41501908273e-34
0.502377286302  4.59796168473e-31
0.518040040906  3.26978741206e-30
0.534191117512  6.19678399738e-30
0.550845740668  9.21503635898e-30
0.568019609583  1.23273896032e-29
0.585728912925  1.55367775392e-29
0.60399034408  1.88462254442e-29
0.622821116889  2.22588529152e-29
0.642238981873  2.577787681e-29
0.662262242965  2.94066142791e-29
0.682909774767  3.31484858926e-29
0.704201040337  3.70070188649e-29
0.72615610954  4.09858503793e-29
0.748795677965  4.50887310163e-29
0.772141086431  4.93195282896e-29
0.796214341107  5.36822302912e-29
0.821038134255  5.8180949451e-29
0.846635865618  6.28199264135e-29
0.87303166448  6.76035340345e-29
0.900250412412  7.25362815039e-29
0.928317766723  7.76228185956e-29
0.957260184645  8.28679400509e-29
0.987104948279  8.82765900982e-29
1.0178801903  5.72254064254e-27
1.0496149205  1.57183899595e-26
1.08233905309  2.60258826155e-26
1.11608343495  3.66547348003e-26
1.15087987467  4.76149656284e-26
1.18676117255  5.89169065825e-26
1.2237611515  7.05712112532e-26
1.26191468896  8.25888653808e-26
1.30125774973  9.49811972112e-26
1.34182741991  1.07759888174e-25
1.38366194184  1.20936983894e-25
1.42680075014  1.34524905545e-25
1.47128450892  1.48536461561e-25
1.51715515006  1.62984859706e-25
1.56445591277  1.77883719527e-25
1.61323138435  1.93247085193e-25
1.66352754221  2.09089438728e-25
1.71539179718  2.2542571367e-25
1.76887303828  2.42271309141e-25
1.82402167871  2.59642104368e-25
1.88088970345  2.77554473648e-25
1.93953071822  2.96025301784e-25
2  3.36247357746e-25
2.06235454919  6.70196621543e-25
2.12665314327  1.03639306093e-24
2.19295639229  1.41400650726e-24
2.2613267959  1.80339291169e-24
2.33182880236  2.20491932298e-24
2.40452886923  2.61896423345e-24
2.47949552606  3.04591793579e-24
2.55679943893  3.48618289094e-24
2.63651347711  3.9401741075e-24
2.71871278176  4.40831953288e-24
2.80347483669  4.89106045673e-24
2.89087954149  5.38885192692e-24
2.98100928677  5.9039600681e-24
3.07394903187  7.05480422677e-24
3.16978638492  8.40844741947e-24
3.26861168545  9.80429351768e-24
3.3705180895  1.1243658293e-23
3.4756016575  1.27278985391e-23
3.58396144475  1.4258413351e-23
3.69569959484  1.58366454434e-23
3.81092143593  1.74640825112e-23
3.92973557999  1.91422586313e-23
4.05225402524  2.10026132323e-23
4.17859226171  2.31010281708e-23
4.30886938006  2.52648659682e-23
4.44320818391  2.74961663307e-23
4.58173530554  2.97970325573e-23
4.72458132527  3.21696335221e-23
4.87188089458  3.46162057186e-23
5.02377286302  3.71041387533e-23
5.18040040906  3.94920409908e-23
5.34191117512  4.19521568283e-23
5.50845740668  4.44889723728e-23
5.68019609583  4.7104878912e-23
5.85728912925  4.98023422878e-23
6.0399034408  5.27092015042e-23
6.22821116889  5.61632957057e-23
6.42238981873  5.97260661551e-23
6.62262242965  6.3399914077e-23
6.82909774767  6.71883025644e-23
7.04201040337  7.07161314535e-23
7.2615610954  7.2810190524e-23
7.48795677965  7.49621267819e-23
7.72141086431  7.71811545474e-23
7.96214341107  7.94637011952e-23
8.21038134255  8.1344050857e-23
8.46635865618  8.31872155038e-23
8.7303166448  8.50878450009e-23
9.00250412412  8.70137899842e-23
9.28317766723  8.8562625666e-23
9.57260184645  9.01293655754e-23
9.87104948279  9.17449521652e-23
10.178801903  9.31757123185e-23
10.496149205  9.44761698272e-23
10.8233905309  9.58171720567e-23
11.1608343495  9.70474976425e-23
11.5087987467  9.81435193805e-23
11.8676117255  9.92737120891e-23
12.237611515  1.00270075781e-22
12.6191468896  1.01200369669e-22
13.0125774973  1.02140966065e-22
13.4182741991  1.02906571736e-22
13.8366194184  1.03684275499e-22
14.2680075014  1.04347934074e-22
14.7128450892  1.04945350955e-22
15.1715515006  1.05491572205e-22
15.6445591277  1.05934307344e-22
16.1323138435  1.06350225408e-22
16.6352754221  1.0666658824e-22
17.1539179718  1.06954796665e-22
17.6887303828  1.07159095006e-22
18.2402167871  1.0733108791e-22
18.8088970345  1.07456766245e-22
19.3953071822  1.07531810496e-22
20  1.07582e-22

