7 20000 201
201
7  0
7.28413019689  1.88152152901e-41
7.57979324646  3.83941406981e-41
7.88745726754  5.87677752391e-41
8.20760937988  2.97748692938e-38
8.54075647546  7.74478120994e-38
8.88742602103  1.27055800994e-37
9.2481668932  4.71264587363e-36
9.62355024752  1.16245551768e-35
10.0141704227  4.22189190995e-35
10.4206458819  7.2098167929e-34
10.8436201913  1.42729543901e-33
11.2837630399  1.92162942034e-32
11.7417712991  4.75071758271e-32
12.2183701264  4.08175178173e-31
12.7143141134  1.19106848784e-30
13.2303884809  9.97972848892e-30
13.7674103215  2.94143609417e-29
14.3262298937  1.86775970593e-28
14.907731968  4.52267895109e-28
15.5128372279  2.54570496176e-27
16.1425037273  8.34680566598e-27
16.7977284077  2.60603331371e-26
17.4795486762  1.03035254027e-25
18.1890440486  1.74949482335e-25
18.9273378582  1.5272179366e-25
19.6955990342  1.29591882477e-25
20.495043953  1.05523127548e-25
21.3269383635  2.67414882183e-24
22.1925993915  1.42045316384e-23
23.0933976251  2.98138305279e-23
24.0307592842  4.9221448166e-23
25.0061684795  6.26771510567e-23
26.0211695614  7.54823083192e-23
27.0773695658  8.76626482516e-23
28.1764407581  9.92428756895e-23
29.320123281  1.10246710673e-22
30.5102279097  1.20696925852e-22
31.7486389187  1.30615382653e-22
33.0373170654  1.40023066259e-22
34.3783026943  1.48940119406e-22
35.7737189676  1.5738587506e-22
37.2257752267  1.65378887984e-22
38.7367704903  1.72936965248e-22
40.309097094  1.80077195705e-22
41.9452444788  1.86815978475e-22
43.647803132  1.9316905047e-22
45.4194686888  1.99151512995e-22
47.2630462004  2.04777857466e-22
49.1814545751  2.10061990266e-22
51.1777311996  2.15017256801e-22
53.2550367485  2.19656464759e-22
55.416660188  2.23991906635e-22
57.6660239838  2.28035381544e-22
60.0066895193  2.31798216356e-22
62.4423627347  2.35291286197e-22
64.9768999944  2.38525034342e-22
67.6143141928  2.41509491548e-22
70.3587811077  2.44254294837e-22
73.2146460118  2.46768705801e-22
76.1864305528  2.49061628425e-22
79.2788399118  2.51141626492e-22
82.4967702537  2.53016940592e-22
85.8453164787  2.54695504761e-22
89.3297802892  2.56184962809e-22
92.9556785837  2.57492684337e-22
96.728752192  2.58625780507e-22
100.654974964  2.59591119572e-22
104.740563229  2.60395342213e-22
108.991985637  2.610448767e-22
113.415973399  2.61545953908e-22
118.01953095  2.61904622217e-22
122.80994703  2.62126762305e-22
127.794806235  2.62218101863e-22
132.982001014  2.62184230228e-22
138.379744176  2.62030612959e-22
143.996581884  2.61762606336e-22
149.841407193  2.61385471783e-22
155.923474126  2.60904390191e-22
162.252412326  2.603244761e-22
168.838242306  2.59650791715e-22
175.69139131  2.58888360667e-22
182.822709825  2.5804218146e-22
190.243488759  2.57117240494e-22
197.965477319  2.56118524543e-22
206.000901611  2.55051032547e-22
214.362484002  2.53919786534e-22
223.063463257  2.52729841495e-22
232.117615505  2.51486293964e-22
241.539276047  2.50194289069e-22
251.343362056  2.48859025771e-22
261.545396191  2.47485759997e-22
272.161531179  2.46079805358e-22
283.208575385  2.44646531126e-22
294.704019425  2.43191357168e-22
306.666063863  2.41719745523e-22
319.113648021  2.40237188356e-22
332.06647997  2.38749192069e-22
345.545067732  2.37261257422e-22
359.57075175  2.35778855581e-22
374.165738677  2.3430740016e-22
389.353136535  2.3285221542e-22
405.156991298  2.31533936463e-22
421.602324971  2.30124117431e-22
438.7151752  2.28745772247e-22
456.522636501  2.27403472937e-22
475.052903157  2.26101502705e-22
494.335313858  2.24843813731e-22
514.400398152  2.23633986675e-22
535.279924781  2.22475193135e-22
557.006951984  2.21370162327e-22
579.615879832  2.20321153146e-22
603.142504697  2.19329932741e-22
627.624075928  2.18397762512e-22
653.099354823  2.17525392269e-22
679.608676005  2.16713063087e-22
707.194011279  2.15960519113e-22
735.899036089  2.15267028416e-22
765.769198662  2.14631412759e-22
796.851791975  2.14052086098e-22
829.196028624  2.13527101666e-22
862.853118749  2.13054207741e-22
897.876351109  2.12630912936e-22
934.321177455  2.12254563565e-22
972.245300327  2.11922440429e-22
1011.70876441  2.11632927631e-22
1052.77405162  2.11408500649e-22
1095.50617999  2.11258596433e-22
1139.97280664  2.11182111642e-22
1186.24433493  2.1046301648e-22
1234.39402585  2.10592910185e-22
1284.49811408  2.10784791592e-22
1336.63592866  2.11039716063e-22
1390.8900186  2.1135849779e-22
1447.34628358  2.11741704626e-22
1506.09410994  2.12189655556e-22
1567.22651222  2.12702420875e-22
1630.84028043  2.13279825074e-22
1697.03613329  2.1392145237e-22
1765.91887767  2.14626654758e-22
1837.59757458  2.15394562391e-22
1912.18571182  2.18490524105e-22
1989.80138365  2.20243469638e-22
2070.56747778  2.21850427059e-22
2154.61186994  2.23328140042e-22
2242.06762635  2.24691324324e-22
2333.07321436  2.25953015515e-22
2427.77272176  2.27124841966e-22
2526.31608482  2.28217241007e-22
2628.85932576  2.2923963184e-22
2735.56479973  2.30200554882e-22
2846.6014519  2.31107784885e-22
2962.1450849  2.31968423372e-22
3082.37863721  2.32487149236e-22
3207.49247279  2.33137596653e-22
3337.68468248  2.33721325903e-22
3473.16139762  2.34243483973e-22
3614.13711644  2.34708764972e-22
3760.83504366  2.35121464932e-22
3913.48744386  2.35485528374e-22
4072.33600928  2.35804588031e-22
4237.63224244  2.36081998874e-22
4409.63785435  2.36320867351e-22
4588.62517889  2.36524076593e-22
4774.87760397  2.36694308189e-22
4968.69002022  2.36834061059e-22
5170.36928789  2.36945667842e-22
5380.23472272  2.37031309152e-22
5598.61860144  2.37093026023e-22
5825.86668795  2.3713273079e-22
6062.33878068  2.37152216624e-22
6308.4092823  2.37153165932e-22
6564.46779251  2.37137157766e-22
6830.91972484  2.37105674386e-22
7108.18694861  2.37060107122e-22
7396.70845679  2.37001761606e-22
7696.9410611  2.36931862505e-22
8009.36011526  2.36851557798e-22
8334.46026762  2.36761922698e-22
8672.7562443  2.36663963255e-22
9024.7836642  2.36558619706e-22
9391.09988697  2.36446769602e-22
9772.28489553  2.36329230758e-22
10168.9422143  2.36206764054e-22
10581.6998648  2.36080076103e-22
11011.21136  2.35949821819e-22
11458.1567388  2.35816606896e-22
11923.2436431  2.35680990203e-22
12407.2084379  2.35543486119e-22
12910.8173774  2.35404566797e-22
13434.8678179  2.35264664386e-22
13980.1894805  2.3512417318e-22
14547.6457647  2.34983451734e-22
15138.1351155  2.34842824913e-22
15752.5924456  2.34702585897e-22
16391.9906161  2.34562998129e-22
17057.3419762  2.34424297206e-22
17749.6999668  2.34286692711e-22
18470.1607877  2.3415036999e-22
19219.8651336  2.34015491862e-22
20000  2.33882200263e-22

