3 20 101
101
3  0
3.05745688936  4.19586403974e-43
3.11601421011  8.47208851145e-43
3.17569303801  1.2830212502e-42
3.23651485253  1.72718045751e-42
3.29850154446  2.17984633364e-42
3.3616754239  2.64118180082e-42
3.4260592282  3.11135290163e-42
3.49167613021  3.59052885875e-42
3.55854974658  4.07888213586e-42
3.62670414627  4.5765884997e-42
3.69616385924  5.08382708337e-42
3.76695388521  5.60078045077e-42
3.83909970275  6.12763466231e-42
3.91262727838  6.66457934191e-42
3.98756307593  9.35453568379e-41
4.06393406609  9.09014031504e-39
4.1417677361  2.01476349233e-38
4.22109209963  3.14169059462e-38
4.30193570688  4.29020093887e-38
4.38432765487  5.46070789371e-38
4.46829759787  6.65363274475e-38
4.55387575811  7.86940484618e-38
4.64109293664  9.10846177533e-38
4.72998052444  1.03712494901e-37
4.82057051367  1.16582224895e-37
4.91289550923  1.29698439774e-37
5.00698874047  1.77175595708e-36
5.10288407317  1.68265698674e-35
5.20061602171  3.26755573643e-35
5.30021976151  4.88280893681e-35
5.40173114165  6.52899794534e-35
5.50518669785  8.20671525379e-35
5.61062366552  9.91656470149e-35
5.71807999326  1.16591616927e-34
5.82759435644  1.34351334181e-34
5.93920617117  1.52451190805e-34
6.05295560847  1.83276766175e-33
6.16888360871  5.48965730603e-33
6.28703189637  9.21658478488e-33
6.40744299507  1.30148914837e-32
6.53016024283  1.68859444784e-32
6.6552278077  2.08311370276e-32
6.78269070364  2.48518890742e-32
6.91259480676  2.89496477559e-32
7.04498687177  1.27571268484e-31
7.17991454885  4.15094484463e-31
7.31742640081  7.08124430313e-31
7.45757192053  1.00676657256e-30
7.60040154878  1.31112839764e-30
7.74596669241  1.62131945063e-30
7.89431974284  1.93745137462e-30
8.04551409486  5.39322452302e-30
8.19960416593  1.63304838363e-29
8.35664541573  2.74772167824e-29
8.51669436609  3.88374352624e-29
8.67980862141  5.04152280145e-29
8.84604688929  6.22147620856e-29
9.01546900177  1.02256921805e-28
9.18813593677  3.49970728724e-28
9.36410984009  6.08903604555e-28
9.54345404778  8.72795639585e-28
9.72623310891  1.1417418131e-27
9.91251280879  1.41583892347e-27
10.1023601927  3.81901655301e-27
10.29584359  8.11822344555e-27
10.4930326387  1.2499770023e-26
10.6939983105  1.69652332795e-26
10.8988129364  2.1516220412e-26
11.1075502328  4.26787496108e-26
11.3202853277  8.00910667067e-26
11.5370947883  1.18219915591e-25
11.7580566479  1.57079019492e-25
11.9832504345  2.02261655906e-25
12.2127571994  3.99139361642e-25
12.4466595458  6.18479415769e-25
12.6850416593  8.42020335637e-25
12.9279893377  1.06984257747e-24
13.175590022  1.74924854971e-24
13.4279328281  2.628587526e-24
13.6851085784  3.52476786306e-24
13.9472098349  4.44172094469e-24
14.2143309324  6.34021748293e-24
14.4865680123  8.5225597538e-24
14.7640190574  1.07466988908e-23
15.0467839273  1.31897143014e-23
15.3349643938  1.65260972433e-23
15.628664178  1.99348650486e-23
15.9279889875  2.34090572966e-23
16.2330465545  2.73484373174e-23
16.5439466745  3.14890362052e-23
16.8608012457  3.57089370704e-23
17.1837243096  4.00028058112e-23
17.5128320918  4.43736204447e-23
17.8482430438  4.88281462157e-23
18.1900778857  5.32163232399e-23
18.5384596499  5.75651379642e-23
18.893513725  6.19972424774e-23
19.2553679009  6.62591730643e-23
19.6241524153  7.04943349938e-23
20  7.481061e-23

