0.2 20 151
151
0.2  0
0.206235454919  5.4050378174e-36
0.212665314327  1.0978589983e-35
0.219295639229  1.6725910315e-35
0.22613267959  2.26524164311e-35
0.233182880236  2.87636948557e-35
0.240452886923  3.5065506286e-35
0.247949552606  4.15637910216e-35
0.255679943893  4.82646745648e-35
0.263651347711  5.51744733943e-35
0.271871278176  6.22997009192e-35
0.280347483669  6.96470736192e-35
0.289087954149  7.72235173754e-35
0.298100928677  8.50361739991e-35
0.307394903187  9.30924079636e-35
0.316978638492  1.01399813347e-34
0.326861168545  1.09966220988e-34
0.33705180895  1.18799705874e-34
0.34756016575  1.27908594743e-34
0.358396144475  1.37301473941e-34
0.369569959484  1.46987197514e-34
0.381092143593  1.56974895549e-34
0.392973557999  1.6727398279e-34
0.405225402524  1.77894167501e-34
0.417859226171  1.88845460627e-34
0.430886938006  2.00138185226e-34
0.444320818391  2.11782986201e-34
0.458173530554  2.23790840333e-34
0.472458132527  2.36173066631e-34
0.487188089458  2.48941336998e-34
0.502377286302  1.81187350151e-32
0.518040040906  1.27370534331e-31
0.534191117512  2.41171341596e-31
0.550845740668  3.58520147879e-31
0.568019609583  4.79527570119e-31
0.585728912925  6.0430767399e-31
0.60399034408  7.32978081422e-31
0.622821116889  8.6566008148e-31
0.642238981873  1.00247874469e-30
0.662262242965  1.14356304092e-30
0.682909774767  1.28904596101e-30
0.704201040337  1.43906464204e-30
0.72615610954  1.59376049668e-30
0.748795677965  1.75327934647e-30
0.772141086431  1.91777155923e-30
0.796214341107  2.08739219088e-30
0.821038134255  2.26230113154e-30
0.846635865618  2.44266325628e-30
0.87303166448  2.6286485805e-30
0.900250412412  2.82043242024e-30
0.928317766723  3.01819555742e-30
0.957260184645  3.22212441023e-30
0.987104948279  3.43241120888e-30
1.0178801903  4.88922070138e-30
1.0496149205  7.31358399019e-30
1.08233905309  9.81353231898e-30
1.11608343495  1.23914222233e-29
1.15087987467  1.5049683709e-29
1.18676117255  1.7790822543e-29
1.2237611515  2.06174226151e-29
1.26191468896  2.35321483738e-29
1.30125774973  2.65377473379e-29
1.34182741991  2.96370526862e-29
1.38366194184  3.28329859284e-29
1.42680075014  3.61285596589e-29
1.47128450892  3.95268803965e-29
1.51715515006  4.30311515129e-29
1.56445591277  4.66446762521e-29
1.61323138435  5.03708608444e-29
1.66352754221  5.42132177169e-29
1.71539179718  5.81753688047e-29
1.76887303828  6.22610489649e-29
1.82402167871  6.64741094974e-29
1.88088970345  7.0818521775e-29
1.93953071822  7.52983809871e-29
2  8.55018563401e-29
2.06235454919  1.73148691628e-28
2.12665314327  2.69286154935e-28
2.19295639229  3.68420922334e-28
2.2613267959  4.70646441598e-28
2.33182880236  5.76059073946e-28
2.40452886923  6.84758184879e-28
2.47949552606  7.96846237842e-28
2.55679943893  9.1242889081e-28
2.63651347711  1.03161509589e-27
2.71871278176  1.15451720201e-27
2.80347483669  1.28125106084e-27
2.89087954149  1.41193613599e-27
2.98100928677  1.54703679502e-27
3.07394903187  1.80400884153e-27
3.16978638492  2.10068582676e-27
3.26861168545  2.40661239182e-27
3.3705180895  2.7220769134e-27
3.4756016575  3.047376759e-27
3.58396144475  3.38281856721e-27
3.69569959484  3.72871853679e-27
3.81092143593  4.0854027247e-27
3.92973557999  4.45320735347e-27
4.05225402524  4.78019380276e-27
4.17859226171  5.04487632464e-27
4.30886938006  5.31781092618e-27
4.44320818391  5.59925488475e-27
4.58173530554  5.88947349889e-27
4.72458132527  6.18874033846e-27
4.87188089458  6.49733750246e-27
5.02377286302  6.79300833382e-27
5.18040040906  6.9832128691e-27
5.34191117512  7.17790440693e-27
5.50845740668  7.3786658963e-27
5.68019609583  7.58568658176e-27
5.85728912925  7.79916160796e-27
6.0399034408  8.00100799358e-27
6.22821116889  8.14251574261e-27
6.42238981873  8.28829128623e-27
6.62262242965  8.43861171399e-27
6.82909774767  8.59361872301e-27
7.04201040337  8.35356102369e-27
7.2615610954  6.47572669e-27
7.48795677965  4.53152137696e-27
7.72141086431  2.526701041e-27
7.96214341107  4.91042674535e-28
8.21038134255  1.03825891049e-27
8.46635865618  2.13816091804e-27
8.7303166448  3.27235487251e-27
9.00250412412  3.34543289361e-26
9.28317766723  4.38253346982e-25
9.57260184645  8.81645068237e-25
9.87104948279  1.33886053494e-24
10.178801903  4.2649431325e-24
10.496149205  9.10769152166e-24
10.8233905309  1.41014236071e-23
11.1608343495  2.06092551736e-23
11.5087987467  2.88581339702e-23
11.8676117255  3.7364190326e-23
12.237611515  4.43845092196e-23
12.6191468896  5.06177327563e-23
13.0125774973  5.68594859898e-23
13.4182741991  6.12658997374e-23
13.8366194184  6.56927409952e-23
14.2680075014  6.93560540246e-23
14.7128450892  7.25668516977e-23
15.1715515006  7.56006598768e-23
15.6445591277  7.82507749793e-23
16.1323138435  8.08764477321e-23
16.6352754221  8.32873990884e-23
17.1539179718  8.56414526389e-23
17.6887303828  8.77462015341e-23
18.2402167871  8.96537063377e-23
18.8088970345  9.12694463435e-23
19.3953071822  9.25628572016e-23
20  9.37108e-23

