9 20 51
51
9  0
9.14488522565  5.83454252527e-36
9.29210286558  1.17630116072e-35
9.44169046785  1.77869193093e-35
9.59368618495  2.39078020365e-35
9.74812878358  3.01272209276e-35
9.90505765452  3.64467622532e-35
10.0645128227  3.9519577409e-34
10.2265349573  1.28658159422e-33
10.3911653822  2.19231726276e-33
10.5584460868  3.11263378871e-33
10.7284197361  4.04776589995e-33
10.9011296821  4.99795210306e-33
11.0766199748  2.08290484116e-32
11.2549353731  5.64063761908e-32
11.4361213565  9.25564405436e-32
11.6202241369  1.29288461589e-31
11.8072906698  1.66611807874e-31
11.9973686668  2.54252677607e-31
12.1905066075  1.11109308914e-30
12.386753752  2.04442664992e-30
12.5861601534  2.99278534888e-30
12.7887766705  3.95641106607e-30
12.9946549809  5.74819873347e-30
13.2038475941  2.14599723022e-29
13.416407865  3.86641606287e-29
13.6323900073  5.6145308145e-29
13.8518491076  7.39078734393e-29
14.0748411391  1.4195986017e-28
14.3014229762  3.11684633256e-28
14.531652409  4.84141696569e-28
14.7655881577  6.59375035496e-28
15.0032898879  9.89966757328e-28
15.2448182258  3.22342017952e-27
15.4902347734  5.61771260767e-27
15.7396021246  8.05054921345e-27
15.9929838807  1.11815153514e-26
16.2504446672  2.579461919e-26
16.5120501497  4.1675772413e-26
16.777867051  5.78125861326e-26
17.0479631681  8.64338736069e-26
17.3224073892  1.70326058029e-25
17.6012697118  2.5597959643e-25
17.88462126  3.43012016192e-25
18.172534303  5.89367111524e-25
18.4650822733  9.46995010795e-25
18.7623397858  1.31038013216e-24
19.0643826562  1.84144843981e-24
19.3712879209  2.98012210121e-24
19.6831338566  4.13852684325e-24
20  5.31558e-24

