7 20000 201
201
7  0
7.28413019689  2.82858625042e-43
7.57979324646  5.7719848963e-43
7.88745726754  8.83485617601e-43
8.20760937988  2.87751277948e-40
8.54075647546  7.47903157399e-40
8.88742602103  1.22673261458e-39
9.2481668932  2.69916385002e-38
9.62355024752  6.57290712671e-38
10.0141704227  1.04470700709e-37
10.4206458819  1.01434429188e-37
10.8436201913  9.82749153213e-38
11.2837630399  9.49871566977e-38
11.7417712991  9.1565947859e-38
12.2183701264  8.80058720574e-38
12.7143141134  8.43012926788e-38
13.2303884809  8.0446344319e-38
13.7674103215  7.64349234969e-38
14.3262298937  7.22606789908e-38
14.907731968  6.79170017828e-38
15.5128372279  6.33970145947e-38
16.1425037273  5.86935609995e-38
16.7977284077  5.37991940906e-38
17.4795486762  4.87061646912e-38
18.1890440486  4.34064090853e-38
18.9273378582  3.78915362502e-38
19.6955990342  3.21528145716e-38
20.495043953  2.61811580187e-38
21.3269383635  1.99671117584e-38
22.1925993915  1.35008371855e-38
23.0933976251  1.47586201258e-23
24.0307592842  3.13472540756e-23
25.0061684795  4.6174155919e-23
26.0211695614  6.02905303756e-23
27.0773695658  7.3724515338e-23
28.1764407581  8.65031298967e-23
29.320123281  9.86523165964e-23
30.5102279097  1.10196982308e-22
31.7486389187  1.21161037756e-22
33.0373170654  1.31567435725e-22
34.3783026943  1.41438207997e-22
35.7737189676  1.50794501038e-22
37.2257752267  1.59656610486e-22
38.7367704903  1.6804401447e-22
40.309097094  1.75975405803e-22
41.9452444788  1.83468723082e-22
43.647803132  1.9054118074e-22
45.4194686888  1.97209298084e-22
47.2630462004  2.03488927357e-22
49.1814545751  2.09395280868e-22
51.1777311996  2.14942957225e-22
53.2550367485  2.20145966708e-22
55.416660188  2.25017755823e-22
57.6660239838  2.29571231075e-22
60.0066895193  2.33818781996e-22
62.4423627347  2.37772303472e-22
64.9768999944  2.41443217398e-22
67.6143141928  2.44842493703e-22
70.3587811077  2.47980670791e-22
73.2146460118  2.50867875418e-22
76.1864305528  2.53513842057e-22
79.2788399118  2.55927931783e-22
82.4967702537  2.58119150714e-22
85.8453164787  2.60096168049e-22
89.3297802892  2.61867333729e-22
92.9556785837  2.6344069577e-22
96.728752192  2.64824017294e-22
100.654974964  2.6602479329e-22
104.740563229  2.67050267149e-22
108.991985637  2.67907446982e-22
113.415973399  2.68603121782e-22
118.01953095  2.69143877416e-22
122.80994703  2.69536112506e-22
127.794806235  2.69786054189e-22
132.982001014  2.69899773794e-22
138.379744176  2.69883202409e-22
143.996581884  2.69742146381e-22
149.841407193  2.69482302696e-22
155.923474126  2.69109274247e-22
162.252412326  2.68628584949e-22
168.838242306  2.68045694648e-22
175.69139131  2.6736601377e-22
182.822709825  2.66594917621e-22
190.243488759  2.65737760246e-22
197.965477319  2.647998877e-22
206.000901611  2.63786650613e-22
214.362484002  2.6270341584e-22
223.063463257  2.61555577016e-22
232.117615505  2.60348563771e-22
241.539276047  2.59087849353e-22
251.343362056  2.5777895637e-22
261.545396191  2.56427460352e-22
272.161531179  2.550389908e-22
283.208575385  2.53619229411e-22
294.704019425  2.52173905133e-22
306.666063863  2.50708785746e-22
319.113648021  2.49229665698e-22
332.06647997  2.47742349946e-22
345.545067732  2.46252633667e-22
359.57075175  2.44766277739e-22
374.165738677  2.43288980074e-22
389.353136535  2.41826342954e-22
405.156991298  2.40502807641e-22
421.602324971  2.39083055964e-22
438.7151752  2.37693956601e-22
456.522636501  2.36340323004e-22
475.052903157  2.35026667507e-22
494.335313858  2.33757157763e-22
514.400398152  2.32535574924e-22
535.279924781  2.31365274861e-22
557.006951984  2.30249153708e-22
579.615879832  2.29189618967e-22
603.142504697  2.28188567324e-22
627.624075928  2.27247370122e-22
653.099354823  2.26366867279e-22
679.608676005  2.2554737018e-22
707.194011279  2.24788673837e-22
735.899036089  2.24090078398e-22
765.769198662  2.23450419889e-22
796.851791975  2.22868110004e-22
829.196028624  2.22341184763e-22
862.853118749  2.21867362185e-22
897.876351109  2.21444109805e-22
934.321177455  2.21068724698e-22
972.245300327  2.2073843357e-22
1011.70876441  2.20451600104e-22
1052.77405162  2.20231469052e-22
1095.50617999  2.20087820311e-22
1139.97280664  2.20019545874e-22
1186.24433493  2.1928700665e-22
1234.39402585  2.19431046043e-22
1284.49811408  2.19638739292e-22
1336.63592866  2.19911199166e-22
1390.8900186  2.20249287976e-22
1447.34628358  2.20653612251e-22
1506.09410994  2.21124520144e-22
1567.22651222  2.21662101636e-22
1630.84028043  2.22266191554e-22
1697.03613329  2.2293637532e-22
1765.91887767  2.23671997313e-22
1837.59757458  2.24472171646e-22
1912.18571182  2.27677767628e-22
1989.80138365  2.29495388998e-22
2070.56747778  2.31161957283e-22
2154.61186994  2.32694778242e-22
2242.06762635  2.34109062034e-22
2333.07321436  2.35418282744e-22
2427.77272176  2.36634460416e-22
2526.31608482  2.37768384526e-22
2628.85932576  2.38829792642e-22
2735.56479973  2.398275144e-22
2846.6014519  2.40769588376e-22
2962.1450849  2.41663357582e-22
3082.37863721  2.42203640483e-22
3207.49247279  2.4287989315e-22
3337.68468248  2.43487052583e-22
3473.16139762  2.44030441377e-22
3614.13711644  2.44514914175e-22
3760.83504366  2.44944914289e-22
3913.48744386  2.45324521796e-22
4072.33600928  2.4565749458e-22
4237.63224244  2.45947303476e-22
4409.63785435  2.46197162482e-22
4588.62517889  2.46410054785e-22
4774.87760397  2.46588755263e-22
4968.69002022  2.46735849977e-22
5170.36928789  2.46853753099e-22
5380.23472272  2.4694472164e-22
5598.61860144  2.47010868304e-22
5825.86668795  2.47054172727e-22
6062.33878068  2.47076491332e-22
6308.4092823  2.47079566002e-22
6564.46779251  2.47065031732e-22
6830.91972484  2.4703442342e-22
7108.18694861  2.46989181909e-22
7396.70845679  2.46930659406e-22
7696.9410611  2.4686012436e-22
8009.36011526  2.46778765893e-22
8334.46026762  2.46687697845e-22
8672.7562443  2.46587962502e-22
9024.7836642  2.46480534054e-22
9391.09988697  2.46366321832e-22
9772.28489553  2.46246173355e-22
10168.9422143  2.46120877222e-22
10581.6998648  2.45991165877e-22
11011.21136  2.45857718259e-22
11458.1567388  2.45721162366e-22
11923.2436431  2.45582077735e-22
12407.2084379  2.45440997848e-22
12910.8173774  2.45298412486e-22
13434.8678179  2.45154770012e-22
13980.1894805  2.45010479607e-22
14547.6457647  2.4486591345e-22
15138.1351155  2.4472140884e-22
15752.5924456  2.44577270271e-22
16391.9906161  2.44433771444e-22
17057.3419762  2.44291157225e-22
17749.6999668  2.44149645541e-22
18470.1607877  2.44009429217e-22
19219.8651336  2.43870677743e-22
20000  2.4373353898e-22

