3 20 101
101
3  0
3.05745688936  4.15195548489e-39
3.11601421011  8.38343045209e-39
3.17569303801  1.26959478823e-38
3.23651485253  1.70910599248e-38
3.29850154446  2.15703484561e-38
3.3616754239  2.61354256492e-38
3.4260592282  3.07879345541e-38
3.49167613021  3.55295496888e-38
3.55854974658  4.03619776422e-38
3.62670414627  4.52869576884e-38
3.69616385924  5.03062624125e-38
3.76695388521  5.54216983486e-38
3.83909970275  6.06351066303e-38
3.91262727838  6.59483636529e-38
3.98756307593  2.54485724767e-37
4.06393406609  1.93415253245e-35
4.1417677361  4.28000282283e-35
4.22109209963  6.67078153341e-35
4.30193570688  9.10734914661e-35
4.38432765487  1.15905826251e-34
4.46829759787  1.41213757273e-34
4.55387575811  1.67006393292e-34
4.64109293664  1.93293017523e-34
4.72998052444  2.20083090975e-34
4.82057051367  2.47386255854e-34
4.91289550923  2.75212339042e-34
5.00698874047  1.36577162937e-33
5.10288407317  1.1204248161e-32
5.20061602171  2.15610527666e-32
5.30021976151  3.21162139643e-32
5.40173114165  4.28735307384e-32
5.50518669785  5.38368748325e-32
5.61062366552  6.50101921427e-32
5.71807999326  7.63975041385e-32
5.82759435644  8.80029093094e-32
5.93920617117  9.98305846406e-32
6.05295560847  5.40234520516e-31
6.16888360871  1.49024326766e-30
6.28703189637  2.45844686396e-30
6.40744299507  3.44519378256e-30
6.53016024283  4.45083917068e-30
6.6552278077  5.47574497739e-30
6.78269070364  6.52028008396e-30
6.91259480676  7.58482043654e-30
7.04498687177  2.01804992578e-29
7.17991454885  5.58100292365e-29
7.31742640081  9.21219465359e-29
7.45757192053  1.2912932044e-28
7.60040154878  1.66845470541e-28
7.74596669241  2.05283971529e-28
7.89431974284  2.44458658083e-28
8.04551409486  4.96802966706e-28
8.19960416593  1.25664807294e-27
8.35664541573  2.0310459579e-27
8.51669436609  2.82027534073e-27
8.67980862141  3.62462027867e-27
8.84604688929  4.44437026931e-27
9.01546900177  6.68532515884e-27
9.18813593677  1.93489467794e-26
9.36410984009  3.25799248046e-26
9.54345404778  4.60643064433e-26
9.72623310891  5.98069449567e-26
9.91251280879  7.38127865569e-26
10.1023601927  1.38327316308e-25
10.29584359  2.4784033161e-25
10.4930326387  3.59450772646e-25
10.6939983105  4.73198809936e-25
10.8988129364  5.89125383358e-25
11.1075502328  9.18095915206e-25
11.3202853277  1.45551624692e-24
11.5370947883  2.00322941216e-24
11.7580566479  2.5614325423e-24
11.9832504345  3.1632519377e-24
12.2127571994  4.6666976465e-24
12.4466595458  6.30924412783e-24
12.6850416593  7.98324914632e-24
12.9279893377  9.68931520518e-24
13.175590022  1.21718275858e-23
13.4279328281  1.50127533651e-23
13.6851085784  1.7908089397e-23
13.9472098349  2.08605343622e-23
14.2143309324  2.43120317081e-23
14.4865680123  2.79432387749e-23
14.7640190574  3.16439917959e-23
15.0467839273  3.54192416394e-23
15.3349643938  3.92841759456e-23
15.628664178  4.32233068211e-23
15.9279889875  4.72378099525e-23
16.2330465545  5.11247288186e-23
16.5439466745  5.50215820124e-23
16.8608012457  5.89930688937e-23
17.1837243096  6.28334145928e-23
17.5128320918  6.65873166886e-23
17.8482430438  7.04131146302e-23
18.1900778857  7.41015429759e-23
18.5384596499  7.76892167056e-23
18.893513725  8.13456026262e-23
19.2553679009  8.48149863879e-23
19.6241524153  8.82415845818e-23
20  9.173381e-23

