3 20 101
101
3  0
3.05745688936  4.72882839979e-39
3.11601421011  9.54822472297e-39
3.17569303801  1.44599235533e-38
3.23651485253  1.94656926957e-38
3.29850154446  2.45673338126e-38
3.3616754239  2.97666830727e-38
3.4260592282  3.50656118112e-38
3.49167613021  4.04660272037e-38
3.55854974658  4.59698729529e-38
3.62670414627  5.15791299874e-38
3.69616385924  5.72958171756e-38
3.76695388521  6.31219920515e-38
3.83909970275  6.90597515559e-38
3.91262727838  7.51112327906e-38
3.98756307593  2.49088471888e-37
4.06393406609  1.77413194722e-35
4.1417677361  3.92395004421e-35
4.22109209963  6.11494209471e-35
4.30193570688  8.3478966745e-35
4.38432765487  1.06236174624e-34
4.46829759787  1.29429235294e-34
4.55387575811  1.53066496338e-34
4.64109293664  1.77156465213e-34
4.72998052444  2.01707812314e-34
4.82057051367  2.26729374092e-34
4.91289550923  2.5223015624e-34
5.00698874047  1.25889720182e-33
5.10288407317  1.03420871797e-32
5.20061602171  1.99038204919e-32
5.30021976151  2.96486829552e-32
5.40173114165  3.95801819133e-32
5.50518669785  4.97018918837e-32
5.61062366552  6.0017455844e-32
5.71807999326  7.05305865434e-32
5.82759435644  8.12450678386e-32
5.93920617117  9.2164756056e-32
6.05295560847  5.78881656978e-31
6.16888360871  1.63135932583e-30
6.28703189637  2.70399435901e-30
6.40744299507  3.79717281633e-30
6.53016024283  4.91128815154e-30
6.6552278077  6.04674135393e-30
6.78269070364  7.20394109267e-30
6.91259480676  8.38330386387e-30
7.04498687177  2.54812056034e-29
7.17991454885  7.43823917743e-29
7.31742640081  1.2422014796e-28
7.45757192053  1.75012411626e-28
7.60040154878  2.26777463784e-28
7.74596669241  2.79533935567e-28
7.89431974284  3.33300814937e-28
8.04551409486  7.54564785354e-28
8.19960416593  2.0511029896e-27
8.35664541573  3.3724728779e-27
8.51669436609  4.71915003403e-27
8.67980862141  6.09161915028e-27
8.84604688929  7.49037420192e-27
9.01546900177  1.07554642949e-26
9.18813593677  2.76682565821e-26
9.36410984009  4.53300955971e-26
9.54345404778  6.33301993888e-26
9.72623310891  8.16750465045e-26
9.91251280879  1.00371239571e-25
10.1023601927  1.74119502517e-25
10.29584359  2.96922447368e-25
10.4930326387  4.22077350623e-25
10.6939983105  5.49629257689e-25
10.8988129364  6.79624076692e-25
11.1075502328  1.05195400307e-24
11.3202853277  1.66139175921e-24
11.5370947883  2.28250164793e-24
11.7580566479  2.91550721737e-24
11.9832504345  3.59569921456e-24
12.2127571994  5.23680404012e-24
12.4466595458  7.02680723867e-24
12.6850416593  8.85109310915e-24
12.9279893377  1.07103182434e-23
13.175590022  1.33291305402e-23
13.4279328281  1.63006941902e-23
13.6851085784  1.93291701081e-23
13.9472098349  2.24172054277e-23
14.2143309324  2.59803208983e-23
14.4865680123  2.97184626901e-23
14.7640190574  3.35281984817e-23
15.0467839273  3.74070743257e-23
15.3349643938  4.13418693574e-23
15.628664178  4.53518406208e-23
15.9279889875  4.94385349655e-23
16.2330465545  5.33819829703e-23
16.5439466745  5.73310704932e-23
16.8608012457  6.1355792111e-23
17.1837243096  6.52445460065e-23
17.5128320918  6.90432692912e-23
17.8482430438  7.29147468503e-23
18.1900778857  7.66462151431e-23
18.5384596499  8.02748934064e-23
18.893513725  8.39730691916e-23
19.2553679009  8.74828725627e-23
19.6241524153  9.09497420255e-23
20  9.448301e-23

