3 20 101
101
3  0
3.05745688936  4.8418805753e-43
3.11601421011  9.77649428278e-43
3.17569303801  1.48056171749e-42
3.23651485253  1.99310593195e-42
3.29850154446  2.51546654515e-42
3.3616754239  3.04783156368e-42
3.4260592282  3.59039259486e-42
3.49167613021  4.14334491575e-42
3.55854974658  4.70688754342e-42
3.62670414627  5.28122330656e-42
3.69616385924  5.8665589185e-42
3.76695388521  6.46310505161e-42
3.83909970275  7.0710764131e-42
3.91262727838  7.69069182235e-42
3.98756307593  9.21529284791e-41
4.06393406609  8.82804016474e-39
4.1417677361  1.95650838749e-38
4.22109209963  3.05077666293e-38
4.30193570688  4.16600268878e-38
4.38432765487  5.30258785409e-38
4.46829759787  6.46094123543e-38
4.55387575811  7.64147974413e-38
4.64109293664  8.84462827632e-38
4.72998052444  1.00708198659e-37
4.82057051367  1.13204958403e-37
4.91289550923  1.25941059794e-37
5.00698874047  1.82642800063e-36
5.10288407317  1.74240289778e-35
5.20061602171  3.38444665147e-35
5.30021976151  5.05793931392e-35
5.40173114165  6.76348320395e-35
5.50518669785  8.50169217618e-35
5.61062366552  1.0273191842e-34
5.71807999326  1.20786197945e-34
5.82759435644  1.39186258384e-34
5.93920617117  1.57938722235e-34
6.05295560847  2.29703449604e-33
6.16888360871  6.95748466789e-33
6.28703189637  1.1707193163e-32
6.40744299507  1.65478694834e-32
6.53016024283  2.14812558716e-32
6.6552278077  2.65091279385e-32
6.78269070364  3.16332953018e-32
6.91259480676  3.68556022374e-32
7.04498687177  1.93786356309e-31
7.17991454885  6.53924897326e-31
7.31742640081  1.12287614809e-30
7.45757192053  1.60080889224e-30
7.60040154878  2.08789514598e-30
7.74596669241  2.58431022005e-30
7.89431974284  3.09023278279e-30
8.04551409486  1.00416794587e-29
8.19960416593  3.23559819345e-29
8.35664541573  5.50976545465e-29
8.51669436609  7.82748824142e-29
8.67980862141  1.01896007421e-28
8.84604688929  1.25969531217e-28
9.01546900177  2.12420935897e-28
9.18813593677  7.57787936752e-28
9.36410984009  1.32790924459e-27
9.54345404778  1.90894968473e-27
9.72623310891  2.50111838363e-27
9.91251280879  3.10462847301e-27
10.1023601927  6.42374883421e-27
10.29584359  1.21618530558e-26
10.4930326387  1.80098551505e-26
10.6939983105  2.39698599151e-26
10.8988129364  3.00440124577e-26
11.1075502328  5.5374167438e-26
11.3202853277  9.95416109182e-26
11.5370947883  1.4455496237e-25
11.7580566479  1.90430422872e-25
11.9832504345  2.44281298941e-25
12.2127571994  4.91017226116e-25
12.4466595458  7.66254327379e-25
12.6850416593  1.0467628512e-24
12.9279893377  1.33264375743e-24
13.175590022  2.14205933575e-24
13.4279328281  3.18350585409e-24
13.6851085784  4.24489846489e-24
13.9472098349  5.33039705919e-24
14.2143309324  7.44582184419e-24
14.4865680123  9.86083970252e-24
14.7640190574  1.23221106988e-23
15.0467839273  1.50044976318e-23
15.3349643938  1.85737814806e-23
15.628664178  2.22197999715e-23
15.9279889875  2.59357643466e-23
16.2330465545  3.00570151238e-23
16.5439466745  3.43626087053e-23
16.8608012457  3.87506642915e-23
17.1837243096  4.31811109181e-23
17.5128320918  4.76642500376e-23
17.8482430438  5.22332515666e-23
18.1900778857  5.67213889761e-23
18.5384596499  6.11584836395e-23
18.893513725  6.56805588553e-23
19.2553679009  7.00218720039e-23
19.6241524153  7.43327048279e-23
20  7.87261e-23

