4 20 101
101
4  0
4.06489836507  6.95100428911e-44
4.13084967959  1.40147857817e-43
4.19787102722  2.11931742418e-43
4.26597976883  2.84880291207e-43
4.33519354694  3.59012400383e-43
4.4055302903  4.3434727273e-43
4.47700821858  5.10904422589e-43
4.54964584702  5.88703680914e-43
4.6234619913  6.67765200405e-43
4.69847577235  7.48109460735e-43
4.77470662134  8.2975727385e-43
4.85217428469  9.12729789361e-43
4.93089882922  9.97048500022e-43
5.0109006473  9.85296781363e-41
5.09220046219  7.4806988685e-40
5.17481933334  1.41743963145e-39
5.2587786619  2.09766962655e-39
5.34410019626  2.7889360753e-39
5.43080603763  3.49141803964e-39
5.51891864584  4.20529748672e-39
5.60846084511  4.93075933604e-39
5.69945582996  5.66799150735e-39
5.79192717125  6.4171849693e-39
5.88589882225  7.17853378896e-39
5.98139512488  1.03997455895e-38
6.07844081599  5.4956321727e-37
6.17706103378  1.23031757747e-36
6.27728132428  1.92211689892e-36
6.37912764804  2.6251403816e-36
6.48262638677  3.33957013294e-36
6.58780435024  4.06559121498e-36
6.69468878317  4.80339169233e-36
6.80330737234  5.55316268086e-36
6.91368825372  6.31509839723e-36
7.02586001978  4.2443549916e-35
7.13985172691  1.98525812118e-34
7.25569290288  3.57243179463e-34
7.3734135546  5.1853567122e-34
7.49304417576  6.8244506773e-34
7.61461575486  8.49013827203e-34
7.73815978314  1.01828509672e-33
7.86370826279  1.19030272339e-33
7.9912937152  1.79386042353e-33
8.12094918942  1.33012101335e-32
8.25270827072  2.62911086982e-32
8.38660508926  3.94917630577e-32
8.52267432896  5.29065926386e-32
8.66095123645  6.65390723464e-32
8.80147163025  8.03927334655e-32
8.94427191  9.44711645737e-32
9.08938906592  4.1743992666e-31
9.23686068839  9.41200834121e-31
9.38672497765  1.47345954823e-30
9.53902075375  2.01435394242e-30
9.69378746657  2.56402412707e-30
9.85106520605  3.12261248581e-30
10.0108947126  4.96119692795e-30
10.1733173875  1.76790526199e-29
10.3383753039  3.10380530507e-29
10.5061112176  4.46137978033e-29
10.6765685779  5.84098034655e-29
10.8497915392  7.24296436808e-29
11.0258249723  1.11201520419e-28
11.2047144759  2.8113177622e-28
11.3865063885  4.55668955358e-28
11.5712478006  6.3303792889e-28
11.7589865666  8.1328464152e-28
11.9497713174  9.9645578339e-28
12.1436514728  2.08038844392e-27
12.3406772544  3.50091871618e-27
12.5408996988  4.94449651149e-27
12.7443706706  6.4114957665e-27
12.9511428756  7.90563442054e-27
13.1612698752  1.58938959268e-26
13.3748060995  2.60090961944e-26
13.5918068618  3.62884114518e-26
13.8123283727  4.67345043979e-26
14.036427755  6.6557928832e-26
14.2641630582  1.31551170748e-25
14.4955932736  1.98069653261e-25
14.7307783496  2.65667370965e-25
14.9697792074  3.38078329203e-25
15.2126577564  6.04587693562e-25
15.4594769106  9.08141192169e-25
15.7103006046  1.21661972222e-24
15.9651938106  1.53848797876e-24
16.2242225547  2.37414239256e-24
16.4874539343  3.31476813973e-24
16.7549561354  4.27065515518e-24
17.0267984504  5.35914605152e-24
17.3030512959  7.29129010264e-24
17.5837862308  9.27833477959e-24
17.8690759753  1.12976184443e-23
18.1589944294  1.38670781426e-23
18.4536166918  1.69112037448e-23
18.75301908  2.00047190407e-23
19.0572791496  2.32810895905e-23
19.3664757145  2.71719218534e-23
19.6806888673  3.11290594566e-23
20  3.51504e-23

