8 20 51
51
8  0
8.14795810271  1.59858372908e-40
8.29865265543  3.2267328851e-40
8.45213426817  4.88499427362e-40
8.60845448694  6.57392481326e-40
8.76766581108  8.29409172267e-40
8.9298217109  1.00460727111e-39
9.09497664564  2.14262861881e-38
9.26318608172  5.74600392554e-38
9.43450651143  9.41602280398e-38
9.60899547185  1.31539178112e-37
9.78671156422  1.69609443001e-37
9.96771447357  2.09477529723e-37
10.1520649888  4.00241439372e-37
10.3398250231  6.28595193072e-37
10.5310576347  8.6117229529e-37
10.7258270481  1.09805085586e-36
10.9241986756  1.33931042922e-36
11.1262391393  1.90596096819e-36
11.3320162934  2.67935999772e-36
11.5415992473  3.46706285887e-36
11.7550583881  4.26933409763e-36
11.9724654052  1.10934583651e-35
12.1938933134  3.29486204914e-34
12.4194164783  7.06684990167e-34
12.6491106407  1.0908599775e-33
12.8830529421  1.4821401901e-33
13.1213219509  1.5373930777e-31
13.3639976885  4.57902345462e-31
13.6111616563  7.67690806401e-31
13.8628968631  1.08320873145e-30
14.1192878528  3.84372165884e-30
14.3804207331  9.51057935054e-30
14.6463832041  1.52822442313e-29
14.9172645879  2.11606546852e-29
15.1931558586  7.154057381e-29
15.474149673  1.4221891984e-28
15.7603404013  2.14204445117e-28
16.0518241593  3.90245993025e-28
16.3486988403  1.03037512141e-27
16.651064148  1.6858250984e-27
16.9590216305  2.40193017309e-27
17.2726747135  5.90403853911e-27
17.5921287359  9.95974758303e-27
17.9174909847  1.40906033427e-26
18.2488707311  2.85742171051e-26
18.5863792673  4.67959047167e-26
18.9301299439  6.53630646286e-26
19.2802382077  8.67031161985e-26
19.6368216409  1.09067743857e-25
20  1.31846e-25

