0.2 20 151
151
0.2  0
0.206235454919  3.53521195096e-43
0.212665314327  7.18064217565e-43
0.219295639229  1.09397269795e-42
0.22613267959  1.48160098024e-42
0.233182880236  1.88131445594e-42
0.240452886923  2.29348990842e-42
0.247949552606  2.71851586817e-42
0.255679943893  3.15679297897e-42
0.263651347711  3.60873437561e-42
0.271871278176  4.07476607326e-42
0.280347483669  4.55532736913e-42
0.289087954149  5.05087125647e-42
0.298100928677  5.56186485167e-42
0.307394903187  6.08878983449e-42
0.316978638492  6.6321429022e-42
0.326861168545  7.19243623769e-42
0.33705180895  7.77019799237e-42
0.34756016575  8.36597278391e-42
0.358396144475  8.98032220973e-42
0.369569959484  9.61382537629e-42
0.381092143593  1.0267079445e-41
0.392973557999  1.09407001953e-41
0.405225402524  1.16353226046e-41
0.417859226171  1.23516014475e-41
0.430886938006  1.30902119126e-41
0.444320818391  1.3851850239e-41
0.458173530554  1.46372343726e-41
0.472458132527  1.5447104643e-41
0.487188089458  1.62822244612e-41
0.502377286302  1.27130003174e-35
0.518040040906  9.04848927718e-35
0.534191117512  1.71495139239e-34
0.550845740668  2.55031064405e-34
0.568019609583  3.41171412048e-34
0.585728912925  4.29997380964e-34
0.60399034408  5.21592701503e-34
0.622821116889  6.16043714502e-34
0.642238981873  7.13439452669e-34
0.662262242965  8.13871724509e-34
0.682909774767  9.17435200866e-34
0.704201040337  1.02422750416e-33
0.72615610954  1.13434930042e-33
0.748795677965  1.24790439417e-33
0.772141086431  1.36499982625e-33
0.796214341107  1.48574597477e-33
0.821038134255  1.61025665912e-33
0.846635865618  1.73864924726e-33
0.87303166448  1.87104476639e-33
0.900250412412  2.00756801696e-33
0.928317766723  2.14834769041e-33
0.957260184645  2.29351649039e-33
0.987104948279  2.44321125792e-33
1.0178801903  2.17867929049e-29
1.0496149205  6.04507218519e-29
1.08233905309  1.00320086728e-28
1.11608343495  1.41432469742e-28
1.15087987467  1.83826624809e-28
1.18676117255  2.27542514091e-28
1.2237611515  2.72621345656e-28
1.26191468896  3.19105612332e-28
1.30125774973  3.67039131754e-28
1.34182741991  4.16467087673e-28
1.38366194184  4.67436072546e-28
1.42680075014  5.19994131457e-28
1.47128450892  5.74190807402e-28
1.51715515006  6.30077187995e-28
1.56445591277  6.87705953622e-28
1.61323138435  7.471314271e-28
1.66352754221  8.08409624882e-28
1.71539179718  8.71598309862e-28
1.76887303828  9.36757045826e-28
1.82402167871  1.00394725359e-27
1.88088970345  1.07323226892e-27
1.93953071822  1.14467740219e-27
2  2.18103049653e-27
2.06235454919  1.65461987477e-26
2.12665314327  3.23519280448e-26
2.19295639229  4.86504369043e-26
2.2613267959  6.545708885e-26
2.33182880236  8.27877263984e-26
2.40452886923  1.00658685992e-25
2.47949552606  1.19086813401e-25
2.55679943893  1.38089479598e-25
2.63651347711  1.57684597137e-25
2.71871278176  1.77890637036e-25
2.80347483669  1.9872664619e-25
2.89087954149  2.20212265323e-25
2.98100928677  2.43094862747e-25
3.07394903187  5.17444241656e-25
3.16978638492  8.67891157163e-25
3.26861168545  1.22926405238e-24
3.3705180895  1.60190356959e-24
3.4756016575  1.98616097135e-24
3.58396144475  2.38239847164e-24
3.69569959484  2.79098957727e-24
3.81092143593  3.21231944001e-24
3.92973557999  3.64678521957e-24
4.05225402524  4.5462449001e-24
4.17859226171  6.09972259657e-24
4.30886938006  7.70163349375e-24
4.44320818391  9.35348760685e-24
4.58173530554  1.10568420292e-23
4.72458132527  1.28133024001e-23
4.87188089458  1.46245244184e-23
5.02377286302  1.66098491139e-23
5.18040040906  1.92553958484e-23
5.34191117512  2.19909521463e-23
5.50845740668  2.48117956341e-23
5.68019609583  2.77205853339e-23
5.85728912925  3.07200631689e-23
6.0399034408  3.37799873361e-23
6.22821116889  3.68148001656e-23
6.42238981873  3.99439696898e-23
6.62262242965  4.31706981916e-23
6.82909774767  4.64980272939e-23
7.04201040337  4.98155653087e-23
7.2615610954  5.27737062763e-23
7.48795677965  5.58218524898e-23
7.72141086431  5.89650315949e-23
7.96214341107  6.21998733509e-23
8.21038134255  6.50063216763e-23
8.46635865618  6.77931466898e-23
8.7303166448  7.0666857312e-23
9.00250412412  7.35901748494e-23
9.28317766723  7.60895991988e-23
9.57260184645  7.86311515805e-23
9.87104948279  8.12519426387e-23
10.178801903  8.3944640899e-23
10.496149205  8.67140006908e-23
10.8233905309  8.95697015733e-23
11.1608343495  9.19751594607e-23
11.5087987467  9.38449809455e-23
11.8676117255  9.57730983682e-23
12.237611515  9.75120509968e-23
12.6191468896  9.91620007241e-23
13.0125774973  1.00835805118e-22
13.4182741991  1.02260411471e-22
13.8366194184  1.03712069382e-22
14.2680075014  1.05026204914e-22
14.7128450892  1.06266412109e-22
15.1715515006  1.07454020185e-22
15.6445591277  1.08521125392e-22
16.1323138435  1.09570294574e-22
16.6352754221  1.10510329764e-22
17.1539179718  1.11425339645e-22
17.6887303828  1.1223611526e-22
18.2402167871  1.12976081934e-22
18.8088970345  1.13610729091e-22
19.3953071822  1.14151709654e-22
20  1.14653e-22

