4 20 101
101
4  0
4.06489836507  1.70430894476e-40
4.13084967959  3.43626960554e-40
4.19787102722  5.19633062013e-40
4.26597976883  6.98494790529e-40
4.33519354694  8.80258477483e-40
4.4055302903  1.06497120597e-39
4.47700821858  1.25268082297e-39
4.54964584702  1.44343595179e-39
4.6234619913  1.6372860046e-39
4.69847577235  1.83428119529e-39
4.77470662134  2.03447255243e-39
4.85217428469  2.23791193251e-39
4.93089882922  2.44465203338e-39
5.0109006473  7.58261654573e-38
5.09220046219  5.63704092327e-37
5.17481933334  1.06647411757e-36
5.2587786619  1.57740138098e-36
5.34410019626  2.09661823041e-36
5.43080603763  2.62425916099e-36
5.51891864584  3.16046085002e-36
5.60846084511  3.70536219228e-36
5.69945582996  4.2591043361e-36
5.79192717125  4.82183071987e-36
5.88589882225  5.39368710921e-36
5.98139512488  6.8907564824e-36
6.07844081599  2.08958891742e-34
6.17706103378  4.64019568086e-34
6.27728132428  7.23218499651e-34
6.37912764804  9.86622827938e-34
6.48262638677  1.25430078379e-33
6.58780435024  1.52632170507e-33
6.69468878317  1.80275605461e-33
6.80330737234  2.08367543848e-33
6.91368825372  2.36915262454e-33
7.02586001978  1.1086477376e-32
7.13985172691  4.83983825252e-32
7.25569290288  8.63401463973e-32
7.3734135546  1.2489749988e-31
7.49304417576  1.64080430664e-31
7.61461575486  2.03899088484e-31
7.73815978314  2.44363787752e-31
7.86370826279  2.85485010226e-31
7.9912937152  3.82765086838e-31
8.12094918942  1.89160020155e-30
8.25270827072  3.59263299898e-30
8.38660508926  5.32126435829e-30
8.52267432896  7.07794205485e-30
8.66095123645  8.86312112903e-30
8.80147163025  1.0677264004e-29
8.94427191  1.25208406057e-29
9.08938906592  3.34530181588e-29
9.23686068839  6.67994046606e-29
9.38672497765  1.00686822654e-28
9.53902075375  1.35124050153e-28
9.69378746657  1.70120007592e-28
9.85106520605  2.05683760137e-28
10.0108947126  2.83965336111e-28
10.1733173875  7.23256039875e-28
10.3383753039  1.18409097521e-27
10.5061112176  1.65240276902e-27
10.6765685779  2.12831273027e-27
10.8497915392  2.61194413612e-27
11.0258249723  3.95746656695e-27
11.2047144759  9.87037617252e-27
11.3865063885  1.59436403957e-26
11.5712478006  2.21154408486e-26
11.7589865666  2.83873762412e-26
11.9497713174  3.4761071222e-26
12.1436514728  7.86961774684e-26
12.3406772544  1.36654049796e-25
12.5408996988  1.95552264912e-25
12.7443706706  2.55406079495e-25
12.9511428756  3.16321516068e-25
13.1612698752  5.53675845724e-25
13.3748060995  8.49044916632e-25
13.5918068618  1.14920622999e-24
13.8123283727  1.45423753797e-24
14.036427755  1.88316910034e-24
14.2641630582  2.89842960988e-24
14.4955932736  3.93624369626e-24
14.7307783496  4.990895892e-24
14.9697792074  6.08046885209e-24
15.2126577564  8.11221038935e-24
15.4594769106  1.0333711123e-23
15.7103006046  1.2591254798e-23
15.9651938106  1.48973318248e-23
16.2242225547  1.79629380768e-23
16.4874539343  2.12080808474e-23
16.7549561354  2.4505874733e-23
17.0267984504  2.79005688548e-23
17.3030512959  3.16564497036e-23
17.5837862308  3.54819965887e-23
17.8690759753  3.93696114084e-23
18.1589944294  4.32858645861e-23
18.4536166918  4.72368404584e-23
18.75301908  5.12519192993e-23
19.0572791496  5.52835977178e-23
19.3664757145  5.91753006206e-23
19.6806888673  6.31289818791e-23
20  6.714681e-23

