1 20 101
101
1  0
1.03041055791  4.60461462613e-41
1.06174591785  9.34925815201e-41
1.09403420358  1.42381889346e-40
1.12730439408  1.92757948299e-40
1.16158634964  2.4466597131e-40
1.1969108386  2.9815254626e-40
1.23330956497  3.53265677796e-40
1.27081519692  4.1005483041e-40
1.30946139606  4.68570972839e-40
1.34928284767  5.28866623805e-40
1.39031529185  5.90995899157e-40
1.43259555555  6.55014560435e-40
1.47616158565  7.20980064919e-40
1.52105248304  7.88951617197e-40
1.56730853766  8.58990222303e-40
1.61497126471  9.31158740464e-40
1.66408344188  1.00552194353e-39
1.71468914776  1.08214657308e-39
1.76683380139  1.16110140037e-39
1.82056420303  1.24245728801e-39
1.87592857615  1.32628725358e-39
1.93297661076  1.41266653518e-39
1.99175950792  7.00317656779e-37
2.05233002578  4.49740683892e-35
2.11474252688  9.86115269843e-35
2.17905302696  1.5388013062e-34
2.24531924523  2.10829483328e-34
2.31360065617  2.69510697624e-34
2.3839585429  3.29976440386e-34
2.45645605223  3.92280980119e-34
2.53115825126  4.56480235666e-34
2.60813218585  5.22631826392e-34
2.68744694072  5.90795123899e-34
2.76917370155  6.61031305312e-34
2.85338581877  7.33403408187e-34
2.94015887345  8.07976387088e-34
3.02957074514  4.73750908528e-32
3.12170168173  1.92299872949e-31
3.21663437151  3.41631898524e-31
3.31445401734  4.95505194311e-31
3.41524841318  6.5405786287e-31
3.51910802283  8.17432206539e-31
3.62612606115  9.85774855147e-31
3.73639857773  1.15923689762e-30
3.85002454306  1.33797401758e-30
3.96710593738  1.52214663308e-30
4.08774784223  1.79272017655e-29
4.21205853471  4.10946262656e-29
4.34014958471  6.49665850701e-29
4.472135955  8.95645034604e-29
4.60813610445  1.14910458272e-28
4.74827209431  1.41027197711e-28
4.89266969782  1.67938161766e-28
5.041458513  4.59267896681e-28
5.19477207907  1.46263466235e-27
5.35274799621  2.49651437115e-27
5.51552804914  3.56183493871e-27
5.68325833429  4.65955249908e-27
5.85608939099  5.79065226289e-27
6.03417633655  1.2944401202e-26
6.21767900547  4.54285200626e-26
6.40676209294  7.90411623238e-26
6.6015953026  1.13675983789e-25
6.80235349885  1.49364069498e-25
7.00921686386  2.07557431225e-25
7.22237105921  4.8208062123e-25
7.44200739256  7.76002574885e-25
7.66832298935  1.07886285913e-24
7.9015209697  1.3909332936e-24
8.14181063074  2.27045909376e-24
8.38940763443  3.5759885748e-24
8.64453420113  4.92121993574e-24
8.90741930907  6.30736053288e-24
9.17829889981  8.78907643282e-24
9.45741609003  1.19098801543e-23
9.74502138973  1.51255892581e-23
10.041372927  1.85699950303e-23
10.34673668  2.28506815311e-23
10.661386715  2.72738114681e-23
10.9856054331  3.18302240987e-23
11.3196838233  3.65006461575e-23
11.6639217237  4.1310579069e-23
12.0186280908  4.6220552993e-23
12.3841212763  5.08408199112e-23
12.7607293136  5.55805827033e-23
13.1487902114  6.02219265236e-23
13.5486522576  6.4602495212e-23
13.9606743317  6.91002339572e-23
14.3852262269  7.31919988433e-23
14.8226889821  7.73311445692e-23
15.2734552238  8.12467374718e-23
15.7379295184  8.50479440065e-23
16.2165287354  8.87337371754e-23
16.7096824217  9.22435168919e-23
17.2178331866  9.56607745951e-23
17.7414370999  9.89083179101e-23
18.2809641002  1.02040163741e-22
18.8368984177  1.05063890494e-22
19.4097390079  1.07919386194e-22
20  1.10755e-22

