3 20000 251
251
3  0
3.10754116011  7.64403388194e-40
3.21893735392  1.55620838544e-39
3.33432677304  2.37639725868e-39
3.45385256282  3.22598748623e-39
3.57766299997  4.10603302001e-39
3.70591167647  5.01762559301e-39
3.83875769011  5.96189607362e-39
3.9763658419  6.94001586855e-39
4.11890684045  4.4169231026e-36
4.26655751378  9.89274068866e-36
4.41950102868  1.55648502e-35
4.57792711792  2.14402881236e-35
4.74203231564  2.75263431841e-35
4.91202020113  3.38305653852e-35
5.08810165143  1.6321005455e-33
5.27049510288  4.9341823072e-33
5.45942682211  8.35463397005e-33
5.65513118677  1.18976987462e-32
5.85785097623  1.55677719545e-32
6.0678376728  1.6507933997e-31
6.28535177369  6.36220265579e-31
6.51066311417  1.12425020509e-30
6.74405120229  1.62977457989e-30
6.98580556566  2.15342051394e-30
7.2362261106  2.72332074628e-29
7.49562349418  5.47392938875e-29
7.76431950961  8.32313924603e-29
8.04264748544  2.217503079e-28
8.33095269908  9.8921962782e-28
8.6295928051  1.78420046141e-27
8.93893827894  2.60767901537e-27
9.25937287649  1.20696217855e-26
9.59129411015  2.39701224504e-26
9.935113742  3.62972209978e-26
10.2912582945  1.12589539815e-25
10.6601695799  2.06275678833e-25
11.0423052477  3.51890328482e-25
11.4381393532  9.06865905156e-25
11.8481629451  1.48173572095e-24
12.2728846745  2.99593780189e-24
12.7128314264  5.09393635693e-24
13.168548973  8.0759844927e-24
13.6406026509  1.25924114955e-23
14.1295780621  1.76637860869e-23
14.6360818009  2.40461873482e-23
15.1607422064  3.08058805498e-23
15.7042101414  3.81561465905e-23
16.2671598004  4.56321289375e-23
16.8502895459  5.32181023303e-23
17.4543227746  6.06127377851e-23
18.0800088146  6.725939002e-23
18.7281238555  6.89246010763e-23
19.3994719108  7.20634314684e-23
20.0948858158  7.66590397617e-23
20.81522826  8.26958945464e-23
21.5613928584  9.01597359074e-23
22.3343052589  9.90375371561e-23
23.1349242915  1.09317466777e-22
23.9642431572  1.2098885054e-22
24.8232906606  1.25971614067e-22
25.7131324857  1.3040857016e-22
26.6348725182  1.34630167358e-22
27.5896542149  1.3864383655e-22
28.5786620219  1.42456744597e-22
29.6031228447  1.46075803236e-22
30.6643075692  1.49507677745e-22
31.7635326391  1.52758795353e-22
32.9021616888  1.55835353409e-22
34.0816072348  1.5874332732e-22
35.3033324283  1.61488478252e-22
36.5688528699  1.64076360618e-22
37.8797384904  1.66512329345e-22
39.2376154977  1.6880154693e-22
40.6441683945  1.70948990304e-22
42.1011420681  1.72959457486e-22
43.6103439547  1.74837574065e-22
45.1736462819  1.7658779949e-22
46.792988391  1.78214433191e-22
48.4703791432  1.79721620532e-22
50.2078994111  1.81113358607e-22
52.0077046609  1.8239350188e-22
53.8720276255  1.83565767685e-22
55.8031810749  1.84633741587e-22
57.803560685  1.85600882607e-22
59.8756480098  1.86470528339e-22
62.0220135595  1.87245899935e-22
64.2453199896  1.87930106996e-22
66.548325404  1.88526152354e-22
68.9338867764  1.89036936771e-22
71.4049634946  1.89465263542e-22
73.9646210318  1.89813843031e-22
76.6160347494  1.90085297134e-22
79.362493836  1.90282163678e-22
82.207405388  1.90406900774e-22
85.1542986363  1.90461891117e-22
88.2068293241  1.90449446246e-22
91.3687842424  1.90371810784e-22
94.6440859274  1.90231166644e-22
98.0367975267  1.90029637223e-22
101.55112784  1.89769291585e-22
105.191436539  1.89452148646e-22
108.962239579  1.89080181357e-22
112.868214796  1.88655320899e-22
116.914207716  1.8817946089e-22
121.105237559  1.87654461609e-22
125.446503473  1.87082154247e-22
129.943390978  1.86464345168e-22
134.601478649  1.85802820206e-22
139.426545038  1.85099348971e-22
144.424575839  1.84355689178e-22
149.601771317  1.83573590984e-22
154.964553998  1.82754801323e-22
160.519576635  1.81901068235e-22
166.273730466  1.81014145161e-22
172.234153755  1.80095795193e-22
178.408240657  1.79147795249e-22
184.803650381  1.78171940144e-22
191.428316699  1.77170046518e-22
198.290457784  1.76143956589e-22
205.398586407  1.75095541667e-22
212.761520496  1.74026705385e-22
220.388394076  1.72939386586e-22
228.288668601  1.71835561784e-22
236.472144687  1.70717247135e-22
244.948974278  1.69586499836e-22
253.729673232  1.68445418851e-22
262.82513437  1.67296144888e-22
272.246640988  1.66140859523e-22
282.005880857  1.64981783374e-22
292.114960719  1.6382117324e-22
302.586421305  1.6266131811e-22
313.433252899  1.61504533963e-22
324.668911443  1.60353157294e-22
336.307335239  1.59209537326e-22
348.362962233  1.58076026862e-22
360.850747932  1.56954971799e-22
373.786183952  1.55848699331e-22
387.185317237  1.54759504904e-22
401.064769967  1.53773775635e-22
415.441760181  1.52723643789e-22
430.33412313  1.51697223996e-22
445.760333408  1.50696526459e-22
461.739527869  1.49723451255e-22
478.291529368  1.48779771733e-22
495.436871347  1.47867118336e-22
513.196823315  1.46986963185e-22
531.593417229  1.4614060583e-22
550.649474827  1.45329160508e-22
570.388635939  1.44553545289e-22
590.835387813  1.43814473409e-22
612.015095492  1.43112447089e-22
633.954033283  1.42447754066e-22
656.679417347  1.4182046701e-22
680.219439467  1.41230445938e-22
704.603302016  1.40677343684e-22
729.861254188  1.40160614406e-22
756.024629519  1.39679525105e-22
783.125884761  1.39233170072e-22
811.198640147  1.38820488204e-22
840.277721093  1.38440283193e-22
870.399201406  1.38091246716e-22
901.600448031  1.3777198506e-22
933.920167409  1.37481050264e-22
967.398453493  1.37216978571e-22
1002.07683748  1.36978345233e-22
1037.99833936  1.36773920875e-22
1075.20752123  1.36613107816e-22
1113.75054262  1.36495319983e-22
1153.67521776  1.3641983354e-22
1195.03107486  1.35886270245e-22
1237.86941758  1.35932552161e-22
1282.24338866  1.36014823059e-22
1328.20803584  1.36133529604e-22
1375.82038019  1.36289017592e-22
1425.13948679  1.36481529829e-22
1476.22653803  1.36711204879e-22
1529.14490952  1.36978076712e-22
1583.9602487  1.37282075248e-22
1640.74055627  1.37623027807e-22
1699.55627056  1.38000661424e-22
1760.48035489  1.38414605983e-22
1823.58838813  1.38864398126e-22
1888.9586584  1.40739666304e-22
1956.67226024  1.41852160842e-22
2026.81319518  1.42879939984e-22
2099.46847595  1.43831758855e-22
2174.72823446  1.44715398361e-22
2252.68583354  1.45537818633e-22
2333.43798284  1.46305282226e-22
2417.08485874  1.47023453871e-22
2503.73022867  1.47697481851e-22
2593.4815798  1.48332064844e-22
2686.45025241  1.48931507172e-22
2782.75157798  1.49499764724e-22
2882.50502231  1.50040483326e-22
2985.83433368  1.50557030956e-22
3092.86769639  1.50830802784e-22
3203.73788976  1.51221906287e-22
3318.58245288  1.51576317168e-22
3437.54385517  1.51896577714e-22
3560.76967321  1.52185029405e-22
3688.41277372  1.52443834707e-22
3820.63150327  1.52674995929e-22
3957.58988467  1.52880371588e-22
4099.45782048  1.53061690671e-22
4246.41130375  1.53220565077e-22
4398.63263638  1.53358500517e-22
4556.31065525  1.53476906075e-22
4719.64096648  1.53577102613e-22
4888.82618808  1.53660330174e-22
5064.07620136  1.53727754518e-22
5245.60841122  1.53780472893e-22
5433.64801588  1.5381951915e-22
5628.4282863  1.53845868283e-22
5830.19085546  1.53860440455e-22
6039.18601821  1.53864104595e-22
6255.67304171  1.53857681605e-22
6479.9204871  1.53841947236e-22
6712.20654262  1.53817634663e-22
6952.81936878  1.53785436823e-22
7202.05745576  1.53746008516e-22
7460.22999374  1.53699968326e-22
7727.65725647  1.53647900375e-22
8004.67099856  1.53590355935e-22
8291.61486705  1.53527854917e-22
8588.84482771  1.53460887258e-22
8896.72960662  1.53389914217e-22
9215.65114764  1.533153696e-22
9546.00508616  1.53237660912e-22
9888.20123995  1.53157170461e-22
10242.6641175  1.53074256409e-22
10609.8334448  1.52989253793e-22
10990.1647105  1.52902475496e-22
11384.1297314  1.52814213203e-22
11792.2172375  1.52724738321e-22
12214.9334781  1.52634302882e-22
12652.8028504  1.52543140416e-22
13106.3685495  1.52451466815e-22
13576.1932423  1.52359481169e-22
14062.859766  1.5226736659e-22
14566.9718506  1.52175291013e-22
15089.1548679  1.52083407985e-22
15630.0566078  1.51991857429e-22
16190.3480812  1.51900766395e-22
16770.7243529  1.51810249791e-22
17371.9054038  1.51720411087e-22
17994.6370239  1.51631343013e-22
18639.6917377  1.51543128218e-22
19307.8697622  1.51455839926e-22
20000  1.51369542553e-22

