0.1 20 151
151
0.1  0
0.103595335198  4.0070370315e-37
0.107319934748  8.15814047578e-37
0.111178446136  1.24584900033e-36
0.115175683943  1.6913451511e-36
0.119316635847  2.15285838179e-36
0.123606468853  2.6309645601e-36
0.128050535734  3.12626025813e-36
0.132654381717  3.63936349672e-36
0.137423751394  4.17091451665e-36
0.142364595899  4.72157657749e-36
0.147483080324  5.29203678523e-36
0.152785591422  5.88300694961e-36
0.158278745568  6.49522447232e-36
0.163969397019  7.12945326711e-36
0.169864646463  7.786484713e-36
0.175971849887  8.46713864172e-36
0.182298627744  9.17226436071e-36
0.188852874473  9.90274171287e-36
0.195642768341  1.06594821744e-35
0.202676781654  4.04851964256e-31
0.209963691323  1.50693605672e-30
0.21751258982  2.64864376648e-30
0.225332896521  3.83139969538e-30
0.233434369463  5.05667966449e-30
0.241827117512  6.32601255562e-30
0.250521612986  7.64098221895e-30
0.259528704717  9.00322944944e-30
0.268859631586  1.04144540341e-29
0.278526036554  1.18764168729e-29
0.288539981181  1.33909421763e-29
0.298913960685  1.4959919741e-29
0.309660919525  1.65853073084e-29
0.320794267559  1.8269133007e-29
0.332327896774  2.00134978837e-29
0.344276198619  2.18205785247e-29
0.356654081967  2.36926297721e-29
0.369476991711  2.56319875369e-29
0.382760928042  2.76410717141e-29
0.396522466412  2.97223892018e-29
0.410778778215  3.18785370298e-29
0.425547652214  3.41122055995e-29
0.440847516738  3.64261820415e-29
0.456697462677  3.8823353693e-29
0.473117267301  4.13067117007e-29
0.490127418939  4.38793547529e-29
0.507749142548  1.07858020551e-27
0.526004426187  3.51259140181e-27
0.544916048465  6.03411345938e-27
0.564507606954  8.646292687e-27
0.584803547643  1.13523885138e-26
0.60582919543  1.41557775564e-26
0.627610785733  1.7059957832e-26
0.650175497219  2.00685531232e-26
0.673551485719  2.31853174999e-26
0.697767919361  2.64141400033e-26
0.722855014966  2.97590494986e-26
0.74884407575  3.32242197024e-26
0.775767530383  3.68139743901e-26
0.803658973457  4.05327927917e-26
0.832553207402  4.43853151802e-26
0.862486285909  4.83763486621e-26
0.893495558925  5.25108731756e-26
0.925619719247  5.67940477042e-26
0.958898850812  6.12312167142e-26
0.993374478709  6.66106893813e-26
1.02908962099  2.14207577053e-25
1.06608884235  4.01808750571e-25
1.10441830974  5.96154815112e-25
1.14412584997  7.97488272118e-25
1.18526100936  1.00606034177e-24
1.22787511562  1.22213127645e-24
1.27202134183  1.4459706855e-24
1.31775477286  1.67785787162e-24
1.36513247404  1.91808217935e-24
1.41421356237  2.16694335617e-24
1.46505928036  2.42475192648e-24
1.51773307233  2.69182957906e-24
1.57230066369  2.96850956849e-24
1.62883014287  3.25513713096e-24
1.68739204632  3.55206991508e-24
1.74805944649  3.8596784281e-24
1.81090804305  4.17834649825e-24
1.87601625732  4.5084717537e-24
1.94346533014  4.85046611866e-24
2.01333942322  5.29685000039e-24
2.08572572415  6.14919618483e-24
2.16071455525  7.03451282495e-24
2.23839948618  7.95165956584e-24
2.31887745078  8.90178080633e-24
2.40224886796  9.88606209019e-24
2.48861776706  1.09057315855e-23
2.57809191758  1.19620616171e-23
2.67078296373  1.30563702541e-23
2.76680656368  1.41900229547e-23
2.86628253393  1.53644342699e-23
2.96933499874  1.65810696085e-23
3.0760925451  1.77186352196e-23
3.18668838309  1.88458280005e-23
3.30126051218  2.00135471402e-23
3.41995189335  2.12232496971e-23
3.54291062753  2.24764451158e-23
3.67029014035  2.37746971105e-23
3.80224937364  2.51196256161e-23
3.93895298368  2.65129088097e-23
4.08057154674  2.81339051791e-23
4.22728177184  2.99525984846e-23
4.3792667213  3.18366799105e-23
4.53671603914  3.37885003792e-23
4.69982618773  3.58104953362e-23
4.8688006929  3.79051877895e-23
5.04385039793  3.9804587373e-23
5.22519372662  4.09341740875e-23
5.41305695583  4.2104242638e-23
5.60767449785  4.3316379075e-23
5.80928919286  4.45720958799e-23
6.01815261197  4.58425576998e-23
6.23452537109  4.69264761009e-23
6.45867745619  4.80414534026e-23
6.69088856009  4.91965178756e-23
6.93144843155  5.03931107882e-23
7.18065723674  5.15194368804e-23
7.43882593382  5.26417246052e-23
7.70627666093  5.38043623355e-23
7.98334313818  5.50128169073e-23
8.270371084  5.63575778133e-23
8.56771864659  5.77612961868e-23
8.87575685075  5.9215482941e-23
9.19487006089  6.06763120665e-23
9.5254564606  6.21595177016e-23
9.8679285495  6.36960495509e-23
10.2227136579  6.52117703836e-23
10.5902544803  6.67352638462e-23
10.9710096272  6.83264144889e-23
11.3654541979  7.03247792923e-23
11.774080373  7.24392562984e-23
12.1973980289  7.43244008296e-23
12.6359353735  7.59152827545e-23
13.0902396056  7.74701978588e-23
13.5608775976  7.87024705668e-23
14.0484366031  7.99496604121e-23
14.553524989  8.10463246812e-23
15.0767729955  8.21199379238e-23
15.6188335217  8.29266798005e-23
16.1803829408  8.36860546913e-23
16.7621219439  8.43157231708e-23
17.364776414  8.47754320439e-23
17.9890983325  8.51135519896e-23
18.6358667167  8.53369909098e-23
19.3058885922  8.54673919787e-23
20  8.54912e-23

