1 20 101
101
1  0
1.03041055791  2.2565059718e-36
1.06174591785  4.58163354912e-36
1.09403420358  6.97746955329e-36
1.12730439408  9.44616426701e-36
1.16158634964  1.19899333643e-35
1.1969108386  1.4611059899e-35
1.23330956497  1.7311896354e-35
1.27081519692  2.00948667524e-35
1.30946139606  2.29624688333e-35
1.34928284767  2.59172762934e-35
1.39031529185  2.89619410968e-35
1.43259555555  3.20991958555e-35
1.47616158565  3.53318562818e-35
1.52105248304  3.86628237152e-35
1.56730853766  4.20950877266e-35
1.61497126471  4.56317288014e-35
1.66408344188  4.92759211045e-35
1.71468914776  5.30309353287e-35
1.76683380139  5.69001416304e-35
1.82056420303  6.08870126544e-35
1.87592857615  6.49951266506e-35
1.93297661076  6.92281706853e-35
1.99175950792  1.7245807628e-33
2.05233002578  1.06328005684e-31
2.11474252688  2.33053830452e-31
2.17905302696  3.63633458252e-31
2.24531924523  4.98184085386e-31
2.31360065617  6.36826472158e-31
2.3839585429  7.79685051263e-31
2.45645605223  9.2688803946e-31
2.53115825126  1.07856755265e-30
2.60813218585  1.23485972447e-30
2.68744694072  1.39590482842e-30
2.76917370155  1.56184740384e-30
2.85338581877  1.73283638556e-30
2.94015887345  1.9090252376e-30
3.02957074514  2.05832589703e-29
3.12170168173  7.83863440201e-29
3.21663437151  1.37947253135e-28
3.31445401734  1.99319442727e-28
3.41524841318  2.62557994843e-28
3.51910802283  3.27719666612e-28
3.62612606115  3.94862941173e-28
3.73639857773  4.64048080173e-28
3.85002454306  5.3533717785e-28
3.96710593738  6.0879421676e-28
4.08774784223  4.04361876026e-27
4.21205853471  8.8804319472e-27
4.34014958471  1.38643353217e-26
4.472135955  1.89998019783e-26
4.60813610445  2.42914410411e-26
4.74827209431  2.97440018001e-26
4.89266969782  3.53623779739e-26
5.041458513  6.67230335386e-26
5.19477207907  1.6725142872e-25
5.35274799621  2.70836948484e-25
5.51552804914  3.77572561696e-25
5.68325833429  4.87554064455e-25
5.85608939099  6.00880166072e-25
6.03417633655  8.31999952893e-25
6.21767900547  1.54968468641e-24
6.40676209294  2.29188061742e-24
6.6015953026  3.05664714077e-24
6.80235349885  3.84467064077e-24
7.00921686386  4.78122922969e-24
7.22237105921  6.99407313345e-24
7.44200739256  9.33847574838e-24
7.66832298935  1.17541729548e-23
7.9015209697  1.4243332861e-23
8.14181063074  1.74488871022e-23
8.38940763443  2.12103807822e-23
8.64453420113  2.50862635836e-23
8.90741930907  2.90800141434e-23
9.17829889981  3.31423512622e-23
9.45741609003  3.72999413691e-23
9.74502138973  4.15839661107e-23
10.041372927  4.59217840868e-23
10.34673668  4.99640905519e-23
10.661386715  5.41221592994e-23
10.9856054331  5.83782424775e-23
11.3196838233  6.21948167543e-23
11.6639217237  6.6069080071e-23
12.0186280908  7.00023060007e-23
12.3841212763  7.34962408893e-23
12.7607293136  7.70696824847e-23
13.1487902114  8.05328228544e-23
13.5486522576  8.37384409049e-23
13.9606743317  8.702866178e-23
14.3852262269  8.99832015175e-23
14.8226889821  9.29657307155e-23
15.2734552238  9.57663008214e-23
15.7379295184  9.84698663479e-23
16.2165287354  1.01077445661e-22
16.7096824217  1.03542079839e-22
17.2178331866  1.05935564199e-22
17.7414370999  1.08201198331e-22
18.2809641002  1.10379515622e-22
18.8368984177  1.12475943933e-22
19.4097390079  1.14435763424e-22
20  1.16373e-22

