4 20 101
101
4  0
4.06489836507  1.79647111299e-40
4.13084967959  3.62208923552e-40
4.19787102722  5.47732726589e-40
4.26597976883  7.36266577501e-40
4.33519354694  9.27859313084e-40
4.4055302903  1.12256056249e-39
4.47700821858  1.32042076009e-39
4.54964584702  1.52149115852e-39
4.6234619913  1.72582384199e-39
4.69847577235  1.93347173972e-39
4.77470662134  2.14448863972e-39
4.85217428469  2.35892920268e-39
4.93089882922  2.57684897612e-39
5.0109006473  8.25748199899e-38
5.09220046219  6.14485176851e-37
5.17481933334  1.16263179864e-36
5.2587786619  1.71967187531e-36
5.34410019626  2.28574969956e-36
5.43080603763  2.86101190512e-36
5.51891864584  3.44560750485e-36
5.60846084511  4.03968792923e-36
5.69945582996  4.64340706568e-36
5.79192717125  5.25692129836e-36
5.88589882225  5.8803895487e-36
5.98139512488  7.54034807263e-36
6.07844081599  2.33955175873e-34
6.17706103378  5.19751891421e-34
6.27728132428  8.10185541865e-34
6.37912764804  1.10533135958e-33
6.48262638677  1.40526579755e-33
6.58780435024  1.71006654918e-33
6.69468878317  2.01981256842e-33
6.80330737234  2.33458409023e-33
6.91368825372  2.65446265131e-33
7.02586001978  1.14543135631e-32
7.13985172691  4.90106849623e-32
7.25569290288  8.72010196714e-32
7.3734135546  1.26010976951e-31
7.49304417576  1.65450609926e-31
7.61461575486  2.05530134824e-31
7.73815978314  2.46259933633e-31
7.86370826279  2.87650556779e-31
7.9912937152  3.79469394188e-31
8.12094918942  1.73703494879e-30
8.25270827072  3.26701046485e-30
8.38660508926  4.82180920831e-30
8.52267432896  6.40183392589e-30
8.66095123645  8.0074938987e-30
8.80147163025  9.63920504829e-30
8.94427191  1.12973900443e-29
9.08938906592  3.12109276291e-29
9.23686068839  6.29961500412e-29
9.38672497765  9.52970746952e-29
9.53902075375  1.28122068649e-28
9.69378746657  1.61479634714e-28
9.85106520605  1.95378413653e-28
10.0108947126  2.7374125067e-28
10.1733173875  7.28252033704e-28
10.3383753039  1.20516063906e-27
10.5061112176  1.68980689162e-27
10.6765685779  2.18231633152e-27
10.8497915392  2.68281653579e-27
11.0258249723  4.12944468769e-27
11.2047144759  1.05919854634e-26
11.3865063885  1.72301316967e-26
11.5712478006  2.39759791394e-26
11.7589865666  3.08312751997e-26
11.9497713174  3.77977956365e-26
12.1436514728  8.39858867466e-26
12.3406772544  1.44819783814e-25
12.5408996988  2.06640685996e-25
12.7443706706  2.69464607048e-25
12.9511428756  3.33401335408e-25
13.1612698752  5.79634164905e-25
13.3748060995  8.85818845574e-25
13.5918068618  1.19697124754e-24
13.8123283727  1.51317197005e-24
14.036427755  1.95679932148e-24
14.2641630582  3.00328712908e-24
14.4955932736  4.07300618495e-24
14.7307783496  5.16008099528e-24
14.9697792074  6.28271121729e-24
15.2126577564  8.35368398225e-24
15.4594769106  1.0616008604e-23
15.7103006046  1.2915038518e-23
15.9651938106  1.52632097639e-23
16.2242225547  1.83676436368e-23
16.4874539343  2.16515340665e-23
16.7549561354  2.49887042762e-23
17.0267984504  2.84217697401e-23
17.3030512959  3.22050487306e-23
17.5837862308  3.60581076394e-23
17.8690759753  3.9973680854e-23
18.1589944294  4.3912557053e-23
18.4536166918  4.78816787104e-23
18.75301908  5.19151977444e-23
19.0572791496  5.59646540696e-23
19.3664757145  5.98703553229e-23
19.6806888673  6.38382390159e-23
20  6.78705e-23

