2 20 101
101
2  0
2.04658598456  1.24359422348e-39
2.0942570961  2.5161554776e-39
2.14303861048  3.81835849119e-39
2.19295639229  5.15089370953e-39
2.2440369086  6.51446766042e-39
2.29630724299  7.90980332882e-39
2.34979510988  9.33764054018e-39
2.40452886923  1.07987363527e-38
2.46053754162  1.22938654587e-38
2.51785082359  1.38238205954e-38
2.57649910339  1.53894129653e-38
2.63651347711  1.69914726661e-38
2.69792576518  1.86308491313e-38
2.76076852921  2.03084115797e-38
2.82507508925  2.20250494774e-38
2.89087954149  2.37816730083e-38
2.95821677634  2.55792135576e-38
3.02712249687  1.7753858349e-35
3.09763323782  6.38394181266e-35
3.16978638492  1.10998448492e-34
3.24362019472  1.59255953788e-34
3.31917381488  2.08637520783e-34
3.39648730492  2.59169332236e-34
3.4756016575  3.10878180783e-34
3.55655882008  3.63791483141e-34
3.63940171722  4.17937294641e-34
3.72417427333  4.73344324111e-34
3.81092143593  5.30041949091e-34
3.89968919952  5.88060231412e-34
3.99052462994  1.60838527843e-33
4.08347588934  3.91595796565e-32
4.17859226171  8.30350859945e-32
4.275924179  1.27932584163e-31
4.3755232479  1.7387587941e-31
4.47744227714  2.20889331478e-31
4.58173530554  2.68997867522e-31
4.68845763064  3.18226995325e-31
4.79766583804  3.68602816822e-31
4.90941783137  4.20152041941e-31
5.02377286302  1.58028236044e-30
5.14079156554  7.008288196e-30
5.26053598379  1.25760161518e-29
5.38306960785  1.8273433152e-29
5.50845740668  2.41035600423e-29
5.63676586253  3.00694880333e-29
5.76806300625  3.61743803389e-29
5.90241845333  4.24214738539e-29
6.0399034408  1.10702104352e-28
6.18059086503  3.35442006197e-28
6.32455532034  5.65416772841e-28
6.47187313859  8.00748339948e-28
6.62262242965  1.04156148343e-27
6.77688312278  1.28798388561e-27
6.93473700905  1.5401462029e-27
7.09626778467  5.06371619019e-27
7.2615610954  1.09347362354e-26
7.43070458194  1.69425099051e-26
7.60378792641  2.30902226006e-26
7.78090289989  2.93811339205e-26
7.96214341107  3.59856568043e-26
8.14760555608  9.98503645137e-26
8.33738766941  1.80449651393e-25
8.53159037603  2.6292633684e-25
8.7303166448  3.47324151085e-25
8.93367184302  4.33687842965e-25
9.1417637923  7.8495553723e-25
9.35470282574  1.27027191535e-24
9.57260184645  1.76689276411e-24
9.79557638737  2.27508139847e-24
10.0237446725  2.93449213945e-24
10.2572276798  4.56350753117e-24
10.496149205  6.25632172786e-24
10.7406359274  7.98856663256e-24
10.9908174772  9.82037205527e-24
11.2468265038  1.28037332974e-23
11.5087987467  1.59639513569e-23
11.7768731071  1.91977803514e-23
12.0511917215  2.26140245138e-23
12.3319000372  2.6569422855e-23
12.6191468896  3.06198045462e-23
12.9130845807  3.4764531747e-23
13.2138689602  3.89665784791e-23
13.5216595078  4.32501918685e-23
13.8366194184  4.76335834314e-23
14.1589156877  5.1932734354e-23
14.4887192015  5.61359844945e-23
14.826204826  6.04371409082e-23
15.1715515006  6.46041928096e-23
15.5249423326  6.86254235529e-23
15.8865646945  7.27403207929e-23
16.2566103233  7.66220200172e-23
16.6352754221  8.04452917066e-23
17.022760764  8.43149299185e-23
17.4192717991  8.78863678505e-23
17.8250187627  9.15236824478e-23
18.2402167871  9.50108394137e-23
18.6650860159  9.84041424835e-23
19.0998517204  1.01792951591e-22
19.5447444191  1.0497555683e-22
20  1.08232e-22

