4 20 101
101
4  0
4.06489836507  5.38317011626e-43
4.13084967959  1.08536799674e-42
4.19787102722  1.64129466049e-42
4.26597976883  2.20624100713e-42
4.33519354694  2.78035337733e-42
4.4055302903  3.36378048608e-42
4.47700821858  3.95667346121e-42
4.54964584702  4.55918588252e-42
4.6234619913  5.1714738216e-42
4.69847577235  5.79369588223e-42
4.77470662134  6.42601324148e-42
4.85217428469  7.06858969142e-42
4.93089882922  7.72159168163e-42
5.0109006473  5.67737358029e-40
5.09220046219  4.29631746736e-39
5.17481933334  8.13872331136e-39
5.2587786619  1.20434706197e-38
5.34410019626  1.60115708571e-38
5.43080603763  2.00440518989e-38
5.51891864584  2.41419582974e-38
5.60846084511  2.83063515523e-38
5.69945582996  3.25383103857e-38
5.79192717125  3.68389310214e-38
5.88589882225  4.12093274691e-38
5.98139512488  5.68272224668e-38
6.07844081599  2.51984771008e-36
6.17706103378  5.62945995295e-36
6.27728132428  8.78952438346e-36
6.37912764804  1.20008595677e-35
6.48262638677  1.52642973528e-35
6.58780435024  1.8580683082e-35
6.69468878317  2.19508758142e-35
6.80330737234  2.5375748546e-35
6.91368825372  2.8856188438e-35
7.02586001978  1.66477752194e-34
7.13985172691  7.59047546543e-34
7.25569290288  1.36162117489e-33
7.3734135546  1.97397131406e-33
7.49304417576  2.59625658396e-33
7.61461575486  3.228638178e-33
7.73815978314  3.87127990494e-33
7.86370826279  4.52434823123e-33
7.9912937152  6.57730175133e-33
8.12094918942  4.39637341012e-32
8.25270827072  8.61557193468e-32
8.38660508926  1.29032252308e-31
8.52267432896  1.72604439491e-31
8.66095123645  2.16883567602e-31
8.80147163025  2.61881106468e-31
8.94427191  3.0760871201e-31
9.08938906592  1.21265353009e-30
9.23686068839  2.6763309139e-30
9.38672497765  4.16375586502e-30
9.53902075375  5.675313678e-30
9.69378746657  7.21139589868e-30
9.85106520605  8.77240042555e-30
10.0108947126  1.34275721593e-29
10.1733173875  4.43557182035e-29
10.3383753039  7.68355509089e-29
10.5061112176  1.09842355624e-28
10.6765685779  1.43384682255e-28
10.8497915392  1.77471219426e-28
11.0258249723  2.74066823247e-28
11.2047144759  7.01983770172e-28
11.3865063885  1.1415168025e-27
11.5712478006  1.58818107863e-27
11.7589865666  2.04209230007e-27
11.9497713174  2.50336804555e-27
12.1436514728  5.08298693053e-27
12.3406772544  8.45450983825e-27
12.5408996988  1.18807343271e-26
12.7443706706  1.53625479079e-26
12.9511428756  1.8907772544e-26
13.1612698752  3.59235735052e-26
13.3748060995  5.73562256903e-26
13.5918068618  7.91366138968e-26
13.8123283727  1.0127038e-25
14.036427755  1.42336863261e-25
14.2641630582  2.74535138825e-25
14.4955932736  4.0982785416e-25
14.7307783496  5.47315638503e-25
14.9697792074  6.92952276294e-25
15.2126577564  1.14816451301e-24
15.4594769106  1.66286612118e-24
15.7103006046  2.18591855257e-24
15.9651938106  2.72879834085e-24
16.2242225547  3.96835643173e-24
16.4874539343  5.35166891919e-24
16.7549561354  6.75742508635e-24
17.0267984504  8.29847629522e-24
17.3030512959  1.06580197847e-23
17.5837862308  1.30784714763e-23
17.8690759753  1.55381940073e-23
18.1589944294  1.85113989785e-23
18.4536166918  2.19291350717e-23
18.75301908  2.54023225361e-23
19.0572791496  2.90202647612e-23
19.3664757145  3.30709437804e-23
19.6806888673  3.71894612588e-23
20  4.13748e-23

