0.527514025271 20 151
151
0.527514025271  0
0.540454724268  1.45413702527e-24
0.553712877745  2.94394618178e-24
0.567296273329  4.47030255966e-24
0.581212889691  6.03410271629e-24
0.595470901229  7.63626520293e-24
0.610078682871  9.32877398571e-24
0.625044814995  1.11165255598e-23
0.640378088468  1.29481333234e-23
0.656087509811  1.48246731335e-23
0.672182306486  1.67472472397e-23
0.688671932321  1.84453375903e-23
0.705566073058  2.00237964305e-23
0.722874652046  2.16409771998e-23
0.740607836069  2.32978298044e-23
0.758776041315  2.48984590803e-23
0.777389939499  2.62898177055e-23
0.796460464126  2.7715308415e-23
0.81599881692  2.91757685193e-23
0.836016474396  3.05742576674e-23
0.856525194607  3.18233911562e-23
0.877537024048  3.31031677364e-23
0.899064304732  3.4414289723e-23
0.92111968144  3.5580840205e-23
0.94371610915  3.67194230473e-23
0.966866860641  3.78859370102e-23
0.990585534295  3.89918904186e-23
1.01488606208  4.00178304112e-23
1.03978271775  4.10689382287e-23
1.06529012519  4.20795370362e-23
1.09142326705  4.30140246156e-23
1.11819749351  4.3971436557e-23
1.14562853134  4.48732406972e-23
1.17373249309  4.5732357442e-23
1.20252588657  4.66100142436e-23
1.23202562456  4.74032805249e-23
1.26224903475  4.81994660701e-23
1.29321386987  4.89730149906e-23
1.32493831818  4.96982604044e-23
1.35744101412  5.04337024376e-23
1.39074104924  5.11031456416e-23
1.42485798346  5.17838929266e-23
1.45981185653  5.24135777339e-23
1.49562319977  5.30410631733e-23
1.53231304822  5.36319916207e-23
1.5699029529  5.4212933388e-23
1.60841499352  5.47624368987e-23
1.64787179143  5.5302552117e-23
1.68829652294  5.58097521672e-23
1.72971293289  5.6312210603e-23
1.7721453486  5.67790667843e-23
1.81561869421  5.72604559973e-23
1.86015850527  5.7800447847e-23
1.90579094374  5.82959801267e-23
1.9525428134  5.87385159004e-23
2.00044157555  5.91919077308e-23
2.04951536516  5.96564219333e-23
2.09979300738  6.01323313559e-23
2.15130403451  6.06199155403e-23
2.20407870329  6.11194608857e-23
2.25814801273  6.16233407759e-23
2.31354372227  6.19744524325e-23
2.37029837047  6.23168251664e-23
2.42844529411  6.26675968098e-23
2.48801864776  6.30269734002e-23
2.54905342385  6.33951660297e-23
2.61158547325  6.37723909688e-23
2.67565152627  6.40799056098e-23
2.7412892143  6.43397614471e-23
2.80853709187  6.46059919322e-23
2.8774346593  6.48787534448e-23
2.94802238593  6.51582062006e-23
3.02034173386  6.54336846542e-23
3.09443518233  6.56313461708e-23
3.17034625263  6.58309047322e-23
3.24811953373  6.60353587601e-23
3.32780070841  6.62448283477e-23
3.40943658011  6.6443036391e-23
3.49307510045  6.658832744e-23
3.57876539736  6.67370952102e-23
3.66655780395  6.68895124737e-23
3.75650388808  6.70444057053e-23
3.84865648264  6.71376838771e-23
3.9430697166  6.72220725178e-23
4.03979904678  6.73085313367e-23
4.13890129046  6.73971111183e-23
4.24043465869  6.74878638929e-23
4.34445879057  6.75808429672e-23
4.45103478822  6.76761029557e-23
4.56022525266  6.77479357656e-23
4.67209432064  6.7773406048e-23
4.78670770226  6.77995011541e-23
4.90413271959  6.78262364118e-23
5.02443834622  6.78536275248e-23
5.14769524775  6.78816905823e-23
5.27397582331  6.79076209327e-23
5.40335424811  6.78922735303e-23
5.53590651695  6.78732161512e-23
5.67171048894  6.78536912664e-23
5.81084593316  6.78336874073e-23
5.95339457553  6.7813192824e-23
6.09944014688  6.77768351456e-23
6.24906843202  6.77228182309e-23
6.40236732023  6.76674762015e-23
6.55942685683  6.76107765502e-23
6.72033929609  6.75526859727e-23
6.88519915539  6.74797441411e-23
7.0541032708  6.73967250583e-23
7.22715085389  6.73116693947e-23
7.40444355006  6.72245271899e-23
7.5860854982  6.71312808345e-23
7.77218339189  6.70250981463e-23
7.96284654208  6.69163106398e-23
8.15818694124  6.68048544148e-23
8.35831932921  6.66874109114e-23
8.56336126057  6.65607260394e-23
8.77343317367  6.64309334002e-23
8.9886584614  6.62979565718e-23
9.20916354366  6.61572299782e-23
9.43507794161  6.60115436275e-23
9.66653435378  6.58622833752e-23
9.90366873395  6.5707882562e-23
10.1466203711  6.55478505483e-23
10.3955319711  6.53838927127e-23
10.6505497407  6.52154037357e-23
10.9118234732  6.50419766279e-23
11.1795066367  6.48642950968e-23
11.453756464  6.46823719346e-23
11.734734045  6.44960855252e-23
12.0226044216  6.4305254099e-23
12.3175366841  6.41109186457e-23
12.6197040711  6.39120099211e-23
12.9292840708  6.37090919679e-23
13.2464585257  6.35026392435e-23
13.5714137389  6.32913454353e-23
13.904340584  6.30775103815e-23
14.2454346168  6.28586023739e-23
14.5948961906  6.26371429447e-23
14.9529305734  6.24110215856e-23
15.3197480691  6.23359295233e-23
15.6955641403  6.23359295233e-23
16.0805995354  6.23359295233e-23
16.475080418  6.23359295233e-23
16.8792384999  6.23359295233e-23
17.2933111771  6.23359295233e-23
17.7175416694  6.23359295233e-23
18.1521791628  6.23359295233e-23
18.5974789566  6.23359295233e-23
19.0537026128  6.23359295233e-23
19.5211181098  6.23359295233e-23
20  6.23359295233e-23

