0.5 20 151
151
0.5  0
0.512448710082  2.35781058701e-43
0.52520736093  4.77432457488e-43
0.538283669269  7.25100352683e-43
0.55168554395  9.78934539527e-43
0.565421090737  1.23908854277e-42
0.579498617203  1.50571970954e-42
0.59392663776  1.7789893045e-42
0.608713878807  2.05906260739e-42
0.623869284008  2.34610901297e-42
0.6394020197  2.64030213352e-42
0.655321480438  2.9418199038e-42
0.67163729468  3.2508446887e-42
0.688359330604  3.5675633935e-42
0.705497702082  3.89216757697e-42
0.723062774796  4.22485356719e-42
0.741065172505  4.56582258029e-42
0.759515783475  4.91528084217e-42
0.778425767058  5.27343971322e-42
0.797806560447  5.64051581618e-42
0.817669885593  6.0167311671e-42
0.83802775629  6.40231330969e-42
0.858892485448  6.79749545288e-42
0.880276692535  7.20251661194e-42
0.90219331121  7.61762175297e-42
0.924655597149  8.04306194112e-42
0.947677136058  8.47909449237e-42
0.971271851895  8.92598312927e-42
0.995454015286  9.88777189122e-37
1.02023825216  1.70929251277e-34
1.04563955259  3.85464824291e-34
1.07167327987  6.05341779606e-34
1.0983551798  8.30693103862e-34
1.1257013902  1.06165509472e-33
1.15372845069  1.29836744331e-33
1.18245331269  1.5409733187e-33
1.21189334964  1.78961945451e-33
1.24206636756  2.04445623763e-33
1.27299061578  2.30563779921e-33
1.30468479801  2.57332210787e-33
1.33716808361  2.84767106523e-33
1.37046011922  3.12885060386e-33
1.40458104063  3.4170307876e-33
1.43955148495  3.71238591446e-33
1.47539260312  4.01509462202e-33
1.51212607267  4.32533999545e-33
1.54977411084  4.64330967829e-33
1.58835948804  4.96919598594e-33
1.62790554158  5.3031960219e-33
1.66843618984  5.6455117971e-33
1.70997594668  5.99635035199e-33
1.75254993629  6.35592388178e-33
1.79618390842  6.72444986482e-33
1.84090425388  7.10215119411e-33
1.88673802057  7.48925631209e-33
1.93371292981  7.88599934884e-33
1.9818573931  8.29262026367e-33
2.03120052932  1.69439310177e-30
2.08177218234  4.42707556833e-30
2.13360293905  7.22779477844e-30
2.18672414789  1.00982446715e-29
2.24116793778  1.30401613616e-29
2.29696723759  1.60553241876e-29
2.35415579601  1.91455567893e-29
2.41276820199  2.23127282106e-29
2.47283990568  2.55587540295e-29
2.53440723981  2.8885597517e-29
2.59750744173  3.22952708247e-29
2.66217867588  3.57898362013e-29
2.72846005693  3.93714072404e-29
2.79639167337  4.30421501585e-29
2.86601461181  4.68042851054e-29
2.9373709818  5.06600875067e-29
3.01050394131  1.75062904124e-28
3.08545772284  9.58405411976e-28
3.16227766017  1.7713566776e-27
3.24101021575  2.60454833245e-27
3.32170300885  3.45848431002e-27
3.40440484432  4.33368109041e-27
3.48916574214  5.23066801277e-27
3.57603696765  6.14998759541e-27
3.66507106256  7.09219586397e-27
3.75632187674  8.05786268768e-27
3.84984460077  9.04757212404e-27
3.94569579937  1.00619227721e-26
4.04393344553  2.39224429683e-26
4.14461695564  5.43699821674e-26
4.2478072254  8.55755865429e-26
4.35356666667  1.17558129962e-25
4.46195924519  1.50336956203e-25
4.57305051927  1.83931890653e-25
4.68690767949  2.18363252301e-25
4.80359958925  2.53651866027e-25
4.92319682653  2.89819075196e-25
5.04577172647  4.20882958715e-25
5.1713984252  7.16858832787e-25
5.30015290463  1.02020374255e-24
5.43211303844  1.33110115799e-24
5.56735863914  1.64973911702e-24
5.70597150638  1.97631033918e-24
5.84803547643  2.31101234228e-24
5.99363647282  2.68929860905e-24
6.1428625584  3.77959066946e-24
6.29580398853  4.96849005306e-24
6.4525532657  6.18698996415e-24
6.6132051955  7.4358273795e-24
6.77785694388  8.71575762469e-24
6.94660809603  1.0027554831e-23
7.11956071652  1.22633423275e-23
7.29681941106  1.49627440833e-23
7.47849138981  1.77293539788e-23
7.66468653214  2.05648453233e-23
7.85551745316  2.34709330871e-23
8.0510995718  2.64476273337e-23
8.25155118063  2.94933692589e-23
8.45699351738  3.26149423005e-23
8.66755083831  3.58142344576e-23
8.88335049333  3.90931807359e-23
9.10452300303  4.23379110207e-23
9.33120213764  4.55309133108e-23
9.5635249979  4.88034131204e-23
9.80163209803  5.21573897328e-23
10.0456674507  5.54966814906e-23
10.295778654  5.84984001519e-23
10.5521169811  6.15722555671e-23
10.8148374712  6.47226420522e-23
11.0840990237  6.77777921393e-23
11.3600644943  7.05171081895e-23
11.6429007931  7.33246261424e-23
11.9327789861  7.62017285136e-23
12.2298743982  7.87921556649e-23
12.5343667197  8.13391760804e-23
12.8464401144  8.39496107332e-23
13.1662833315  8.63716210144e-23
13.4940898196  8.86140796382e-23
13.8300578436  9.09123696967e-23
14.1743906047  9.30718487697e-23
14.5272963631  9.50893051191e-23
14.8889885645  9.71569909268e-23
15.2596859686  9.90439170183e-23
15.6396127818  1.00876072283e-22
16.0289987924  1.02723371279e-22
16.4280795102  1.04366129435e-22
16.8370963082  1.0604023519e-22
17.2562965694  1.07597886875e-22
17.6859338356  1.09091306012e-22
18.1262679613  1.10556753165e-22
18.5775652707  1.11892593201e-22
19.0400987189  1.13239560278e-22
19.5141480567  1.14451506804e-22
20  1.15688e-22

