2 20 101
101
2  0
2.04658598456  6.08930062802e-41
2.0942570961  1.23204392886e-40
2.14303861048  1.86967198138e-40
2.19295639229  2.52215229921e-40
2.2440369086  3.18983083605e-40
2.29630724299  3.8730616039e-40
2.34979510988  4.57220686074e-40
2.40452886923  5.28763730266e-40
2.46053754162  6.01973226033e-40
2.51785082359  6.76887990021e-40
2.57649910339  7.53547743027e-40
2.63651347711  8.31993131069e-40
2.69792576518  9.12265746929e-40
2.76076852921  9.9440815221e-40
2.82507508925  1.0784638999e-39
2.89087954149  1.16447755748e-39
2.95821677634  1.25249473052e-39
3.02712249687  1.54810020154e-36
3.09763323782  5.56932020566e-36
3.16978638492  9.68420645629e-36
3.24362019472  1.38949407206e-35
3.31917381488  1.82037555856e-35
3.39648730492  2.2612935642e-35
3.4756016575  2.71248186955e-35
3.55655882008  3.1741797006e-35
3.63940171722  3.64663185567e-35
3.72417427333  4.13008883515e-35
3.81092143593  4.62480697431e-35
3.89968919952  5.13104857927e-35
3.99052462994  1.91846127414e-34
4.08347588934  5.47786102575e-33
4.17859226171  1.16546106518e-32
4.275924179  1.79752352591e-32
4.3755232479  2.44430861267e-32
4.47744227714  3.10615925946e-32
4.58173530554  3.78342638825e-32
4.68845763064  4.47646909505e-32
4.79766583804  5.18565484027e-32
4.90941783137  5.91135964357e-32
5.02377286302  2.76333715181e-31
5.14079156554  1.30204622156e-30
5.26053598379  2.35416799135e-30
5.38306960785  3.43079682541e-30
5.50845740668  4.53250356658e-30
5.63676586253  5.65987235437e-30
5.76806300625  6.81350093463e-30
5.90241845333  7.99400097651e-30
6.0399034408  2.31628641524e-29
6.18059086503  7.36207759036e-29
6.32455532034  1.25254003404e-28
6.47187313859  1.78089923273e-28
6.62262242965  2.32156549817e-28
6.77688312278  2.87482549875e-28
6.93473700905  3.44097258025e-28
7.09626778467  1.06540847204e-27
7.2615610954  2.2637215022e-27
7.43070458194  3.48994682853e-27
7.60378792641  4.74473461192e-27
7.78090289989  6.02875015746e-27
7.96214341107  7.39324730917e-27
8.14760555608  2.60751770754e-26
8.33738766941  4.98074075728e-26
8.53159037603  7.40924327319e-26
8.7303166448  9.89431287947e-26
8.93367184302  1.24372671929e-25
9.1417637923  2.61661135179e-25
9.35470282574  4.55419259309e-25
9.57260184645  6.5369058993e-25
9.79557638737  8.56580253124e-25
10.0237446725  1.14642420328e-24
10.2572276798  2.00596450827e-24
10.496149205  2.90077842168e-24
10.7406359274  3.81643522867e-24
10.9908174772  4.8159090096e-24
11.2468265038  7.00892594472e-24
11.5087987467  9.36633268553e-24
11.7768731071  1.17786504834e-23
12.0511917215  1.44285130231e-23
12.3319000372  1.79183899435e-23
12.6191468896  2.14943834581e-23
12.9130845807  2.5153672562e-23
13.2138689602  2.91492154573e-23
13.5216595078  3.33422153093e-23
13.8366194184  3.76328826746e-23
14.1589156877  4.19316551458e-23
14.4887192015  4.62339419836e-23
14.826204826  5.06364419554e-23
15.1715515006  5.49390928647e-23
15.5249423326  5.91321457645e-23
15.8865646945  6.3422867413e-23
16.2566103233  6.74915894962e-23
16.6352754221  7.15094533932e-23
17.022760764  7.55775313708e-23
17.4192717991  7.93457992668e-23
17.8250187627  8.31842507488e-23
18.2402167871  8.68673519651e-23
18.6650860159  9.04538005864e-23
19.0998517204  9.40355940262e-23
19.5447444191  9.73997715799e-23
20  1.00842e-22

