3 20 101
101
3  0
3.05745688936  3.439633699e-42
3.11601421011  6.9451442823e-42
3.17569303801  1.05177934435e-41
3.23651485253  1.41588670406e-41
3.29850154446  1.78696755586e-41
3.3616754239  2.16515545815e-41
3.4260592282  2.55058652725e-41
3.49167613021  2.94339948645e-41
3.55854974658  3.3437357159e-41
3.62670414627  3.7517393035e-41
3.69616385924  4.16755709676e-41
3.76695388521  4.59133875567e-41
3.83909970275  5.02323680654e-41
3.91262727838  5.46340669692e-41
3.98756307593  4.79695655073e-40
4.06393406609  4.43086403989e-38
4.1417677361  9.81773339484e-38
4.22109209963  1.53077736686e-37
4.30193570688  2.09029608213e-37
4.38432765487  2.66053086571e-37
4.46829759787  3.2416869549e-37
4.55387575811  3.83397351781e-37
4.64109293664  4.43760372855e-37
4.72998052444  5.05279484404e-37
4.82057051367  5.67976828215e-37
4.91289550923  6.31874970141e-37
5.00698874047  7.19073139402e-36
5.10288407317  6.72276851945e-35
5.20061602171  1.30431311608e-34
5.30021976151  1.94845432611e-34
5.40173114165  2.60493231956e-34
5.50518669785  3.27398337415e-34
5.61062366552  3.95584829288e-34
5.71807999326  4.65077249068e-34
5.82759435644  5.35900608273e-34
5.93920617117  6.08080397449e-34
6.05295560847  7.68612859588e-33
6.16888360871  2.30950006242e-32
6.28703189637  3.87989879377e-32
6.40744299507  5.48037426718e-32
6.53016024283  7.11150252132e-32
6.6552278077  8.77387062733e-32
6.78269070364  1.04680769001e-31
6.91259480676  1.21947311137e-31
7.04498687177  5.86094016345e-31
7.17991454885  1.9433497354e-30
7.31742640081  3.32660001834e-30
7.45757192053  4.73634272078e-30
7.60040154878  6.17308523338e-30
7.74596669241  7.6373446645e-30
7.89431974284  9.12964802634e-30
8.04551409486  2.37630141204e-29
8.19960416593  6.97059395786e-29
8.35664541573  1.16528777565e-28
8.51669436609  1.64248380426e-28
8.67980862141  2.12881923267e-28
8.84604688929  2.62446910138e-28
9.01546900177  3.77641996679e-28
9.18813593677  9.72715502999e-28
9.36410984009  1.59413408353e-27
9.54345404778  2.22745425693e-27
9.72623310891  2.87290396605e-27
9.91251280879  3.53071551934e-27
10.1023601927  6.9762465358e-27
10.29584359  1.29050886253e-26
10.4930326387  1.89474816561e-26
10.6939983105  2.51056003896e-26
10.8988129364  3.13816612386e-26
11.1075502328  6.64580274483e-26
11.3202853277  1.29706234705e-25
11.5370947883  1.94165790378e-25
11.7580566479  2.5985989457e-25
11.9832504345  3.35516162321e-25
12.2127571994  6.4792324187e-25
12.4466595458  9.95473592549e-25
12.6850416593  1.34968033058e-24
12.9279893377  1.71067094106e-24
13.175590022  2.65113613388e-24
13.4279328281  3.84892163772e-24
13.6851085784  5.06964748462e-24
13.9472098349  6.31733174938e-24
14.2143309324  8.54484855045e-24
14.4865680123  1.10604471203e-23
14.7640190574  1.36242251798e-23
15.0467839273  1.63816028434e-23
15.3349643938  1.98857382021e-23
15.628664178  2.34639414128e-23
15.9279889875  2.71107537582e-23
16.2330465545  3.10525155822e-23
16.5439466745  3.51407899798e-23
16.8608012457  3.93073642207e-23
17.1837243096  4.34793112088e-23
17.5128320918  4.76736911602e-23
17.8482430438  5.194840312e-23
18.1900778857  5.61311403961e-23
18.5384596499  6.02525315047e-23
18.893513725  6.44528567177e-23
19.2553679009  6.84754023367e-23
19.6241524153  7.24652488071e-23
20  7.653151e-23

