0.5 20 151
151
0.5  0
0.512448710082  9.57644410245e-40
0.52520736093  1.93913169574e-39
0.538283669269  2.94505548257e-39
0.55168554395  3.97602417657e-39
0.565421090737  5.03266133132e-39
0.579498617203  6.11560602528e-39
0.59392663776  7.2255132483e-39
0.608713878807  8.36305429779e-39
0.623869284008  9.52891718475e-39
0.6394020197  1.07238070499e-38
0.655321480438  1.194844659e-38
0.67163729468  1.32035764953e-38
0.688359330604  1.44899558972e-38
0.705497702082  1.58083628276e-38
0.723062774796  1.71595946893e-38
0.741065172505  1.85444687384e-38
0.759515783475  1.99638225785e-38
0.778425767058  2.14185146676e-38
0.797806560447  2.29094248368e-38
0.817669885593  2.4437454823e-38
0.83802775629  2.60035288137e-38
0.858892485448  2.76085940066e-38
0.880276692535  2.92536211819e-38
0.90219331121  3.09396052901e-38
0.924655597149  3.2667566053e-38
0.947677136058  3.4438548581e-38
0.971271851895  3.62536240051e-38
0.995454015286  1.68382146018e-34
1.02023825216  2.910183476e-32
1.04563955259  6.56278877523e-32
1.07167327987  1.03063345233e-31
1.0983551798  1.41430849027e-31
1.1257013902  1.80753604684e-31
1.15372845069  2.21055395511e-31
1.18245331269  2.62360596958e-31
1.21189334964  3.04694191359e-31
1.24206636756  3.48081783048e-31
1.27299061578  3.92549613837e-31
1.30468479801  4.38124578893e-31
1.33716808361  4.84834243003e-31
1.37046011922  5.32706857245e-31
1.40458104063  5.8177137608e-31
1.43955148495  6.32057474854e-31
1.47539260312  6.83595567759e-31
1.51212607267  7.36416826216e-31
1.54977411084  7.9055319774e-31
1.58835948804  8.46037425251e-31
1.62790554158  9.02903066887e-31
1.66843618984  9.61184516296e-31
1.70997594668  1.02091702344e-30
1.75254993629  1.08213671591e-30
1.79618390842  1.14488062079e-30
1.84090425388  1.20918668702e-30
1.88673802057  1.27509380841e-30
1.93371292981  1.3426418471e-30
1.9818573931  1.41187165768e-30
2.03120052932  7.64927689617e-29
2.08177218234  1.9814601776e-28
2.13360293905  3.22828118608e-28
2.18672414789  4.50614482107e-28
2.24116793778  5.8158239639e-28
2.29696723759  7.15811073863e-28
2.35415579601  8.53381699117e-28
2.41276820199  9.94377478031e-28
2.47283990568  1.13888368809e-27
2.53440723981  1.28698772998e-27
2.59750744173  1.43877918043e-27
2.66217867588  1.5943498464e-27
2.72846005693  1.75379382061e-27
2.79639167337  1.91720753843e-27
2.86601461181  2.08468983625e-27
2.9373709818  2.2563420112e-27
3.01050394131  3.96334844117e-27
3.08545772284  1.40494183292e-26
3.16227766017  2.45150593107e-26
3.24101021575  3.5241267753e-26
3.32170300885  4.62345311137e-26
3.40440484432  5.75014983713e-26
3.48916574214  6.90489840467e-26
3.57603696765  8.08839723247e-26
3.66507106256  9.30136212786e-26
3.75632187674  1.05445267199e-25
3.84984460077  1.18186429031e-25
3.94569579937  1.31244812923e-25
4.04393344553  2.14731641842e-25
4.14461695564  3.89106117788e-25
4.2478072254  5.67822068328e-25
4.35356666667  7.50987584978e-25
4.46195924519  9.38713450456e-25
4.57305051927  1.13111320568e-24
4.68690767949  1.32830321846e-24
4.80359958925  1.53040275383e-24
4.92319682653  1.73753404625e-24
5.04577172647  2.16114782563e-24
5.1713984252  2.95873289185e-24
5.30015290463  3.77617576859e-24
5.43211303844  4.61397086409e-24
5.56735863914  5.47262489609e-24
5.70597150638  6.3526571983e-24
5.84803547643  7.25460003451e-24
5.99363647282  8.2073565593e-24
6.1428625584  9.74902941277e-24
6.29580398853  1.13865733052e-23
6.4525532657  1.30648878159e-23
6.6132051955  1.47849880282e-23
6.77785694388  1.65479142982e-23
6.94660809603  1.83547328842e-23
7.11956071652  2.11575823113e-23
7.29681941106  2.44654954396e-23
7.47849138981  2.78557670709e-23
7.66468653214  3.13304477195e-23
7.85551745316  3.48916389521e-23
8.0510995718  3.83470812283e-23
8.25155118063  4.13251707354e-23
8.45699351738  4.43774069884e-23
8.66755083831  4.75056360497e-23
8.88335049333  5.07117499444e-23
9.10452300303  5.37708425755e-23
9.33120213764  5.66466323514e-23
9.5635249979  5.95940218736e-23
9.80163209803  6.26147937912e-23
10.0456674507  6.56058617041e-23
10.295778654  6.82218798867e-23
10.5521169811  7.09002539675e-23
10.8148374712  7.36453126532e-23
11.0840990237  7.62973066441e-23
11.3600644943  7.86511016917e-23
11.6429007931  8.10635001635e-23
11.9327789861  8.35356431871e-23
12.2298743982  8.57082910278e-23
12.5343667197  8.78263061217e-23
12.8464401144  8.99970543273e-23
13.1662833315  9.20730615636e-23
13.4940898196  9.40599327468e-23
13.8300578436  9.60962718966e-23
14.1743906047  9.79286271109e-23
14.5272963631  9.95522371048e-23
14.8889885645  1.01216270799e-22
15.2596859686  1.02689915572e-22
15.6396127818  1.04098684195e-22
16.0289987924  1.05518045813e-22
16.4280795102  1.06771464231e-22
16.8370963082  1.08048414674e-22
17.2562965694  1.09232597757e-22
17.6859338356  1.10365121591e-22
18.1262679613  1.11473819946e-22
18.5775652707  1.12477505162e-22
19.0400987189  1.13486660788e-22
19.5141480567  1.14372287089e-22
20  1.15275e-22

