1 20 101
101
1  0
1.03041055791  1.45957297329e-42
1.06174591785  2.963532375e-42
1.09403420358  4.5132280212e-42
1.12730439408  6.11005077659e-42
1.16158634964  7.75543380286e-42
1.1969108386  9.45085384493e-42
1.23330956497  1.11978325564e-41
1.27081519692  1.29979378651e-41
1.30946139606  1.48527853806e-41
1.34928284767  1.67640398438e-41
1.39031529185  1.87334166216e-41
1.43259555555  2.07626832459e-41
1.47616158565  2.28536610004e-41
1.52105248304  2.50082265551e-41
1.56730853766  2.72283136503e-41
1.61497126471  2.95159148326e-41
1.66408344188  3.18730832432e-41
1.71468914776  3.43019344603e-41
1.76683380139  3.6804648398e-41
1.82056420303  3.93834712628e-41
1.87592857615  4.20407175696e-41
1.93297661076  4.47787722192e-41
1.99175950792  6.9584594013e-38
2.05233002578  4.47512090053e-36
2.11474252688  9.81241031424e-36
2.17905302696  1.53120096768e-35
2.24531924523  2.09788549242e-35
2.31360065617  2.68180320972e-35
2.3839585429  3.28347819057e-35
2.45645605223  3.90345044328e-35
2.53115825126  4.54227639808e-35
2.60813218585  5.20052940657e-35
2.68744694072  5.8788002563e-35
2.76917370155  6.57769770098e-35
2.85338581877  7.29784900688e-35
2.94015887345  8.03990051577e-35
3.02957074514  1.12976927109e-32
3.12170168173  4.62304717072e-32
3.21663437151  8.22255760021e-32
3.31445401734  1.19315311501e-31
3.41524841318  1.57532966549e-31
3.51910802283  1.96912841808e-31
3.62612606115  2.37490281046e-31
3.73639857773  2.79301702848e-31
3.85002454306  3.22384633315e-31
3.96710593738  3.66777739734e-31
4.08774784223  7.60747411646e-30
4.21205853471  1.78475611942e-29
4.34014958471  2.8399055033e-29
4.472135955  3.92714256863e-29
4.60813610445  5.04744311969e-29
4.74827209431  6.20181263555e-29
4.89266969782  7.39128717241e-29
5.041458513  2.18914976371e-28
5.19477207907  7.2243747808e-28
5.35274799621  1.24127237999e-27
5.51552804914  1.77588534073e-27
5.68325833429  2.32675617987e-27
5.85608939099  2.89437930856e-27
6.03417633655  6.19403917693e-27
6.21767900547  2.09789450855e-26
6.40676209294  3.62772379282e-26
6.6015953026  5.20407603914e-26
6.80235349885  6.82836603673e-26
7.00921686386  9.90526662577e-26
7.22237105921  2.71314922685e-25
7.44200739256  4.56054820413e-25
7.66832298935  6.46412761499e-25
7.9015209697  8.42559593777e-25
8.14181063074  1.4964489453e-24
8.38940763443  2.49349682426e-24
8.64453420113  3.52086548548e-24
8.90741930907  4.57947700087e-24
9.17829889981  6.75400216559e-24
9.45741609003  9.57448416393e-24
9.74502138973  1.24807385934e-23
10.041372927  1.56445890776e-23
10.34673668  1.98502758007e-23
10.661386715  2.41997146995e-23
10.9856054331  2.86913310898e-23
11.3196838233  3.35177974772e-23
11.6639217237  3.85113813086e-23
12.0186280908  4.36204819305e-23
12.3841212763  4.8539855807e-23
12.7607293136  5.35923162524e-23
13.1487902114  5.85666245684e-23
13.5486522576  6.33081087397e-23
13.9606743317  6.81776193548e-23
14.3852262269  7.26484280246e-23
14.8226889821  7.71775717968e-23
15.2734552238  8.14828813919e-23
15.7379295184  8.56775441016e-23
16.2165287354  8.975487701e-23
16.7096824217  9.36507911312e-23
17.2178331866  9.74594822963e-23
17.7414370999  1.01101514036e-22
18.2809641002  1.04628772109e-22
18.8368984177  1.08049435964e-22
19.4097390079  1.11292223678e-22
20  1.14518e-22

