6 20000 251
251
6  0
6.19787431944  9.60601264793e-44
6.4022743466  1.95288224984e-43
6.61341529314  2.97788772232e-43
6.83151946819  4.03669690486e-43
7.05681651245  7.83413000154e-41
7.28954363992  3.97247990212e-40
7.52994588772  7.26671921124e-40
7.77827637405  1.06695994139e-39
8.03479656471  1.61790599125e-38
8.2997765484  1.28945810011e-37
8.57349532107  2.45431500764e-37
8.85624107972  3.65758779315e-37
9.1483115258  1.05322627973e-35
9.45001417867  3.10890154268e-35
9.7616666994  5.23237102957e-35
10.0835972252  5.30343659345e-34
10.4161447149  2.36729560109e-33
10.7596593061  4.26482847871e-33
11.1145026832  2.77959659255e-32
11.4810484589  9.88738476015e-32
11.8596825673  1.72295810521e-31
12.2508036701  1.37200632069e-30
12.6548235765  3.26078975041e-30
13.072167677  1.11408100856e-29
13.5032753908  4.85739489611e-29
13.9486006289  8.72415973166e-29
14.4086122716  4.64677748727e-28
14.8837946629  8.98414764391e-28
15.3746481195  4.51730249716e-27
15.8816894584  9.27148050245e-27
16.4054525405  3.42798613133e-26
16.9464888333  6.61707975076e-26
17.5053679908  2.20449505913e-25
18.0826784538  3.63287614935e-25
18.6790280692  3.26675369382e-25
19.2950447304  2.88855686634e-25
19.9313770378  2.49788746554e-25
20.5886949823  1.75157047379e-24
21.2676906503  8.84556878559e-24
21.9690789526  1.85263547933e-23
22.693598377  3.07769236417e-23
23.4420117661  4.55824291034e-23
24.2151071202  6.07648610669e-23
25.0136984271  7.08941307859e-23
25.8386265193  8.06196889362e-23
26.6907599589  8.99545934777e-23
27.5709959527  9.89114772077e-23
28.4802612961  1.07502560888e-22
29.4195133497  1.15739666025e-22
30.3897410467  1.23634227308e-22
31.3919659347  1.31197304707e-22
32.4272432506  1.38439595253e-22
33.4966630322  1.45371444487e-22
34.6013512657  1.52002857598e-22
35.7424710713  1.58343510264e-22
36.9212239277  1.6440275918e-22
38.1388509373  1.7018965231e-22
39.3966341329  1.7571293885e-22
40.6958978275  1.80981078913e-22
42.0380100086  1.86002252962e-22
43.4243837788  1.90784370966e-22
44.8564788434  1.9533508132e-22
46.3358030473  1.99661779517e-22
47.863913963  2.03771616585e-22
49.4424205299  2.07671507302e-22
51.0729847489  2.11368138186e-22
52.757323432  2.14867975285e-22
54.4972100103  2.18177271753e-22
56.2944764007  2.21302075241e-22
58.1510149351  2.24248235097e-22
60.0687803526  2.2702140939e-22
62.049791858  2.29627071762e-22
64.0961352472  2.32070518118e-22
66.2099651041  2.34356873166e-22
68.3935070683  2.364910968e-22
70.6490601792  2.38477990356e-22
72.9789992962  2.40322202733e-22
75.3857775995  2.42028236385e-22
77.8719291725  2.4360045321e-22
80.4400716706  2.45043080321e-22
83.0929090769  2.46360215724e-22
85.8332345493  2.47555833901e-22
88.6639333613  2.48633791314e-22
91.5879859402  2.4959783182e-22
94.6084710047  2.50451592034e-22
97.7285688069  2.51198606617e-22
100.951564481  2.51842313513e-22
104.2808515  2.52386059135e-22
107.719935254  2.52833103515e-22
111.272436734  2.53186625411e-22
114.942096349  2.53449727386e-22
118.732777864  2.5362544086e-22
122.648472467  2.5371673114e-22
126.69330297  2.53726502433e-22
130.871528154  2.53657602836e-22
135.187547249  2.53512829322e-22
139.645904567  2.53294932695e-22
144.251294288  2.53006622541e-22
149.008565403  2.52650572148e-22
153.922726815  2.52229423402e-22
158.998952617  2.51745791649e-22
164.242587541  2.51202270509e-22
169.659152579  2.50601436631e-22
175.254350805  2.49945854369e-22
181.034073371  2.49238080364e-22
187.004405715  2.48480668004e-22
193.171633967  2.47676171732e-22
199.542251569  2.46827151174e-22
206.122966107  2.45936175043e-22
212.92070638  2.45005824778e-22
219.942629692  2.44038697879e-22
227.196129386  2.43037410867e-22
234.688842633  2.42004601831e-22
242.42865847  2.40942932481e-22
250.423726104  2.39855089658e-22
258.6824635  2.38743786217e-22
267.213566236  2.37611761212e-22
276.026016664  2.36461779322e-22
285.129093363  2.35296629424e-22
294.532380914  2.3411912226e-22
304.245779985  2.32932087112e-22
314.279517761  2.31738367446e-22
324.64415871  2.3054081546e-22
335.350615704  2.29342285496e-22
346.410161514  2.28145626307e-22
357.834440673  2.26953672167e-22
369.635481744  2.2576923285e-22
381.825709976  2.24595082516e-22
394.417960394  2.23433947588e-22
407.425491308  2.22399995516e-22
420.861998278  2.21270747551e-22
434.741628526  2.201623612e-22
449.078995839  2.19077226935e-22
463.889195952  2.1801761645e-22
479.187822443  2.16985667787e-22
494.990983152  2.15983370822e-22
511.315317139  2.15012553374e-22
528.178012205  2.14074868241e-22
545.59682299  2.13171781452e-22
563.590089664  2.1230456201e-22
582.176757236  2.11474273393e-22
601.376395509  2.10681767037e-22
621.209219674  2.09927678014e-22
641.696111603  2.09212423056e-22
662.858641832  2.08536201048e-22
684.719092272  2.07898996059e-22
707.300479671  2.07300582947e-22
730.626579847  2.06740535527e-22
754.721952723  2.06218237272e-22
779.611968183  2.05732894486e-22
805.322832789  2.05283551918e-22
831.881617367  2.04869110812e-22
859.316285516  2.04488349461e-22
887.655723047  2.04139946556e-22
916.929768397  2.0382250796e-22
947.169244046  2.03534598397e-22
978.405988974  2.03274781829e-22
1010.67289217  2.03042473521e-22
1044.00392729  2.02852640742e-22
1078.4341884  2.02711093337e-22
1113.99992691  2.02617294706e-22
1150.73858981  2.02570567743e-22
1188.68885903  2.01882050595e-22
1227.8906922  2.01977732727e-22
1268.38536471  2.0211335962e-22
1310.21551318  2.02289505999e-22
1353.42518035  2.02506644627e-22
1398.05986143  2.02765144131e-22
1444.16655203  2.03065267563e-22
1491.79379764  2.03407171719e-22
1540.99174472  2.03790907231e-22
1591.81219351  2.04216419425e-22
1644.30865259  2.04683549942e-22
1698.53639519  2.05192039096e-22
1754.55251739  2.05741528921e-22
1812.41599828  2.0633156688e-22
1872.18776198  2.06961610156e-22
1933.93074186  2.10082302505e-22
1997.70994676  2.11438868845e-22
2063.59252945  2.12702777751e-22
2131.64785735  2.13882792852e-22
2201.94758552  2.14986798471e-22
2274.56573218  2.16021925704e-22
2349.57875656  2.1699465567e-22
2427.06563947  2.17910904644e-22
2507.10796641  2.1877609471e-22
2589.79001351  2.19595212706e-22
2675.19883625  2.20372859693e-22
2763.4243611  2.2111329264e-22
2854.55948023  2.21820459729e-22
2948.70014931  2.22498030365e-22
3045.94548852  2.22889548477e-22
3146.39788695  2.23422436473e-22
3250.16311038  2.2391074981e-22
3357.35041264  2.243573379e-22
3468.07265065  2.24764838684e-22
3582.44640324  2.25135700287e-22
3700.5920939  2.25472199927e-22
3822.63411759  2.25776460466e-22
3948.70097167  2.26050464941e-22
4078.92539125  2.26296069363e-22
4213.44448889  2.26515014e-22
4352.39989901  2.26708933369e-22
4495.93792701  2.26879365074e-22
4644.20970327  2.27027757666e-22
4797.37134233  2.27155477619e-22
4955.58410725  2.27263815546e-22
5119.01457936  2.27353991748e-22
5287.83483371  2.27427161159e-22
5462.22262022  2.27484417779e-22
5642.36155082  2.27526798643e-22
5828.44129281  2.27555287381e-22
6020.65776851  2.27570817422e-22
6219.2133616  2.27574274883e-22
6424.31713017  2.27566501172e-22
6636.18502684  2.27548295358e-22
6855.04012616  2.27520416311e-22
7081.11285944  2.27483584664e-22
7314.64125744  2.27438484604e-22
7555.8712009  2.27385765517e-22
7805.05667951  2.27326043513e-22
8062.46005929  2.2725990283e-22
8328.35235884  2.27187897154e-22
8603.01353469  2.2711055085e-22
8886.73277608  2.2702836012e-22
9179.80880943  2.26941794106e-22
9482.5502129  2.26851295931e-22
9795.27574123  2.26757283703e-22
10118.3146614  2.26660151472e-22
10452.0070993  2.26560270158e-22
10796.7043979  2.26457988443e-22
11152.7694871  2.26353633648e-22
11520.5772658  2.26247512572e-22
11900.5149968  2.26139912325e-22
12292.9827145  2.26031101132e-22
12698.3936459  2.25921329124e-22
13117.174646  2.25810829114e-22
13549.766647  2.25699817357e-22
13996.6251227  2.25588494292e-22
14458.2205678  2.25477045269e-22
14935.0389936  2.25365641272e-22
15427.5824398  2.25254439609e-22
15936.3695024  2.25143584602e-22
16461.9358807  2.25033208252e-22
17004.8349406  2.24923430894e-22
17565.6382974  2.24814361831e-22
18144.936418  2.24706099952e-22
18743.3392422  2.24598734333e-22
19361.476825  2.24492344819e-22
20000  2.24387002587e-22

