1 20 101
101
1  0
1.03041055791  5.60734195214e-35
1.06174591785  1.13852063014e-34
1.09403420358  1.73387787291e-34
1.12730439408  2.34734026159e-34
1.16158634964  2.97945838377e-34
1.1969108386  3.63079957071e-34
1.23330956497  4.30194840653e-34
1.27081519692  4.99350725289e-34
1.30946139606  5.7060967896e-34
1.34928284767  6.44035657168e-34
1.39031529185  7.19694560339e-34
1.43259555555  7.97654292966e-34
1.47616158565  8.77984824557e-34
1.52105248304  9.60758252431e-34
1.56730853766  1.04604886643e-33
1.61497126471  1.13393321558e-33
1.66408344188  1.22449017682e-33
1.71468914776  1.31780102577e-33
1.76683380139  1.41394950971e-33
1.82056420303  1.51302192268e-33
1.87592857615  1.615107183e-33
1.93297661076  1.72029691304e-33
1.99175950792  2.20577446598e-32
2.05233002578  1.30378646013e-30
2.11474252688  2.85657554264e-30
2.17905302696  4.45658580746e-30
2.24531924523  6.1052532771e-30
2.31360065617  7.8040576443e-30
2.3839585429  9.55452360009e-30
2.45645605223  1.13582222022e-29
2.53115825126  1.32167722851e-29
2.60813218585  1.51318419129e-29
2.68744694072  1.71051498766e-29
2.76917370155  1.91384672364e-29
2.85338581877  2.12336189114e-29
2.94015887345  2.33924853179e-29
3.02957074514  1.57631463044e-28
3.12170168173  5.71229321188e-28
3.21663437151  9.97404920949e-28
3.31445401734  1.43654075847e-27
3.41524841318  1.8890309618e-27
3.51910802283  2.35528164467e-27
3.62612606115  2.83571127093e-27
3.73639857773  3.33075103017e-27
3.85002454306  3.84084522466e-27
3.96710593738  4.36645166821e-27
4.08774784223  1.74325232116e-26
4.21205853471  3.57337769387e-26
4.34014958471  5.45915820021e-26
4.472135955  7.40228634385e-26
4.60813610445  9.40450609843e-26
4.74827209431  1.14676144728e-25
4.89266969782  1.35934631239e-25
5.041458513  2.24365676421e-25
5.19477207907  4.92950193526e-25
5.35274799621  7.69702515641e-25
5.51552804914  1.05487103028e-24
5.68325833429  1.34871167854e-24
5.85608939099  1.65148818485e-24
6.03417633655  2.18182922782e-24
6.21767900547  3.64401765963e-24
6.40676209294  5.1558012322e-24
6.6015953026  6.71355898665e-24
6.80235349885  8.31868902351e-24
7.00921686386  1.00903204092e-23
7.22237105921  1.30946923084e-23
7.44200739256  1.62511431605e-23
7.66832298935  1.9503583444e-23
7.9015209697  2.2854932251e-23
8.14181063074  2.64942870272e-23
8.38940763443  3.03774746345e-23
8.64453420113  3.43787521435e-23
8.90741930907  3.85017107339e-23
9.17829889981  4.25059417715e-23
9.45741609003  4.65013368792e-23
9.74502138973  5.06182341811e-23
10.041372927  5.4762183435e-23
10.34673668  5.84836898812e-23
10.661386715  6.23091735417e-23
10.9856054331  6.62218379227e-23
11.3196838233  6.96701514386e-23
11.6639217237  7.31634776523e-23
12.0186280908  7.6707068578e-23
12.3841212763  7.98269310287e-23
12.7607293136  8.30162361922e-23
13.1487902114  8.60978555781e-23
13.5486522576  8.89340410842e-23
13.9606743317  9.18445928468e-23
14.3852262269  9.44416785229e-23
14.8226889821  9.70606761714e-23
15.2734552238  9.95145793087e-23
15.7379295184  1.01879589522e-22
16.2165287354  1.04154384298e-22
16.7096824217  1.06296150757e-22
17.2178331866  1.08368864287e-22
17.7414370999  1.10320336071e-22
18.2809641002  1.12189828259e-22
18.8368984177  1.13982160499e-22
19.4097390079  1.15654859483e-22
20  1.17307e-22

