0.5 20 151
151
0.5  0
0.512448710082  2.53570265409e-43
0.52520736093  5.13453776257e-43
0.538283669269  7.79807716068e-43
0.55168554395  1.05279318183e-42
0.565421090737  1.33257528144e-42
0.579498617203  1.61932323353e-42
0.59392663776  1.91321046986e-42
0.608713878807  2.2144147402e-42
0.623869284008  2.52311821982e-42
0.6394020197  2.83950761967e-42
0.655321480438  3.16377429935e-42
0.67163729468  3.49611438279e-42
0.688359330604  3.83672887693e-42
0.705497702082  4.18582379325e-42
0.723062774796  4.54361027237e-42
0.741065172505  4.9103047118e-42
0.759515783475  5.28612889675e-42
0.778425767058  5.67131013435e-42
0.797806560447  6.06608139106e-42
0.817669885593  6.47068143361e-42
0.83802775629  6.88535497342e-42
0.858892485448  7.31035281459e-42
0.880276692535  7.74593200558e-42
0.90219331121  8.19235599469e-42
0.924655597149  8.64989478944e-42
0.947677136058  9.1188251198e-42
0.971271851895  9.59943060563e-42
0.995454015286  1.25526175865e-36
1.02023825216  2.16996573455e-34
1.04563955259  4.89351856559e-34
1.07167327987  7.6848808358e-34
1.0983551798  1.05457408253e-33
1.1257013902  1.3477828848e-33
1.15372845069  1.64829182981e-33
1.18245331269  1.95628267229e-33
1.21189334964  2.27194169218e-33
1.24206636756  2.59545980732e-33
1.27299061578  2.92703268891e-33
1.30468479801  3.26686087984e-33
1.33716808361  3.61514991602e-33
1.37046011922  3.97211045068e-33
1.40458104063  4.33795838175e-33
1.43955148495  4.71291498248e-33
1.47539260312  5.09720703524e-33
1.51212607267  5.4910669687e-33
1.54977411084  5.89473299841e-33
1.58835948804  6.30844927087e-33
1.62790554158  6.7324660112e-33
1.66843618984  7.16703967446e-33
1.70997594668  7.61243310082e-33
1.75254993629  8.06891567444e-33
1.79618390842  8.5367634865e-33
1.84090425388  9.01625950211e-33
1.88673802057  9.50769373149e-33
1.93371292981  1.00113634054e-32
1.9818573931  1.05275731547e-32
2.03120052932  2.72907688769e-30
2.08177218234  7.13514621067e-30
2.13360293905  1.16509152929e-29
2.18672414789  1.62791153753e-29
2.24116793778  2.10225456997e-29
2.29696723759  2.5884075202e-29
2.35415579601  3.08666442469e-29
2.41276820199  3.59732664068e-29
2.47283990568  4.12070302843e-29
2.53440723981  4.65711013801e-29
2.59750744173  5.20687240077e-29
2.66217867588  5.77032232558e-29
2.72846005693  6.34780069991e-29
2.79639167337  6.93965679596e-29
2.86601461181  7.54624858192e-29
2.9373709818  8.16794293843e-29
3.01050394131  2.78962982687e-28
3.08545772284  1.52065204112e-27
3.16227766017  2.80927299626e-27
3.24101021575  4.12997728877e-27
3.32170300885  5.48356371095e-27
3.40440484432  6.87085094302e-27
3.48916574214  8.29267804819e-27
3.57603696765  9.74990498021e-27
3.66507106256  1.12434131034e-26
3.75632187674  1.27741057259e-26
3.84984460077  1.43429086457e-26
3.94569579937  1.5950770711e-26
4.04393344553  3.59112112271e-26
4.14461695564  7.95675107328e-26
4.2478072254  1.2431073947e-25
4.35356666667  1.70167959173e-25
4.46195924519  2.17166905342e-25
4.57305051927  2.65336004022e-25
4.68690767949  3.1470438899e-25
4.80359958925  3.65301919381e-25
4.92319682653  4.17159197746e-25
5.04577172647  6.12092363342e-25
5.1713984252  1.0557115176e-24
5.30015290463  1.51037564434e-24
5.43211303844  1.97635973487e-24
5.56735863914  2.4539456271e-24
5.70597150638  2.94342217595e-24
5.84803547643  3.44508542809e-24
5.99363647282  4.00846240844e-24
6.1428625584  5.56694009187e-24
6.29580398853  7.26400725947e-24
6.4525532657  9.00332702138e-24
6.6132051955  1.07859513582e-23
6.77785694388  1.26129584421e-23
6.94660809603  1.44854532891e-23
7.11956071652  1.69847021313e-23
7.29681941106  1.98116946954e-23
7.47849138981  2.27090720812e-23
7.66468653214  2.56785866891e-23
7.85551745316  2.87220345499e-23
8.0510995718  3.18312306749e-23
8.25155118063  3.49887845074e-23
8.45699351738  3.82249532845e-23
8.66755083831  4.15416943152e-23
8.88335049333  4.4941013641e-23
9.10452300303  4.82127552406e-23
9.33120213764  5.13232259245e-23
9.5635249979  5.45111393039e-23
9.80163209803  5.77784235023e-23
10.0456674507  6.10208380132e-23
10.295778654  6.38888768806e-23
10.5521169811  6.6825511826e-23
10.8148374712  6.98352614055e-23
11.0840990237  7.27558780404e-23
11.3600644943  7.5378985031e-23
11.6429007931  7.80674006184e-23
11.9327789861  8.08224278443e-23
12.2298743982  8.32792938792e-23
12.5343667197  8.56868842157e-23
12.8464401144  8.81544173404e-23
13.1662833315  9.04675665381e-23
13.4940898196  9.2634039618e-23
13.8300578436  9.48544522885e-23
14.1743906047  9.69498973772e-23
14.5272963631  9.89174881429e-23
14.8889885645  1.00934066843e-22
15.2596859686  1.02782872748e-22
15.6396127818  1.04582206135e-22
16.0289987924  1.06397093919e-22
16.4280795102  1.08016728903e-22
16.8370963082  1.096675207e-22
17.2562965694  1.11210504647e-22
17.6859338356  1.12694901402e-22
18.1262679613  1.14156404793e-22
18.5775652707  1.15501722072e-22
19.0400987189  1.1685914897e-22
19.5141480567  1.18087501986e-22
20  1.19341e-22

