4 20000 251
251
4  0
4.13862304168  2.5539297081e-39
4.28205017028  5.19636779229e-39
4.43044787508  7.93038157766e-39
4.58398841519  1.07591446897e-38
4.74285001948  1.36859407385e-38
4.90721709346  1.671416713e-38
5.07728043337  2.37831991741e-36
5.25323744766  7.75148229776e-36
5.43529238607  1.33108557063e-35
5.62365657681  1.90628934277e-35
5.81854867182  2.50142723903e-35
6.02019490058  2.22620498537e-34
6.22882933273  2.20685565386e-33
6.44469414978  4.25985598734e-33
6.66803992621  6.38400460852e-33
6.89912592036  8.58176721541e-33
7.13822037536  1.43279275402e-31
7.38560083051  3.82637626708e-31
7.64155444345  6.30291123691e-31
7.90637832347  8.86527240932e-31
8.18037987644  8.6643257977e-30
8.46387716158  2.07460724979e-29
8.75719926071  3.32465213173e-29
9.06068666023  9.88212893949e-29
9.37469164637  3.84578850557e-28
9.69957871407  6.80239557297e-28
10.0357249902  1.30485187021e-27
10.3835206711  4.724071164e-27
10.7433694757  8.26178610247e-27
11.1156891144  2.05161399623e-26
11.5009117732  5.29198093308e-26
11.8994846163  8.64464525016e-26
12.3118703042  2.7249657259e-25
12.7385475318  5.15468672596e-25
13.1800115832  1.09239855055e-24
13.6367749069  2.17852531235e-24
14.109367711  3.75140841296e-24
14.5983385781  6.92206746053e-24
15.1042551023  1.06349994833e-23
15.6277045485  1.62002028905e-23
16.1692945332  2.23885943056e-23
16.7296537307  2.97705645152e-23
17.3094326023  3.75588999266e-23
17.9093041516  4.57532261283e-23
18.5299647055  4.83424606105e-23
19.1721347229  5.15566375116e-23
19.8365596306  5.65135191009e-23
20.5240106887  6.31972305566e-23
21.235285886  7.15934131165e-23
21.9712108661  8.16891890002e-23
22.732639886  9.3473126821e-23
23.5204568076  1.06935207453e-22
24.3355761237  1.18090315493e-22
25.1789440195  1.23773717184e-22
26.0515394711  1.29201353506e-22
26.9543753815  1.34381812245e-22
27.888499757  1.39323386674e-22
28.8549969231  1.4403408513e-22
29.8549887833  1.48521640328e-22
30.8896361219  1.52793518415e-22
31.9601399508  1.56856927772e-22
33.0677429039  1.60718827567e-22
34.2137306796  1.64385936071e-22
35.3994335331  1.67864738737e-22
36.6262278206  1.7116149605e-22
37.8955375971  1.74282251162e-22
39.208836269  1.77232837303e-22
40.5676483051  1.80018884989e-22
41.9735510055  1.82645829032e-22
43.4281763331  1.85118915348e-22
44.9332128076  1.87443207584e-22
46.4904074655  1.89623593559e-22
48.1015678884  1.91664791535e-22
49.768564301  1.93571356319e-22
51.4933317418  1.95347685204e-22
53.2778723099  1.96998023761e-22
55.1242574883  1.98526471481e-22
57.0346305491  1.99936987278e-22
59.011209041  2.01233394865e-22
61.0562873636  2.02419387999e-22
63.1722394306  2.0349853561e-22
65.3615214255  2.04474286823e-22
67.6266746527  2.05349975872e-22
69.9703284874  2.06128826921e-22
72.3952034279  2.06813958795e-22
74.9041142534  2.07408389625e-22
77.4999732914  2.07915041429e-22
80.1857937984  2.08336744614e-22
82.9646934573  2.08676242425e-22
85.839897997  2.08936195339e-22
88.8147449364  2.09119185414e-22
91.8926874587  2.09227720597e-22
95.0772984195  2.09264239002e-22
98.3722744949  2.09231113163e-22
101.781440472  2.09130654267e-22
105.308753688  2.08965116375e-22
108.958308626  2.08736700634e-22
112.734341665  2.08447559489e-22
116.641236001  2.080998009e-22
120.683526731  2.07695492557e-22
124.86590612  2.07236666118e-22
129.193229047  2.06725321443e-22
133.670518641  2.06163430854e-22
138.30297211  2.05552943393e-22
143.095966777  2.048957891e-22
148.055066318  2.04193883288e-22
153.186027225  2.03449130812e-22
158.494805484  2.02663430332e-22
163.987563491  2.01838678547e-22
169.670677203  2.00976774381e-22
175.550743543  2.00079623116e-22
181.634588052  1.9914914043e-22
187.92927282  1.98187256325e-22
194.442104674  1.97195918905e-22
201.180643669  1.96177097961e-22
208.152711857  1.95132788327e-22
215.36640237  1.9406501295e-22
222.830088813  1.9297582562e-22
230.552434985  1.91867313295e-22
238.542404936  1.90741597955e-22
246.809273372  1.89600837911e-22
255.362636419  1.88447228491e-22
264.212422767  1.87283002022e-22
273.36890519  1.86110427021e-22
282.842712475  1.84931806521e-22
292.644841755  1.83749475436e-22
302.786671278  1.82565796905e-22
313.279973616  1.81383157525e-22
324.136929326  1.80203961444e-22
335.370141092  1.79030623236e-22
346.992648354  1.77865559567e-22
359.017942442  1.76711179626e-22
371.459982242  1.75569874361e-22
384.333210392  1.74444004577e-22
397.652570053  1.73335887977e-22
411.433522251  1.72338641606e-22
425.692063826  1.71270934891e-22
440.444746003  1.70227613514e-22
455.708693598  1.69210669718e-22
471.501624905  1.68221977886e-22
487.841872255  1.67263279258e-22
504.748403302  1.66336167208e-22
522.240843039  1.65442073409e-22
540.339496577  1.64582255205e-22
559.065372716  1.63757784524e-22
578.440208331  1.62969538608e-22
598.486493608  1.62218192857e-22
619.227498145  1.61504215995e-22
640.687297966  1.6082786776e-22
662.890803468  1.60189199241e-22
685.863788337  1.59588055954e-22
709.632919466  1.59024083681e-22
734.225787909  1.58496737063e-22
759.670940909  1.58005290907e-22
785.997915035  1.57548854132e-22
813.237270468  1.57126386327e-22
841.420626478  1.56736716909e-22
870.580698121  1.56378567029e-22
900.751334221  1.56050574633e-22
931.967556657  1.55751323647e-22
964.26560102  1.5547937972e-22
997.682958669  1.55233339939e-22
1032.25842026  1.55019765477e-22
1068.03212076  1.54850638708e-22
1105.04558606  1.547255982e-22
1143.34178114  1.54643971673e-22
1182.96515999  1.54041260455e-22
1223.96171716  1.54087806357e-22
1266.37904119  1.54170976887e-22
1310.26636984  1.54291265458e-22
1355.67464724  1.54449068125e-22
1402.65658302  1.54644681314e-22
1451.26671352  1.54878300332e-22
1501.56146504  1.55150018682e-22
1553.59921943  1.55459828209e-22
1607.44038177  1.55807620057e-22
1663.14745053  1.56193186438e-22
1720.78509012  1.56616223172e-22
1780.42020593  1.57076332962e-22
1842.12202203  1.57573029335e-22
1905.96216149  1.59816177323e-22
1972.01472953  1.60984645601e-22
2040.35639954  1.62067699806e-22
2111.06650209  1.63073868654e-22
2184.22711702  1.64010769413e-22
2259.92316869  1.64885246216e-22
2338.24252459  1.65703482024e-22
2419.27609733  1.66471089964e-22
2503.11795014  1.67193188363e-22
2589.86540613  1.67874462787e-22
2679.61916116  1.68519217629e-22
2772.48340082  1.69131419241e-22
2868.56592133  1.69714732167e-22
2967.97825465  1.70272549723e-22
3070.83579797  1.70580304019e-22
3177.25794767  1.71009481068e-22
3287.3682379  1.71400087389e-22
3401.29448396  1.71754714646e-22
3519.16893071  1.72075754511e-22
3641.12840605  1.72365419886e-22
3767.31447975  1.72625763336e-22
3897.87362778  1.72858693149e-22
4032.95740237  1.73065987355e-22
4172.72260789  1.73249306025e-22
4317.33148289  1.73410202062e-22
4466.95188841  1.73550130701e-22
4621.75750286  1.73670457892e-22
4781.9280236  1.737724677e-22
4947.64937553  1.73857368861e-22
5119.11392693  1.73926300591e-22
5296.52071274  1.73980337744e-22
5480.07566562  1.74020495403e-22
5669.99185496  1.74047732969e-22
5866.48973427  1.74062957809e-22
6069.79739701  1.74067028529e-22
6280.15084139  1.74060757895e-22
6497.79424435  1.74044915475e-22
6722.98024494  1.74020230012e-22
6955.97023761  1.73987391577e-22
7197.03467565  1.73947053522e-22
7446.4533851  1.73899834267e-22
7704.51588959  1.73846318935e-22
7971.52174641  1.73787060858e-22
8247.78089423  1.73722582978e-22
8533.61401289  1.73653379149e-22
8829.35289564  1.73579915355e-22
9135.34083425  1.7350263086e-22
9451.93301755  1.734219393e-22
9779.49694371  1.73338229722e-22
10118.4128468  1.73251867576e-22
10469.0741383  1.73163195674e-22
10831.8878634  1.7307253511e-22
11207.2751741  1.72980186164e-22
11595.6718175  1.72886429161e-22
11997.5286419  1.72791525331e-22
12413.3121201  1.72695717629e-22
12843.504891  1.7259923155e-22
13288.6063194  1.7250227592e-22
13749.1330763  1.72405043671e-22
14225.6197382  1.72307712604e-22
14718.6194077  1.72210446129e-22
15228.7043556  1.72113393995e-22
15756.4666852  1.72016693001e-22
16302.5190197  1.71920467686e-22
16867.4952131  1.71824831013e-22
17452.0510861  1.71729885022e-22
18056.8651874  1.71635721469e-22
18682.6395812  1.71542422454e-22
19330.1006626  1.71450061016e-22
20000  1.71358701716e-22

