6 20 101
101
6  0
6.0726749839  1.05509541624e-41
6.14623024334  2.12297067288e-41
6.22067644067  3.2037805657e-41
6.29602436737  4.29768176545e-41
6.37228494562  5.40483284054e-41
6.44946922993  6.52539428006e-41
6.52758840867  7.659528517e-41
6.60665380575  8.80739995185e-41
6.68667688224  9.96917497637e-41
6.76766923803  1.11450219978e-40
6.84964261352  1.2335111463e-40
6.93260889129  1.35396158838e-40
7.01658009788  1.8245250929e-39
7.10156840549  1.02639852125e-38
7.18758613374  1.88335461191e-38
7.2746457515  2.75069058091e-38
7.36275987864  3.62853215451e-38
7.45194128792  4.51700658181e-38
7.54220290677  5.41624265323e-38
7.63355781924  6.32637071915e-38
7.72601926784  7.24752270883e-38
7.81960065549  8.17983214951e-38
7.91431554744  9.12343418578e-38
8.01017767327  3.77569941469e-37
8.10720092884  2.52868960632e-36
8.20539937834  4.7536336728e-36
8.30478725629  7.00552736832e-36
8.40537896964  9.28469712018e-36
8.50718909986  1.15914733095e-35
8.610232405  1.39261903193e-35
8.7145238219  1.62891865826e-35
8.82007846831  1.86808046318e-35
8.92691164508  2.11013911481e-35
9.03503883843  1.04974373532e-34
9.14447572211  3.61762833789e-34
9.25523815976  6.21661643582e-34
9.36734220713  8.84708477011e-34
9.48080411448  1.1509414645e-33
9.59564032887  1.42039919834e-33
9.7118674966  1.69312073826e-33
9.82950246559  1.9691456171e-33
9.94856228783  2.24851384654e-33
10.0690642218  1.17289169694e-32
10.1910257352  2.82573595719e-32
10.3144645071  4.4986002891e-32
10.4393984307  6.19172718575e-32
10.5658456162  7.90536207739e-32
10.6938243929  9.63975336706e-32
10.8233533122  1.13951524666e-31
10.9544511501  1.3171813833e-31
11.0871369103  4.85644736659e-31
11.2214298263  1.02159285819e-30
11.357349365  1.56403264991e-30
11.4949152287  2.11304274214e-30
11.6341473586  2.66870271765e-30
11.7750659372  3.23109312312e-30
11.9176913918  3.80029548087e-30
12.0620443968  7.54162635266e-30
12.2081458772  1.55781603556e-29
12.3560170113  2.37120368551e-29
12.5056792342  3.19444349118e-29
12.6571542404  4.02765478679e-29
12.8104639872  4.87095835199e-29
12.9656306978  5.73454590416e-29
13.1226768649  1.36150081491e-28
13.2816252532  2.3593560671e-28
13.4424989034  3.36929783836e-28
13.6053211353  4.39147252661e-28
13.7701155511  5.42602830303e-28
13.9369060387  6.47311513351e-28
14.1057167757  1.29549970558e-27
14.2765722323  2.27906160399e-27
14.4494971752  3.27453689325e-27
14.6245166709  4.28206987429e-27
14.8016560898  5.30180659585e-27
14.9809411095  6.47376272743e-27
15.1623977185  1.31938490206e-26
15.3460522202  2.08276483825e-26
15.5319312365  2.85539121187e-26
15.7200617119  3.63737602037e-26
15.9104709172  4.42883261776e-26
16.1031864535  7.25957608635e-26
16.2982362562  1.19069945769e-25
16.4956485991  1.66107049115e-25
16.6954520985  2.13713889249e-25
16.8976757173  2.61897367106e-25
17.1023487691  3.89787608791e-25
17.3095009226  5.99289282087e-25
17.5191622061  8.11328543838e-25
17.7313630113  1.02593613058e-24
17.9461340982  1.24315362292e-24
18.1635065993  1.8253538999e-24
18.3835120242  2.53544340944e-24
18.6061822643  3.25413387626e-24
18.831549597  3.98152947943e-24
19.059646691  4.94022258909e-24
19.2905066104  6.54647203308e-24
19.52416282  8.17217716915e-24
19.7606491897  9.81757365432e-24
20  1.14829e-23

