6 20 101
101
6  0
6.0726749839  1.39938588496e-43
6.14623024334  2.8157218277e-43
6.22067644067  4.24921313575e-43
6.29602436737  5.70006760341e-43
6.37228494562  7.16849554193e-43
6.44946922993  8.6547098099e-43
6.52758840867  1.01589258442e-42
6.60665380575  1.16813616912e-42
6.68667688224  1.32222380383e-42
6.76766923803  1.4781778246e-42
6.84964261352  1.63602083803e-42
6.93260889129  1.79577572454e-42
7.01658009788  6.01307131177e-41
7.10156840549  3.52632555996e-40
7.18758613374  6.49644413701e-40
7.2746457515  9.50253826735e-40
7.36275987864  1.25450437048e-39
7.45194128792  1.56244014812e-39
7.54220290677  1.87410579703e-39
7.63355781924  2.18954649529e-39
7.72601926784  2.50880796815e-39
7.81960065549  2.83193649475e-39
7.91431554744  3.15897891476e-39
8.01017767327  1.55675177768e-38
8.10720092884  1.09344933036e-37
8.20539937834  2.06342627602e-37
8.30478725629  3.04515206483e-37
8.40537896964  4.03876900463e-37
8.50718909986  5.04442112693e-37
8.610232405  6.06225420788e-37
8.7145238219  7.09241578928e-37
8.82007846831  8.13505520007e-37
8.92691164508  9.19032357793e-37
9.03503883843  4.43253403526e-36
9.14447572211  1.51807761183e-35
9.25523815976  2.60592062548e-35
9.36734220713  3.70694013471e-35
9.48080411448  4.82129573979e-35
9.59564032887  5.94914897415e-35
9.7118674966  7.09066332778e-35
9.82950246559  8.24600427096e-35
9.94856228783  9.41533927821e-35
10.0690642218  4.75269290896e-34
10.1910257352  1.13936615939e-33
10.3144645071  1.81150689942e-33
10.4393984307  2.49178894237e-33
10.5658456162  3.18031089973e-33
10.6938243929  3.87717257745e-33
10.8233533122  4.58247499037e-33
10.9544511501  5.29632037688e-33
11.0871369103  2.14372114362e-32
11.2214298263  4.5930850739e-32
11.357349365  7.07211691823e-32
11.4949152287  9.58117602911e-32
11.6341473586  1.21206261117e-31
11.7750659372  1.46908352767e-31
11.9176913918  1.72921760932e-31
12.0620443968  4.62465316942e-31
12.2081458772  1.10892871889e-30
12.3560170113  1.76322240707e-30
12.5056792342  2.42544122578e-30
12.6571542404  3.09568116816e-30
12.8104639872  3.77403939004e-30
12.9656306978  4.47568926697e-30
13.1226768649  1.56751633908e-29
13.2816252532  3.00084471601e-29
13.4424989034  4.45153427905e-29
13.6053211353  5.91979531554e-29
13.7701155511  7.40584065988e-29
13.9369060387  8.90988572448e-29
14.1057167757  2.0738644979e-28
14.2765722323  3.89363161421e-28
14.4494971752  5.73544065483e-28
14.6245166709  7.59955860251e-28
14.8016560898  9.48625567383e-28
14.9809411095  1.16976483885e-27
15.1623977185  2.58783826684e-27
15.3460522202  4.20270679044e-27
15.5319312365  5.8371354047e-27
15.7200617119  7.49136103117e-27
15.9104709172  9.1656234611e-27
16.1031864535  1.57424933186e-26
16.2982362562  2.66864568766e-26
16.4956485991  3.77629791639e-26
16.6954520985  4.89736657976e-26
16.8976757173  6.03201418431e-26
17.1023487691  9.5313157976e-26
17.3095009226  1.54518194295e-25
17.5191622061  2.14440351457e-25
17.7313630113  2.75088315587e-25
17.9461340982  3.36474925723e-25
18.1635065993  5.38666403463e-25
18.3835120242  7.90014681264e-25
18.6061822643  1.0444074144e-24
18.831549597  1.30188147884e-24
19.059646691  1.70372448052e-24
19.2905066104  2.51417669635e-24
19.52416282  3.33444551248e-24
19.7606491897  4.16464983244e-24
20  5.00491e-24

