6 20000 251
251
6  0
6.19787431944  1.1684749537e-42
6.4022743466  2.3754851051e-42
6.61341529314  3.62230130855e-42
6.83151946819  4.91023632996e-42
7.05681651245  4.33619311492e-40
7.28954363992  2.18558695136e-39
7.52994588772  3.99533282529e-39
7.77827637405  5.86476240475e-39
8.03479656471  7.92664585704e-38
8.2997765484  6.255184657e-37
8.57349532107  1.18978534686e-36
8.85624107972  1.77266121553e-36
9.1483115258  3.09713773329e-35
9.45001417867  8.97659885899e-35
9.7616666994  1.50499590462e-34
10.0835972252  1.02422776369e-33
10.4161447149  4.31513597483e-33
10.7596593061  7.71457522307e-33
11.1145026832  4.59167557888e-32
11.4810484589  1.60595696242e-31
11.8596825673  2.79056639579e-31
12.2508036701  2.16976726298e-30
12.6548235765  5.1447960991e-30
13.072167677  1.79252145761e-29
13.5032753908  7.90880155254e-29
13.9486006289  1.42267907744e-28
14.4086122716  8.10108061168e-28
14.8837946629  1.57827086829e-27
15.3746481195  6.61534280802e-27
15.8816894584  1.31781790901e-26
16.4054525405  4.72392342103e-26
16.9464888333  9.06469198946e-26
17.5053679908  2.92517985556e-25
18.0826784538  4.79202938722e-25
18.6790280692  4.30908708638e-25
19.2950447304  3.81021780569e-25
19.9313770378  3.29489628844e-25
20.5886949823  3.32585141288e-24
21.2676906503  1.06817828357e-23
21.9690789526  2.05907156862e-23
22.693598377  3.30361532911e-23
23.4420117661  4.8003726001e-23
24.2151071202  6.32316459103e-23
25.0136984271  7.31770658998e-23
25.8386265193  8.27254237633e-23
26.6907599589  9.18895592142e-23
27.5709959527  1.0068189387e-22
28.4802612961  1.09114444167e-22
29.4195133497  1.17198833925e-22
30.3897410467  1.24946306579e-22
31.3919659347  1.32367737084e-22
32.4272432506  1.39473643489e-22
33.4966630322  1.46274198205e-22
34.6013512657  1.52779238962e-22
35.7424710713  1.58998279456e-22
36.9212239277  1.64940519723e-22
38.1388509373  1.70614856209e-22
39.3966341329  1.76029891571e-22
40.6958978275  1.81193944212e-22
42.0380100086  1.86115057543e-22
43.4243837788  1.90801009005e-22
44.8564788434  1.95259318833e-22
46.3358030473  1.99497258592e-22
47.863913963  2.03521859474e-22
49.4424205299  2.07339920378e-22
51.0729847489  2.10958015776e-22
52.757323432  2.1438250337e-22
54.4972100103  2.1761953155e-22
56.2944764007  2.20675046667e-22
58.1510149351  2.23554800114e-22
60.0687803526  2.2626435524e-22
62.049791858  2.28809094095e-22
64.0961352472  2.3119422401e-22
66.2099651041  2.33424784036e-22
68.3935070683  2.35505651229e-22
70.6490601792  2.37441546804e-22
72.9789992962  2.39237042165e-22
75.3857775995  2.40896564804e-22
77.8719291725  2.42424404099e-22
80.4400716706  2.43824716998e-22
83.0929090769  2.45101533612e-22
85.8332345493  2.46258762715e-22
88.6639333613  2.47300197164e-22
91.5879859402  2.48229519241e-22
94.6084710047  2.49050305931e-22
97.7285688069  2.49766034139e-22
100.951564481  2.5038008585e-22
104.2808515  2.50895753248e-22
107.719935254  2.51316243786e-22
111.272436734  2.51644685232e-22
114.942096349  2.51884130673e-22
118.732777864  2.52037563504e-22
122.648472467  2.52107902389e-22
126.69330297  2.52098006212e-22
130.871528154  2.52010679001e-22
135.187547249  2.51848674852e-22
139.645904567  2.51614702821e-22
144.251294288  2.51311431815e-22
149.008565403  2.50941495452e-22
153.922726815  2.505074969e-22
158.998952617  2.50012013675e-22
164.242587541  2.49457602404e-22
169.659152579  2.4884680352e-22
175.254350805  2.48182145883e-22
181.034073371  2.47466151314e-22
187.004405715  2.46701338995e-22
193.171633967  2.4589022973e-22
199.542251569  2.45035350023e-22
206.122966107  2.44139235934e-22
212.92070638  2.43204436678e-22
219.942629692  2.42233517908e-22
227.196129386  2.41229064645e-22
234.688842633  2.40193683782e-22
242.42865847  2.39130006109e-22
250.423726104  2.38040687789e-22
258.6824635  2.36928411221e-22
267.213566236  2.35795885207e-22
276.026016664  2.34645844359e-22
285.129093363  2.33481047669e-22
294.532380914  2.32304276174e-22
304.245779985  2.31118329639e-22
314.279517761  2.29926022214e-22
324.64415871  2.28730176998e-22
335.350615704  2.27533619494e-22
346.410161514  2.26339169904e-22
357.834440673  2.25149634292e-22
369.635481744  2.23967794617e-22
381.825709976  2.22796397683e-22
394.417960394  2.21638143093e-22
407.425491308  2.20606458184e-22
420.861998278  2.19480277643e-22
434.741628526  2.18375008789e-22
449.078995839  2.172930183e-22
463.889195952  2.16236555061e-22
479.187822443  2.15207735393e-22
494.990983152  2.14208528631e-22
511.315317139  2.13240743328e-22
528.178012205  2.12306014383e-22
545.59682299  2.11405791373e-22
563.590089664  2.1054132837e-22
582.176757236  2.09713675501e-22
601.376395509  2.08923672484e-22
621.209219674  2.08171944332e-22
641.696111603  2.07458899403e-22
662.858641832  2.06784729886e-22
684.719092272  2.06149414821e-22
707.300479671  2.05552725664e-22
730.626579847  2.04994234405e-22
754.721952723  2.04473324195e-22
779.611968183  2.03989202432e-22
805.322832789  2.03540916266e-22
831.881617367  2.03127370524e-22
859.316285516  2.02747348123e-22
887.655723047  2.02399533255e-22
916.929768397  2.02082537977e-22
947.169244046  2.01794933669e-22
978.405988974  2.01535291139e-22
1010.67289217  2.01303026917e-22
1044.00392729  2.01113004438e-22
1078.4341884  2.00970991446e-22
1113.99992691  2.00876452259e-22
1150.73858981  2.00828711796e-22
1188.68885903  2.00143584897e-22
1227.8906922  2.00237376059e-22
1268.38536471  2.00370879961e-22
1310.21551318  2.00544665526e-22
1353.42518035  2.00759200504e-22
1398.05986143  2.0101484931e-22
1444.16655203  2.01311871594e-22
1491.79379764  2.01650421566e-22
1540.99174472  2.0203054808e-22
1591.81219351  2.0245219549e-22
1644.30865259  2.02915205258e-22
1698.53639519  2.03419318288e-22
1754.55251739  2.03964177953e-22
1812.41599828  2.04549333774e-22
1872.18776198  2.05174245681e-22
1933.93074186  2.08272798964e-22
1997.70994676  2.09619310895e-22
2063.59252945  2.10873820366e-22
2131.64785735  2.12045030508e-22
2201.94758552  2.13140771214e-22
2274.56573218  2.1416812434e-22
2349.57875656  2.15133526233e-22
2427.06563947  2.16042852277e-22
2507.10796641  2.16901487051e-22
2589.79001351  2.17714382876e-22
2675.19883625  2.18486108932e-22
2763.4243611  2.19220892665e-22
2854.55948023  2.19922654846e-22
2948.70014931  2.20595039376e-22
3045.94548852  2.20983343723e-22
3146.39788695  2.21512066944e-22
3250.16311038  2.2199653572e-22
3357.35041264  2.22439579633e-22
3468.07265065  2.22843818238e-22
3582.44640324  2.23211682581e-22
3700.5920939  2.23545433968e-22
3822.63411759  2.23847180407e-22
3948.70097167  2.24118891041e-22
4078.92539125  2.24362408857e-22
4213.44448889  2.24579461895e-22
4352.39989901  2.24771673168e-22
4495.93792701  2.24940569448e-22
4644.20970327  2.25087589059e-22
4797.37134233  2.2521408882e-22
4955.58410725  2.25321350208e-22
5119.01457936  2.25410584876e-22
5287.83483371  2.2548293956e-22
5462.22262022  2.25539500485e-22
5642.36155082  2.25581297304e-22
5828.44129281  2.25609306637e-22
6020.65776851  2.25624455251e-22
6219.2133616  2.25627622928e-22
6424.31713017  2.25619645057e-22
6636.18502684  2.25601314977e-22
6855.04012616  2.25573386113e-22
7081.11285944  2.25536573918e-22
7314.64125744  2.25491557654e-22
7555.8712009  2.25438982028e-22
7805.05667951  2.25379458698e-22
8062.46005929  2.25313567681e-22
8328.35235884  2.25241858652e-22
8603.01353469  2.25164852171e-22
8886.73277608  2.25083040837e-22
9179.80880943  2.24996890374e-22
9482.5502129  2.24906840675e-22
9795.27574123  2.24813306793e-22
10118.3146614  2.24716679892e-22
10452.0070993  2.24617328169e-22
10796.7043979  2.24515597743e-22
11152.7694871  2.2441181352e-22
11520.5772658  2.24306280032e-22
11900.5149968  2.2419928226e-22
12292.9827145  2.24091086435e-22
12698.3936459  2.23981940822e-22
13117.174646  2.23872076493e-22
13549.766647  2.23761708075e-22
13996.6251227  2.23651034496e-22
14458.2205678  2.23540239704e-22
14935.0389936  2.23429493379e-22
15427.5824398  2.23318951625e-22
15936.3695024  2.23208757652e-22
16461.9358807  2.23099042441e-22
17004.8349406  2.22989925387e-22
17565.6382974  2.22881514932e-22
18144.936418  2.22773909182e-22
18743.3392422  2.22667196497e-22
19361.476825  2.22561456076e-22
20000  2.22456758511e-22

