2 20 101
101
2  0
2.04658598456  2.27820372021e-43
2.0942570961  4.60947362209e-43
2.14303861048  6.99504577579e-43
2.19295639229  9.43618504326e-43
2.2440369086  1.19341857488e-42
2.29630724299  1.44903723656e-42
2.34979510988  1.71061002174e-42
2.40452886923  1.9782756198e-42
2.46053754162  2.25217595056e-42
2.51785082359  2.53245623961e-42
2.57649910339  2.81926509527e-42
2.63651347711  3.11275458739e-42
2.69792576518  3.41308032799e-42
2.76076852921  3.72040155375e-42
2.82507508925  4.03488121044e-42
2.89087954149  4.35668603935e-42
2.95821677634  4.68598666565e-42
3.02712249687  1.669662032e-38
3.09763323782  6.00903482507e-38
3.16978638492  1.04494845951e-37
3.24362019472  1.49933657274e-37
3.31917381488  1.96430874477e-37
3.39648730492  2.44011151003e-37
3.4756016575  2.92699714542e-37
3.55655882008  3.42522380416e-37
3.63940171722  3.93505565261e-37
3.72417427333  4.45676301038e-37
3.81092143593  4.9906224936e-37
3.89968919952  5.53691716164e-37
3.99052462994  4.17201840644e-36
4.08347588934  1.43212660107e-34
4.17859226171  3.056946872e-34
4.275924179  4.71961406896e-34
4.3755232479  6.4210097601e-34
4.47744227714  8.16203604794e-34
4.58173530554  9.94361604767e-34
4.68845763064  1.17666943766e-33
4.79766583804  1.36322376549e-33
4.90941783137  1.55412350185e-33
5.02377286302  1.60093029154e-32
5.14079156554  8.54110141302e-32
5.26053598379  1.56600404734e-31
5.38306960785  2.29448009265e-31
5.50845740668  3.03992452485e-31
5.63676586253  3.80273258845e-31
5.76806300625  4.58330873439e-31
5.90241845333  5.38206683448e-31
6.0399034408  2.52219867578e-30
6.18059086503  9.31261507959e-30
6.32455532034  1.62612006003e-29
6.47187313859  2.33716394698e-29
6.62262242965  3.06477017371e-29
6.77688312278  3.80932452666e-29
6.93473700905  4.57122177841e-29
7.09626778467  1.60557648054e-28
7.2615610954  3.52340501117e-28
7.43070458194  5.48590550696e-28
7.60378792641  7.49411851164e-28
7.78090289989  9.54910880635e-28
7.96214341107  1.17055214271e-27
8.14760555608  3.22171880507e-27
8.33738766941  5.80939412461e-27
8.53159037603  8.45734414539e-27
8.7303166448  1.11669728456e-26
8.93367184302  1.39397169061e-26
9.1417637923  4.10838549589e-26
9.35470282574  8.04977840608e-26
9.57260184645  1.20829781509e-25
9.79557638737  1.62101231862e-25
10.0237446725  2.33258431175e-25
10.2572276798  5.04092982686e-25
10.496149205  7.86601200612e-25
10.7406359274  1.07568988028e-24
10.9908174772  1.40902363005e-24
11.2468265038  2.45261959357e-24
11.5087987467  3.58854171783e-24
11.7768731071  4.75092286736e-24
12.0511917215  6.20689177622e-24
12.3319000372  8.84052395121e-24
12.6191468896  1.15425947697e-23
12.9130845807  1.43076049028e-23
13.2138689602  1.78277123412e-23
13.5216595078  2.17170460389e-23
13.8366194184  2.56969739565e-23
14.1589156877  2.99307627031e-23
14.4887192015  3.44327125882e-23
14.826204826  3.90395263571e-23
15.1715515006  4.36574919875e-23
15.5249423326  4.82833426392e-23
15.8865646945  5.30169431943e-23
16.2566103233  5.75777366231e-23
16.6352754221  6.21167194291e-23
17.022760764  6.67169424743e-23
17.4192717991  7.10196325986e-23
17.8250187627  7.54045035165e-23
18.2402167871  7.96287356533e-23
18.6650860159  8.37554904728e-23
19.0998517204  8.78812378968e-23
19.5447444191  9.17715318555e-23
20  9.57521e-23

