7 20000 201
201
7  0
7.28413019689  2.19100182207e-42
7.57979324646  4.47093646972e-42
7.88745726754  6.84341372885e-42
8.20760937988  9.97986979483e-40
8.54075647546  2.58706489095e-39
8.88742602103  4.24064351954e-39
9.2481668932  9.36507382438e-38
9.62355024752  2.28082420725e-37
10.0141704227  3.74998873047e-37
10.4206458819  7.22167123836e-37
10.8436201913  1.08342694369e-36
11.2837630399  1.00891431376e-33
11.7417712991  2.63539004224e-33
12.2183701264  3.1791726838e-32
12.7143141134  9.59265039683e-32
13.2303884809  8.51178279343e-31
13.7674103215  2.52550980708e-30
14.3262298937  2.04654171782e-29
14.907731968  5.11505431335e-29
15.5128372279  3.57664672413e-28
16.1425037273  1.34623095342e-27
16.7977284077  4.57409345365e-27
17.4795486762  2.09628651962e-26
18.1890440486  3.64812298873e-26
18.9273378582  3.18462151986e-26
19.6955990342  2.70230651333e-26
20.495043953  2.20041432711e-26
21.3269383635  1.67815032294e-26
22.1925993915  4.39028713812e-24
23.0933976251  1.87543899036e-23
24.0307592842  3.71573211949e-23
25.0061684795  5.15105862431e-23
26.0211695614  6.51741110009e-23
27.0773695658  7.817519908e-23
28.1764407581  9.0540068306e-23
29.320123281  1.02293891728e-22
30.5102279097  1.13460837291e-22
31.7486389187  1.24064106201e-22
33.0373170654  1.3412597001e-22
34.3783026943  1.4366780647e-22
35.7737189676  1.52710134171e-22
37.2257752267  1.61272646022e-22
38.7367704903  1.69374241597e-22
40.309097094  1.77033058382e-22
41.9452444788  1.84266501975e-22
43.647803132  1.91091275255e-22
45.4194686888  1.97523406584e-22
47.2630462004  2.03578277049e-22
49.1814545751  2.09270646812e-22
51.1777311996  2.14614680579e-22
53.2550367485  2.19623972248e-22
55.416660188  2.24311568756e-22
57.6660239838  2.28689993173e-22
60.0066895193  2.32771267075e-22
62.4423627347  2.36566932235e-22
64.9768999944  2.40088071669e-22
67.6143141928  2.43345330073e-22
70.3587811077  2.46348933689e-22
73.2146460118  2.49108709633e-22
76.1864305528  2.51634104729e-22
79.2788399118  2.53934203878e-22
82.4967702537  2.56017748002e-22
85.8453164787  2.5789315159e-22
89.3297802892  2.59568519903e-22
92.9556785837  2.61051665847e-22
96.728752192  2.62350126557e-22
100.654974964  2.63471179741e-22
104.740563229  2.64421859785e-22
108.991985637  2.65208973679e-22
113.415973399  2.65839116766e-22
118.01953095  2.66318688363e-22
122.80994703  2.66653907255e-22
127.794806235  2.6685082709e-22
132.982001014  2.66915351689e-22
138.379744176  2.66853250269e-22
143.996581884  2.66670172586e-22
149.841407193  2.66371663982e-22
155.923474126  2.65963180319e-22
162.252412326  2.65450102764e-22
168.838242306  2.64837752387e-22
175.69139131  2.6413140449e-22
182.822709825  2.63336302617e-22
190.243488759  2.62457672103e-22
197.965477319  2.6150073308e-22
206.000901611  2.60470712757e-22
214.362484002  2.59372856823e-22
223.063463257  2.58212439756e-22
232.117615505  2.56994773821e-22
241.539276047  2.55725216487e-22
251.343362056  2.54409175998e-22
261.545396191  2.5305211479e-22
272.161531179  2.51659550422e-22
283.208575385  2.50237053726e-22
294.704019425  2.48790243825e-22
306.666063863  2.47324779724e-22
319.113648021  2.45846348197e-22
332.06647997  2.44360647745e-22
345.545067732  2.42873368457e-22
359.57075175  2.41390167724e-22
374.165738677  2.39916641832e-22
389.353136535  2.38458293631e-22
405.156991298  2.37138139813e-22
421.602324971  2.35723448416e-22
438.7151752  2.34339644238e-22
456.522636501  2.32991454411e-22
475.052903157  2.31683309402e-22
494.335313858  2.30419299965e-22
514.400398152  2.2920313581e-22
535.279924781  2.28038107291e-22
557.006951984  2.26927051366e-22
579.615879832  2.25872323067e-22
603.142504697  2.24875773587e-22
627.624075928  2.23938735957e-22
653.099354823  2.23062019051e-22
679.608676005  2.22245910459e-22
707.194011279  2.21490188523e-22
735.899036089  2.20794143593e-22
765.769198662  2.20156608415e-22
796.851791975  2.19575997437e-22
829.196028624  2.19050354884e-22
862.853118749  2.18577411725e-22
897.876351109  2.18154652364e-22
934.321177455  2.17779393675e-22
972.245300327  2.17448883871e-22
1011.70876441  2.17161495487e-22
1052.77405162  2.16940187708e-22
1095.50617999  2.16794613859e-22
1139.97280664  2.16723668885e-22
1186.24433493  2.15996510424e-22
1234.39402585  2.16135635972e-22
1284.49811408  2.16337780934e-22
1336.63592866  2.16604037576e-22
1390.8900186  2.16935251116e-22
1447.34628358  2.17332014468e-22
1506.09410994  2.17794665666e-22
1567.22651222  2.1832328806e-22
1630.84028043  2.18917713289e-22
1697.03613329  2.19577526944e-22
1765.91887767  2.20302076821e-22
1837.59757458  2.21090483546e-22
1912.18571182  2.2425552035e-22
1989.80138365  2.26049304788e-22
2070.56747778  2.27693914858e-22
2154.61186994  2.29206446983e-22
2242.06762635  2.3060192724e-22
2333.07321436  2.31893666516e-22
2427.77272176  2.33093539114e-22
2526.31608482  2.3421220353e-22
2628.85932576  2.35259278951e-22
2735.56479973  2.3624348751e-22
2846.6014519  2.37172769753e-22
2962.1450849  2.38054378985e-22
3082.37863721  2.38586799264e-22
3207.49247279  2.39253604874e-22
3337.68468248  2.39852195137e-22
3473.16139762  2.4038782744e-22
3614.13711644  2.40865296835e-22
3760.83504366  2.41288991979e-22
3913.48744386  2.41662942662e-22
4072.33600928  2.41990860356e-22
4237.63224244  2.4227617294e-22
4409.63785435  2.42522054552e-22
4588.62517889  2.42731451305e-22
4774.87760397  2.42907103522e-22
4968.69002022  2.43051564997e-22
5170.36928789  2.43167219716e-22
5380.23472272  2.43256296416e-22
5598.61860144  2.43320881281e-22
5825.86668795  2.43362929052e-22
6062.33878068  2.4338427276e-22
6308.4092823  2.43386632296e-22
6564.46779251  2.43371621976e-22
6830.91972484  2.43340757245e-22
7108.18694861  2.43295460651e-22
7396.70845679  2.43237067198e-22
7696.9410611  2.43166829164e-22
8009.36011526  2.4308592048e-22
8334.46026762  2.42995440728e-22
8672.7562443  2.42896418821e-22
9024.7836642  2.42789816422e-22
9391.09988697  2.42676531138e-22
9772.28489553  2.42557399537e-22
10168.9422143  2.42433199996e-22
10581.6998648  2.42304655441e-22
11011.21136  2.4217243596e-22
11458.1567388  2.42037161335e-22
11923.2436431  2.41899403493e-22
12407.2084379  2.41759688887e-22
12910.8173774  2.41618500813e-22
13434.8678179  2.41476281672e-22
13980.1894805  2.41333435173e-22
14547.6457647  2.41190328492e-22
15138.1351155  2.41047294363e-22
15752.5924456  2.4090463313e-22
16391.9906161  2.40762614734e-22
17057.3419762  2.40621480646e-22
17749.6999668  2.4048144574e-22
18470.1607877  2.40342700108e-22
19219.8651336  2.40205410804e-22
20000  2.4006972353e-22

