2 20 101
101
2  0
2.04658598456  9.23809391052e-40
2.0942570961  1.86913706712e-39
2.14303861048  2.83648425345e-39
2.19295639229  3.82636385032e-39
2.2440369086  4.839300705e-39
2.29630724299  5.87583189002e-39
2.34979510988  6.93650698792e-39
2.40452886923  8.0218883827e-39
2.46053754162  9.13255155793e-39
2.51785082359  1.02690854019e-38
2.57649910339  1.143209252e-38
2.63651347711  1.26221895538e-38
2.69792576518  1.38400075087e-38
2.76076852921  1.50861920879e-38
2.82507508925  1.63614040348e-38
2.89087954149  1.76663194837e-38
2.95821677634  1.90016303181e-38
3.02712249687  1.28341568002e-35
3.09763323782  4.61477439541e-35
3.16978638492  8.02373042365e-35
3.24362019472  1.15120912383e-34
3.31917381488  1.50817064145e-34
3.39648730492  1.87344686095e-34
3.4756016575  2.24723145661e-34
3.55655882008  2.62972261396e-34
3.63940171722  3.0211231349e-34
3.72417427333  3.42164054515e-34
3.81092143593  3.83148720434e-34
3.89968919952  4.2508804186e-34
3.99052462994  1.38564061546e-33
4.08347588934  3.7229963532e-32
4.17859226171  7.91131758409e-32
4.275924179  1.21971973491e-31
4.3755232479  1.65829080783e-31
4.47744227714  2.10707751338e-31
4.58173530554  2.56631780419e-31
4.68845763064  3.03625517555e-31
4.79766583804  3.51713879447e-31
4.90941783137  4.00922363182e-31
5.02377286302  1.84849006391e-30
5.14079156554  8.68057919726e-30
5.26053598379  1.56885734975e-29
5.38306960785  2.28598049549e-29
5.50845740668  3.01980758512e-29
5.63676586253  3.77072770349e-29
5.76806300625  4.53913899838e-29
5.90241845333  5.32544889163e-29
6.0399034408  1.3120239301e-28
6.18059086503  3.85888075962e-28
6.32455532034  6.46506150561e-28
6.47187313859  9.1319479996e-28
6.62262242965  1.18609542601e-27
6.77688312278  1.46535272424e-27
6.93473700905  1.75111476056e-27
7.09626778467  4.25791788465e-27
7.2615610954  8.35928129822e-27
7.43070458194  1.25561777381e-26
7.60378792641  1.68508324544e-26
7.78090289989  2.12455225298e-26
7.96214341107  2.58800774056e-26
8.14760555608  7.76192637145e-26
8.33738766941  1.43111381962e-25
8.53159037603  2.10129007614e-25
8.7303166448  2.78707674303e-25
8.93367184302  3.48883743347e-25
9.1417637923  6.53790374916e-25
9.35470282574  1.07740000229e-24
9.57260184645  1.51087676544e-24
9.79557638737  1.95445049948e-24
10.0237446725  2.53590814901e-24
10.2572276798  4.00414379896e-24
10.496149205  5.53023831646e-24
10.7406359274  7.09188014178e-24
10.9908174772  8.74983744283e-24
11.2468265038  1.15689500697e-23
11.5087987467  1.45624151995e-23
11.7768731071  1.76256070894e-23
12.0511917215  2.08759710358e-23
12.3319000372  2.46990970775e-23
12.6191468896  2.86143578494e-23
12.9130845807  3.26208167602e-23
13.2138689602  3.67218599144e-23
13.5216595078  4.09189533808e-23
13.8366194184  4.52138097129e-23
14.1589156877  4.94369039396e-23
14.4887192015  5.35776233339e-23
14.826204826  5.78147924732e-23
15.1715515006  6.19238806008e-23
15.5249423326  6.58935869608e-23
15.8865646945  6.99557596604e-23
16.2566103233  7.37881483128e-23
16.6352754221  7.75630606825e-23
17.022760764  8.13837040439e-23
17.4192717991  8.49094715679e-23
17.8250187627  8.85002510459e-23
18.2402167871  9.19413239356e-23
18.6650860159  9.5288613668e-23
19.0998517204  9.86303476696e-23
19.5447444191  1.01764815484e-22
20  1.04972e-22

