1 20 101
101
1  0
1.03041055791  4.06482722321e-44
1.06174591785  8.25326811009e-44
1.09403420358  1.25690818211e-43
1.12730439408  1.70161418349e-43
1.16158634964  2.15984394248e-43
1.1969108386  2.6320087241e-43
1.23330956497  3.11853230014e-43
1.27081519692  3.61985132958e-43
1.30946139606  4.13641575039e-43
1.34928284767  4.66868918343e-43
1.39031529185  5.21714934853e-43
1.43259555555  5.78228849325e-43
1.47616158565  6.36461383465e-43
1.52105248304  6.96464801457e-43
1.56730853766  7.58292956867e-43
1.61497126471  8.22001340978e-43
1.66408344188  8.87647132593e-43
1.71468914776  9.55289249356e-43
1.76683380139  1.02498840063e-42
1.82056420303  1.09680714197e-42
1.87592857615  1.17080993132e-42
1.93297661076  1.24706318677e-42
1.99175950792  4.17521147088e-39
2.05233002578  2.68612858928e-37
2.11474252688  5.88978016036e-37
2.17905302696  9.19085656307e-37
2.24531924523  1.25923205409e-36
2.31360065617  1.6097224936e-36
2.3839585429  1.97087154292e-36
2.45645605223  2.34300333631e-36
2.53115825126  2.72645186517e-36
2.60813218585  3.12156127771e-36
2.68744694072  3.52868618792e-36
2.76917370155  3.9481919938e-36
2.85338581877  4.38045520528e-36
2.94015887345  4.82586378218e-36
3.02957074514  1.00259764299e-33
3.12170168173  4.11030928754e-33
3.21663437151  7.31252817702e-33
3.31445401734  1.06121283295e-32
3.41524841318  1.40120711635e-32
3.51910802283  1.75154081559e-32
3.62612606115  2.11252835808e-32
3.73639857773  2.48449373314e-32
3.85002454306  2.86777078278e-32
3.96710593738  3.26270350133e-32
4.08774784223  1.12763308883e-30
4.21205853471  2.67733535583e-30
4.34014958471  4.27416493336e-30
4.472135955  5.91955498923e-30
4.60813610445  7.61498227469e-30
4.74827209431  9.36196844979e-30
4.89266969782  1.11620814491e-29
5.041458513  5.39768506017e-29
5.19477207907  2.07357859306e-28
5.35274799621  3.65403270058e-28
5.51552804914  5.28254929927e-28
5.68325833429  6.96058999629e-28
5.85608939099  8.6896608471e-28
6.03417633655  2.09748420077e-27
6.21767900547  7.76820740553e-27
6.40676209294  1.36360531123e-26
6.6015953026  1.96823432807e-26
6.80235349885  2.59125045064e-26
7.00921686386  3.79965419461e-26
7.22237105921  1.07187482381e-25
7.44200739256  1.81404773821e-25
7.66832298935  2.578790545e-25
7.9015209697  3.3667896072e-25
8.14181063074  6.72596052407e-25
8.38940763443  1.20099628434e-24
8.64453420113  1.74546546212e-24
8.90741930907  2.30649225136e-24
9.17829889981  3.77510223514e-24
9.45741609003  5.76483378437e-24
9.74502138973  7.8150741801e-24
10.041372927  1.01715046109e-23
10.34673668  1.39622471521e-23
10.661386715  1.78911153746e-23
10.9856054331  2.19680561205e-23
11.3196838233  2.67410928117e-23
11.6639217237  3.1717981105e-23
12.0186280908  3.68338961073e-23
12.3841212763  4.19883659701e-23
12.7607293136  4.72939861042e-23
13.1487902114  5.25591310882e-23
13.5486522576  5.76499707306e-23
13.9606743317  6.28795405218e-23
14.3852262269  6.77240508531e-23
14.8226889821  7.26386430589e-23
15.2734552238  7.73260554067e-23
15.7379295184  8.19043738838e-23
16.2165287354  8.63633256418e-23
16.7096824217  9.0635373011e-23
17.2178331866  9.48166663495e-23
17.7414370999  9.88220739685e-23
18.2809641002  1.02706060456e-22
18.8368984177  1.06477518865e-22
19.4097390079  1.10063330737e-22
20  1.13635e-22

