0.02 20 201
201
0.02  0
0.0207028433336  3.15843737247e-42
0.0214303861048  6.42786907754e-42
0.0221834963052  9.81219569652e-42
0.0229630724299  1.33154548857e-41
0.0237700445487  1.69418261931e-41
0.0246053754162  2.06956360455e-41
0.0254700616203  2.45813629095e-41
0.0263651347711  2.86036426345e-41
0.0272916627318  3.27672739841e-41
0.0282507508925  3.70772243605e-41
0.0292435434891  4.15386357315e-41
0.0302712249687  4.61568307645e-41
0.0313350214022  5.0937319177e-41
0.0324362019472  5.58858043102e-41
0.0335760803625  6.10081899328e-41
0.034756016575  6.63105872847e-41
0.0359774183026  7.17993223681e-41
0.0372417427333  7.74809434947e-41
0.0385504982638  8.33622290979e-41
0.0399052462994  8.94501958201e-41
0.0413076031162  9.57521068836e-41
0.04275924179  1.02275480756e-40
0.0442618941921  1.09028100121e-40
0.0458173530554  1.1601802116e-40
0.0474274741132  1.2325358317e-40
0.0490941783137  1.30743418506e-40
0.050819454111  6.23314640892e-36
0.0526053598379  1.98172763243e-35
0.0544540261616  3.38787819974e-35
0.0563676586253  4.84344394465e-35
0.05834854028  6.35016142359e-35
0.060399034408  7.90982821932e-35
0.0625215873425  9.52430508554e-35
0.0647187313859  1.11955181669e-34
0.0669930878316  1.29254612969e-34
0.0693473700905  1.47161983767e-34
0.071784386929  1.65698658375e-34
0.0743070458194  1.84886751892e-34
0.0769183564091  2.04749156589e-34
0.0796214341107  2.25309569223e-34
0.0824195038195  2.46592519304e-34
0.0853159037603  2.68623398365e-34
0.0883140894707  2.91428490249e-34
0.091417637923  3.15035002474e-34
0.0946302517923  3.39471098686e-34
0.0979557638737  3.64765932264e-34
0.101398141655  1.47996386153e-31
0.10496149205  5.24215622304e-31
0.108650066298  9.1365601756e-31
0.112468265038  1.3167821921e-30
0.116420643554  1.73407509385e-30
0.120511917215  2.16603257232e-30
0.124746967096  2.61316997249e-30
0.129130845807  3.0760207497e-30
0.133668783514  3.55513710608e-30
0.138366194184  4.05109064931e-30
0.143228682043  4.56447307462e-30
0.14826204826  5.09589687069e-30
0.153472297872  5.64599605039e-30
0.158865646945  6.21542690714e-30
0.164448529989  6.80486879798e-30
0.17022760764  7.41502495399e-30
0.176209774602  8.04662331933e-30
0.182402167871  8.70041741971e-30
0.188812175257  9.37718726133e-30
0.195447444191  1.00777402615e-29
0.202315890852  1.39957115914e-29
0.20942570961  2.45483084071e-29
0.216785382804  3.5471746339e-29
0.22440369086  4.67790575475e-29
0.232289722768  5.84837321711e-29
0.240452886923  7.05997344213e-29
0.248902922354  8.3141519242e-29
0.257649910339  9.61240495554e-29
0.266704286433  1.09562814113e-28
0.276076852921  1.23473845975e-28
0.285778791702  1.37873741636e-28
0.295821677634  1.52779680832e-28
0.306217492336  1.68209447027e-28
0.316978638492  1.84181448638e-28
0.32811795464  2.00714740991e-28
0.339648730492  2.1782904906e-28
0.351584722792  2.35544790996e-28
0.363940171722  2.53883102488e-28
0.376729817898  2.72865861979e-28
0.389968919952  2.92515716768e-28
0.403673272736  3.12856110029e-28
0.417859226171  3.33911308781e-28
0.432543704745  3.55706432836e-28
0.447744227714  3.78267484774e-28
0.463478929994  4.01621380959e-28
0.479766583804  4.25795983657e-28
0.496626621059  4.50824185133e-28
0.514079156554  4.77665264205e-28
0.53214501196  5.05687320921e-28
0.550845740668  5.34694133424e-28
0.570203653501  5.64720308167e-28
0.590241845333  5.95801667748e-28
0.610984222643  6.27975293647e-28
0.632455532034  6.61279570471e-28
0.654681389758  6.95754231741e-28
0.677688312278  7.31440407305e-28
0.701503747905  7.68380672398e-28
0.72615610954  8.06619098444e-28
0.751674808577  8.46201305632e-28
0.778090289989  8.87174517343e-28
0.805434068651  9.29587616489e-28
0.833738766941  9.73491203834e-28
0.863038153656  1.01893765836e-27
0.893367184302  1.06598119977e-27
0.924762042799  1.11467795316e-27
0.957260184645  1.16508601596e-27
0.99090038161  1.21726552732e-27
1.02572276798  3.32911736055e-26
1.06176888846  7.82175665824e-26
1.09908174772  1.2472277035e-25
1.13770586169  1.72862267739e-25
1.17768731071  2.22693491369e-25
1.21907379448  2.74275892167e-25
1.26191468896  3.2767101029e-25
1.30626110529  3.82942548555e-25
1.35216595078  4.4015644843e-25
1.399683992  4.99380968711e-25
1.44887192015  5.60686766955e-25
1.49978841866  6.24146983779e-25
1.55249423326  6.89837330121e-25
1.60705224437  7.57836177562e-25
1.66352754221  8.28224651835e-25
1.72198750437  9.01086729603e-25
1.78250187627  9.76509338652e-25
1.84514285431  1.0545824616e-24
1.90998517204  1.13539924325e-24
1.97710618931  1.21905610171e-24
2.04658598456  1.62380867485e-24
2.11850745035  2.20463140101e-24
2.19295639229  2.80586549622e-24
2.27002163134  3.42822826022e-24
2.34979510988  4.07246220021e-24
2.43237200129  4.73933591669e-24
2.51785082359  5.42964502048e-24
2.6063335569  6.14421308185e-24
2.69792576518  6.88389261314e-24
2.79273672211  7.6495660858e-24
2.89087954149  8.44214698326e-24
2.99247131219  9.25669406935e-24
3.09763323782  9.94317817539e-24
3.20649078138  1.06342297017e-23
3.31917381488  1.13495662759e-23
3.43581677432  1.20900413272e-23
3.55655882008  1.28565382762e-23
3.68154400294  1.36499715888e-23
3.81092143593  1.44712878671e-23
3.94484547223  1.53214669789e-23
4.08347588934  1.69656933221e-23
4.22697807967  1.91903503779e-23
4.3755232479  2.14931867029e-23
4.52928861519  2.38769496858e-23
4.68845763064  2.63444832648e-23
4.85322019016  2.889873132e-23
5.02377286302  3.13939120428e-23
5.20031912633  3.31417344588e-23
5.38306960785  3.49367096883e-23
5.57224233726  3.67947642366e-23
5.76806300625  3.87181148474e-23
5.97076523784  4.06970190233e-23
6.18059086503  4.1952771753e-23
6.39779021938  4.3103255013e-23
6.62262242965  4.42941687476e-23
6.85535573093  4.55269337712e-23
7.09626778467  4.67162931814e-23
7.34564600996  4.78125598598e-23
7.60378792641  4.89473517245e-23
7.87100150912  5.01220226341e-23
8.14760555608  5.1411733997e-23
8.43393006857  5.2813495776e-23
8.7303166448  5.42645185011e-23
9.0371188875  5.58255488157e-23
9.35470282574  5.78092542841e-23
9.68344735168  5.98709065421e-23
10.0237446725  6.19829945065e-23
10.3760007786  6.39821964025e-23
10.7406359274  6.60440258515e-23
11.1180851454  6.7913118016e-23
11.5087987467  6.9244947376e-23
11.9132428706  7.06231895429e-23
12.3319000372  7.18980798908e-23
12.7652697238  7.31760827628e-23
13.2138689602  7.43481791728e-23
13.6782329456  7.53901190834e-23
14.1589156877  7.64033606724e-23
14.6564906628  7.73153160867e-23
15.1715515006  7.81101744312e-23
15.7047126922  7.86238272548e-23
16.2566103233  7.90718195319e-23
16.8279028329  7.94358414061e-23
17.4192717991  7.96138413033e-23
18.0314227521  7.96844923822e-23
18.6650860159  7.94785132557e-23
19.3210175798  7.90905412958e-23
20  7.85149e-23

