2 20 101
101
2  0
2.04658598456  3.11903881416e-40
2.0942570961  6.31072937534e-40
2.14303861048  9.57676396012e-40
2.19295639229  1.29188742633e-39
2.2440369086  1.63388323159e-39
2.29630724299  1.98384514251e-39
2.34979510988  2.34195871352e-39
2.40452886923  2.70841382117e-39
2.46053754162  3.08340476481e-39
2.51785082359  3.46713036961e-39
2.57649910339  3.85979409196e-39
2.63651347711  4.26160412737e-39
2.69792576518  4.67277352083e-39
2.76076852921  5.09352027979e-39
2.82507508925  5.52406748977e-39
2.89087954149  5.96464343258e-39
2.95821677634  6.41548170743e-39
3.02712249687  5.22914026891e-36
3.09763323782  1.88060049289e-35
3.16978638492  3.26991153926e-35
3.24362019472  4.69158379711e-35
3.31917381488  6.14637105588e-35
3.39648730492  7.63504466305e-35
3.4756016575  9.15839393305e-35
3.55655882008  1.07172265658e-34
3.63940171722  1.23123690751e-34
3.72417427333  1.39446672265e-34
3.81092143593  1.56149864862e-34
3.89968919952  1.73242124795e-34
3.99052462994  5.20353176006e-34
4.08347588934  1.33979788179e-32
4.17859226171  2.8444860365e-32
4.275924179  4.38422288078e-32
4.3755232479  5.95982480349e-32
4.47744227714  7.57212720963e-32
4.58173530554  9.22198496326e-32
4.68845763064  1.09102728408e-31
4.79766583804  1.26378859949e-31
4.90941783137  1.44057404288e-31
5.02377286302  6.39912797995e-31
5.14079156554  2.97697965573e-30
5.26053598379  5.37421656806e-30
5.38306960785  7.8272923013e-30
5.50845740668  1.03375075086e-29
5.63676586253  1.29061931394e-29
5.76806300625  1.55347111448e-29
5.90241845333  1.82244551998e-29
6.0399034408  5.42610491118e-29
6.18059086503  1.74427538332e-28
6.32455532034  2.97393064657e-28
6.47187313859  4.23222826038e-28
6.62262242965  5.5198353908e-28
6.77688312278  6.83743474417e-28
6.93473700905  8.1857249291e-28
7.09626778467  2.69692363694e-27
7.2615610954  5.82636963978e-27
7.43070458194  9.02870980422e-27
7.60378792641  1.23056420534e-26
7.78090289989  1.56589038601e-26
7.96214341107  1.91953349141e-26
8.14760555608  5.87237952833e-26
8.33738766941  1.0876060859e-25
8.53159037603  1.59962929002e-25
8.7303166448  2.12357904669e-25
8.93367184302  2.65973316099e-25
9.1417637923  5.0490582527e-25
9.35470282574  8.37531288307e-25
9.57260184645  1.17790459369e-24
9.79557638737  1.52620621184e-24
10.0237446725  1.99896977836e-24
10.2572276798  3.27928390499e-24
10.496149205  4.6110016654e-24
10.7406359274  5.97373911732e-24
10.9908174772  7.43205934428e-24
11.2468265038  1.01199295313e-23
11.5087987467  1.29861675793e-23
11.7768731071  1.5919168888e-23
12.0511917215  1.90634064556e-23
12.3319000372  2.28942208886e-23
12.6191468896  2.68180703414e-23
12.9130845807  3.08333179892e-23
13.2138689602  3.50144446387e-23
13.5216595078  3.93230506205e-23
13.8366194184  4.37320169282e-23
14.1589156877  4.80893598189e-23
14.4887192015  5.23858454128e-23
14.826204826  5.67824090125e-23
15.1715515006  6.10552236755e-23
15.5249423326  6.51931122663e-23
15.8865646945  6.94273846642e-23
16.2566103233  7.34301285283e-23
16.6352754221  7.73767617336e-23
17.022760764  8.13720177102e-23
17.4192717991  8.50663847379e-23
17.8250187627  8.88292415032e-23
18.2402167871  9.24384751232e-23
18.6650860159  9.59519354597e-23
19.0998517204  9.9461263868e-23
19.5447444191  1.02758877815e-22
20  1.06133e-22

