0.2 20 151
151
0.2  0
0.206235454919  9.17609545823e-44
0.212665314327  1.86382765642e-43
0.219295639229  2.83954626889e-43
0.22613267959  3.84568512845e-43
0.233182880236  4.88319265552e-43
0.240452886923  5.95304683966e-43
0.247949552606  7.05625616147e-43
0.255679943893  8.19386054324e-43
0.263651347711  9.36693232919e-43
0.271871278176  1.05765772963e-42
0.280347483669  1.18239356968e-42
0.289087954149  1.31101833326e-42
0.298100928677  1.44365326641e-42
0.307394903187  1.5804233953e-42
0.316978638492  1.72145764405e-42
0.326861168545  1.8668889563e-42
0.33705180895  2.01685442051e-42
0.34756016575  2.17149539918e-42
0.358396144475  2.3309576621e-42
0.369569959484  2.49539152377e-42
0.381092143593  2.66495198511e-42
0.392973557999  2.83979887951e-42
0.405225402524  3.02009702355e-42
0.417859226171  3.20601637233e-42
0.430886938006  3.3977321797e-42
0.444320818391  3.59542516344e-42
0.458173530554  3.79928167563e-42
0.472458132527  4.00949387827e-42
0.487188089458  4.22625992447e-42
0.502377286302  3.99750058436e-36
0.518040040906  2.84522516517e-35
0.534191117512  5.39252773012e-35
0.550845740668  8.01924824661e-35
0.568019609583  1.07278627499e-34
0.585728912925  1.35209244714e-34
0.60399034408  1.64010662451e-34
0.622821116889  1.93710029897e-34
0.642238981873  2.24335342677e-34
0.662262242965  2.55915469244e-34
0.682909774767  2.88480178088e-34
0.704201040337  3.22060165802e-34
0.72615610954  3.56687086014e-34
0.748795677965  3.92393579225e-34
0.772141086431  4.2921330358e-34
0.796214341107  4.67180966592e-34
0.821038134255  5.06332357859e-34
0.846635865618  5.46704382802e-34
0.87303166448  5.88335097453e-34
0.900250412412  6.31263744326e-34
0.928317766723  6.7553078941e-34
0.957260184645  7.21177960315e-34
0.987104948279  7.68248285601e-34
1.0178801903  5.98391528609e-30
1.0496149205  1.66030926176e-29
1.08233905309  2.75533469567e-29
1.11608343495  3.88450003823e-29
1.15087987467  5.04886967873e-29
1.18676117255  6.24954119123e-29
1.2237611515  7.48764636918e-29
1.26191468896  8.76435229224e-29
1.30125774973  1.00808624264e-28
1.34182741991  1.14384177586e-28
1.38366194184  1.28382979661e-28
1.42680075014  1.42818226233e-28
1.47128450892  1.5770352445e-28
1.51715515006  1.73052905698e-28
1.56445591277  1.88880838819e-28
1.61323138435  2.05202243758e-28
1.66352754221  2.2203250562e-28
1.71539179718  2.39387489178e-28
1.76887303828  2.57283553824e-28
1.82402167871  2.75737568991e-28
1.88088970345  2.94766930057e-28
1.93953071822  3.14389574738e-28
2  6.29001841054e-28
2.06235454919  5.01935782012e-27
2.12665314327  9.85014887294e-27
2.19295639229  1.48315508249e-26
2.2613267959  1.99682593134e-26
2.33182880236  2.5265116373e-26
2.40452886923  3.07271149995e-26
2.47949552606  3.63594038571e-26
2.55679943893  4.2167292131e-26
2.63651347711  4.81562545324e-26
2.71871278176  5.43319364591e-26
2.80347483669  6.0700159317e-26
2.89087954149  6.72669260077e-26
2.98100928677  7.43305661654e-26
3.07394903187  1.82361847746e-25
3.16978638492  3.20899034137e-25
3.26861168545  4.6375543243e-25
3.3705180895  6.1106570388e-25
3.4756016575  7.62968708113e-25
3.58396144475  9.1960763402e-25
3.69569959484  1.08113013473e-24
3.81092143593  1.2476884668e-24
3.92973557999  1.41943963373e-24
4.05225402524  1.90847725495e-24
4.17859226171  2.84528412202e-24
4.30886938006  3.81129807403e-24
4.44320818391  4.80742970828e-24
4.58173530554  5.83461801202e-24
4.72458132527  6.89383124756e-24
4.87188089458  7.986067865e-24
5.02377286302  9.294692585e-24
5.18040040906  1.1571535144e-23
5.34191117512  1.39310330044e-23
5.50845740668  1.63640935775e-23
5.68019609583  1.88730103483e-23
5.85728912925  2.14601483061e-23
6.0399034408  2.41836169702e-23
6.22821116889  2.71948725086e-23
6.42238981873  3.03004493269e-23
6.62262242965  3.35028495664e-23
6.82909774767  3.68050919175e-23
7.04201040337  4.00974890362e-23
7.2615610954  4.30326731418e-23
7.48795677965  4.60571610063e-23
7.72141086431  4.91759441595e-23
7.96214341107  5.23854551106e-23
8.21038134255  5.51512207888e-23
8.46635865618  5.78931473815e-23
8.7303166448  6.07205597725e-23
9.00250412412  6.35949524781e-23
9.28317766723  6.60286878673e-23
9.57260184645  6.85014441216e-23
9.87104948279  7.10512941766e-23
10.178801903  7.33330471314e-23
10.496149205  7.54274409467e-23
10.8233905309  7.75871322531e-23
11.1608343495  7.9598063033e-23
11.5087987467  8.14270021807e-23
11.8676117255  8.33129626666e-23
12.237611515  8.50545834239e-23
12.6191468896  8.67337930991e-23
13.0125774973  8.84417993155e-23
13.4182741991  8.99456979048e-23
13.8366194184  9.14816565608e-23
14.2680075014  9.2884808884e-23
14.7128450892  9.42181205858e-23
15.1715515006  9.54997442015e-23
15.6445591277  9.66603582861e-23
16.1323138435  9.78062983596e-23
16.6352754221  9.88470817836e-23
17.1539179718  9.98793533476e-23
17.6887303828  1.00843721739e-22
18.2402167871  1.01784542524e-22
18.8088970345  1.02683057315e-22
19.3953071822  1.03522222461e-22
20  1.04344e-22

