3 20 101
101
3  0
3.05745688936  2.21602029173e-40
3.11601421011  4.47448246105e-40
3.17569303801  6.77619936735e-40
3.23651485253  9.12199943821e-40
3.29850154446  1.15127269674e-39
3.3616754239  1.39492424191e-39
3.4260592282  1.64324227369e-39
3.49167613021  1.89631616604e-39
3.55854974658  2.15423700459e-39
3.62670414627  2.41709761951e-39
3.69616385924  2.68499261886e-39
3.76695388521  2.95801842264e-39
3.83909970275  3.23627329757e-39
3.91262727838  3.51985739234e-39
3.98756307593  1.45530945628e-38
4.06393406609  1.1344056901e-36
4.1417677361  2.51074183611e-36
4.22109209963  3.91343798001e-36
4.30193570688  5.34299897629e-36
4.38432765487  6.79993934857e-36
4.46829759787  8.28478347478e-36
4.55387575811  9.79806577589e-36
4.64109293664  1.13403309082e-35
4.72998052444  1.29121339596e-35
4.82057051367  1.4514040649e-35
4.91289550923  1.61466275302e-35
5.00698874047  8.61595154371e-35
5.10288407317  7.19068522561e-34
5.20061602171  1.38532706514e-33
5.30021976151  2.06434598883e-33
5.40173114165  2.75636968425e-33
5.50518669785  3.46164722264e-33
5.61062366552  4.18043244553e-33
5.71807999326  4.91298405609e-33
5.82759435644  5.65956571227e-33
5.93920617117  6.42044612166e-33
6.05295560847  3.78316139519e-32
6.16888360871  1.05688226796e-31
6.28703189637  1.74844449606e-31
6.40744299507  2.45325172897e-31
6.53016024283  3.17155763895e-31
6.6552278077  3.90362075666e-31
6.78269070364  4.64970456422e-31
6.91259480676  5.41007759005e-31
7.04498687177  1.43906175169e-30
7.17991454885  3.97911993391e-30
7.31742640081  6.56782606344e-30
7.45757192053  9.2061118602e-30
7.60040154878  1.18949268887e-29
7.74596669241  1.46352388997e-29
7.89431974284  1.74280341787e-29
8.04551409486  3.34088741148e-29
8.19960416593  8.07773176385e-29
8.35664541573  1.29052975635e-28
8.51669436609  1.78253223345e-28
8.67980862141  2.28395768785e-28
8.84604688929  2.7949865912e-28
9.01546900177  3.87077843323e-28
9.18813593677  9.06570592545e-28
9.36410984009  1.44883857499e-27
9.54345404778  2.00149223459e-27
9.72623310891  2.56473048092e-27
9.91251280879  3.13875603312e-27
10.1023601927  5.60192381194e-27
10.29584359  9.74826334195e-27
10.4930326387  1.39740147958e-26
10.6939983105  1.82806990943e-26
10.8988129364  2.26698662872e-26
11.1075502328  3.686614802e-26
11.3202853277  6.06573135423e-26
11.5370947883  8.49041345198e-26
11.7580566479  1.09615337801e-25
11.9832504345  1.37338215831e-25
12.2127571994  2.34214729404e-25
12.4466595458  3.41450768651e-25
12.6850416593  4.50740624312e-25
12.9279893377  5.62123631688e-25
13.175590022  8.57796441507e-25
13.4279328281  1.23526645607e-24
13.6851085784  1.61996588826e-24
13.9472098349  2.01386281396e-24
14.2143309324  2.9040258123e-24
14.4865680123  3.9367081723e-24
14.7640190574  4.98916877101e-24
15.0467839273  6.22860754729e-24
15.3349643938  8.29294176694e-24
15.628664178  1.04048429311e-23
15.9279889875  1.25574380306e-23
16.2330465545  1.54587632919e-23
16.5439466745  1.86388673491e-23
16.8608012457  2.18798777019e-23
17.1837243096  2.5455938425e-23
17.5128320918  2.93112715393e-23
17.8482430438  3.32404431363e-23
18.1900778857  3.72644644225e-23
18.5384596499  4.13815007591e-23
18.893513725  4.55773877961e-23
19.2553679009  4.96949756288e-23
19.6241524153  5.38239976871e-23
20  5.80321e-23

