0.05 20 201
201
0.05  0
0.0515205278956  7.10189923125e-42
0.0530872958927  1.44197711803e-41
0.0547017101788  2.19601836981e-41
0.0563652197041  2.97299043675e-41
0.0580793174821  3.77359065772e-41
0.0598455419298  4.59853757807e-41
0.0616654782484  5.44857159452e-41
0.0635407598458  6.32445561966e-41
0.0654730698028  7.22697576666e-41
0.0674641423837  8.15694205486e-41
0.0695157645926  9.11518913672e-41
0.0716297777775  1.0102577047e-40
0.0738080792827  1.11199919744e-40
0.0760526241521  1.21683470575e-40
0.0783654268832  1.32485832035e-40
0.0807485632356  1.43616699333e-40
0.0832041720942  1.55086062517e-40
0.0857344573881  1.66904215433e-40
0.0883416900695  1.79081764974e-40
0.0910282101513  1.91629640589e-40
0.0937964288077  2.04559104103e-40
0.0966488305378  2.17881759816e-40
0.0995879753959  3.76375067372e-37
0.102616501289  2.42070507485e-35
0.105737126344  5.30778182205e-35
0.108952651348  8.28265618387e-35
0.112265962262  1.13479981347e-34
0.115680032808  1.45065588445e-34
0.119197927145  1.77611731477e-34
0.122822802612  2.11147620876e-34
0.126557912563  2.45703355382e-34
0.130406609292  2.81309949053e-34
0.134372347036  3.17999359103e-34
0.138458685077  3.55804514583e-34
0.142669290938  3.94759345932e-34
0.147007943673  4.34898815436e-34
0.151478537257  4.76258948601e-34
0.156085084087  5.18876866492e-34
0.160831718575  5.62790819042e-34
0.165722700867  6.0804021939e-34
0.170762420659  6.54665679248e-34
0.175955401141  7.02709045352e-34
0.181306303058  7.52213437024e-34
0.186819928886  8.03223284866e-34
0.192501227153  8.55784370639e-34
0.198355296869  9.09943868356e-34
0.204387392112  6.69637910961e-30
0.210602926736  1.61817008656e-29
0.217007479236  2.59554765481e-29
0.22360679775  3.60264782021e-29
0.230406805222  4.64037446351e-29
0.237413604716  5.70965895299e-29
0.244633484891  6.81146098036e-29
0.25207292565  7.94676942209e-29
0.259738603953  9.11660322693e-29
0.267637399811  1.03220123304e-28
0.275776402457  1.15640785973e-28
0.284162916714  1.28439167923e-28
0.292804469549  1.41626755809e-28
0.301708816827  1.55215385599e-28
0.310883950274  1.69217253203e-28
0.320338104647  1.83644925412e-28
0.33007976513  1.98511351183e-28
0.340117674943  2.13829873255e-28
0.350460843193  2.2961424013e-28
0.361118552961  2.45878618408e-28
0.372100369628  2.62637605504e-28
0.383416149468  2.79906242747e-28
0.395076048485  2.97700028883e-28
0.407090531537  3.16034933983e-28
0.419470381721  3.34927413776e-28
0.432226710057  3.5439442442e-28
0.445370965454  3.74453437719e-28
0.458914944991  3.95122456803e-28
0.472870804502  4.16420032289e-28
0.487251069486  4.38365278927e-28
0.502068646352  1.54580946979e-27
0.517336833998  8.74927208698e-27
0.533069335748  1.62734410761e-26
0.549280271653  2.4026424242e-26
0.565984191164  3.20151799515e-26
0.583196086186  4.02468781791e-26
0.600931404538  4.87289069424e-26
0.619206063817  5.74688789326e-26
0.63803646568  6.64746383471e-26
0.657439510569  7.57542679299e-26
0.677432612878  8.53160962254e-26
0.698033716583  9.51687050541e-26
0.719261311345  1.05320937214e-25
0.741134449107  1.15781904418e-25
0.763672761192  1.26560995471e-25
0.786896475921  1.37667884697e-25
0.810826436772  1.49112540621e-25
0.835484121084  1.60905234916e-25
0.860891659332  1.73056551625e-25
0.887071854993  1.85577396653e-25
0.914048205011  1.98479007565e-25
0.941844920883  2.11772963662e-25
0.970486950393  2.25471196381e-25
1  2.60587698391e-25
1.03041055791  5.86862832871e-25
1.06174591785  9.4470054798e-25
1.09403420358  1.31342030765e-24
1.12730439408  1.69335304092e-24
1.16158634964  2.08483974058e-24
1.1969108386  2.48823176919e-24
1.23330956497  2.90389117444e-24
1.27081519692  3.33219101411e-24
1.30946139606  3.77351569086e-24
1.34928284767  4.22826129725e-24
1.39031529185  4.69683597124e-24
1.43259555555  5.17966026249e-24
1.47616158565  5.6771675098e-24
1.52105248304  6.18980423008e-24
1.56730853766  6.71803051902e-24
1.61497126471  7.26232046411e-24
1.66408344188  7.8231625701e-24
1.71468914776  8.40106019743e-24
1.76683380139  8.99653201402e-24
1.82056420303  9.61011246078e-24
1.87592857615  1.02423522312e-23
1.93297661076  1.08938187659e-23
1.99175950792  1.15757122519e-23
2.05233002578  1.29399512159e-23
2.11474252688  1.44674659742e-23
2.17905302696  1.60414333084e-23
2.24531924523  1.76632658674e-23
2.31360065617  1.93344192594e-23
2.3839585429  2.10563933583e-23
2.45645605223  2.28307336503e-23
2.53115825126  2.46590326206e-23
2.60813218585  2.65429311825e-23
2.68744694072  2.84841201508e-23
2.76917370155  3.04843417586e-23
2.85338581877  3.25453912214e-23
2.94015887345  3.46691183483e-23
3.02957074514  3.67254845371e-23
3.12170168173  3.85692549057e-23
3.21663437151  4.04690953598e-23
3.31445401734  4.2426711022e-23
3.41524841318  4.44438588687e-23
3.51910802283  4.65223493069e-23
3.62612606115  4.86640477988e-23
3.73639857773  5.08708765368e-23
3.85002454306  5.31448161679e-23
3.96710593738  5.54879075719e-23
4.08774784223  5.72269375241e-23
4.21205853471  5.8757997737e-23
4.34014958471  6.03356183451e-23
4.472135955  6.19612152762e-23
4.60813610445  6.36362475168e-23
4.74827209431  6.53622184224e-23
4.89266969782  6.71406770662e-23
5.041458513  6.87393645952e-23
5.19477207907  6.97628399682e-23
5.35274799621  7.08174397983e-23
5.51552804914  7.19041105976e-23
5.68325833429  7.30238276622e-23
5.85608939099  7.41775959474e-23
6.03417633655  7.52788004424e-23
6.21767900547  7.60459147901e-23
6.40676209294  7.68342986142e-23
6.6015953026  7.76466576301e-23
6.80235349885  7.8483720937e-23
7.00921686386  7.93292633665e-23
7.22237105921  8.00304692445e-23
7.44200739256  8.07442412043e-23
7.66832298935  8.14797193676e-23
7.9015209697  8.22375638321e-23
8.14181063074  8.29140977446e-23
8.38940763443  8.35365318522e-23
8.64453420113  8.41778945282e-23
8.90741930907  8.48387614011e-23
9.17829889981  8.53740393562e-23
9.45741609003  8.58476481957e-23
9.74502138973  8.63356597443e-23
10.041372927  8.68080457991e-23
10.34673668  8.71245437976e-23
10.661386715  8.74478120971e-23
10.9856054331  8.77742650889e-23
11.3196838233  8.7977667229e-23
11.6639217237  8.81736108844e-23
12.0186280908  8.83658817127e-23
12.3841212763  8.84725369404e-23
12.7607293136  8.85780587464e-23
13.1487902114  8.86642790582e-23
13.5486522576  8.8715821276e-23
13.9606743317  8.87683733278e-23
14.3852262269  8.88036624195e-23
14.8226889821  8.88373470516e-23
15.2734552238  8.89017560241e-23
15.7379295184  8.89879670979e-23
16.2165287354  8.90421942761e-23
16.7096824217  8.90549127097e-23
17.2178331866  8.90577383698e-23
17.7414370999  8.90465332461e-23
18.2809641002  8.90172613432e-23
18.8368984177  8.89702904527e-23
19.4097390079  8.88982819896e-23
20  8.88144e-23

