3 20 101
101
3  0
3.05745688936  1.03018478922e-42
3.11601421011  2.08009998293e-42
3.17569303801  3.15012346369e-42
3.23651485253  4.24064035136e-42
3.29850154446  5.35204314175e-42
3.3616754239  6.48473184786e-42
3.4260592282  7.63911414386e-42
3.49167613021  8.81560551182e-42
3.55854974658  1.00146293912e-41
3.62670414627  1.12366173314e-41
3.69616385924  1.24820091469e-41
3.76695388521  1.37512530757e-41
3.83909970275  1.50448059404e-41
3.91262727838  1.63631333131e-41
3.98756307593  1.5201939514e-40
4.06393406609  1.41488972185e-38
4.1417677361  3.13520117695e-38
4.22109209963  4.88846054703e-38
4.30193570688  6.67529886033e-38
4.38432765487  8.49635923073e-38
4.46829759787  1.03522970892e-37
4.55387575811  1.22437804197e-37
4.64109293664  1.41714899998e-37
4.72998052444  1.61361196451e-37
4.82057051367  1.81383764599e-37
4.91289550923  2.01789810908e-37
5.00698874047  1.89877338574e-36
5.10288407317  1.73997971444e-35
5.20061602171  3.37182919517e-35
5.30021976151  5.03493234092e-35
5.40173114165  6.72988773116e-35
5.50518669785  8.45730540951e-35
5.61062366552  1.02178071033e-34
5.71807999326  1.20120264475e-34
5.82759435644  1.38406092125e-34
5.93920617117  1.57042135366e-34
6.05295560847  1.39058972419e-33
6.16888360871  4.06879397562e-33
6.28703189637  6.79829198885e-33
6.40744299507  9.58006615719e-33
6.53016024283  1.24151176891e-32
6.6552278077  1.53044669684e-32
6.78269070364  1.82491539216e-32
6.91259480676  2.12502383923e-32
7.04498687177  7.07320218151e-32
7.17991454885  2.13084836436e-31
7.31742640081  3.58164034363e-31
7.45757192053  5.06021832098e-31
7.60040154878  6.56711446209e-31
7.74596669241  8.10287112482e-31
7.89431974284  9.66804105443e-31
8.04551409486  2.0995907745e-30
8.19960416593  5.55721787933e-30
8.35664541573  9.0810664835e-30
8.51669436609  1.26724048808e-29
8.67980862141  1.63325256558e-29
8.84604688929  2.00627461488e-29
9.01546900177  2.89358124798e-29
9.18813593677  7.54314739506e-29
9.36410984009  1.23989660042e-28
9.54345404778  1.73477846909e-28
9.72623310891  2.23913846202e-28
9.91251280879  2.75315810705e-28
10.1023601927  5.31249916287e-28
10.29584359  9.69389780259e-28
10.4930326387  1.41592102879e-27
10.6939983105  1.87100437618e-27
10.8988129364  2.33480361474e-27
11.1075502328  4.03402907509e-27
11.3202853277  6.94187530495e-27
11.5370947883  9.90541346784e-27
11.7580566479  1.29257101922e-26
11.9832504345  1.63780655143e-26
12.2127571994  3.00129582758e-26
12.4466595458  4.51626752504e-26
12.6850416593  6.06025440956e-26
12.9279893377  7.63381218863e-26
13.175590022  1.25059992319e-25
13.4279328281  1.88376029825e-25
13.6851085784  2.52904714852e-25
13.9472098349  3.19113725644e-25
14.2143309324  5.05311939235e-25
14.4865680123  7.25555820446e-25
14.7640190574  9.50017877763e-25
15.0467839273  1.24477134763e-24
15.3349643938  1.86209829084e-24
15.628664178  2.49442511521e-24
15.9279889875  3.1390589005e-24
16.2330465545  4.36062632433e-24
16.5439466745  5.78371255248e-24
16.8608012457  7.23405414996e-24
17.1837243096  9.25942904624e-24
17.5128320918  1.17461641572e-23
17.8482430438  1.42805259563e-23
18.1900778857  1.7301405969e-23
18.5384596499  2.07365198403e-23
18.893513725  2.42374240309e-23
19.2553679009  2.80602868151e-23
19.6241524153  3.2064696586e-23
20  3.61458e-23

