3 20000 251
251
3  0
3.10754116011  1.28862586681e-41
3.21893735392  2.62344517384e-41
3.33432677304  4.00611381981e-41
3.45385256282  5.43834706252e-41
3.57766299997  6.92192164672e-41
3.70591167647  8.45867800821e-41
3.83875769011  1.0050522557e-40
3.9763658419  1.16994300423e-40
4.11890684045  1.25613305665e-37
4.26655751378  2.81442832862e-37
4.41950102868  4.42858389437e-37
4.57792711792  6.10060218083e-37
4.74203231564  7.83255739604e-37
4.91202020113  9.62659810229e-37
5.08810165143  5.68361999894e-35
5.27049510288  1.72316804959e-34
5.45942682211  2.91937049337e-34
5.65513118677  4.15845327e-34
5.85785097623  5.44195351306e-34
6.0678376728  5.67462242676e-33
6.28535177369  2.18362014566e-32
6.51066311417  3.85771254725e-32
6.74405120229  5.5918162285e-32
6.98580556566  7.38808241696e-32
7.2362261106  7.84399676803e-31
7.49562349418  1.56345476766e-30
7.76431950961  2.37043668794e-30
8.04264748544  5.56139427385e-30
8.33095269908  2.23478452358e-29
8.6295928051  3.97360410013e-29
8.93893827894  5.77475523483e-29
9.25937287649  2.34232424684e-28
9.59129411015  4.5553158286e-28
9.935113742  6.8476366377e-28
10.2912582945  2.23416434917e-27
10.6601695799  4.14185901241e-27
11.0423052477  7.15760464371e-27
11.4381393532  1.89322778738e-26
11.8481629451  3.11290384435e-26
12.2728846745  7.23558024657e-26
12.7128314264  1.31540178598e-25
13.168548973  2.53478951333e-25
13.6406026509  4.86796350362e-25
14.1295780621  8.56965925476e-25
14.6360818009  1.60955515066e-24
15.1607422064  2.72513982745e-24
15.7042101414  4.66872393362e-24
16.2671598004  7.50353370489e-24
16.8502895459  1.13821647177e-23
17.4543227746  1.67028912628e-23
18.0800088146  2.22761085885e-23
18.7281238555  2.64498640127e-23
19.3994719108  3.26810309455e-23
20.0948858158  4.09490503014e-23
20.81522826  5.12352948575e-23
21.5613928584  6.35230186237e-23
22.3343052589  7.77973071429e-23
23.1349242915  9.40450286559e-23
23.9642431572  1.12254786063e-22
24.8232906606  1.19081723641e-22
25.7131324857  1.25066249904e-22
26.6348725182  1.30760596864e-22
27.5896542149  1.36174908837e-22
28.5786620219  1.41318965912e-22
29.6031228447  1.4620219675e-22
30.6643075692  1.50833690995e-22
31.7635326391  1.55222211324e-22
32.9021616888  1.59376205118e-22
34.0816072348  1.63303815808e-22
35.3033324283  1.67012893869e-22
36.5688528699  1.70511007502e-22
37.8797384904  1.73805452999e-22
39.2376154977  1.76903264815e-22
40.6441683945  1.79811225354e-22
42.1011420681  1.82535874477e-22
43.6103439547  1.85083518752e-22
45.1736462819  1.87460240459e-22
46.792988391  1.8967190635e-22
48.4703791432  1.9172417619e-22
50.2078994111  1.93622511081e-22
52.0077046609  1.95372181594e-22
53.8720276255  1.969782757e-22
55.8031810749  1.98445706533e-22
57.803560685  1.99779219988e-22
59.8756480098  2.00983402163e-22
62.0220135595  2.0206268666e-22
64.2453199896  2.0302136176e-22
66.548325404  2.03863577479e-22
68.9338867764  2.04593352519e-22
71.4049634946  2.05214581116e-22
73.9646210318  2.05731039818e-22
76.6160347494  2.06146394179e-22
79.362493836  2.06464205389e-22
82.207405388  2.06687936858e-22
85.1542986363  2.06820960747e-22
88.2068293241  2.06866564464e-22
91.3687842424  2.06827957131e-22
94.6440859274  2.06708276026e-22
98.0367975267  2.06510592999e-22
101.55112784  2.06237920875e-22
105.191436539  2.05893219837e-22
108.962239579  2.05479403785e-22
112.868214796  2.04999346671e-22
116.914207716  2.04455888799e-22
121.105237559  2.03851843076e-22
125.446503473  2.03190001201e-22
129.943390978  2.02473139761e-22
134.601478649  2.01704026224e-22
139.426545038  2.00885424777e-22
144.424575839  2.0002010198e-22
149.601771317  1.99110832184e-22
154.964553998  1.98160402668e-22
160.519576635  1.97171618414e-22
166.273730466  1.96147306467e-22
172.234153755  1.95090319792e-22
178.408240657  1.94003540539e-22
184.803650381  1.92889882622e-22
191.428316699  1.9175229352e-22
198.290457784  1.90593755169e-22
205.398586407  1.89417283858e-22
212.761520496  1.88225928997e-22
220.388394076  1.8702277066e-22
228.288668601  1.85810915784e-22
236.472144687  1.8459349293e-22
244.948974278  1.83373645529e-22
253.729673232  1.82154523537e-22
262.82513437  1.80939273473e-22
272.246640988  1.79731026819e-22
282.005880857  1.78532886816e-22
292.114960719  1.77347913733e-22
302.586421305  1.76270860561e-22
313.433252899  1.75119300106e-22
324.668911443  1.73989749412e-22
336.307335239  1.72884915716e-22
348.362962233  1.71807372487e-22
360.850747932  1.70759539797e-22
373.786183952  1.69743665028e-22
387.185317237  1.68761804345e-22
401.064769967  1.67815805376e-22
415.441760181  1.66907291549e-22
430.33412313  1.66037648514e-22
445.760333408  1.65208013045e-22
461.739527869  1.6441926479e-22
478.291529368  1.63672021163e-22
495.436871347  1.6296663561e-22
513.196823315  1.6230319943e-22
531.593417229  1.61681547224e-22
550.649474827  1.61101266014e-22
570.388635939  1.60561708004e-22
590.835387813  1.60062006926e-22
612.015095492  1.59601097922e-22
633.954033283  1.59177740991e-22
656.679417347  1.58790548163e-22
680.219439467  1.58438014973e-22
704.603302016  1.58118557619e-22
729.861254188  1.57830559476e-22
756.024629519  1.57572750863e-22
783.125884761  1.57358163002e-22
811.198640147  1.57193905041e-22
840.277721093  1.57079272905e-22
870.399201406  1.57013396409e-22
901.600448031  1.56377927081e-22
933.920167409  1.56455098874e-22
967.398453493  1.56573648434e-22
1002.07683748  1.56734194367e-22
1037.99833936  1.56937236592e-22
1075.20752123  1.57183153632e-22
1113.75054262  1.57472200902e-22
1153.67521776  1.5780450999e-22
1195.03107486  1.58180088986e-22
1237.86941758  1.58598823812e-22
1282.24338866  1.59060480577e-22
1328.20803584  1.59564708868e-22
1375.82038019  1.60111045961e-22
1425.13948679  1.62395732117e-22
1476.22653803  1.6367480517e-22
1529.14490952  1.64862391708e-22
1583.9602487  1.65967756046e-22
1640.74055627  1.66999199206e-22
1699.55627056  1.67964202483e-22
1760.48035489  1.68869543766e-22
1823.58838813  1.69721392481e-22
1888.9586584  1.70525387608e-22
1956.67226024  1.71286702193e-22
2026.81319518  1.7201009697e-22
2099.46847595  1.72699965184e-22
2174.72823446  1.73360370212e-22
2252.68583354  1.73782566726e-22
2333.43798284  1.7430744915e-22
2417.08485874  1.74786173333e-22
2503.73022867  1.75221871306e-22
2593.4815798  1.75617426378e-22
2686.45025241  1.75975500438e-22
2782.75157798  1.76298557566e-22
2882.50502231  1.76588884513e-22
2985.83433368  1.76848608531e-22
3092.86769639  1.77079712934e-22
3203.73788976  1.77284050711e-22
3318.58245288  1.77463356467e-22
3437.54385517  1.77619256907e-22
3560.76967321  1.77753280069e-22
3688.41277372  1.77866863459e-22
3820.63150327  1.77961361238e-22
3957.58988467  1.78038050571e-22
4099.45782048  1.78098137255e-22
4246.41130375  1.78142760709e-22
4398.63263638  1.78172998407e-22
4556.31065525  1.78189869835e-22
4719.64096648  1.78194340015e-22
4888.82618808  1.78187322662e-22
5064.07620136  1.78169683024e-22
5245.60841122  1.7814224044e-22
5433.64801588  1.78105770659e-22
5628.4282863  1.78061007945e-22
5830.19085546  1.7800864701e-22
6039.18601821  1.77949344786e-22
6255.67304171  1.77883722069e-22
6479.9204871  1.77812365049e-22
6712.20654262  1.77735826745e-22
6952.81936878  1.7765462836e-22
7202.05745576  1.77569260561e-22
7460.22999374  1.77480184712e-22
7727.65725647  1.77387834047e-22
8004.67099856  1.77292614809e-22
8291.61486705  1.77194907348e-22
8588.84482771  1.77095067192e-22
8896.72960662  1.76993426089e-22
9215.65114764  1.76890293027e-22
9546.00508616  1.76785955232e-22
9888.20123995  1.76680679143e-22
10242.6641175  1.7657471137e-22
10609.8334448  1.76468279638e-22
10990.1647105  1.76361593702e-22
11384.1297314  1.76254846252e-22
11792.2172375  1.76148213796e-22
12214.9334781  1.76041857522e-22
12652.8028504  1.75935924139e-22
13106.3685495  1.75830546701e-22
13576.1932423  1.75725845399e-22
14062.859766  1.75621928342e-22
14566.9718506  1.75518892306e-22
15089.1548679  1.75416823456e-22
15630.0566078  1.75315798054e-22
16190.3480812  1.75215883125e-22
16770.7243529  1.75117137109e-22
17371.9054038  1.75019610482e-22
17994.6370239  1.74923346348e-22
18639.6917377  1.74828381005e-22
19307.8697622  1.74734744483e-22
20000  1.74642461059e-22

