2 20 101
101
2  0
2.04658598456  1.50127993848e-40
2.0942570961  3.03752917898e-40
2.14303861048  4.60956226117e-40
2.19295639229  6.21821269782e-40
2.2440369086  7.86433341667e-40
2.29630724299  9.54879721272e-40
2.34979510988  1.1272497211e-39
2.40452886923  1.303634734e-39
2.46053754162  1.48412828164e-39
2.51785082359  1.6688260641e-39
2.57649910339  1.85782601057e-39
2.63651347711  2.05122833134e-39
2.69792576518  2.24913557088e-39
2.76076852921  2.45165266222e-39
2.82507508925  2.6588869826e-39
2.89087954149  2.87094841041e-39
2.95821677634  3.08794938342e-39
3.02712249687  2.0908405713e-36
3.09763323782  7.51805070888e-36
3.16978638492  1.30716768103e-35
3.24362019472  1.87546634816e-35
3.31917381488  2.45700239176e-35
3.39648730492  3.05208414993e-35
3.4756016575  3.66102714291e-35
3.55655882008  4.28415424032e-35
3.63940171722  4.92179583239e-35
3.72417427333  5.57429000515e-35
3.81092143593  6.24198271964e-35
3.89968919952  6.92522799538e-35
3.99052462994  1.94566594397e-34
4.08347588934  4.81793013904e-33
4.17859226171  1.02200004754e-32
4.275924179  1.57479011944e-32
4.3755232479  2.14045632622e-32
4.47744227714  2.71929859158e-32
4.58173530554  3.31162382537e-32
4.68845763064  3.91774608625e-32
4.79766583804  4.53798674828e-32
4.90941783137  5.17267467126e-32
5.02377286302  2.07910115679e-31
5.14079156554  9.4098301609e-31
5.26053598379  1.6929275144e-30
5.38306960785  2.4623870501e-30
5.50845740668  3.24976960082e-30
5.63676586253  4.05549264722e-30
5.76806300625  4.87998339433e-30
5.90241845333  5.72367899804e-30
6.0399034408  1.49997084627e-29
6.18059086503  4.55437290767e-29
6.32455532034  7.67992113271e-29
6.47187313859  1.08782727284e-28
6.62262242965  1.41511235032e-28
6.77688312278  1.75002087658e-28
6.93473700905  2.09273042455e-28
7.09626778467  5.57083807545e-28
7.2615610954  1.12995207449e-27
7.43070458194  1.71616415755e-27
7.60378792641  2.31603087414e-27
7.78090289989  2.92987028153e-27
7.96214341107  3.57024113728e-27
8.14760555608  8.40681494133e-27
8.33738766941  1.44724201893e-26
8.53159037603  2.06793115334e-26
8.7303166448  2.70307799497e-26
8.93367184302  3.35301930708e-26
9.1417637923  6.32564579167e-26
9.35470282574  1.04723119301e-25
9.57260184645  1.47155663309e-25
9.79557638737  1.90576588237e-25
10.0237446725  2.53906988149e-25
10.2572276798  4.4809093296e-25
10.496149205  6.50303360394e-25
10.7406359274  8.57225920339e-25
10.9908174772  1.09090488556e-24
11.2468265038  1.74084645461e-24
11.5087987467  2.44570373201e-24
11.7768731071  3.16697924453e-24
12.0511917215  4.08591490782e-24
12.3319000372  5.80242150128e-24
12.6191468896  7.56372440858e-24
12.9130845807  9.3660533309e-24
13.2138689602  1.20122741077e-23
13.5216595078  1.50536171455e-23
13.8366194184  1.81658021631e-23
14.1589156877  2.16811812392e-23
14.4887192015  2.56263568322e-23
14.826204826  2.96634273698e-23
15.1715515006  3.38301131415e-23
15.5249423326  3.81307382105e-23
15.8865646945  4.2531537706e-23
16.2566103233  4.6840975891e-23
16.6352754221  5.11630971949e-23
17.022760764  5.55455736467e-23
17.4192717991  5.96633451731e-23
17.8250187627  6.38606798444e-23
18.2402167871  6.79014126397e-23
18.6650860159  7.1846659076e-23
19.0998517204  7.57873445683e-23
19.5447444191  7.94905677222e-23
20  8.327971e-23

