1 20 101
101
1  0
1.03041055791  1.21948465963e-39
1.06174591785  2.47605452813e-39
1.09403420358  3.77083738738e-39
1.12730439408  5.10499531575e-39
1.16158634964  6.47972573107e-39
1.1969108386  7.8962624653e-39
1.23330956497  9.35587687191e-39
1.27081519692  1.0859878967e-38
1.30946139606  1.24096186048e-38
1.34928284767  1.40064866897e-38
1.39031529185  1.56519164239e-38
1.43259555555  1.73473845944e-38
1.47616158565  1.90944128979e-38
1.52105248304  2.08945693067e-38
1.56730853766  2.27494694763e-38
1.61497126471  2.46607781949e-38
1.66408344188  2.66302108779e-38
1.71468914776  2.86595351076e-38
1.76683380139  3.07505722194e-38
1.82056420303  3.29051989363e-38
1.87592857615  3.51253490538e-38
1.93297661076  3.74130151749e-38
1.99175950792  5.61393933058e-36
2.05233002578  3.5876922505e-34
2.11474252688  7.86615027444e-34
2.17905302696  1.22747185939e-33
2.24531924523  1.68173539355e-33
2.31360065617  2.14981333523e-33
2.3839585429  2.63212578826e-33
2.45645605223  3.12910563207e-33
2.53115825126  3.6411989102e-33
2.60813218585  4.16886523063e-33
2.68744694072  4.71257817825e-33
2.76917370155  5.27282573995e-33
2.85338581877  5.85011074257e-33
2.94015887345  6.44495130419e-33
3.02957074514  2.11495810376e-31
3.12170168173  8.49076425027e-31
3.21663437151  1.50604622188e-30
3.31445401734  2.18299483679e-30
3.41524841318  2.88052983676e-30
3.51910802283  3.59927726524e-30
3.62612606115  4.33988220401e-30
3.73639857773  5.10300935216e-30
3.85002454306  5.88934362265e-30
3.96710593738  6.69959075701e-30
4.08774784223  6.42617376802e-29
4.21205853471  1.45486439868e-28
4.34014958471  2.29181230565e-28
4.472135955  3.15421226541e-28
4.60813610445  4.0428382891e-28
4.74827209431  4.95848792594e-28
4.89266969782  5.90198297908e-28
5.041458513  1.33559480723e-27
5.19477207907  3.83273121584e-27
5.35274799621  6.40580693581e-27
5.51552804914  9.05713132397e-27
5.68325833429  1.1789083966e-26
5.85608939099  1.4604116812e-26
6.03417633655  2.30472746489e-26
6.21767900547  5.49907496238e-26
6.40676209294  8.80358364971e-26
6.6015953026  1.22085842898e-25
6.80235349885  1.57171328991e-25
7.00921686386  2.0930517727e-25
7.22237105921  4.23107209681e-25
7.44200739256  6.51655726533e-25
7.66832298935  8.87154531291e-25
7.9015209697  1.12981498609e-24
8.14181063074  1.7716412081e-24
8.38940763443  2.71333184417e-24
8.64453420113  3.68365981786e-24
8.90741930907  4.68349600659e-24
9.17829889981  6.55376985924e-24
9.45741609003  8.93036620763e-24
9.74502138973  1.13792361769e-23
10.041372927  1.40685215296e-23
10.34673668  1.77669300912e-23
10.661386715  2.15933577019e-23
10.9856054331  2.55476330237e-23
11.3196838233  2.98519366893e-23
11.6639217237  3.43107125186e-23
12.0186280908  3.88752930178e-23
12.3841212763  4.3295803235e-23
12.7607293136  4.78372065738e-23
13.1487902114  5.23035745441e-23
13.5486522576  5.65525886193e-23
13.9606743317  6.09162653571e-23
14.3852262269  6.49204020079e-23
14.8226889821  6.89764254357e-23
15.2734552238  7.28231665991e-23
15.7379295184  7.6564651029e-23
16.2165287354  8.01893974309e-23
16.7096824217  8.36368869052e-23
17.2178331866  8.70041649874e-23
17.7414370999  9.02197161033e-23
18.2809641002  9.33296387237e-23
18.8368984177  9.63412461082e-23
19.4097390079  9.91764688422e-23
20  1.01988e-22

