2 20 101
101
2  0
2.04658598456  2.0519216174e-42
2.0942570961  4.15163862919e-42
2.14303861048  6.30026433313e-42
2.19295639229  8.49893795901e-42
2.2440369086  1.07488252727e-41
2.29630724299  1.30511191942e-41
2.34979510988  1.54070404302e-41
2.40452886923  1.78178381214e-41
2.46053754162  2.02847905046e-41
2.51785082359  2.28092055907e-41
2.57649910339  2.53924218578e-41
2.63651347711  2.80358089616e-41
2.69792576518  3.07407684607e-41
2.76076852921  3.35087345605e-41
2.82507508925  3.63411748734e-41
2.89087954149  3.92395911966e-41
2.95821677634  4.22055203088e-41
3.02712249687  7.31556099594e-38
3.09763323782  2.63224783099e-37
3.16978638492  4.57721236021e-37
3.24362019472  6.5674809332e-37
3.31917381488  8.6041088167e-37
3.39648730492  1.06881758578e-36
3.4756016575  1.28207870563e-36
3.55655882008  1.50030731511e-36
3.63940171722  1.7236191219e-36
3.72417427333  1.95213252888e-36
3.81092143593  2.18596869689e-36
3.89968919952  2.42525160896e-36
3.99052462994  1.01785656174e-35
4.08347588934  3.03361975618e-34
4.17859226171  6.45955392864e-34
4.275924179  9.96528835934e-34
4.3755232479  1.35526818351e-33
4.47744227714  1.72236364393e-33
4.58173530554  2.09800985609e-33
4.68845763064  2.48240599256e-33
4.79766583804  2.87575586527e-33
4.90941783137  3.27826803353e-33
5.02377286302  1.80080032116e-32
5.14079156554  8.79128382811e-32
5.26053598379  1.59617768122e-31
5.38306960785  2.32992920339e-31
5.50845740668  3.08077199411e-31
5.63676586253  3.84910416016e-31
5.76806300625  4.63533308142e-31
5.90241845333  5.43987562688e-31
6.0399034408  1.71748989254e-30
6.18059086503  5.64888445808e-30
6.32455532034  9.67185296689e-30
6.47187313859  1.37885284501e-29
6.62262242965  1.80010936236e-29
6.77688312278  2.23117820452e-29
6.93473700905  2.67228792988e-29
7.09626778467  8.28211640237e-29
7.2615610954  1.76011449918e-28
7.43070458194  2.71372416422e-28
7.60378792641  3.68954625183e-28
7.78090289989  4.68809815579e-28
7.96214341107  5.73460603425e-28
8.14760555608  1.52467209613e-27
8.33738766941  2.72341487324e-27
8.53159037603  3.95007995661e-27
8.7303166448  5.2053177403e-27
8.93367184302  6.489793768e-27
9.1417637923  1.34063020388e-26
9.35470282574  2.31660751692e-26
9.57260184645  3.31531826197e-26
9.79557638737  4.33729196869e-26
10.0237446725  5.93884097688e-26
10.2572276798  1.13825639782e-25
10.496149205  1.70561760952e-25
10.7406359274  2.28619436155e-25
10.9908174772  2.96253255783e-25
11.2468265038  5.19474798061e-25
11.5087987467  7.62807715912e-25
11.7768731071  1.01180858554e-24
12.0511917215  1.36333124754e-24
12.3319000372  2.13812771209e-24
12.6191468896  2.93354584347e-24
12.9130845807  3.74749164324e-24
13.2138689602  5.2868742897e-24
13.5216595078  7.15591084519e-24
13.8366194184  9.06848285475e-24
14.1589156877  1.15820270107e-23
14.4887192015  1.47394998913e-23
14.826204826  1.79705197633e-23
15.1715515006  2.16108105279e-23
15.5249423326  2.56821556251e-23
15.8865646945  2.98483345322e-23
16.2566103233  3.41832531368e-23
16.6352754221  3.86515770353e-23
17.022760764  4.32010388491e-23
17.4192717991  4.76477641942e-23
17.8250187627  5.21887624862e-23
18.2402167871  5.66159544535e-23
18.6650860159  6.09825946883e-23
19.0998517204  6.53553081103e-23
19.5447444191  6.95034166939e-23
20  7.374781e-23

