2 20000 251
251
2  0
2.07505683164  1.20451130604e-37
2.15293042726  2.45422601324e-37
2.23372649556  3.75084053362e-37
2.31755471231  5.09611494287e-37
2.40452886923  6.49187536955e-37
2.49476702849  7.9400164739e-37
2.5883916829  9.44250401978e-37
2.68552992228  1.1001377543e-36
2.78631360589  1.26187531201e-36
2.89087954149  1.42968262403e-36
2.999369671  1.60378747864e-36
3.11193126321  1.09936336829e-33
3.22871711365  2.24473298545e-33
3.34988575205  3.43308650987e-33
3.4756016575  4.6660370595e-33
3.60603548172  5.94525829003e-33
3.74136428073  7.27248666683e-33
3.88177175519  8.64952382204e-33
4.02744849972  9.38046921657e-32
4.17859226171  5.5632246334e-31
4.33540820964  1.03619779375e-30
4.49810921167  1.53408208511e-30
4.66691612456  2.05065118518e-30
4.84205809347  2.58660630524e-30
5.02377286302  7.48936437028e-30
5.2123071  4.25383701936e-29
5.40791672822  7.89027096815e-29
5.6108672759  1.16631745223e-28
5.82143423613  1.55776691698e-28
6.0399034408  3.51705622506e-28
6.26657144863  1.27609671758e-27
6.50174594771  2.23517874605e-27
6.74574617318  3.23025360368e-27
6.99890334057  4.26267204434e-27
7.2615610954  1.59678618886e-26
7.53407597968  2.81585879779e-26
7.81681791585  4.08068127049e-26
8.11017070897  8.15914494222e-26
8.41453256769  1.71626226887e-25
8.7303166448  2.65039866919e-25
9.05795159807  4.20605866459e-25
9.3978821721  8.65170242798e-25
9.75056980207  1.32641841591e-24
10.1164932401  2.11678805263e-24
10.496149205  3.62951154158e-24
10.8900530568  5.19900514664e-24
11.2987394962  8.08469666271e-24
11.7227632903  1.15587800643e-23
12.1627000256  1.57147788462e-23
12.6191468896  2.1001822819e-23
13.0927234813  2.65824637772e-23
13.5840726523  3.27781629392e-23
14.0938613793  3.91522564625e-23
14.6227816697  4.55167359731e-23
15.1715515006  5.19203920431e-23
15.7409157939  5.81088381799e-23
16.3316474272  6.41334805442e-23
16.9445482828  7.00632142809e-23
17.5804503366  7.55635848161e-23
18.2402167871  8.01370657449e-23
18.9247432273  8.3684006509e-23
19.6349588604  8.84048080708e-23
20.3718277611  9.42818466038e-23
21.1363501843  1.01298459091e-22
21.9295639229  1.09438892195e-22
22.7525457165  1.18688250969e-22
23.606412713  1.29032447311e-22
24.4923239853  1.35809159086e-22
25.4114821042  1.38897621472e-22
26.3651347711  1.41806330557e-22
27.3545765119  1.44541734329e-22
28.3811504338  1.47110038087e-22
29.4462500487  1.49517213438e-22
30.5513211648  1.51769007011e-22
31.6978638492  1.5387094892e-22
32.8874344643  1.55828360972e-22
34.1216477801  1.57646364623e-22
35.4021791663  1.5932988872e-22
36.730766867  1.60883677003e-22
38.1092143593  1.62312295406e-22
39.5393928022  1.6362013915e-22
41.0232435765  1.64811439647e-22
42.5627809197  1.65890271221e-22
44.1600946604  1.66860557654e-22
45.8173530554  1.67726078578e-22
47.5368057325  1.68490475708e-22
49.3207867447  1.69157258939e-22
51.1717177381  1.69729812308e-22
53.0921112395  1.70211399845e-22
55.0845740668  1.706051713e-22
57.1518108675  1.70914167784e-22
59.2966277905  1.71141327315e-22
61.5219362948  1.71289490289e-22
63.830757102  1.71361404876e-22
66.2262242965  1.71359732368e-22
68.71158958  1.71287052475e-22
71.2902266852  1.71145868582e-22
73.9656359561  1.70938612985e-22
76.7414490985  1.70667652095e-22
79.6214341107  1.70335291652e-22
82.609500398  1.6994378192e-22
85.7097040795  1.69495322897e-22
88.9262534938  1.68992069534e-22
92.2635149121  1.68436136975e-22
95.7260184645  1.6782960581e-22
99.3184642901  1.67174527356e-22
103.045728916  1.6647292896e-22
106.912871879  1.65726819315e-22
110.925142592  1.64938193795e-22
115.087987467  1.64109039779e-22
119.407057317  1.63241341979e-22
123.888215015  1.62337087722e-22
128.537543463  1.61398272183e-22
133.361353843  1.6042690353e-22
138.366194184  1.5942500794e-22
143.558858254  1.58394634453e-22
148.946394781  1.57337859598e-22
154.536117019  1.56256791734e-22
160.335612678  1.55153575041e-22
166.352754221  1.54030393067e-22
172.595709553  1.52889471761e-22
179.07295311  1.51733081867e-22
185.793277356  1.50563540601e-22
192.765804725  1.49383212468e-22
200  1.48194509121e-22
207.505683164  1.46999888125e-22
215.293042726  1.4580185051e-22
223.372649556  1.44602936984e-22
231.755471231  1.43405722706e-22
240.452886923  1.42212810513e-22
249.476702849  1.41026822526e-22
258.83916829  1.39850390082e-22
268.552992228  1.38686141976e-22
278.631360589  1.37536691039e-22
289.087954149  1.3640461911e-22
299.9369671  1.3529246054e-22
311.193126321  1.3427796304e-22
322.871711365  1.3321133863e-22
334.988575205  1.32171840112e-22
347.56016575  1.31161616672e-22
360.603548172  1.30182673759e-22
374.136428073  1.29236853556e-22
388.177175519  1.28325816359e-22
402.744849972  1.27451023363e-22
417.859226171  1.26613721325e-22
433.540820964  1.25814929569e-22
449.810921167  1.25055429754e-22
466.691612456  1.2433575877e-22
484.205809347  1.23656205054e-22
502.377286302  1.23016808548e-22
521.23071  1.22417364433e-22
540.791672822  1.21857430697e-22
561.08672759  1.21336339508e-22
582.143423613  1.20853212356e-22
603.99034408  1.20406978865e-22
626.657144863  1.19996399267e-22
650.174594771  1.19620090621e-22
674.574617318  1.19276557229e-22
699.890334057  1.18964226412e-22
726.15610954  1.18681492762e-22
753.407597968  1.184268244e-22
781.681791585  1.18210172697e-22
811.017070897  1.18039584035e-22
841.453256769  1.17914328683e-22
873.03166448  1.17833522807e-22
905.795159807  1.17305925844e-22
939.78821721  1.17351260105e-22
975.056980207  1.17434459474e-22
1011.64932401  1.17556012191e-22
1049.6149205  1.17716294235e-22
1089.00530568  1.17915566872e-22
1129.87394962  1.18153975241e-22
1172.27632903  1.18431547984e-22
1216.27000256  1.18748197951e-22
1261.91468896  1.19103723948e-22
1309.27234813  1.19497813513e-22
1358.40726523  1.19930046642e-22
1409.38613793  1.2039990042e-22
1462.27816697  1.22693118079e-22
1517.15515006  1.23706653584e-22
1574.09157939  1.24645062085e-22
1633.16474272  1.25516293521e-22
1694.45482828  1.26327466653e-22
1758.04503366  1.27084993245e-22
1824.02167871  1.27794678393e-22
1892.47432273  1.28461802195e-22
1963.49588604  1.29091186674e-22
2037.18277611  1.29687250972e-22
2113.63501843  1.30254057107e-22
2192.95639229  1.30795348115e-22
2275.25457165  1.31126707201e-22
2360.6412713  1.31546659509e-22
2449.23239853  1.3192689405e-22
2541.14821042  1.32270239452e-22
2636.51347711  1.32579291887e-22
2735.45765119  1.32856441372e-22
2838.11504338  1.33103894396e-22
2944.62500487  1.3332369346e-22
3055.13211648  1.33517734005e-22
3169.78638492  1.3368777912e-22
3288.74344643  1.33835472353e-22
3412.16477801  1.33962348889e-22
3540.21791663  1.3406984533e-22
3673.0766867  1.34159308269e-22
3810.92143593  1.34232001808e-22
3953.93928022  1.34289114177e-22
4102.32435765  1.34331763552e-22
4256.27809197  1.34361003204e-22
4416.00946604  1.34377826039e-22
4581.73530554  1.34383168628e-22
4753.68057325  1.3437791479e-22
4932.07867447  1.34362898777e-22
5117.17177381  1.34338908138e-22
5309.21112395  1.34306686281e-22
5508.45740668  1.34266934788e-22
5715.18108675  1.34220315524e-22
5929.66277905  1.34167452551e-22
6152.19362948  1.34108933899e-22
6383.0757102  1.34045313192e-22
6622.62242965  1.33977111172e-22
6871.158958  1.33904817127e-22
7129.02266852  1.33828890232e-22
7396.56359561  1.33749760834e-22
7674.14490985  1.33667831673e-22
7962.14341107  1.3358347906e-22
8260.9500398  1.33497054009e-22
8570.97040795  1.33408883344e-22
8892.62534938  1.33319270766e-22
9226.35149121  1.33228497902e-22
9572.60184645  1.33136825324e-22
9931.84642901  1.33044493549e-22
10304.5728916  1.32951724016e-22
10691.2871879  1.32858720048e-22
11092.5142592  1.32765667785e-22
11508.7987467  1.32672737101e-22
11940.7057317  1.32580082503e-22
12388.8215015  1.32487843998e-22
12853.7543463  1.32396147953e-22
13336.1353843  1.32305107912e-22
13836.6194184  1.32214825404e-22
14355.8858254  1.3212539072e-22
14894.6394781  1.32036883661e-22
15453.6117019  1.3194937426e-22
16033.5612678  1.3186292348e-22
16635.2754221  1.31777583881e-22
17259.5709553  1.31693400253e-22
17907.295311  1.3161041023e-22
18579.3277356  1.31528644867e-22
19276.5804725  1.31448129189e-22
20000  1.31368882714e-22

