3 20 101
101
3  0
3.05745688936  1.13915752559e-39
3.11601421011  2.30013253382e-39
3.17569303801  3.48334287959e-39
3.23651485253  4.68921442066e-39
3.29850154446  5.91818117097e-39
3.3616754239  7.17068545682e-39
3.4260592282  8.44717807607e-39
3.49167613021  9.74811846037e-39
3.55854974658  1.10739748406e-38
3.62670414627  1.24252244153e-38
3.69616385924  1.38023535224e-38
3.76695388521  1.52058578144e-38
3.83909970275  1.66362424367e-38
3.91262727838  1.80940222093e-38
3.98756307593  5.99174697049e-38
4.06393406609  4.26466300264e-36
4.1417677361  9.43234964196e-36
4.22109209963  1.46990093478e-35
4.30193570688  2.00665376816e-35
4.38432765487  2.55368665093e-35
4.46829759787  3.11119646965e-35
4.55387575811  3.67938388168e-35
4.64109293664  4.25845338748e-35
4.72998052444  4.84861340412e-35
4.82057051367  5.45007634035e-35
4.91289550923  6.06305867304e-35
5.00698874047  2.73386798499e-34
5.10288407317  2.18689428188e-33
5.20061602171  4.20118748542e-33
5.30021976151  6.25405902955e-33
5.40173114165  8.34624777807e-33
5.50518669785  1.04785067457e-32
5.61062366552  1.26516033693e-32
5.71807999326  1.48663197836e-32
5.82759435644  1.71234531032e-32
5.93920617117  1.94238157093e-32
6.05295560847  1.00599162426e-31
6.16888360871  2.75561549197e-31
6.28703189637  4.53874867468e-31
6.40744299507  6.35603295273e-31
6.53016024283  8.20812239801e-31
6.6552278077  1.00956836094e-30
6.78269070364  1.20193959527e-30
6.91259480676  1.39799518051e-30
7.04498687177  3.46126793414e-30
7.17991454885  9.25392764647e-30
7.31742640081  1.51575300949e-29
7.45757192053  2.11742000875e-29
7.60040154878  2.73061031275e-29
7.74596669241  3.35554461924e-29
7.89431974284  3.99244785283e-29
8.04551409486  7.33736688035e-29
8.19960416593  1.71257152147e-28
8.35664541573  2.71015328982e-28
8.51669436609  3.72684103993e-28
8.67980862141  4.76300069524e-28
8.84604688929  5.81900518744e-28
9.01546900177  7.93966826238e-28
9.18813593677  1.78141596604e-27
9.36410984009  2.81191439262e-27
9.54345404778  3.86214923056e-27
9.72623310891  4.93249847746e-27
9.91251280879  6.02334737046e-27
10.1023601927  1.03944373799e-26
10.29584359  1.76883609475e-26
10.4930326387  2.51219799016e-26
10.6939983105  3.26979697297e-26
10.8988129364  4.04190571609e-26
11.1075502328  6.3833920096e-26
11.3202853277  1.02603487098e-25
11.5370947883  1.4211558034e-25
11.7580566479  1.82384420906e-25
11.9832504345  2.27145022387e-25
12.2127571994  3.73342869204e-25
12.4466595458  5.34805191126e-25
12.6850416593  6.99359887303e-25
12.9279893377  8.67066183805e-25
13.175590022  1.28041754584e-24
13.4279328281  1.80301318863e-24
13.6851085784  2.3356177381e-24
13.9472098349  2.88059003362e-24
14.2143309324  4.0148819115e-24
14.4865680123  5.31951577473e-24
14.7640190574  6.64913637246e-24
15.0467839273  8.17406068974e-24
15.3349643938  1.05438386751e-23
15.628664178  1.29671787968e-23
15.9279889875  1.54371366388e-23
16.2330465545  1.8544110911e-23
16.5439466745  2.18966401747e-23
16.8608012457  2.53133780728e-23
17.1837243096  2.89561293945e-23
17.5128320918  3.27926375436e-23
17.8482430438  3.67026236342e-23
18.1900778857  4.06385498818e-23
18.5384596499  4.46100323174e-23
18.893513725  4.86575777619e-23
19.2553679009  5.25940538018e-23
19.6241524153  5.6525776145e-23
20  6.05328e-23

