3 20 101
101
3  0
3.05745688936  3.50763392756e-41
3.11601421011  7.08244709996e-41
3.17569303801  1.0725726154e-40
3.23651485253  1.44387823686e-40
3.29850154446  1.82229521365e-40
3.3616754239  2.20795974457e-40
3.4260592282  2.60101063691e-40
3.49167613021  3.00158935646e-40
3.55854974658  3.40984007841e-40
3.62670414627  3.82590973921e-40
3.69616385924  4.2499480895e-40
3.76695388521  4.68210774799e-40
3.83909970275  5.12254425636e-40
3.91262727838  5.57141613532e-40
3.98756307593  2.97613927452e-39
4.06393406609  2.50317732183e-37
4.1417677361  5.54312659686e-37
4.22109209963  8.64129788161e-37
4.30193570688  1.17988062613e-36
4.38432765487  1.50167881775e-36
4.46829759787  1.82964018373e-36
4.55387575811  2.16388276303e-36
4.64109293664  2.50452685528e-36
4.72998052444  2.85169506418e-36
4.82057051367  3.20551234154e-36
4.91289550923  3.56610603228e-36
5.00698874047  2.28500132218e-35
5.10288407317  1.97920330624e-34
5.20061602171  3.82218713219e-34
5.30021976151  5.70046833074e-34
5.40173114165  7.61472292763e-34
5.50518669785  9.56563989604e-34
5.61062366552  1.15539214046e-33
5.71807999326  1.358028307e-33
5.82759435644  1.56454542148e-33
5.93920617117  1.77501781296e-33
6.05295560847  1.19347214639e-32
6.16888360871  3.39249113889e-32
6.28703189637  5.63362639504e-32
6.40744299507  7.91768453801e-32
6.53016024283  1.02454876397e-31
6.6552278077  1.26178735164e-31
6.78269070364  1.50356960308e-31
6.91259480676  1.74998253987e-31
7.04498687177  4.99567661342e-31
7.17991454885  1.42331114334e-30
7.31742640081  2.36474643436e-30
7.45757192053  3.32421237317e-30
7.60040154878  4.30205428807e-30
7.74596669241  5.29862412121e-30
7.89431974284  6.31428055523e-30
8.04551409486  1.25847388405e-29
8.19960416593  3.13641904314e-29
8.35664541573  5.05033116464e-29
8.51669436609  7.00089909849e-29
8.67980862141  8.98882488766e-29
8.84604688929  1.10148240209e-28
9.01546900177  1.54494665993e-28
9.18813593677  3.74704769172e-28
9.36410984009  6.04609218676e-28
9.54345404778  8.38916866353e-28
9.72623310891  1.07771204356e-27
9.91251280879  1.32108069679e-27
10.1023601927  2.4185721703e-27
10.29584359  4.27702276773e-27
10.4930326387  6.17106696195e-27
10.6939983105  8.10138645207e-27
10.8988129364  1.00686759933e-26
11.1075502328  1.67150255676e-26
11.3202853277  2.79390780914e-26
11.5370947883  3.93780969964e-26
11.7580566479  5.10361993828e-26
11.9832504345  6.42043986428e-26
12.2127571994  1.12412426597e-25
12.4466595458  1.65854832339e-25
12.6850416593  2.20320782878e-25
12.9279893377  2.75829881449e-25
13.175590022  4.32858088952e-25
13.4279328281  6.34880459032e-25
13.6851085784  8.40772021434e-25
13.9472098349  1.05176652579e-24
14.2143309324  1.57656347489e-24
14.4865680123  2.19093722737e-24
14.7640190574  2.81707764809e-24
15.0467839273  3.58706290561e-24
15.3349643938  5.00501733469e-24
15.628664178  6.45647579415e-24
15.9279889875  7.93599546494e-24
16.2330465545  1.01981149225e-23
16.5439466745  1.2741523515e-23
16.8608012457  1.53336442228e-23
17.1837243096  1.84088725958e-23
17.5128320918  2.18777015307e-23
17.8482430438  2.54129665057e-23
18.1900778857  2.91841968679e-23
18.5384596499  3.31645630384e-23
18.893513725  3.72211623618e-23
19.2553679009  4.13116337463e-23
19.6241524153  4.54618240358e-23
20  4.96915e-23

