0.5 20 151
151
0.5  0
0.512448710082  2.16812710175e-41
0.52520736093  4.39023497491e-41
0.538283669269  6.66766760145e-41
0.55168554395  9.00180242499e-41
0.565421090737  1.13940511839e-40
0.579498617203  1.38458607654e-40
0.59392663776  1.63587140802e-40
0.608713878807  1.89341309597e-40
0.623869284008  2.15736690754e-40
0.6394020197  2.42789248806e-40
0.655321480438  2.70515345763e-40
0.67163729468  2.98931751005e-40
0.688359330604  3.28055651427e-40
0.705497702082  3.57904661836e-40
0.723062774796  3.88496835598e-40
0.741065172505  4.19850675564e-40
0.759515783475  4.51985145257e-40
0.778425767058  4.84919680344e-40
0.797806560447  5.18674200389e-40
0.817669885593  5.53269120902e-40
0.83802775629  5.88725365687e-40
0.858892485448  6.25064379496e-40
0.880276692535  6.62308140999e-40
0.90219331121  7.00479176082e-40
0.924655597149  7.39600571463e-40
0.947677136058  7.79695988662e-40
0.971271851895  8.2078967831e-40
0.995454015286  1.50385717984e-35
1.02023825216  2.5995841048e-33
1.04563955259  5.86235572188e-33
1.07167327987  9.2063619348e-33
1.0983551798  1.26336252754e-32
1.1257013902  1.61462186315e-32
1.15372845069  1.97462665002e-32
1.18245331269  2.34359462733e-32
1.21189334964  2.7217489554e-32
1.24206636756  3.10931835066e-32
1.27299061578  3.506537224e-32
1.30468479801  3.91364582253e-32
1.33716808361  4.33089037488e-32
1.37046011922  4.75852324017e-32
1.40458104063  5.19680306058e-32
1.43955148495  5.64599491783e-32
1.47539260312  6.10637049348e-32
1.51212607267  6.57820823327e-32
1.54977411084  7.06179351553e-32
1.58835948804  7.55741882373e-32
1.62790554158  8.06538392348e-32
1.66843618984  8.58599604375e-32
1.70997594668  9.11957006272e-32
1.75254993629  9.66642869823e-32
1.79618390842  1.0226902703e-31
1.84090425388  1.08013310645e-31
1.88673802057  1.13900612103e-31
1.93371292981  1.19934492179e-31
1.9818573931  1.26118600302e-31
2.03120052932  1.15696378923e-29
2.08177218234  3.01141897754e-29
2.13360293905  4.91204531584e-29
2.18672414789  6.85999234667e-29
2.24116793778  8.85643823318e-29
2.29696723759  1.09025904718e-28
2.35415579601  1.29996866224e-28
2.41276820199  1.51489950569e-28
2.47283990568  1.73518157267e-28
2.53440723981  1.96094809482e-28
2.59750744173  2.19233562093e-28
2.66217867588  2.4294840995e-28
2.72846005693  2.67253696338e-28
2.79639167337  2.92164121653e-28
2.86601461181  3.17694752294e-28
2.9373709818  3.43861029774e-28
3.01050394131  7.42713943736e-28
3.08545772284  3.17718736604e-27
3.16227766017  5.7034857508e-27
3.24101021575  8.29268244791e-27
3.32170300885  1.09463434631e-26
3.40440484432  1.36660737915e-26
3.48916574214  1.64535183887e-26
3.57603696765  1.93103631651e-26
3.66507106256  2.22383360064e-26
3.75632187674  2.52392078176e-26
3.84984460077  2.83147935953e-26
3.94569579937  3.14669535242e-26
4.04393344553  5.81449322808e-26
4.14461695564  1.15190930429e-25
4.2478072254  1.73657226762e-25
4.35356666667  2.3357918304e-25
4.46195924519  2.94993041441e-25
4.57305051927  3.57935946479e-25
4.68690767949  4.22445967469e-25
4.80359958925  4.88562121557e-25
4.92319682653  5.56324397313e-25
5.04577172647  7.64133588148e-25
5.1713984252  1.21505930427e-24
5.30015290463  1.67721190741e-24
5.43211303844  2.15087091809e-24
5.56735863914  2.63632281617e-24
5.70597150638  3.13386121413e-24
5.84803547643  3.64378703463e-24
5.99363647282  4.21049321832e-24
6.1428625584  5.66995612964e-24
6.29580398853  7.2551252293e-24
6.4525532657  8.87976095006e-24
6.6132051955  1.0544845909e-23
6.77785694388  1.22513871877e-23
6.94660809603  1.40004169417e-23
7.11956071652  1.64033923284e-23
7.29681941106  1.91455666072e-23
7.47849138981  2.19560139512e-23
7.66468653214  2.48364341835e-23
7.85551745316  2.77885694486e-23
8.0510995718  3.08183238913e-23
8.25155118063  3.39354466343e-23
8.45699351738  3.7130177692e-23
8.66755083831  4.04044493112e-23
8.88335049333  4.37602418465e-23
9.10452300303  4.69768987007e-23
9.33120213764  5.00189326871e-23
9.5635249979  5.31367054718e-23
9.80163209803  5.63321027555e-23
10.0456674507  5.94934863654e-23
10.295778654  6.22469665919e-23
10.5521169811  6.50659960762e-23
10.8148374712  6.7955212122e-23
11.0840990237  7.07613424633e-23
11.3600644943  7.32875303806e-23
11.6429007931  7.58766138599e-23
11.9327789861  7.85298402089e-23
12.2298743982  8.08873042902e-23
12.5343667197  8.31945035083e-23
12.8464401144  8.55591460347e-23
13.1662833315  8.77597941733e-23
13.4940898196  8.9804293737e-23
13.8300578436  9.18996960655e-23
14.1743906047  9.38818032126e-23
14.5272963631  9.57480006249e-23
14.8889885645  9.76606615382e-23
15.2596859686  9.94329846667e-23
15.6396127818  1.0116708462e-22
16.0289987924  1.02916982287e-22
16.4280795102  1.04485362805e-22
16.8370963082  1.06084209469e-22
17.2562965694  1.07577030542e-22
17.6859338356  1.09012019011e-22
18.1262679613  1.10427934695e-22
18.5775652707  1.11739404677e-22
19.0400987189  1.13065608013e-22
19.5141480567  1.14288360506e-22
20  1.15537e-22

