4 20 101
101
4  0
4.06489836507  8.67204403238e-43
4.13084967959  1.74847884347e-42
4.19787102722  2.64405160128e-42
4.26597976883  3.55415466104e-42
4.33519354694  4.47902377095e-42
4.4055302903  5.41889850415e-42
4.47700821858  6.37402232074e-42
4.54964584702  7.34464263086e-42
4.6234619913  8.33101085879e-42
4.69847577235  9.33338250805e-42
4.77470662134  1.03520172276e-41
4.85217428469  1.13871788792e-41
4.93089882922  1.24391356054e-41
5.0109006473  7.18157693125e-40
5.09220046219  5.41551089758e-39
5.17481933334  1.0256261061e-38
5.2587786619  1.51755504173e-38
5.34410019626  2.01746532327e-38
5.43080603763  2.52548644479e-38
5.51891864584  3.04175000137e-38
5.60846084511  3.56638972315e-38
5.69945582996  4.09954150996e-38
5.79192717125  4.64134346661e-38
5.88589882225  5.19193593855e-38
5.98139512488  6.71662354484e-38
6.07844081599  2.19591262106e-36
6.17706103378  4.88305667954e-36
6.27728132428  7.61379855205e-36
6.37912764804  1.03888455953e-35
6.48262638677  1.32089166426e-35
6.58780435024  1.60747421899e-35
6.69468878317  1.89870645854e-35
6.80330737234  2.19466382214e-35
6.91368825372  2.495422973e-35
7.02586001978  1.06341861114e-34
7.13985172691  4.53522877879e-34
7.25569290288  8.06564384391e-34
7.3734135546  1.16533384505e-33
7.49304417576  1.52992419356e-33
7.61461575486  1.90042987146e-33
7.73815978314  2.27694685254e-33
7.86370826279  2.65957266775e-33
7.9912937152  3.60036841268e-33
8.12094918942  1.85811171376e-32
8.25270827072  3.54731663023e-32
8.38660508926  5.26392820603e-32
8.52267432896  7.00839110302e-32
8.66095123645  8.78115719749e-32
8.80147163025  1.05826856973e-31
8.94427191  1.24134432606e-31
9.08938906592  3.71398679943e-31
9.23686068839  7.67541523827e-31
9.38672497765  1.17011162344e-30
9.53902075375  1.57921325837e-30
9.69378746657  1.99495240011e-30
9.85106520605  2.41743673951e-30
10.0108947126  3.35585701251e-30
10.1733173875  8.65532316636e-30
10.3383753039  1.42149343038e-29
10.5061112176  1.98647478596e-29
10.6765685779  2.5606227331e-29
10.8497915392  3.14408599601e-29
11.0258249723  4.44259084228e-29
11.2047144759  9.51750922292e-29
11.3865063885  1.47279872108e-28
11.5712478006  2.00230030744e-28
11.7589865666  2.5403928406e-28
11.9497713174  3.08721570519e-28
12.1436514728  5.83286906137e-28
12.3406772544  9.40122663571e-28
12.5408996988  1.30274793532e-27
12.7443706706  1.67125665389e-27
12.9511428756  2.04634791716e-27
13.1612698752  3.59755575589e-27
13.3748060995  5.53513434172e-27
13.5918068618  7.50414934815e-27
13.8123283727  9.50511081826e-27
14.036427755  1.26388568961e-26
14.2641630582  2.11827178274e-26
14.4955932736  2.99214533314e-26
14.7307783496  3.88019712472e-26
14.9697792074  4.8208509031e-26
15.2126577564  7.75940496976e-26
15.4594769106  1.10818943727e-25
15.7103006046  1.44582898081e-25
15.9651938106  1.79909382855e-25
16.2242225547  2.77355253722e-25
16.4874539343  3.87444934216e-25
16.7549561354  4.99320774778e-25
17.0267984504  6.36928454039e-25
17.3030512959  9.4547810987e-25
17.5837862308  1.26384443991e-24
17.8690759753  1.58737613354e-24
18.1589944294  2.15454752025e-24
18.4536166918  2.93040873238e-24
18.75301908  3.71885797557e-24
19.0572791496  4.66174487842e-24
19.3664757145  6.21923307162e-24
19.6806888673  7.80538420886e-24
20  9.41727e-24

