1 20 101
101
1  0
1.03041055791  3.299089375e-42
1.06174591785  6.6985058985e-42
1.09403420358  1.0201300575e-41
1.12730439408  1.3810617192e-41
1.16158634964  1.75296951409e-41
1.1969108386  2.13618723251e-41
1.23330956497  2.53105881556e-41
1.27081519692  2.93793866374e-41
1.30946139606  3.35719195512e-41
1.34928284767  3.78919497299e-41
1.39031529185  4.23433544365e-41
1.43259555555  4.69301288437e-41
1.47616158565  5.16563896197e-41
1.52105248304  5.65263786228e-41
1.56730853766  6.15444667084e-41
1.61497126471  6.67151576523e-41
1.66408344188  7.20430921927e-41
1.71468914776  7.75330521949e-41
1.76683380139  8.31899649437e-41
1.82056420303  8.90189075653e-41
1.87592857615  9.5025111584e-41
1.93297661076  1.01213967618e-40
1.99175950792  7.4114903487e-38
2.05233002578  4.76287300724e-36
2.11474252688  1.0443283853e-35
2.17905302696  1.62964391617e-35
2.24531924523  2.23275921889e-35
2.31360065617  2.85421559445e-35
2.3839585429  3.4945708051e-35
2.45645605223  4.15439957498e-35
2.53115825126  4.83429410587e-35
2.60813218585  5.53486460877e-35
2.68744694072  6.25673985152e-35
2.76917370155  7.00056772314e-35
2.85338581877  7.76701581532e-35
2.94015887345  8.5567720216e-35
3.02957074514  6.79059127287e-33
3.12170168173  2.76638670989e-32
3.21663437151  4.91719108882e-32
3.31445401734  7.13340262888e-32
3.41524841318  9.41701039831e-32
3.51910802283  1.17700639541e-31
3.62612606115  1.41946751812e-31
3.73639857773  1.66930201886e-31
3.85002454306  1.92673412614e-31
3.96710593738  2.19199488743e-31
4.08774784223  3.67568167345e-30
4.21205853471  8.56185615016e-30
4.34014958471  1.35966219188e-29
4.472135955  1.87844977233e-29
4.60813610445  2.41301397255e-29
4.74827209431  2.96383456833e-29
4.89266969782  3.53140592575e-29
5.041458513  1.03893294085e-28
5.19477207907  3.41898377905e-28
5.35274799621  5.8714132911e-28
5.51552804914  8.39842255284e-28
5.68325833429  1.10022795761e-27
5.85608939099  1.36853213441e-27
6.03417633655  2.43559352143e-27
6.21767900547  6.85062070709e-27
6.40676209294  1.14184823709e-26
6.6015953026  1.61252552563e-26
6.80235349885  2.09751637311e-26
7.00921686386  2.91868124104e-26
7.22237105921  6.98447690525e-26
7.44200739256  1.13397358102e-25
7.66832298935  1.58274405683e-25
7.9015209697  2.04516189318e-25
8.14181063074  3.67049527113e-25
8.38940763443  6.16732783154e-25
8.64453420113  8.74009046313e-25
8.90741930907  1.13910922417e-24
9.17829889981  1.83743103511e-24
9.45741609003  2.78446449683e-24
9.74502138973  3.76029777449e-24
10.041372927  4.95391458766e-24
10.34673668  7.23502919857e-24
10.661386715  9.60313885247e-24
10.9856054331  1.20962918107e-23
11.3196838233  1.57262725435e-23
11.6639217237  1.95755063224e-23
12.0186280908  2.35837669154e-23
12.3841212763  2.81124680353e-23
12.7607293136  3.27979616092e-23
13.1487902114  3.75437221859e-23
13.5486522576  4.22975620944e-23
13.9606743317  4.71833129488e-23
14.3852262269  5.17895425485e-23
14.8226889821  5.6475074881e-23
15.2734552238  6.09555899674e-23
15.7379295184  6.53401808609e-23
16.2165287354  6.9602410826e-23
16.7096824217  7.36753671206e-23
17.2178331866  7.76596226649e-23
17.7414370999  8.14731346857e-23
18.2809641002  8.51646973346e-23
18.8368984177  8.87429129754e-23
19.4097390079  9.21251393022e-23
20  9.54852e-23

