5 20 101
101
5  0
5.06979739895  2.27305699291e-40
5.14056913328  4.57784467897e-40
5.21232880421  6.91480600216e-40
5.28509020281  9.28439008971e-40
5.35886731268  1.16870523384e-39
5.43367431263  1.41232545023e-39
5.50952557938  1.6593464781e-39
5.58643569036  1.90981579101e-39
5.66441942648  2.16378152524e-39
5.74349177499  2.42129248901e-39
5.82366793234  2.68239817186e-39
5.90496330715  2.94714875422e-39
5.98739352309  5.28289401678e-39
6.07097442198  1.75060412574e-37
6.15572206672  3.80204235265e-37
6.24165274451  5.88211759003e-37
6.32878296985  7.99122959564e-37
6.41712948781  1.01297837077e-36
6.50670927721  1.22981909226e-36
6.59753955386  1.44968679742e-36
6.68963777393  1.67262374137e-36
6.78302163724  1.89867276909e-36
6.8777090907  2.12787732363e-36
6.97371833175  2.36028145453e-36
7.07106781187  2.9670169091e-35
7.16977624008  6.75134110041e-35
7.2698625866  1.05884924888e-34
7.37134608646  1.44792085144e-34
7.47424624317  1.84242369118e-34
7.57858283255  2.24243358533e-34
7.68437590644  2.64802740952e-34
7.7916457966  3.0592831125e-34
7.90041311863  3.47627973116e-34
8.0106987759  6.65948708117e-34
8.12252396356  2.95273306603e-33
8.23591017268  5.32821859434e-33
8.35087919428  7.73686466489e-33
8.46745312363  1.01791341816e-32
8.58565436438  1.26554965102e-32
8.70550563296  1.51664275687e-32
8.82702996291  1.77124099186e-32
8.95025070928  2.02939328577e-32
9.07519155317  6.17202147222e-32
9.20187650625  1.29760397354e-31
9.33032991537  1.9875038554e-31
9.46057646726  2.68703438071e-31
9.59264119325  3.39632998826e-31
9.72654947412  4.11552699351e-31
9.86232704493  4.84476361482e-31
10  6.23300957214e-31
10.1395947979  1.66134142197e-30
10.2811382666  2.77966108116e-30
10.4246576084  3.91359190104e-30
10.5701804056  5.06335180527e-30
10.7177346254  6.22916175965e-30
10.8673486253  7.41124581453e-30
11.0190511588  1.00880818576e-29
11.1728713807  2.16717296028e-29
11.328838853  3.35921971721e-29
11.48698355  4.56790682676e-29
11.6473358647  5.79346657958e-29
11.8099266143  7.036134509e-29
11.9747870462  8.37465271926e-29
12.141948844  1.60890253207e-28
12.3114441334  2.51640827877e-28
12.483305489  3.4365823336e-28
12.6575659397  4.36960153955e-28
12.8342589756  5.31564520825e-28
13.0134185544  6.73125060312e-28
13.1950791077  1.18945317378e-27
13.3792755479  1.72685089277e-27
13.5660432745  2.27175040437e-27
13.7554181814  2.82425642968e-27
13.9474366635  3.38447515169e-27
14.1421356237  5.39212708313e-27
14.3395524802  7.96762146957e-27
14.5397251732  1.05790684179e-26
14.7426921729  1.3226969807e-26
14.9484924863  1.59120746109e-26
15.1571656651  2.44017545455e-26
15.3687518129  3.49267689288e-26
15.5832915932  4.55987070377e-26
15.8008262373  5.64196198509e-26
16.0213975518  7.05050508652e-26
16.2450479271  1.06939434049e-25
16.4718203454  1.44522835112e-25
16.7017583886  1.82630880902e-25
16.9349062473  2.21270895188e-25
17.1713087288  3.15616220051e-25
17.4110112659  4.32533074145e-25
17.6540599258  5.51082026701e-25
17.9005014186  6.71285860964e-25
18.1503831063  9.09718315139e-25
18.4037530125  1.22966950001e-24
18.6606598307  1.55408703697e-24
18.9211529345  1.88303327399e-24
19.1852823865  2.50431073263e-24
19.4530989482  3.25841789451e-24
19.7246540899  4.02305200008e-24
20  4.79836e-24

