2 20 101
101
2  0
2.04658598456  1.12863864797e-40
2.0942570961  2.28356666726e-40
2.14303861048  3.46539641598e-40
2.19295639229  4.67475451592e-40
2.2440369086  5.91228218475e-40
2.29630724299  7.17863557601e-40
2.34979510988  8.47448612704e-40
2.40452886923  9.80052091495e-40
2.46053754162  1.11574430209e-39
2.51785082359  1.25459719031e-39
2.57649910339  1.39668437777e-39
2.63651347711  1.542081201e-39
2.69792576518  1.69086475131e-39
2.76076852921  1.84311391571e-39
2.82507508925  1.99890941872e-39
2.89087954149  2.15833386517e-39
2.95821677634  2.32147178403e-39
3.02712249687  1.58055812609e-36
3.09763323782  5.68325924319e-36
3.16978638492  9.88152454574e-36
3.24362019472  1.41775800096e-35
3.31917381488  1.85737034602e-35
3.39648730492  2.30722257804e-35
3.4756016575  2.76755321462e-35
3.55655882008  3.23860632918e-35
3.63940171722  3.72063168029e-35
3.72417427333  4.21388484418e-35
3.81092143593  4.71862735022e-35
3.89968919952  5.23512681955e-35
3.99052462994  1.47460936001e-34
4.08347588934  3.65725187891e-33
4.17859226171  7.75819542451e-33
4.275924179  1.19546622165e-32
4.3755232479  1.6248877277e-32
4.47744227714  2.06431174558e-32
4.58173530554  2.51397126372e-32
4.68845763064  2.97410469754e-32
4.79766583804  3.44495601588e-32
4.90941783137  3.92677487035e-32
5.02377286302  1.58137039446e-31
5.14079156554  7.16118419015e-31
5.26053598379  1.28846402409e-30
5.38306960785  1.87414127092e-30
5.50845740668  2.47346069335e-30
5.63676586253  3.08674005845e-30
5.76806300625  3.71430453508e-30
5.90241845333  4.35648686621e-30
6.0399034408  1.14181845899e-29
6.18059086503  3.46711568216e-29
6.32455532034  5.84657603561e-29
6.47187313859  8.2814611407e-29
6.62262242965  1.07730620058e-28
6.77688312278  1.33226997105e-28
6.93473700905  1.59317261067e-28
7.09626778467  4.23568990546e-28
7.2615610954  8.58772393062e-28
7.43070458194  1.30411298507e-27
7.60378792641  1.75982689205e-27
7.78090289989  2.22615573956e-27
7.96214341107  2.71262539566e-27
8.14760555608  6.38181707899e-27
8.33738766941  1.09832134684e-26
8.53159037603  1.56917901483e-26
8.7303166448  2.05100436686e-26
8.93367184302  2.54405287309e-26
9.1417637923  4.8087198125e-26
9.35470282574  7.96884792654e-26
9.57260184645  1.12025848803e-25
9.79557638737  1.4511645244e-25
10.0237446725  1.93709315209e-25
10.2572276798  3.44287471199e-25
10.496149205  5.01105549507e-25
10.7406359274  6.61576390103e-25
10.9908174772  8.43697468251e-25
11.2468265038  1.36551712605e-24
11.5087987467  1.93197129764e-24
11.7768731071  2.51161988188e-24
12.0511917215  3.26359507017e-24
12.3319000372  4.714689621e-24
12.6191468896  6.20381177333e-24
12.9130845807  7.72762003646e-24
13.2138689602  1.00603323969e-23
13.5216595078  1.27690123328e-23
13.8366194184  1.55407855295e-23
14.1589156877  1.87429932056e-23
14.4887192015  2.24047026785e-23
14.826204826  2.61517043218e-23
15.1715515006  3.00741623168e-23
15.5249423326  3.41793975948e-23
15.8865646945  3.83802560864e-23
16.2566103233  4.25402416017e-23
16.6352754221  4.67343741022e-23
17.022760764  5.09915809352e-23
17.4192717991  5.50330210083e-23
17.8250187627  5.91545580894e-23
18.2402167871  6.31323401288e-23
18.6650860159  6.70240615397e-23
19.0998517204  7.09135592912e-23
19.5447444191  7.45766363281e-23
20  7.832471e-23

