0.5 20000 301
301
0.5  0
0.51797667599  1.52625082e-43
0.536599673739  3.10737547295e-43
0.555892230681  4.74534685706e-43
0.575878419714  6.44220880288e-43
0.596583179235  8.2000786235e-43
0.618032344264  1.00211497565e-42
0.640252678672  1.1907694501e-42
0.663271908584  1.38620668526e-42
0.687118756972  1.58867054413e-42
0.711822979493  1.79841365739e-42
0.737415401622  2.01569773862e-42
0.763927957112  2.2407939109e-42
0.791393727841  2.47398304509e-42
0.819846985093  2.7155561103e-42
0.849323232317  2.96581453696e-42
0.879859249433  3.22507059291e-42
0.911493138721  3.4936477731e-42
0.944264372364  3.77188120318e-42
0.978213841706  4.0601180577e-42
1.01338390827  5.90021721037e-35
1.04981845661  2.1962172315e-34
1.0875629491  3.8601608545e-34
1.12666448261  5.58392882824e-34
1.16717184731  7.36967203868e-34
1.20913558756  9.21961870332e-34
1.25260806493  1.11360771515e-33
1.29764352358  1.31214387049e-33
1.34429815793  1.5178180661e-33
1.39263018277  1.73088693845e-33
1.44269990591  1.95161635097e-33
1.49456980343  2.18028172575e-33
1.54830459763  2.41716838724e-33
1.6039713378  2.66257191825e-33
1.66163948387  2.91679852878e-33
1.7213809931  3.18016543812e-33
1.78327040983  3.45300127066e-33
1.84738495855  3.73564646591e-33
1.91380464021  4.02845370336e-33
1.98261233206  4.33178834248e-33
2.05389389107  1.6243198966e-30
2.12773826107  3.84389132693e-30
2.20423758369  6.14326379015e-30
2.28348731338  8.52530640086e-30
2.3655863365  1.0992991428e-29
2.4506370947  1.35493980035e-29
2.53874571274  1.61977159644e-29
2.63002213093  1.89412498331e-29
2.72458024232  2.17834229406e-29
2.82253803477  2.47277816983e-29
2.92401773821  2.77780000227e-29
3.02914597715  1.65502937443e-28
3.13805392866  6.71597256427e-28
3.25087748609  1.1958873626e-27
3.36775742859  1.73902745549e-27
3.48883959681  2.30169525532e-27
3.61427507483  2.88459284861e-27
3.74422037875  3.48844756423e-27
3.87883765192  4.11401288099e-27
4.01829486729  6.87790186861e-27
4.16276603701  2.42575945202e-26
4.31243142955  4.2262145379e-26
4.46747779462  6.09140201921e-26
4.62809859623  8.02364924254e-26
4.79449425406  1.00253672304e-25
4.96687239354  1.20990536897e-25
5.14544810495  2.84285381119e-25
5.33044421176  4.86912033039e-25
5.52209154871  6.96823792296e-25
5.72062924983  9.14282582919e-25
5.92630504679  1.13955974598e-24
6.13937557808  1.8780293314e-24
6.36010670917  2.91971969555e-24
6.58877386432  3.99886232002e-24
6.82566237018  5.1168037391e-24
7.07106781187  6.69285803249e-24
7.32529640178  9.38764066144e-24
7.58866536167  1.21793097588e-23
7.86150331847  1.50713487177e-23
8.14415071437  1.85634184568e-23
8.43696023158  2.2674770612e-23
8.74029723243  2.69339396582e-23
9.05454021523  3.13319861518e-23
9.38008128661  3.58178442024e-23
9.7173266507  4.04649838863e-23
10.0666971161  4.51621828804e-23
10.4286286208  4.95144767274e-23
10.8035727762  5.4023250127e-23
11.1919974309  5.83103214192e-23
11.5943872539  6.23447468574e-23
12.0112443398  6.65066958785e-23
12.4430888353  7.01632848817e-23
12.8904595879  7.39513405164e-23
13.3539148186  7.74044531043e-23
13.8340328184  8.08306521597e-23
14.3314126696  8.3986328723e-23
14.8466749937  8.70512109805e-23
15.3804627255  8.9894010562e-23
15.9334419155  9.27002982302e-23
16.5063025609  9.52816532251e-23
17.0997594668  9.78535213022e-23
17.7145531376  1.0022090065e-22
18.3514507018  1.05473004254e-22
19.0112468682  1.1360968816e-22
19.6947649184  1.22448534495e-22
20.4028577337  1.31978601539e-22
21.1364088592  1.42189195162e-22
21.8963336065  1.53069828955e-22
22.6835801957  1.64610183488e-22
23.4991309386  1.76800064619e-22
24.3440034645  1.84840791099e-22
25.2192519896  1.85900518752e-22
26.1259686331  1.86857562679e-22
27.0652847792  1.87715280412e-22
28.0383724893  1.88476907393e-22
29.0464459643  1.89145561461e-22
30.0907630598  1.89724247214e-22
31.1726268555  1.90215860278e-22
32.2933872809  1.9062319145e-22
33.4544428005  1.90948930754e-22
34.6572421578  1.91195671398e-22
35.9032861837  1.91365913641e-22
37.1941296691  1.91462068573e-22
38.5313833047  1.91486461819e-22
39.9167156909  1.91441337167e-22
41.35185542  1.91328860132e-22
42.8385932329  1.91151121451e-22
44.3787842538  1.90910140527e-22
45.9743503045  1.90607868822e-22
47.627282303  1.90246193199e-22
49.3396427475  1.89826939237e-22
51.1135682897  1.89351874504e-22
52.9512724014  1.88822711805e-22
54.8550481358  1.88241112417e-22
56.8272709893  1.87608689302e-22
58.8704018652  1.86927010318e-22
60.9869901447  1.86197601431e-22
63.1796768676  1.85421949924e-22
65.4511980279  1.84601507629e-22
67.8043879881  1.83737694169e-22
70.2421830153  1.82831900229e-22
72.767624945  1.8188549085e-22
75.3838649774  1.80899808769e-22
78.0941676085  1.7987617779e-22
80.9019147041  1.78815906201e-22
83.8106097193  1.77720290241e-22
86.8238820702  1.76590617619e-22
89.9454916625  1.75428171081e-22
93.1793335833  1.74234232036e-22
96.5294429608  1.73010084225e-22
100  1.7175701745e-22
103.595335198  1.70476331337e-22
107.319934748  1.69169339141e-22
111.178446136  1.67837371575e-22
115.175683943  1.6648178065e-22
119.316635847  1.65103943512e-22
123.606468853  1.63705266251e-22
128.050535734  1.62287187655e-22
132.654381717  1.60851182887e-22
137.423751394  1.5939876703e-22
142.364595899  1.57931498477e-22
147.483080324  1.56450982105e-22
152.785591422  1.54958872174e-22
158.278745568  1.53456874903e-22
163.969397019  1.51946750635e-22
169.864646463  1.50430315525e-22
175.971849887  1.48909442666e-22
182.298627744  1.47386062562e-22
188.852874473  1.45862162856e-22
195.642768341  1.44339787215e-22
202.676781654  1.42821033273e-22
209.963691323  1.4130804954e-22
217.51258982  1.39803031179e-22
225.332896521  1.38308214571e-22
233.434369463  1.36825870591e-22
241.827117512  1.35358296539e-22
250.521612986  1.33907806691e-22
259.528704717  1.32476721464e-22
268.859631586  1.31067355201e-22
278.526036554  1.29682002651e-22
288.539981181  1.28322924222e-22
298.913960685  1.26992330148e-22
309.660919525  1.25780835324e-22
320.794267559  1.24511578468e-22
332.327896774  1.23277057346e-22
344.276198619  1.22079100052e-22
356.654081967  1.20919397045e-22
369.476991711  1.19799484099e-22
382.760928042  1.18720726236e-22
396.522466412  1.17684303007e-22
410.778778215  1.16691195508e-22
425.547652214  1.15742175478e-22
440.847516738  1.14837796787e-22
456.697462677  1.13978389599e-22
473.117267301  1.1316405741e-22
490.127418939  1.12394677126e-22
507.749142548  1.11669902279e-22
526.004426187  1.10989169394e-22
544.916048465  1.10351707502e-22
564.507606954  1.09756550724e-22
584.803547643  1.09202553839e-22
605.82919543  1.08688410767e-22
627.610785733  1.0821267595e-22
650.175497219  1.07773788731e-22
673.551485719  1.07370101182e-22
697.767919361  1.0699991039e-22
722.855014966  1.06661497865e-22
748.84407575  1.06353184288e-22
775.767530383  1.06081894081e-22
803.658973457  1.05859149619e-22
832.553207402  1.05684278085e-22
862.486285909  1.05556360429e-22
893.495558925  1.04921794431e-22
925.619719247  1.04928847036e-22
958.898850812  1.04975433787e-22
993.374478709  1.05062012314e-22
1029.08962099  1.05188943972e-22
1066.08884235  1.05356491367e-22
1104.41830974  1.0556481666e-22
1144.12584997  1.05813980667e-22
1185.26100936  1.06103942785e-22
1227.87511562  1.06434561734e-22
1272.02134183  1.06805597104e-22
1317.75477286  1.0721671169e-22
1365.13247404  1.07667474552e-22
1414.21356237  1.09576900003e-22
1465.05928036  1.10736774349e-22
1517.73307233  1.11810482654e-22
1572.30066369  1.1280674548e-22
1628.83014287  1.13733374234e-22
1687.39204632  1.14597406394e-22
1748.05944649  1.15405215221e-22
1810.90804305  1.16162599449e-22
1876.01625732  1.1687485709e-22
1943.46533014  1.17546846555e-22
2013.33942322  1.18183037535e-22
2085.72572415  1.18787553592e-22
2160.71455525  1.19364207968e-22
2238.39948618  1.19916533825e-22
2318.87745078  1.20199020785e-22
2402.24886796  1.20614993162e-22
2488.61776706  1.20991701989e-22
2578.09191758  1.21331830938e-22
2670.78296373  1.21637856947e-22
2766.80656368  1.21912072083e-22
2866.28253393  1.22156602541e-22
2969.33499874  1.22373425196e-22
3076.0925451  1.22564382072e-22
3186.68838309  1.22731193012e-22
3301.26051218  1.22875466801e-22
3419.95189335  1.22998710955e-22
3542.91062753  1.23102340335e-22
3670.29014035  1.23187684764e-22
3802.24937364  1.23255995745e-22
3938.95298368  1.23308452421e-22
4080.57154674  1.2334616685e-22
4227.28177184  1.23370188698e-22
4379.2667213  1.23381509409e-22
4536.71603914  1.23381065931e-22
4699.82618773  1.23369744039e-22
4868.8006929  1.23348381321e-22
5043.85039793  1.23317769862e-22
5225.19372662  1.23278658667e-22
5413.05695583  1.2323175586e-22
5607.67449785  1.23177730684e-22
5809.28919286  1.23117215338e-22
6018.15261197  1.23050806665e-22
6234.52537109  1.22979067716e-22
6458.67745619  1.22902529214e-22
6690.88856009  1.2282169092e-22
6931.44843155  1.22737022927e-22
7180.65723674  1.22648966885e-22
7438.82593382  1.22557937176e-22
7706.27666093  1.22464322039e-22
7983.34313818  1.22368484651e-22
8270.371084  1.22270764185e-22
8567.71864659  1.2217147682e-22
8875.75685075  1.22070916746e-22
9194.87006089  1.21969357128e-22
9525.4564606  1.21867051056e-22
9867.9285495  1.21764232477e-22
10222.7136579  1.21661117099e-22
10590.2544803  1.21557903289e-22
10971.0096272  1.21454772939e-22
11365.4541979  1.21351892324e-22
11774.080373  1.21249412932e-22
12197.3980289  1.21147472279e-22
12635.9353735  1.21046194704e-22
13090.2396056  1.20945692139e-22
13560.8775976  1.20846064857e-22
14048.4366031  1.20747402204e-22
14553.524989  1.20649783298e-22
15076.7729955  1.20553277706e-22
15618.8335217  1.20457946103e-22
16180.3829408  1.20363840899e-22
16762.1219439  1.20271006836e-22
17364.776414  1.20179481574e-22
17989.0983325  1.20089296235e-22
18635.8667167  1.20000475926e-22
19305.8885922  1.19913040244e-22
20000  1.19827003741e-22

