4 20 101
101
4  0
4.06489836507  1.58561632488e-43
4.13084967959  3.19695862654e-43
4.19787102722  4.83444429844e-43
4.26597976883  6.49849750607e-43
4.33519354694  8.18954929684e-43
4.4055302903  9.90803771173e-43
4.47700821858  1.16544078987e-42
4.54964584702  1.34291122282e-42
4.6234619913  1.52326104101e-42
4.69847577235  1.70653696128e-42
4.77470662134  1.89278645845e-42
4.85217428469  2.08205777758e-42
4.93089882922  2.27439994651e-42
5.0109006473  2.20424529856e-40
5.09220046219  1.67322225953e-39
5.17481933334  3.17037177581e-39
5.2587786619  4.69181193105e-39
5.34410019626  6.23793683095e-39
5.43080603763  7.8091469754e-39
5.51891864584  9.40584936223e-39
5.60846084511  1.10284575927e-38
5.69945582996  1.26773919784e-38
5.79192717125  1.43530796506e-38
5.88589882225  1.60559546704e-38
5.98139512488  2.13832931583e-38
6.07844081599  8.14335251549e-37
6.17706103378  1.81537744471e-36
6.27728132428  2.8326611383e-36
6.37912764804  3.86644984401e-36
6.48262638677  4.91701134894e-36
6.58780435024  5.98461778488e-36
6.69468878317  7.06954569888e-36
6.80330737234  8.17207612484e-36
6.91368825372  9.29249465632e-36
7.02586001978  4.39619325068e-35
7.13985172691  1.92405385573e-34
7.25569290288  3.43354708932e-34
7.3734135546  4.96753123366e-34
7.49304417576  6.52640364374e-34
7.61461575486  8.11056812152e-34
7.73815978314  9.72043502045e-34
7.86370826279  1.13564213518e-33
7.9912937152  1.56434466795e-33
8.12094918942  8.66853031327e-33
8.25270827072  1.668120323e-32
8.38660508926  2.48238784897e-32
8.52267432896  3.30986653274e-32
8.66095123645  4.15077071993e-32
8.80147163025  5.00531823385e-32
8.94427191  5.87373043191e-32
9.08938906592  1.855613102e-31
9.23686068839  3.89200995158e-31
9.38672497765  5.96144650769e-31
9.53902075375  8.06445882608e-31
9.69378746657  1.02015916598e-30
9.85106520605  1.23733986002e-30
10.0108947126  1.73849089998e-30
10.1733173875  4.64183236231e-30
10.3383753039  7.68822379718e-30
10.5061112176  1.07840416879e-29
10.6765685779  1.39300879586e-29
10.8497915392  1.71271775441e-29
11.0258249723  2.44723170271e-29
11.2047144759  5.37380863598e-29
11.3865063885  8.37876532472e-29
11.5712478006  1.14324762075e-28
11.7589865666  1.45357323012e-28
11.9497713174  1.76893374566e-28
12.1436514728  3.41505178633e-28
12.3406772544  5.55891689994e-28
12.5408996988  7.73756534876e-28
12.7443706706  9.95156147818e-28
12.9511428756  1.22052581277e-27
13.1612698752  2.18209654954e-27
13.3748060995  3.38541395881e-27
13.5918068618  4.6082547012e-27
13.8123283727  5.85093553483e-27
14.036427755  7.82318481002e-27
14.2641630582  1.32827024967e-26
14.4955932736  1.88670670766e-26
14.7307783496  2.45420356893e-26
14.9697792074  3.05626560856e-26
15.2126577564  4.98441995716e-26
15.4594769106  7.1671083788e-26
15.7103006046  9.38521002795e-26
15.9651938106  1.17090003371e-25
16.2242225547  1.82980715709e-25
16.4874539343  2.5753945091e-25
16.7549561354  3.33307871116e-25
17.0267984504  4.27492514037e-25
17.3030512959  6.44442420585e-25
17.5837862308  8.68369209702e-25
17.8690759753  1.09592911945e-24
18.1589944294  1.51034825905e-24
18.4536166918  2.08476739169e-24
18.75301908  2.66850623997e-24
19.0572791496  3.38229058265e-24
19.3664757145  4.61780821944e-24
19.6806888673  5.87626017541e-24
20  7.15513e-24

