3 20 101
101
3  0
3.05745688936  2.42210091681e-43
3.11601421011  4.89059062843e-43
3.17569303801  7.4063575868e-43
3.23651485253  9.97030725977e-43
3.29850154446  1.2583362457e-42
3.3616754239  1.5246463662e-42
3.4260592282  1.79605693707e-42
3.49167613021  2.07266564366e-42
3.55854974658  2.3545720422e-42
3.62670414627  2.64187759566e-42
3.69616385924  2.93468571025e-42
3.76695388521  3.23310177265e-42
3.83909970275  3.53723318795e-42
3.91262727838  3.84718941828e-42
3.98756307593  4.7961091397e-41
4.06393406609  4.61207692316e-39
4.1417677361  1.0221711764e-38
4.22109209963  1.59387839943e-38
4.30193570688  2.17653512867e-38
4.38432765487  2.77035107233e-38
4.46829759787  3.37553995498e-38
4.55387575811  3.99231959453e-38
4.64109293664  4.62091198057e-38
4.72998052444  5.26154335435e-38
4.82057051367  5.91444429011e-38
4.91289550923  6.57984977815e-38
5.00698874047  7.55966297404e-37
5.10288407317  7.07404981774e-36
5.20061602171  1.37253855828e-35
5.30021976151  2.05041097022e-35
5.40173114165  2.74126619555e-35
5.50518669785  3.44535288496e-35
5.61062366552  4.16292445139e-35
5.71807999326  4.89423916117e-35
5.82759435644  5.63956022709e-35
5.93920617117  6.39915590301e-35
6.05295560847  6.5250849041e-34
6.16888360871  1.93180538954e-33
6.28703189637  3.23560376214e-33
6.40744299507  4.56437286769e-33
6.53016024283  5.91859095307e-33
6.6552278077  7.29874542468e-33
6.78269070364  8.70533302388e-33
6.91259480676  1.01388600058e-32
7.04498687177  3.66066195582e-32
7.17991454885  1.13097605438e-31
7.31742640081  1.91053569356e-31
7.45757192053  2.70502569005e-31
7.60040154878  3.51473199448e-31
7.74596669241  4.3399460341e-31
7.89431974284  5.18096481764e-31
8.04551409486  1.17900209835e-30
8.19960416593  3.21369877222e-30
8.35664541573  5.28736455999e-30
8.51669436609  7.40074580967e-30
8.67980862141  9.55460316357e-30
8.84604688929  1.1749711832e-29
9.01546900177  1.72158427434e-29
9.18813593677  4.66329030373e-29
9.36410984009  7.73596007126e-29
9.54345404778  1.08674785211e-28
9.72623310891  1.40589727406e-28
9.91251280879  1.73115914036e-28
10.1023601927  3.44069365181e-28
10.29584359  6.38334007502e-28
10.4930326387  9.3823449349e-28
10.6939983105  1.24387876249e-27
10.8988129364  1.55537682114e-27
11.1075502328  2.74682107734e-27
11.3202853277  4.79910419381e-27
11.5370947883  6.89069324494e-27
11.7580566479  9.02234102964e-27
11.9832504345  1.14731652236e-26
12.2127571994  2.14958124013e-26
12.4466595458  3.26429433046e-26
12.6850416593  4.40035673636e-26
12.9279893377  5.55817734625e-26
13.175590022  9.26359988309e-26
13.4279328281  1.40955204959e-25
13.6851085784  1.90199834847e-25
13.9472098349  2.40745477252e-25
14.2143309324  3.87851049651e-25
14.4865680123  5.62315543503e-25
14.7640190574  7.40121433062e-25
15.0467839273  9.77649825008e-25
15.3349643938  1.49018995927e-24
15.628664178  2.01525732875e-24
15.9279889875  2.55056362939e-24
16.2330465545  3.62115010442e-24
16.5439466745  4.87788300538e-24
16.8608012457  6.15868522742e-24
17.1837243096  8.02922721943e-24
17.5128320918  1.03720270419e-23
17.8482430438  1.27596968611e-23
18.1900778857  1.5694152752e-23
18.5384596499  1.90925123473e-23
18.893513725  2.25559583329e-23
19.2553679009  2.64169494303e-23
19.6241524153  3.04926452479e-23
20  3.46464e-23

