3 20 101
101
3  0
3.05745688936  9.68642715027e-40
3.11601421011  1.95583716249e-39
3.17569303801  2.96193865067e-39
3.23651485253  3.98730929281e-39
3.29850154446  5.03231813747e-39
3.3616754239  6.09734130132e-39
3.4260592282  7.18276210454e-39
3.49167613021  8.28897120875e-39
3.55854974658  9.41636675767e-39
3.62670414627  1.05653545204e-38
3.69616385924  1.17363480373e-38
3.76695388521  1.29297687692e-38
3.83909970275  1.41460462488e-38
3.91262727838  1.53856182353e-38
3.98756307593  5.10949128909e-38
4.06393406609  3.64168623823e-36
4.1417677361  8.05457056529e-36
4.22109209963  1.25519717612e-35
4.30193570688  1.71355085181e-35
4.38432765487  2.18068305297e-35
4.46829759787  2.65676190854e-35
4.55387575811  3.14195876748e-35
4.64109293664  3.63644826051e-35
4.72998052444  4.1404083629e-35
4.82057051367  4.65402045857e-35
4.91289550923  5.17746940536e-35
5.00698874047  2.33984998798e-34
5.10288407317  1.87289352039e-33
5.20061602171  3.59812499837e-33
5.30021976151  5.35639862107e-33
5.40173114165  7.14834722143e-33
5.50518669785  8.97461575262e-33
5.61062366552  1.08358615201e-32
5.71807999326  1.27327544184e-32
5.82759435644  1.46659771717e-32
5.93920617117  1.66362255803e-32
6.05295560847  8.62541122617e-32
6.16888360871  2.36309066769e-31
6.28703189637  3.89237918249e-31
6.40744299507  5.45095708429e-31
6.53016024283  7.03938533212e-31
6.6552278077  8.65823562864e-31
6.78269070364  1.0308090626e-30
6.91259480676  1.19895441353e-30
7.04498687177  2.96774229156e-30
7.17991454885  7.93348694065e-30
7.31742640081  1.29943370034e-29
7.45757192053  1.81521139668e-29
7.60040154878  2.34086742037e-29
7.74596669241  2.87659096406e-29
7.89431974284  3.42257484388e-29
8.04551409486  6.28659333164e-29
8.19960416593  1.46661023098e-28
8.35664541573  2.3206098128e-28
8.51669436609  3.19096544779e-28
8.67980862141  4.07799039192e-28
8.84604688929  4.98200390074e-28
9.01546900177  6.79727090101e-28
9.18813593677  1.524910805e-27
9.36410984009  2.40694110519e-27
9.54345404778  3.30586431117e-27
9.72623310891  4.22200396088e-27
9.91251280879  5.15568978875e-27
10.1023601927  8.90688291694e-27
10.29584359  1.51685861038e-26
10.4930326387  2.15502152864e-26
10.6939983105  2.8054067323e-26
10.8988129364  3.46824830619e-26
11.1075502328  5.48909626441e-26
11.3202853277  8.83860607958e-26
11.5370947883  1.22522666997e-25
11.7580566479  1.573130676e-25
11.9832504345  1.96020753465e-25
12.2127571994  3.23355988337e-25
12.4466595458  4.64021350933e-25
12.6850416593  6.07380778254e-25
12.9279893377  7.53485867826e-25
13.175590022  1.11690103845e-24
13.4279328281  1.57693408636e-24
13.6851085784  2.04577782359e-24
13.9472098349  2.5255680748e-24
14.2143309324  3.53998841229e-24
14.4865680123  4.70873486484e-24
14.7640190574  5.89986549592e-24
15.0467839273  7.27667538497e-24
15.3349643938  9.46201893867e-24
15.628664178  1.16970566744e-23
15.9279889875  1.39751161961e-23
16.2330465545  1.69166609891e-23
16.5439466745  2.01101026614e-23
16.8608012457  2.33647060753e-23
17.1837243096  2.68820123508e-23
17.5128320918  3.06214007933e-23
17.8482430438  3.44324071119e-23
18.1900778857  3.82922440541e-23
18.5384596499  4.2206348013e-23
18.893513725  4.61954160514e-23
19.2553679009  5.00848332725e-23
19.6241524153  5.39739241257e-23
20  5.79375e-23

