0.5 20 151
151
0.5  0
0.512448710082  2.36156760772e-37
0.52520736093  4.78193215641e-37
0.538283669269  7.26255753822e-37
0.55168554395  9.80494409243e-37
0.565421090737  1.24106295129e-36
0.579498617203  1.50811897781e-36
0.59392663776  1.78182401043e-36
0.608713878807  2.06234359225e-36
0.623869284008  2.34984738796e-36
0.6394020197  2.64450928647e-36
0.655321480438  2.94650750608e-36
0.67163729468  3.25602470225e-36
0.688359330604  3.5732480781e-36
0.705497702082  3.89836949762e-36
0.723062774796  4.23158560173e-36
0.741065172505  4.57309792719e-36
0.759515783475  4.92311302851e-36
0.778425767058  5.28184260287e-36
0.797806560447  5.64950361817e-36
0.817669885593  6.02631844425e-36
0.83802775629  6.41251498737e-36
0.858892485448  6.8083268281e-36
0.880276692535  7.21399336252e-36
0.90219331121  7.62975994711e-36
0.924655597149  8.05587804704e-36
0.947677136058  8.49260538834e-36
0.971271851895  8.94020611376e-36
0.995454015286  3.32949478553e-33
1.02023825216  5.73958029161e-31
1.04563955259  1.29432850796e-30
1.07167327987  2.03263435324e-30
1.0983551798  2.78932210936e-30
1.1257013902  3.56484943848e-30
1.15372845069  4.35968539736e-30
1.18245331269  5.17431072107e-30
1.21189334964  6.00921811374e-30
1.24206636756  6.86491254657e-30
1.27299061578  7.74191156322e-30
1.30468479801  8.64074559288e-30
1.33716808361  9.56195827103e-30
1.37046011922  1.05061067683e-29
1.40458104063  1.14737621274e-29
1.43955148495  1.24655096085e-29
1.47539260312  1.34819490434e-29
1.51212607267  1.4523695198e-29
1.54977411084  1.55913781442e-29
1.58835948804  1.66856436414e-29
1.62790554158  1.78071535265e-29
1.66843618984  1.89565861143e-29
1.70997594668  2.01346366083e-29
1.75254993629  2.13420175204e-29
1.79618390842  2.25794591023e-29
1.84090425388  2.38477097873e-29
1.88673802057  2.51475366424e-29
1.93371292981  2.64797258329e-29
1.9818573931  2.78450830974e-29
2.03120052932  4.93220666903e-28
2.08177218234  1.24669482547e-27
2.13360293905  2.01892854674e-27
2.18672414789  2.81038889543e-27
2.24116793778  3.62155456497e-27
2.29696723759  4.45291616701e-27
2.35415579601  5.30497652816e-27
2.41276820199  6.17825099413e-27
2.47283990568  7.0732677414e-27
2.53440723981  7.99056809668e-27
2.59750744173  8.93070686432e-27
2.66217867588  9.89425266188e-27
2.72846005693  1.0881788264e-26
2.79639167337  1.18939109549e-26
2.86601461181  1.29312328898e-26
2.9373709818  1.39943814647e-26
3.01050394131  2.04773641527e-26
3.08545772284  5.64880261634e-26
3.16227766017  9.38477510532e-26
3.24101021575  1.32137636711e-25
3.32170300885  1.7138084174e-25
3.40440484432  2.11601101333e-25
3.48916574214  2.52822741628e-25
3.57603696765  2.95070694422e-25
3.66507106256  3.38370512247e-25
3.75632187674  3.8274838383e-25
3.84984460077  4.28231149928e-25
3.94569579937  4.74846319563e-25
4.04393344553  6.72834293229e-25
4.14461695564  1.06604508319e-24
4.2478072254  1.46904580739e-24
4.35356666667  1.88208020996e-24
4.46195924519  2.30539810359e-24
4.57305051927  2.73925552068e-24
4.68690767949  3.18391486817e-24
4.80359958925  3.63964508627e-24
4.92319682653  4.10672181109e-24
5.04577172647  4.93708329388e-24
5.1713984252  6.3928743729e-24
5.30015290463  7.88491089407e-24
5.43211303844  9.41409527542e-24
5.56735863914  1.09813524028e-23
5.70597150638  1.25876301894e-23
5.84803547643  1.4233900149e-23
5.99363647282  1.59509758798e-23
6.1428625584  1.83051018593e-23
6.29580398853  2.07782871377e-23
6.4525532657  2.33130483491e-23
6.6132051955  2.59109185753e-23
6.77785694388  2.85734690681e-23
6.94660809603  3.13023101993e-23
7.11956071652  3.40069709026e-23
7.29681941106  3.67368079762e-23
7.47849138981  3.95346109504e-23
7.66468653214  4.24020720009e-23
7.85551745316  4.53409254338e-23
8.0510995718  4.82121903661e-23
8.25155118063  5.07470432803e-23
8.45699351738  5.33450074927e-23
8.66755083831  5.60076543115e-23
8.88335049333  5.8736594167e-23
9.10452300303  6.12634413611e-23
9.33120213764  6.35443321493e-23
9.5635249979  6.58820112339e-23
9.80163209803  6.82778924968e-23
10.0456674507  7.06472678625e-23
10.295778654  7.27064794265e-23
10.5521169811  7.48146801665e-23
10.8148374712  7.6975369666e-23
11.0840990237  7.90545663424e-23
11.3600644943  8.0880246269e-23
11.6429007931  8.27513809158e-23
11.9327789861  8.46688393288e-23
12.2298743982  8.63357740273e-23
12.5343667197  8.79543912647e-23
12.8464401144  8.96133078957e-23
13.1662833315  9.11687294087e-23
13.4940898196  9.26258292483e-23
13.8300578436  9.41192071149e-23
14.1743906047  9.55374761274e-23
14.5272963631  9.68789062059e-23
14.8889885645  9.82537344326e-23
15.2596859686  9.95065133195e-23
15.6396127818  1.00722013173e-22
16.0289987924  1.01945454033e-22
16.4280795102  1.03015831895e-22
16.8370963082  1.04105861661e-22
17.2562965694  1.0511897395e-22
17.6859338356  1.06089524535e-22
18.1262679613  1.07047116544e-22
18.5775652707  1.07933915757e-22
19.0400987189  1.08830528094e-22
19.5141480567  1.09656046878e-22
20  1.10499e-22

