1 20000 251
251
1  0
1.04040904696  1.20341374571e-37
1.082450985  2.45545629398e-37
1.12619179768  3.75809268838e-37
1.17170013492  5.11336737801e-37
1.21904742069  6.52340742623e-37
1.26830796516  7.99042584896e-37
1.31955908129  9.51672508803e-37
1.37288120617  1.11047006247e-36
1.4283580273  1.27568447395e-36
1.4860766139  1.44757504233e-36
1.54612755358  1.62641154477e-36
1.6086050945  1.81247465982e-36
1.6736072933  2.00605640804e-36
1.74123616901  2.20746061021e-36
1.81159786313  2.41700336424e-36
1.88480280626  2.63501354126e-36
1.96096589137  2.86183330176e-36
2.04020665416  6.23806606129e-33
2.12264946065  1.90229685286e-32
2.20842370239  3.23244967201e-32
2.29766399949  4.6163526989e-32
2.39051041194  6.05617792818e-32
2.48710865943  7.55418512278e-32
2.58761035005  9.11272536044e-32
2.6921732182  1.07342447238e-31
2.8009613722  1.24212881392e-31
2.91414555182  1.41765033712e-31
3.03190339627  2.68864641035e-30
3.15441972299  1.24181237983e-29
3.28188681771  2.25407600949e-29
3.41450473624  3.3072442477e-29
3.55248161847  4.4029700107e-29
3.69603401502  5.54297300752e-29
3.8453872271  6.72904243897e-29
4.00077566014  8.32549473302e-29
4.16244319166  8.51542901382e-28
4.33064355406  1.65087663945e-27
4.50564073281  2.48251069207e-27
4.68770938077  3.34775028418e-27
4.87713524927  4.2479533836e-27
5.07421563659  1.10632342124e-26
5.27925985453  2.82794356995e-26
5.49258971391  4.61913274811e-26
5.71454002959  6.48270217388e-26
5.945459146  8.42157666409e-26
6.18570948383  2.13750531891e-25
6.43566810884  3.81936142574e-25
6.69572732367  5.56917973497e-25
6.96629528353  7.38970653443e-25
7.24779663678  1.49979578129e-24
7.54067319143  2.37222847023e-24
7.84538460853  3.27991533267e-24
8.1624091236  4.9881509934e-24
8.49224429718  7.52201406225e-24
8.83540779578  1.01582681228e-23
9.19243820431  1.37442167654e-23
9.56389587139  1.82253706237e-23
9.95036378878  2.28876036387e-23
10.3524485064  2.81976849194e-23
10.7707810842  3.37896619873e-23
11.2060180829  3.94237549819e-23
11.6588425938  4.50726954735e-23
12.1299653117  5.07532017675e-23
12.6201256496  5.61260452954e-23
13.1300928996  6.15084383893e-23
13.6606674402  6.64777517846e-23
14.2126819923  7.13681893248e-23
14.7870029263  7.59919839895e-23
15.384531622  8.0388296658e-23
16.0062058827  8.47174397112e-23
16.6530014079  8.85976307462e-23
17.3259333238  9.23767023045e-23
18.0260577771  9.59555973275e-23
18.7544735924  9.82561892512e-23
19.5123239965  1.01363281066e-22
20.3007984131  1.05257751825e-22
21.1211343295  1.09921013575e-22
21.9746192385  1.15334947493e-22
22.8625926593  1.21481838993e-22
23.7864482397  1.28344311675e-22
24.7476359436  1.31471260418e-22
25.7476643266  1.33261471208e-22
26.7881029035  1.34918050332e-22
27.8705846117  1.36446041603e-22
28.996808374  1.37850284467e-22
30.1685417653  1.39135422263e-22
31.3876237862  1.40305910215e-22
32.6559677498  1.41366023189e-22
33.9755642841  1.42319863208e-22
35.3484844568  1.43171366755e-22
36.7768830251  1.43924311857e-22
38.2630018183  1.44582324976e-22
39.8091732557  1.45148887706e-22
41.4178240072  1.456273433e-22
43.0914788025  1.4602090303e-22
44.832764393  1.46332652399e-22
46.6444136747  1.46565557204e-22
48.5292699773  1.46722469483e-22
50.4902915267  1.46806133337e-22
52.5305560881  1.46819190654e-22
54.6532657959  1.46764186746e-22
56.8617521799  1.46643575898e-22
59.159481394  1.46459726864e-22
61.5500596558  1.46214928303e-22
64.0372389068  1.45911394179e-22
66.624922701  1.45551269134e-22
69.3171723311  1.45136633847e-22
72.118213203  1.4466951039e-22
75.032441467  1.44151867594e-22
78.0644309178  1.43585626437e-22
81.2189401726  1.42972665457e-22
84.5009201401  1.42314826213e-22
87.9155217902  1.41613918789e-22
91.4681042388  1.40871727348e-22
95.1642431583  1.40090015747e-22
99.009739529  1.39270533208e-22
103.010628743  1.38415020042e-22
107.173190077  1.37525213424e-22
111.503956548  1.36602853197e-22
116.009725165  1.35649687705e-22
120.697567597  1.3466747961e-22
125.574841273  1.33658011685e-22
130.649200932  1.32623092521e-22
135.928610627  1.31564562111e-22
141.421356237  1.30484297248e-22
147.136058463  1.29384216665e-22
153.081686359  1.28266285832e-22
159.267571411  1.27132521302e-22
165.703422184  1.25984994512e-22
172.399339552  1.24825834896e-22
179.36583256  1.23657232175e-22
186.613834911  1.22481437675e-22
194.154722129  1.21300764506e-22
202.000329413  1.20117586435e-22
210.162970211  1.18934335276e-22
218.655455543  1.17753496633e-22
227.491114114  1.16577603835e-22
236.683813228  1.15409229911e-22
246.247980551  1.14250977502e-22
256.198626761  1.13105466617e-22
266.551369101  1.11975320223e-22
277.322455892  1.10863147672e-22
288.528792035  1.09771526084e-22
300.187965542  1.08770518057e-22
312.318275138  1.07725846181e-22
324.938758985  1.06709139265e-22
338.069224556  1.05722617233e-22
351.730279727  1.04768353232e-22
365.943365117  1.03848249507e-22
380.730787743  1.02964014198e-22
396.115756024  1.02117139744e-22
412.122416211  1.01308883547e-22
428.775890281  1.00540251562e-22
446.102315367  9.98119853915e-23
464.128884777  9.91245534107e-23
482.883890678  9.84781463271e-23
502.396768493  9.78726774724e-23
522.698143103  9.7307787996e-23
543.819876914  9.67828570111e-23
565.795119858  9.62970166436e-23
588.658361426  9.58491718738e-23
612.445484796  9.54380250527e-23
637.193823152  9.50621050785e-23
662.942218274  9.4719801494e-23
689.731081504  9.44094044374e-23
717.602457167  9.41291530833e-23
746.600088557  9.38773010184e-23
776.769486596  9.36592360634e-23
808.158001257  9.34868980368e-23
840.814895881  9.3359786018e-23
874.791424493  9.32769456181e-23
910.140912246  9.28326047436e-23
946.918839109  9.28706539366e-23
985.182926946  9.29465626633e-23
1024.99323011  9.30607752579e-23
1066.41222967  9.32136101308e-23
1109.50493154  9.34052573028e-23
1154.33896842  9.3635777279e-23
1200.98470601  9.39051012861e-23
1249.51535339  9.42130328721e-23
1300.00707798  9.45592508286e-23
1352.53912504  9.49433133712e-23
1407.19394206  9.53646634848e-23
1464.05730815  9.73781063417e-23
1523.21846867  9.83004467512e-23
1584.7702753  9.91484641554e-23
1648.80933177  9.99305866279e-23
1715.43614549  1.00654299091e-22
1784.75528525  1.01326293323e-22
1856.87554538  1.0195258739e-22
1931.9101165  1.0253862155e-22
2009.97676312  1.03089335853e-22
2091.19800853  1.03609233371e-22
2175.70132706  1.04102432036e-22
2263.61934415  1.04423959138e-22
2355.09004453  1.04804905069e-22
2450.25698873  1.05146626027e-22
2549.26953846  1.05452144004e-22
2652.28309095  1.05724214207e-22
2759.45932292  1.05965357289e-22
2870.96644429  1.06177886789e-22
2986.97946215  1.06363932567e-22
3107.68045551  1.06525460913e-22
3233.25886097  1.06664291851e-22
3363.91177012  1.06782114068e-22
3499.84423881  1.06880497831e-22
3641.26960901  1.06960906186e-22
3788.40984363  1.07024704691e-22
3941.49587491  1.07073169886e-22
4100.76796681  1.07107496688e-22
4266.47609215  1.0712880485e-22
4438.88032492  1.07138144626e-22
4618.25124841  1.07136501753e-22
4804.87037999  1.07124801833e-22
4999.03061281  1.07103914221e-22
5201.0366756  1.07074655476e-22
5411.20561086  1.07037792443e-22
5629.8672725  1.06994045023e-22
5857.36484349  1.06944088679e-22
6094.05537452  1.06888556717e-22
6340.31034432  1.06828042375e-22
6596.51624277  1.0676310076e-22
6863.0751774  1.06694250649e-22
7140.40550453  1.0662197618e-22
7428.94248588  1.06546728457e-22
7729.13897165  1.06468927068e-22
8041.46611132  1.06388961552e-22
8366.41409304  1.06307192805e-22
8704.49291301  1.06223954438e-22
9056.2331759  1.06139554106e-22
9422.18692758  1.06054274791e-22
9802.92852161  1.0596837606e-22
10199.0555206  1.05882095287e-22
10611.1896341  1.05795648859e-22
11039.9776943  1.05709233338e-22
11486.0926714  1.05623026606e-22
11950.2347295  1.05537188974e-22
12433.1323259  1.0545186427e-22
12935.5433539  1.05367180885e-22
13458.2563327  1.05283252795e-22
14002.0916449  1.05200180545e-22
14567.9028237  1.05118052201e-22
15156.577893  1.05036944263e-22
15769.0407609  1.04956922545e-22
16406.2526695  1.04878043011e-22
17069.213704  1.0480035258e-22
17758.9643622  1.04723889886e-22
18476.5871871  1.04648686002e-22
19223.2084664  1.04574765125e-22
20000  1.04502145218e-22

