4 20000 251
251
4  0
4.13862304168  6.4074688286e-40
4.28205017028  1.30369933618e-39
4.43044787508  1.9896269109e-39
4.58398841519  2.6993258273e-39
4.74285001948  3.43361989933e-39
4.90721709346  4.19336149079e-39
5.07728043337  5.44969662815e-37
5.25323744766  1.77526713514e-36
5.43529238607  3.04820150192e-36
5.62365657681  4.36525037714e-36
5.81854867182  5.72794258264e-36
6.02019490058  3.90590639632e-35
6.22882933273  3.70297247176e-34
6.44469414978  7.13014741508e-34
6.66803992621  1.06760937122e-33
6.89912592036  1.43449274746e-33
7.13822037536  1.60549216117e-32
7.38560083051  4.19352573749e-32
7.64155444345  6.8712495854e-32
7.90637832347  9.64177198944e-32
8.18037987644  6.37701335767e-31
8.46387716158  1.47302583502e-30
8.75719926071  2.33729914e-30
9.06068666023  5.79345545248e-30
9.37469164637  1.99746169355e-29
9.69957871407  3.46472373533e-29
10.0357249902  6.40043755773e-29
10.3835206711  2.17720342026e-28
10.7433694757  3.7676345218e-28
11.1156891144  8.46950480441e-28
11.5009117732  2.03490484771e-27
11.8994846163  3.26402867692e-27
12.3118703042  8.74214764697e-27
12.7385475318  1.58128151615e-26
13.1800115832  3.31537758086e-26
13.6367749069  6.61612006236e-26
14.109367711  1.21284945628e-25
14.5983385781  2.50385176662e-25
15.1042551023  4.41740406951e-25
15.6277045485  8.70053338335e-25
16.1692945332  1.5349181535e-24
16.7296537307  2.7272797603e-24
17.3094326023  4.69268678799e-24
17.9093041516  7.3876565041e-24
18.5299647055  9.99428999005e-24
19.1721347229  1.46730149676e-23
19.8365596306  2.15949613738e-23
20.5240106887  3.07396248624e-23
21.235285886  4.20885166994e-23
21.9712108661  5.5625116609e-23
22.732639886  7.13348266525e-23
23.5204568076  8.92049260851e-23
24.3355761237  1.03852120835e-22
25.1789440195  1.11088370581e-22
26.0515394711  1.17997001664e-22
26.9543753815  1.24589148724e-22
27.888499757  1.30875559914e-22
28.8549969231  1.36866609978e-22
29.8549887833  1.4257231295e-22
30.8896361219  1.48002334472e-22
31.9601399508  1.53166003763e-22
33.0677429039  1.58072325228e-22
34.2137306796  1.62729989737e-22
35.3994335331  1.6714738557e-22
36.6262278206  1.71332609061e-22
37.8955375971  1.75293474918e-22
39.208836269  1.79037526275e-22
40.5676483051  1.8257204444e-22
41.9735510055  1.85904058393e-22
43.4281763331  1.89040354013e-22
44.9332128076  1.91987483063e-22
46.4904074655  1.94751771938e-22
48.1015678884  1.97339330192e-22
49.768564301  1.99756058843e-22
51.4933317418  2.02007658483e-22
53.2778723099  2.04099637191e-22
55.1242574883  2.06037318272e-22
57.0346305491  2.07825847815e-22
59.011209041  2.09470202103e-22
61.0562873636  2.10975194867e-22
63.1722394306  2.12345484405e-22
65.3615214255  2.13585580576e-22
67.6266746527  2.14699851671e-22
69.9703284874  2.15692531182e-22
72.3952034279  2.16567724472e-22
74.9041142534  2.17329415363e-22
77.4999732914  2.17981472636e-22
80.1857937984  2.18527656474e-22
82.9646934573  2.18971624836e-22
85.839897997  2.19316939783e-22
88.8147449364  2.19567073757e-22
91.8926874587  2.1972541582e-22
95.0772984195  2.19795277862e-22
98.3722744949  2.19779900775e-22
101.781440472  2.19682460599e-22
105.308753688  2.19506074642e-22
108.958308626  2.19253807571e-22
112.734341665  2.18928677465e-22
116.641236001  2.18533661835e-22
120.683526731  2.18071703588e-22
124.86590612  2.17545716928e-22
129.193229047  2.16958593185e-22
133.670518641  2.16313206528e-22
138.30297211  2.15612419556e-22
143.095966777  2.14859088734e-22
148.055066318  2.14056069616e-22
153.186027225  2.13206221839e-22
158.494805484  2.12312413812e-22
163.987563491  2.11377527068e-22
169.670677203  2.10404460183e-22
175.550743543  2.09396132228e-22
181.634588052  2.08355485646e-22
187.92927282  2.07285488484e-22
194.442104674  2.06189135891e-22
201.180643669  2.05069450784e-22
208.152711857  2.03929483595e-22
215.36640237  2.02772310986e-22
222.830088813  2.01601033462e-22
230.552434985  2.00418771769e-22
238.542404936  1.99228662017e-22
246.809273372  1.98033849444e-22
255.362636419  1.96837480781e-22
264.212422767  1.9564269518e-22
273.36890519  1.9445261371e-22
282.842712475  1.93270327438e-22
292.644841755  1.9209888417e-22
302.786671278  1.91037778795e-22
313.279973616  1.89895064466e-22
324.136929326  1.88772011273e-22
335.370141092  1.87671330962e-22
346.992648354  1.86595610444e-22
359.017942442  1.85547294074e-22
371.459982242  1.84528666156e-22
384.333210392  1.83541834034e-22
397.652570053  1.82588712137e-22
411.433522251  1.81671007362e-22
425.692063826  1.80790206172e-22
440.444746003  1.79947563739e-22
455.708693598  1.7914409548e-22
471.501624905  1.78380571237e-22
487.841872255  1.77657512338e-22
504.748403302  1.7697519171e-22
522.240843039  1.76333637142e-22
540.339496577  1.75732637768e-22
559.065372716  1.7517175376e-22
578.440208331  1.74650329206e-22
598.486493608  1.74167508125e-22
619.227498145  1.73722253599e-22
640.687297966  1.73313370079e-22
662.890803468  1.72939529098e-22
685.863788337  1.7259929904e-22
709.632919466  1.72291180481e-22
734.225787909  1.72013651198e-22
759.670940909  1.71766326487e-22
785.997915035  1.71563961222e-22
813.237270468  1.71411198542e-22
841.420626478  1.71307369201e-22
870.580698121  1.71251647644e-22
900.751334221  1.7057946577e-22
931.967556657  1.70667647304e-22
964.26560102  1.70796615553e-22
997.682958669  1.7096700186e-22
1032.25842026  1.71179326177e-22
1068.03212076  1.71433994496e-22
1105.04558606  1.71731297145e-22
1143.34178114  1.72071407949e-22
1182.96515999  1.72454384308e-22
1223.96171716  1.72880168162e-22
1266.37904119  1.73348587848e-22
1310.26636984  1.73859360814e-22
1355.67464724  1.74412097138e-22
1402.65658302  1.75006303809e-22
1451.26671352  1.77814425565e-22
1501.56146504  1.79088167633e-22
1553.59921943  1.80275798563e-22
1607.44038177  1.81385730862e-22
1663.14745053  1.82425553715e-22
1720.78509012  1.83402149019e-22
1780.42020593  1.84321786375e-22
1842.12202203  1.85190201368e-22
1905.96216149  1.86012660482e-22
1972.01472953  1.86794015202e-22
2040.35639954  1.87538747358e-22
2111.06650209  1.88251007283e-22
2184.22711702  1.8893464608e-22
2259.92316869  1.89357526929e-22
2338.24252459  1.89901219185e-22
2419.27609733  1.90398965171e-22
2503.11795014  1.9085376809e-22
2589.86540613  1.91268400927e-22
2679.61916116  1.91645430924e-22
2772.48340082  1.9198724083e-22
2868.56592133  1.92296047434e-22
2967.97825465  1.92573917763e-22
3070.83579797  1.9282278328e-22
3177.25794767  1.93044452363e-22
3287.3682379  1.93240621277e-22
3401.29448396  1.9341288387e-22
3519.16893071  1.93562740121e-22
3641.12840605  1.93691603716e-22
3767.31447975  1.93800808751e-22
3897.87362778  1.93891615688e-22
4032.95740237  1.93965216642e-22
4172.72260789  1.94022740087e-22
4317.33148289  1.94065255053e-22
4466.95188841  1.94093774869e-22
4621.75750286  1.94109260522e-22
4781.9280236  1.94112623661e-22
4947.64937553  1.94104729303e-22
5119.11392693  1.9408639828e-22
5296.52071274  1.94058409451e-22
5480.07566562  1.94021501715e-22
5669.99185496  1.93976375852e-22
5866.48973427  1.93923696215e-22
6069.79739701  1.93864092295e-22
6280.15084139  1.93798160168e-22
6497.79424435  1.93726463856e-22
6722.98024494  1.93649536602e-22
6955.97023761  1.93567882076e-22
7197.03467565  1.93481975528e-22
7446.4533851  1.9339226488e-22
7704.51588959  1.93299171788e-22
7971.52174641  1.93203092662e-22
8247.78089423  1.93104399654e-22
8533.61401289  1.93003441621e-22
8829.35289564  1.92900545066e-22
9135.34083425  1.92796015055e-22
9451.93301755  1.9269013612e-22
9779.49694371  1.92583173138e-22
10118.4128468  1.92475372199e-22
10469.0741383  1.92366961456e-22
10831.8878634  1.92258151958e-22
11207.2751741  1.92149138471e-22
11595.6718175  1.92040100272e-22
11997.5286419  1.91931201944e-22
12413.3121201  1.91822594133e-22
12843.504891  1.91714414305e-22
13288.6063194  1.91606787471e-22
13749.1330763  1.91499826899e-22
14225.6197382  1.91393634802e-22
14718.6194077  1.91288303011e-22
15228.7043556  1.91183913615e-22
15756.4666852  1.91080539593e-22
16302.5190197  1.9097824541e-22
16867.4952131  1.908770876e-22
17452.0510861  1.90777115317e-22
18056.8651874  1.90678370869e-22
18682.6395812  1.90580890227e-22
19330.1006626  1.90484703504e-22
20000  1.90389835422e-22

