1 20 101
101
1  0
1.03041055791  3.15488250939e-37
1.06174591785  6.40570675603e-37
1.09403420358  9.75539038168e-37
1.12730439408  1.32069397552e-36
1.16158634964  1.67634526709e-36
1.1969108386  2.04281211285e-36
1.23330956497  2.42042341985e-36
1.27081519692  2.80951809736e-36
1.30946139606  3.21044536111e-36
1.34928284767  3.62356504662e-36
1.39031529185  4.04924793225e-36
1.43259555555  4.48787607193e-36
1.47616158565  4.93984313806e-36
1.52105248304  5.40555477482e-36
1.56730853766  5.88542896228e-36
1.61497126471  6.37989639151e-36
1.66408344188  6.88940085113e-36
1.71468914776  7.41439962562e-36
1.76683380139  7.95536390575e-36
1.82056420303  8.51277921145e-36
1.87592857615  9.08714582759e-36
1.93297661076  9.67897925296e-36
1.99175950792  3.00717715584e-34
2.05233002578  1.87015409906e-32
2.11474252688  4.09939523607e-32
2.17905302696  6.39642883978e-32
2.24531924523  8.76331651691e-32
2.31360065617  1.12021825688e-31
2.3839585429  1.3715215898e-31
2.45645605223  1.63046719729e-31
2.53115825126  1.89728748516e-31
2.60813218585  2.17222192685e-31
2.68744694072  2.4555172783e-31
2.76917370155  2.74742779944e-31
2.85338581877  3.04821548239e-31
2.94015887345  3.35815028659e-31
3.02957074514  4.56007341797e-30
3.12170168173  1.7654626023e-29
3.21663437151  3.11473912782e-29
3.31445401734  4.50504790527e-29
3.41524841318  5.93763674831e-29
3.51910802283  7.41379141732e-29
3.62612606115  8.93483677338e-29
3.73639857773  1.05021379673e-28
3.85002454306  1.2117101665e-28
3.96710593738  1.37811773097e-28
4.08774784223  7.64637979463e-28
4.21205853471  1.64602739165e-27
4.34014958471  2.55422034761e-27
4.472135955  3.49003195804e-27
4.60813610445  4.45430212165e-27
4.74827209431  5.44789627891e-27
4.89266969782  6.47170618883e-27
5.041458513  1.17521888155e-26
5.19477207907  2.84652531203e-26
5.35274799621  4.5686571035e-26
5.51552804914  6.34315988355e-26
5.68325833429  8.17162628316e-26
5.85608939099  1.00556973661e-25
6.03417633655  1.43709042591e-25
6.21767900547  2.87724684069e-25
6.40676209294  4.36677533386e-25
6.6015953026  5.90160121953e-25
6.80235349885  7.48310201669e-25
7.00921686386  9.56493341077e-25
7.22237105921  1.6240044616e-24
7.44200739256  2.33514539773e-24
7.66832298935  3.06791252648e-24
7.9015209697  3.82296351243e-24
8.14181063074  5.25861842404e-24
8.38940763443  7.20851415525e-24
8.64453420113  9.21770730351e-24
8.90741930907  1.12880011364e-23
9.17829889981  1.41146974068e-23
9.45741609003  1.73983715912e-23
9.74502138973  2.07819041395e-23
10.041372927  2.43099564664e-23
10.34673668  2.81779090388e-23
10.661386715  3.21673882975e-23
10.9856054331  3.62637250771e-23
11.3196838233  4.01952144551e-23
11.6639217237  4.42165671843e-23
12.0186280908  4.83104773083e-23
12.3841212763  5.20566037452e-23
12.7607293136  5.58940513408e-23
13.1487902114  5.96422141781e-23
13.5486522576  6.31630434796e-23
13.9606743317  6.67771697431e-23
14.3852262269  7.00353054276e-23
14.8226889821  7.33263814815e-23
15.2734552238  7.64301368196e-23
15.7379295184  7.94362562569e-23
16.2165287354  8.23563741481e-23
16.7096824217  8.51440289218e-23
17.2178331866  8.78596811097e-23
17.7414370999  9.04426192136e-23
18.2809641002  9.29264242094e-23
18.8368984177  9.5317275335e-23
19.4097390079  9.75728459594e-23
20  9.98117e-23

