2 20 101
101
2  0
2.04658598456  1.14450117571e-39
2.0942570961  2.31566120848e-39
2.14303861048  3.51410106285e-39
2.19295639229  4.7404561675e-39
2.2440369086  5.99537675213e-39
2.29630724299  7.27952819225e-39
2.34979510988  8.59359136195e-39
2.40452886923  9.93826299493e-39
2.46053754162  1.13142560539e-38
2.51785082359  1.27223001085e-38
2.57649910339  1.41631417224e-38
2.63651347711  1.5637544849e-38
2.69792576518  1.71462912361e-38
2.76076852921  1.86901808413e-38
2.82507508925  2.0270032255e-38
2.89087954149  2.18866831356e-38
2.95821677634  2.35409906526e-38
3.02712249687  1.00817638058e-35
3.09763323782  3.62276001113e-35
3.16978638492  6.29824511801e-35
3.24362019472  9.03605027883e-35
3.31917381488  1.18376271141e-34
3.39648730492  1.4704461057e-34
3.4756016575  1.76380721408e-34
3.55655882008  2.06400158049e-34
3.63940171722  2.37118837197e-34
3.72417427333  2.685530463e-34
3.81092143593  3.00719452194e-34
3.89968919952  3.33635109931e-34
3.99052462994  7.92596804205e-34
4.08347588934  1.74187920836e-32
4.17859226171  3.68440444217e-32
4.275924179  5.67217690125e-32
4.3755232479  7.70625052889e-32
4.47744227714  9.78770381783e-32
4.58173530554  1.19176403822e-31
4.68845763064  1.40971895424e-31
4.79766583804  1.63275069245e-31
4.90941783137  1.86097750721e-31
5.02377286302  6.46592131853e-31
5.14079156554  2.79189586395e-30
5.26053598379  4.99241544853e-30
5.38306960785  7.24419171882e-30
5.50845740668  9.54841859638e-30
5.63676586253  1.19063178128e-29
5.76806300625  1.43191395575e-29
5.90241845333  1.67881631405e-29
6.0399034408  4.02057768723e-29
6.18059086503  1.16446768157e-28
6.32455532034  1.94463640264e-28
6.47187313859  2.74297758771e-28
6.62262242965  3.55991452783e-28
6.77688312278  4.3958803738e-28
6.93473700905  5.25131836576e-28
7.09626778467  1.28970638624e-27
7.2615610954  2.54176701579e-27
7.43070458194  3.82299188392e-27
7.60378792641  5.13406031301e-27
7.78090289989  6.4756674489e-27
7.96214341107  7.8719841742e-27
8.14760555608  1.73191973277e-26
8.33738766941  2.91273113669e-26
8.53159037603  4.12104717152e-26
8.7303166448  5.35750850243e-26
8.93367184302  6.62277071758e-26
9.1417637923  1.1887444873e-25
9.35470282574  1.91754621615e-25
9.57260184645  2.66332391804e-25
9.79557638737  3.42647301419e-25
10.0237446725  4.50002749022e-25
10.2572276798  7.60196275237e-25
10.496149205  1.08304304779e-24
10.7406359274  1.41340988772e-24
10.9908174772  1.78124142574e-24
11.2468265038  2.71515206076e-24
11.5087987467  3.72479596673e-24
11.7768731071  4.75795750041e-24
12.0511917215  6.01634256413e-24
12.3319000372  8.16731774307e-24
12.6191468896  1.03737495754e-23
12.9130845807  1.26315758074e-23
13.2138689602  1.56200631818e-23
13.5216595078  1.89601446472e-23
13.8366194184  2.23780266044e-23
14.1589156877  2.60623902167e-23
14.4887192015  3.00291679399e-23
14.826204826  3.40883437859e-23
15.1715515006  3.81895580692e-23
15.5249423326  4.23318640455e-23
15.8865646945  4.65706567229e-23
16.2566103233  5.06738213571e-23
16.6352754221  5.47665473442e-23
17.022760764  5.89146128212e-23
17.4192717991  6.27954937891e-23
17.8250187627  6.6750552891e-23
18.2402167871  7.05520458264e-23
18.6650860159  7.42589491227e-23
19.0998517204  7.79610371596e-23
19.5447444191  8.14381876354e-23
20  8.499601e-23

