3 20 101
101
3  0
3.05745688936  7.18314539447e-42
3.11601421011  1.4503864519e-41
3.17569303801  2.19647922265e-41
3.23651485253  2.95686138332e-41
3.29850154446  3.73180660856e-41
3.3616754239  4.52159381448e-41
3.4260592282  5.32650725911e-41
3.49167613021  6.14683664465e-41
3.55854974658  6.98287722178e-41
3.62670414627  7.83492989588e-41
3.69616385924  8.7033013354e-41
3.76695388521  9.58830408215e-41
3.83909970275  1.04902566639e-40
3.91262727838  1.14094837088e-40
3.98756307593  7.90954328893e-40
4.06393406609  7.03537114181e-38
4.1417677361  1.55850494003e-37
4.22109209963  2.42984736314e-37
4.30193570688  3.31787799465e-37
4.38432765487  4.22291645208e-37
4.46829759787  5.14528847434e-37
4.55387575811  6.08532603902e-37
4.64109293664  7.04336748181e-37
4.72998052444  8.01975761834e-37
4.82057051367  9.01484786821e-37
4.91289550923  1.00289963815e-36
5.00698874047  7.70508762196e-36
5.10288407317  6.87515887859e-35
5.20061602171  1.33016738577e-34
5.30021976151  1.98512713568e-34
5.40173114165  2.65263086889e-34
5.50518669785  3.33291883148e-34
5.61062366552  4.02623587081e-34
5.71807999326  4.73283152361e-34
5.82759435644  5.45296010583e-34
5.93920617117  6.18688080414e-34
6.05295560847  4.73720625492e-33
6.16888360871  1.36657647436e-32
6.28703189637  2.27653256313e-32
6.40744299507  3.20391640068e-32
6.53016024283  4.14906176841e-32
6.6552278077  5.11230884042e-32
6.78269070364  6.09400430591e-32
6.91259480676  7.09450149399e-32
7.04498687177  2.17468699422e-31
7.17991454885  6.36742045693e-31
7.31742640081  1.06404543939e-30
7.45757192053  1.49953267435e-30
7.60040154878  1.94336048995e-30
7.74596669241  2.39568862744e-30
7.89431974284  2.85667988751e-30
8.04551409486  5.92195677723e-30
8.19960416593  1.51878134168e-29
8.35664541573  2.46311324897e-29
8.51669436609  3.42553128089e-29
8.67980862141  4.40638182827e-29
8.84604688929  5.40601791612e-29
9.01546900177  7.67971611406e-29
9.18813593677  1.92646055143e-28
9.36410984009  3.13613894988e-28
9.54345404778  4.36898546764e-28
9.72623310891  5.62544382738e-28
9.91251280879  6.90596625011e-28
10.1023601927  1.29575312961e-27
10.29584359  2.32595412416e-27
10.4930326387  3.37588583356e-27
10.6939983105  4.44592614632e-27
10.8988129364  5.53646018837e-27
11.1075502328  9.36613483685e-27
11.3202853277  1.58755670779e-26
11.5370947883  2.2509669895e-26
11.7580566479  2.9270831016e-26
11.9832504345  3.69497776112e-26
12.2127571994  6.60864062683e-26
12.4466595458  9.84220022454e-26
12.6850416593  1.31376899143e-25
12.9279893377  1.64962957995e-25
13.175590022  2.63948286811e-25
13.4279328281  3.91894921484e-25
13.6851085784  5.22292028035e-25
13.9472098349  6.55992780496e-25
14.2143309324  1.00761534886e-24
14.4865680123  1.42126244086e-24
14.7640190574  1.84283182459e-24
15.0467839273  2.37666739047e-24
15.3349643938  3.42110924558e-24
15.628664178  4.49057001774e-24
15.9279889875  5.58076482517e-24
16.2330465545  7.41436566743e-24
16.5439466745  9.51103565951e-24
16.8608012457  1.16478616968e-23
17.1837243096  1.43536604099e-23
17.5128320918  1.75190190588e-23
17.8482430438  2.0745001595e-23
18.1900778857  2.43235692624e-23
18.5384596499  2.82072943315e-23
18.893513725  3.21654016545e-23
19.2553679009  3.62575907774e-23
19.6241524153  4.04529202914e-23
20  4.47286e-23

