2 20 101
101
2  0
2.04658598456  8.66038111597e-39
2.0942570961  1.75224884224e-38
2.14303861048  2.6591020726e-38
2.19295639229  3.58707862824e-38
2.2440369086  4.53667053464e-38
2.29630724299  5.50838127798e-38
2.34979510988  6.50272607216e-38
2.40452886923  7.52023213196e-38
2.46053754162  8.56143895256e-38
2.51785082359  9.62689859559e-38
2.57649910339  1.07171759819e-37
2.63651347711  1.18328491909e-37
2.69792576518  1.29745097673e-37
2.76076852921  1.41427630348e-37
2.82507508925  1.53382284166e-37
2.89087954149  1.65615397643e-37
2.95821677634  1.78133456938e-37
3.02712249687  4.88255994913e-35
3.09763323782  1.75274915587e-34
3.16978638492  3.04669614627e-34
3.24362019472  4.37078303393e-34
3.31917381488  5.72571186723e-34
3.39648730492  7.1122010474e-34
3.4756016575  8.53098570933e-34
3.55655882008  9.98281811145e-34
3.63940171722  1.14684680345e-33
3.72417427333  1.29887231897e-33
3.81092143593  1.45443896366e-33
3.89968919952  1.61362922099e-33
3.99052462994  3.33665585681e-33
4.08347588934  6.43697579454e-32
4.17859226171  1.35672080053e-31
4.275924179  2.08635246599e-31
4.3755232479  2.8329794362e-31
4.47744227714  3.59699758267e-31
4.58173530554  4.37881199792e-31
4.68845763064  5.17883721031e-31
4.79766583804  5.9974974038e-31
4.90941783137  6.83522664286e-31
5.02377286302  2.09942548445e-30
5.14079156554  8.64239537143e-30
5.26053598379  1.53537316168e-29
5.38306960785  2.22213949655e-29
5.50845740668  2.92490267436e-29
5.63676586253  3.64403530944e-29
5.76806300625  4.37991869544e-29
5.90241845333  5.13294300748e-29
6.0399034408  1.14369744119e-28
6.18059086503  3.17348129254e-28
6.32455532034  5.25054488346e-28
6.47187313859  7.37598950058e-28
6.62262242965  9.55094208276e-28
6.77688312278  1.17765558186e-27
6.93473700905  1.40540107581e-27
7.09626778467  3.23809265443e-27
7.2615610954  6.22318075264e-27
7.43070458194  9.27780048487e-27
7.60378792641  1.2403571451e-26
7.78090289989  1.5602150976e-26
7.96214341107  1.89251689989e-26
8.14760555608  3.93928209369e-26
8.33738766941  6.48940522646e-26
8.53159037603  9.09892835768e-26
8.7303166448  1.17692350911e-25
8.93367184302  1.45017412586e-25
9.1417637923  2.48937556026e-25
9.35470282574  3.91645484633e-25
9.57260184645  5.3767750792e-25
9.79557638737  6.87111053997e-25
10.0237446725  8.89230337663e-25
10.2572276798  1.43292060471e-24
10.496149205  1.99840195796e-24
10.7406359274  2.57705506401e-24
10.9908174772  3.21057816013e-24
11.2468265038  4.63402077369e-24
11.5087987467  6.16567292868e-24
11.7768731071  7.7330018455e-24
12.0511917215  9.54748571601e-24
12.3319000372  1.23082356409e-23
12.6191468896  1.51388982577e-23
12.9130845807  1.80354954771e-23
13.2138689602  2.14714735284e-23
13.5216595078  2.51837353241e-23
13.8366194184  2.89824668051e-23
14.1589156877  3.28959826555e-23
14.4887192015  3.69283253171e-23
14.826204826  4.10545933053e-23
15.1715515006  4.51295773726e-23
15.5249423326  4.91466769771e-23
15.8865646945  5.32573468516e-23
16.2566103233  5.7178133577e-23
16.6352754221  6.10610412328e-23
17.022760764  6.49926101548e-23
17.4192717991  6.86356598748e-23
17.8250187627  7.23466216034e-23
18.2402167871  7.59030876997e-23
18.6650860159  7.93628020787e-23
19.0998517204  8.28170925467e-23
19.5447444191  8.6058249748e-23
20  8.93746e-23

