4 20 101
101
4  0
4.06489836507  8.05206995088e-43
4.13084967959  1.62347814456e-42
4.19787102722  2.45502540897e-42
4.26597976883  3.30006418787e-42
4.33519354694  4.15881337556e-42
4.4055302903  5.03149541783e-42
4.47700821858  5.91833636953e-42
4.54964584702  6.8195659532e-42
4.6234619913  7.7354176185e-42
4.69847577235  8.66612860273e-42
4.77470662134  9.61193999226e-42
4.85217428469  1.0573096785e-41
4.93089882922  1.15498479539e-41
5.0109006473  6.71995781729e-40
5.09220046219  5.06805291928e-39
5.17481933334  9.59830940998e-39
5.2587786619  1.42020674606e-38
5.34410019626  1.88805196038e-38
5.43080603763  2.36348777209e-38
5.51891864584  2.84663733551e-38
5.60846084511  3.33762580312e-38
5.69945582996  3.83658035794e-38
5.79192717125  4.34363024647e-38
5.88589882225  4.85890681219e-38
5.98139512488  6.28792664947e-38
6.07844081599  2.05976574767e-36
6.17706103378  4.58046443104e-36
6.27728132428  7.14206042025e-36
6.37912764804  9.74521725737e-36
6.48262638677  1.23906092502e-35
6.58780435024  1.50789216468e-35
6.69468878317  1.78108508133e-35
6.80330737234  2.05871044139e-35
6.91368825372  2.34084015944e-35
7.02586001978  9.99084607821e-35
7.13985172691  4.26259699392e-34
7.25569290288  7.58119820638e-34
7.3734135546  1.09536423671e-33
7.49304417576  1.43808030559e-33
7.61461575486  1.7863568026e-33
7.73815978314  2.14028394343e-33
7.86370826279  2.49995340746e-33
7.9912937152  3.38522776558e-33
8.12094918942  1.74915796657e-32
8.25270827072  3.33977467749e-32
8.38660508926  4.95619849441e-32
8.52267432896  6.59884812707e-32
8.66095123645  8.26814907862e-32
8.80147163025  9.96453375581e-32
8.94427191  1.1688441581e-31
9.08938906592  3.50023598516e-31
9.23686068839  7.2355122668e-31
9.38672497765  1.10313918794e-30
9.53902075375  1.48888580872e-30
9.69378746657  1.88089101075e-30
9.85106520605  2.27925633696e-30
10.0108947126  3.16458185001e-30
10.1733173875  8.16607816427e-30
10.3383753039  1.34131059207e-29
10.5061112176  1.87452645579e-29
10.6765685779  2.41639352895e-29
10.8497915392  2.9670521739e-29
11.0258249723  4.19292256746e-29
11.2047144759  8.98487092475e-29
11.3865063885  1.39048236212e-28
11.5712478006  1.89046005392e-28
11.7589865666  2.39854967942e-28
11.9497713174  2.91488285141e-28
12.1436514728  5.50793247312e-28
12.3406772544  8.87799541979e-28
12.5408996988  1.23027362603e-27
12.7443706706  1.57830421212e-27
12.9511428756  1.93255168304e-27
13.1612698752  3.39781829119e-27
13.3748060995  5.22806929997e-27
13.5918068618  7.08801538329e-27
13.8123283727  8.97813833158e-27
14.036427755  1.19388123084e-26
14.2641630582  2.00124341599e-26
14.4955932736  2.82702113903e-26
14.7307783496  3.66619676811e-26
14.9697792074  4.55510738942e-26
15.2126577564  7.33341734102e-26
15.4594769106  1.04748031895e-25
15.7103006046  1.36671567395e-25
15.9651938106  1.70073563265e-25
16.2242225547  2.62275712689e-25
16.4874539343  3.66445582688e-25
16.7549561354  4.72305566249e-25
17.0267984504  6.02577089224e-25
17.3030512959  8.95046627105e-25
17.5837862308  1.19682601425e-24
17.8690759753  1.50350164861e-24
18.1589944294  2.04298212942e-24
18.4536166918  2.78186530139e-24
18.75301908  3.53273655083e-24
19.0572791496  4.43330889693e-24
19.3664757145  5.93033513817e-24
19.6806888673  7.45494448732e-24
20  9.00429e-24

