0.5 20 151
151
0.5  0
0.512448710082  1.52718036574e-41
0.52520736093  3.09238358271e-41
0.538283669269  4.69655632181e-41
0.55168554395  6.34066882362e-41
0.565421090737  8.02571548518e-41
0.579498617203  9.75271546148e-41
0.59392663776  1.15227132818e-40
0.608713878807  1.33367794816e-40
0.623869284008  1.51960112497e-40
0.6394020197  1.71015330923e-40
0.655321480438  1.90544975129e-40
0.67163729468  2.10560857093e-40
0.688359330604  2.31075082879e-40
0.705497702082  2.52100059965e-40
0.723062774796  2.73648504739e-40
0.741065172505  2.95733450196e-40
0.759515783475  3.1836825382e-40
0.778425767058  3.41566605659e-40
0.797806560447  3.65342536612e-40
0.817669885593  3.89710426907e-40
0.83802775629  4.14685014806e-40
0.858892485448  4.40281405513e-40
0.880276692535  4.66515080314e-40
0.90219331121  4.93401905939e-40
0.924655597149  5.20958144159e-40
0.947677136058  5.4920046162e-40
0.971271851895  5.78145939924e-40
0.995454015286  1.05965561766e-35
1.02023825216  1.8317324227e-33
1.04563955259  4.13076346715e-33
1.07167327987  6.48703445347e-33
1.0983551798  8.90197050857e-33
1.1257013902  1.13770322413e-32
1.15372845069  1.39137166259e-32
1.18245331269  1.65135579075e-32
1.21189334964  1.91781285298e-32
1.24206636756  2.19090400865e-32
1.27299061578  2.47079442956e-32
1.30468479801  2.75765339988e-32
1.33716808361  3.05165441852e-32
1.37046011922  3.35297530404e-32
1.40458104063  3.66179830226e-32
1.43955148495  3.97831019641e-32
1.47539260312  4.30270242019e-32
1.51212607267  4.63517117346e-32
1.54977411084  4.97591754096e-32
1.58835948804  5.32514761395e-32
1.62790554158  5.68307261481e-32
1.66843618984  6.04990902479e-32
1.70997594668  6.42587871501e-32
1.75254993629  6.81120908057e-32
1.79618390842  7.20613317815e-32
1.84090425388  7.61088986692e-32
1.88673802057  8.02572395303e-32
1.93371292981  8.45088633768e-32
1.9818573931  8.88663416886e-32
2.03120052932  8.21024309018e-30
2.08177218234  2.13711866473e-29
2.13360293905  3.4859803746e-29
2.18672414789  4.8684252612e-29
2.24116793778  6.285289459e-29
2.29696723759  7.73742992005e-29
2.35415579601  9.22572493229e-29
2.41276820199  1.07510746508e-28
2.47283990568  1.23144016421e-28
2.53440723981  1.39166514424e-28
2.59750744173  1.55587931292e-28
2.66217867588  1.72418199075e-28
2.72846005693  1.89667497107e-28
2.79639167337  2.07346258159e-28
2.86601461181  2.25465174753e-28
2.9373709818  2.44035205627e-28
3.01050394131  5.32894307235e-28
3.08545772284  2.29812177025e-27
3.16227766017  4.12993665587e-27
3.24101021575  6.00735900636e-27
3.32170300885  7.93152432994e-27
3.40440484432  9.90359640604e-27
3.48916574214  1.19247679892e-26
3.57603696765  1.39962615305e-26
3.66507106256  1.61193299169e-26
3.75632187674  1.82952572289e-26
3.84984460077  2.05253595175e-26
3.94569579937  2.28109855998e-26
4.04393344553  4.28621906249e-26
4.14461695564  8.58465082475e-26
4.2478072254  1.29901024486e-25
4.35356666667  1.75052384526e-25
4.46195924519  2.21327896948e-25
4.57305051927  2.68755550246e-25
4.68690767949  3.17364029755e-25
4.80359958925  3.67182735003e-25
4.92319682653  4.18241797487e-25
5.04577172647  5.82003087797e-25
5.1713984252  9.41473710447e-25
5.30015290463  1.30989422423e-24
5.43211303844  1.68748745833e-24
5.56735863914  2.07448178984e-24
5.70597150638  2.47111128183e-24
5.84803547643  2.87761582492e-24
5.99363647282  3.33297715403e-24
6.1428625584  4.57171916413e-24
6.29580398853  5.91982904708e-24
6.4525532657  7.30150338822e-24
6.6132051955  8.71757785596e-24
6.77785694388  1.01689089247e-23
6.94660809603  1.16563743929e-23
7.11956071652  1.38039586099e-23
7.29681941106  1.62901890596e-23
7.47849138981  1.88383202334e-23
7.66468653214  2.14498932997e-23
7.85551745316  2.4126487798e-23
8.0510995718  2.69024518698e-23
8.25155118063  2.98423753906e-23
8.45699351738  3.28554954226e-23
8.66755083831  3.59436343701e-23
8.88335049333  3.91086600104e-23
9.10452300303  4.21731565077e-23
9.33120213764  4.51088326441e-23
9.5635249979  4.81175995428e-23
9.80163209803  5.12012769751e-23
10.0456674507  5.4264144524e-23
10.295778654  5.69851477685e-23
10.5521169811  5.97713146792e-23
10.8148374712  6.26268499582e-23
11.0840990237  6.53870579818e-23
11.3600644943  6.78404489677e-23
11.6429007931  7.03549230597e-23
11.9327789861  7.29317066264e-23
12.2298743982  7.52382893894e-23
12.5343667197  7.7501611264e-23
12.8464401144  7.98212840142e-23
13.1662833315  8.20067032687e-23
13.4940898196  8.40648035237e-23
13.8300578436  8.61741451654e-23
14.1743906047  8.81563293323e-23
14.5272963631  9.00084140433e-23
14.8889885645  9.19066108855e-23
15.2596859686  9.36413561402e-23
15.6396127818  9.53269736328e-23
16.0289987924  9.70300940722e-23
16.4280795102  9.85744770017e-23
16.8370963082  1.00149641593e-22
17.2562965694  1.01639181659e-22
17.6859338356  1.03084481423e-22
18.1262679613  1.04508060963e-22
18.5775652707  1.05819982242e-22
19.0400987189  1.07143394985e-22
19.5141480567  1.08338511622e-22
20  1.09558e-22

