3 20000 251
251
3  0
3.10754116011  8.86696222492e-40
3.21893735392  1.80517789179e-39
3.33432677304  2.75658442251e-39
3.45385256282  3.74209607392e-39
3.57766299997  4.76293541408e-39
3.70591167647  5.82036883656e-39
3.83875769011  6.91570813136e-39
3.9763658419  8.05031211232e-39
4.11890684045  3.86338982612e-36
4.26655751378  8.65045422576e-36
4.41950102868  1.36091207784e-35
4.57792711792  1.87455409156e-35
4.74203231564  2.40660865796e-35
4.91202020113  2.9577358128e-35
5.08810165143  1.02312143476e-33
5.27049510288  3.0741121216e-33
5.45942682211  5.19862478105e-33
5.65513118677  7.39929495919e-33
5.85785097623  9.67885267865e-33
6.0678376728  7.18942427206e-32
6.28535177369  2.66255859945e-31
6.51066311417  4.67584768435e-31
6.74405120229  6.76130725052e-31
6.98580556566  8.92152439706e-31
7.2362261106  7.30376762504e-30
7.49562349418  1.43303664925e-29
7.76431950961  2.16088482247e-29
8.04264748544  4.59927977062e-29
8.33095269908  1.67674896175e-28
8.6295928051  2.93718939321e-28
8.93893827894  4.24281290009e-28
9.25937287649  1.50425512226e-27
9.59129411015  2.85332474625e-27
9.935113742  4.25075454105e-27
10.2912582945  1.24376434631e-26
10.6601695799  2.24732183181e-26
11.0423052477  3.74930558876e-26
11.4381393532  9.15308633886e-26
11.8481629451  1.47505767059e-25
12.2728846745  3.15087706233e-25
12.7128314264  5.51846370619e-25
13.168548973  9.91536972725e-25
13.6406026509  1.7901540805e-24
14.1295780621  2.93491954448e-24
14.6360818009  5.03296439667e-24
15.1607422064  7.75714581278e-24
15.7042101414  1.18709861281e-23
16.2671598004  1.68847216871e-23
16.8502895459  2.29411072242e-23
17.4543227746  2.97579663752e-23
18.0800088146  3.64787846876e-23
18.7281238555  4.07043028179e-23
19.3994719108  4.67676610014e-23
20.0948858158  5.46496334396e-23
20.81522826  6.4332671517e-23
21.5613928584  7.580085541e-23
22.3343052589  8.90398463817e-23
23.1349242915  1.04036839699e-22
23.9642431572  1.20780518108e-22
24.8232906606  1.26811059101e-22
25.7131324857  1.32063766882e-22
26.6348725182  1.37055870402e-22
27.5896542149  1.41796451744e-22
28.5786620219  1.46294266675e-22
29.6031228447  1.50557756133e-22
30.6643075692  1.54595057376e-22
31.7635326391  1.58414014794e-22
32.9021616888  1.62022190399e-22
34.0816072348  1.65426874013e-22
35.3033324283  1.68635093149e-22
36.5688528699  1.71653622611e-22
37.8797384904  1.74488993816e-22
39.2376154977  1.77147503847e-22
40.6441683945  1.79635224263e-22
42.1011420681  1.81958009656e-22
43.6103439547  1.84121505981e-22
45.1736462819  1.86131158667e-22
46.792988391  1.87992220516e-22
48.4703791432  1.89709759406e-22
50.2078994111  1.91288665806e-22
52.0077046609  1.92733660117e-22
53.8720276255  1.94049299846e-22
55.8031810749  1.95239986626e-22
57.803560685  1.96309973096e-22
59.8756480098  1.97263369647e-22
62.0220135595  1.98104151046e-22
64.2453199896  1.98836162954e-22
66.548325404  1.99463128339e-22
68.9338867764  1.99988653806e-22
71.4049634946  2.00416235843e-22
73.9646210318  2.00749267002e-22
76.6160347494  2.0099104202e-22
79.362493836  2.01144763891e-22
82.207405388  2.01213549895e-22
85.1542986363  2.01200437598e-22
88.2068293241  2.01108390821e-22
91.3687842424  2.00940305597e-22
94.6440859274  2.00699016106e-22
98.0367975267  2.00387300602e-22
101.55112784  2.00007887333e-22
105.191436539  1.9956346045e-22
108.962239579  1.99056665897e-22
112.868214796  1.98490117297e-22
116.914207716  1.97866401798e-22
121.105237559  1.97188085888e-22
125.446503473  1.96457721151e-22
129.943390978  1.95677849948e-22
134.601478649  1.94851010991e-22
139.426545038  1.93979744786e-22
144.424575839  1.93066598898e-22
149.601771317  1.92114132992e-22
154.964553998  1.9112492361e-22
160.519576635  1.90101568604e-22
166.273730466  1.89046691168e-22
172.234153755  1.87962943396e-22
178.408240657  1.86853009264e-22
184.803650381  1.85719606965e-22
191.428316699  1.84565490482e-22
198.290457784  1.83393450304e-22
205.398586407  1.82206313173e-22
212.761520496  1.81006940754e-22
220.388394076  1.7979822712e-22
228.288668601  1.7858309495e-22
236.472144687  1.77364490347e-22
244.948974278  1.76145376191e-22
253.729673232  1.74928723969e-22
262.82513437  1.73717504051e-22
272.246640988  1.72514674387e-22
282.005880857  1.71323167672e-22
292.114960719  1.70145877038e-22
302.586421305  1.69074293603e-22
313.433252899  1.67932077978e-22
324.668911443  1.66812443453e-22
336.307335239  1.65717949291e-22
348.362962233  1.6465102726e-22
360.850747932  1.63613962654e-22
373.786183952  1.62608875639e-22
387.185317237  1.61637703354e-22
401.064769967  1.60702183175e-22
415.441760181  1.59803837584e-22
430.33412313  1.58943961058e-22
445.760333408  1.58123609348e-22
461.739527869  1.57343591513e-22
478.291529368  1.56604464976e-22
495.436871347  1.55906533849e-22
513.196823315  1.55249850672e-22
531.593417229  1.54634221657e-22
550.649474827  1.54059215471e-22
570.388635939  1.53524175521e-22
590.835387813  1.53028235703e-22
612.015095492  1.52570339551e-22
633.954033283  1.5214926282e-22
656.679417347  1.51763639663e-22
680.219439467  1.51411992951e-22
704.603302016  1.51092770056e-22
729.861254188  1.50804387666e-22
756.024629519  1.50545597791e-22
783.125884761  1.50328936855e-22
811.198640147  1.50161231875e-22
840.277721093  1.50041779534e-22
870.399201406  1.49969717472e-22
901.600448031  1.49346637969e-22
933.920167409  1.49413385834e-22
967.398453493  1.49520328779e-22
1002.07683748  1.49668052197e-22
1037.99833936  1.49857027797e-22
1075.20752123  1.5008761099e-22
1113.75054262  1.50360039196e-22
1153.67521776  1.50674431137e-22
1195.03107486  1.51030787108e-22
1237.86941758  1.51428990231e-22
1282.24338866  1.51868808672e-22
1328.20803584  1.52349898782e-22
1375.82038019  1.52871809103e-22
1425.13948679  1.55069075739e-22
1476.22653803  1.56297622638e-22
1529.14490952  1.57438265065e-22
1583.9602487  1.5849991043e-22
1640.74055627  1.59490542096e-22
1699.55627056  1.60417356741e-22
1760.48035489  1.61286875702e-22
1823.58838813  1.62105035892e-22
1888.9586584  1.62877264547e-22
1956.67226024  1.63608541043e-22
2026.81319518  1.64303448312e-22
2099.46847595  1.6496621582e-22
2174.72823446  1.6560075566e-22
2252.68583354  1.66004978974e-22
2333.43798284  1.66508860952e-22
2417.08485874  1.66968301289e-22
2503.73022867  1.67386317121e-22
2593.4815798  1.67765685988e-22
2686.45025241  1.68108972124e-22
2782.75157798  1.68418549185e-22
2882.50502231  1.68696619984e-22
2985.83433368  1.68945233661e-22
3092.86769639  1.69166300673e-22
3203.73788976  1.6936160591e-22
3318.58245288  1.69532820201e-22
3437.54385517  1.69681510417e-22
3560.76967321  1.69809148368e-22
3688.41277372  1.69917118639e-22
3820.63150327  1.70006725521e-22
3957.58988467  1.70079199125e-22
4099.45782048  1.70135700811e-22
4246.41130375  1.7017732799e-22
4398.63263638  1.70205118403e-22
4556.31065525  1.70220053928e-22
4719.64096648  1.70223063977e-22
4888.82618808  1.70215028543e-22
5064.07620136  1.70196780929e-22
5245.60841122  1.70169110218e-22
5433.64801588  1.70132763501e-22
5628.4282863  1.70088447912e-22
5830.19085546  1.70036832484e-22
6039.18601821  1.6997854986e-22
6255.67304171  1.69914197874e-22
6479.9204871  1.69844341023e-22
6712.20654262  1.69769511855e-22
6952.81936878  1.69690212266e-22
7202.05745576  1.69606914739e-22
7460.22999374  1.6952006353e-22
7727.65725647  1.69430075794e-22
8004.67099856  1.69337342686e-22
8291.61486705  1.69242230418e-22
8588.84482771  1.69145081287e-22
8896.72960662  1.69046214686e-22
9215.65114764  1.68945928076e-22
9546.00508616  1.68844497955e-22
9888.20123995  1.68742180795e-22
10242.6641175  1.68639213967e-22
10609.8334448  1.68535816643e-22
10990.1647105  1.68432190685e-22
11384.1297314  1.68328521516e-22
11792.2172375  1.68224978966e-22
12214.9334781  1.68121718106e-22
12652.8028504  1.68018880059e-22
13106.3685495  1.67916592788e-22
13576.1932423  1.6781497187e-22
14062.859766  1.67714121237e-22
14566.9718506  1.67614133903e-22
15089.1548679  1.67515092662e-22
15630.0566078  1.67417070763e-22
16190.3480812  1.67320132559e-22
16770.7243529  1.67224334133e-22
17371.9054038  1.67129723894e-22
17994.6370239  1.67036343148e-22
18639.6917377  1.66944226647e-22
19307.8697622  1.66853403106e-22
20000  1.66763895695e-22

