2 20 101
101
2  0
2.04658598456  1.49267550713e-42
2.0942570961  3.02011989333e-42
2.14303861048  4.58314302982e-42
2.19295639229  6.18257365217e-42
2.2440369086  7.81925979965e-42
2.29630724299  9.49406926494e-42
2.34979510988  1.12078900542e-41
2.40452886923  1.29616308578e-41
2.46053754162  1.47562215325e-41
2.51785082359  1.65926135938e-41
2.57649910339  1.84717807213e-41
2.63651347711  2.03947192742e-41
2.69792576518  2.236244882e-41
2.76076852921  2.43760126748e-41
2.82507508925  2.6436478457e-41
2.89087954149  2.85449386528e-41
2.95821677634  3.07025111956e-41
3.02712249687  5.3614919531e-38
3.09763323782  1.92915090316e-37
3.16978638492  3.35459978904e-37
3.24362019472  4.81325164481e-37
3.31917381488  6.305879867e-37
3.39648730492  7.83327586684e-37
3.4756016575  9.39624948992e-37
3.55655882008  1.09956294455e-36
3.63940171722  1.26322637461e-36
3.72417427333  1.43070201568e-36
3.81092143593  1.60207866557e-36
3.89968919952  1.77744719044e-36
3.99052462994  7.48567600451e-36
4.08347588934  2.23367400294e-34
4.17859226171  4.75631655046e-34
4.275924179  7.33771899136e-34
4.3755232479  9.9792500194e-34
4.47744227714  1.26823102093e-33
4.58173530554  1.54483327593e-33
4.68845763064  1.82787842512e-33
4.79766583804  2.11751654279e-33
4.90941783137  2.4139011989e-33
5.02377286302  1.32773933733e-32
5.14079156554  6.48355599583e-32
5.26053598379  1.17721383982e-31
5.38306960785  1.71839077097e-31
5.50845740668  2.27217333219e-31
5.63676586253  2.83885514634e-31
5.76806300625  3.41873667561e-31
5.90241845333  4.01212538087e-31
6.0399034408  1.26620476155e-30
6.18059086503  4.16395630014e-30
6.32455532034  7.12920514295e-30
6.47187313859  1.01635235042e-29
6.62262242965  1.32685202196e-29
6.77688312278  1.64458415995e-29
6.93473700905  1.96971723017e-29
7.09626778467  6.10331267635e-29
7.2615610954  1.29699554906e-28
7.43070458194  1.99965429629e-28
7.60378792641  2.71868006829e-28
7.78090289989  3.45445410205e-28
7.96214341107  4.2256298941e-28
8.14760555608  1.12571136232e-27
8.33738766941  2.01190423541e-27
8.53159037603  2.91873919225e-27
8.7303166448  3.84669704874e-27
8.93367184302  4.79626982042e-27
9.1417637923  9.9492246523e-27
9.35470282574  1.72240970013e-26
9.57260184645  2.46684228958e-26
9.79557638737  3.22861494159e-26
10.0237446725  4.42842316717e-26
10.2572276798  8.53354360914e-26
10.496149205  1.28122434612e-25
10.7406359274  1.7190607036e-25
10.9908174772  2.23025876472e-25
11.2468265038  3.93626018689e-25
11.5087987467  5.7965305854e-25
11.7768731071  7.70013224794e-25
12.0511917215  1.04115337347e-24
12.3319000372  1.64625096693e-24
12.6191468896  2.26747510988e-24
12.9130845807  2.903169422e-24
13.2138689602  4.15020433371e-24
13.5216595078  5.67436188832e-24
13.8366194184  7.23402163307e-24
14.1589156877  9.3672246846e-24
14.4887192015  1.21152890474e-23
14.826204826  1.49273640523e-23
15.1715515006  1.82030552909e-23
15.5249423326  2.19677631631e-23
15.8865646945  2.58201623468e-23
16.2566103233  2.99323254352e-23
16.6352754221  3.42171860933e-23
17.022760764  3.85865839677e-23
17.4192717991  4.29188488187e-23
17.8250187627  4.73458322139e-23
18.2402167871  5.16735266344e-23
18.6650860159  5.59511525171e-23
19.0998517204  6.02351438248e-23
19.5447444191  6.43005387063e-23
20  6.84603e-23

