3 20000 251
251
3  0
3.10754116011  5.62229486687e-42
3.21893735392  1.14461324379e-41
3.33432677304  1.74787374251e-41
3.45385256282  2.37275935253e-41
3.57766299997  3.02004527036e-41
3.70591167647  3.69053448103e-41
3.83875769011  4.38505875421e-41
3.9763658419  5.10447967609e-41
4.11890684045  6.4509029316e-38
4.26655751378  1.44547169613e-37
4.41950102868  2.27454441397e-37
4.57792711792  3.13333694577e-37
4.74203231564  4.02291465929e-37
4.91202020113  4.94438111259e-37
5.08810165143  3.25577300672e-35
5.27049510288  9.88383922509e-35
5.45942682211  1.67495020869e-34
5.65513118677  2.38612787318e-34
5.85785097623  3.12279916135e-34
6.0678376728  3.49433010439e-33
6.28535177369  1.35315974652e-32
6.51066311417  2.39286712847e-32
6.74405120229  3.46984495643e-32
6.98580556566  4.58542926607e-32
7.2362261106  5.13523761494e-31
7.49562349418  1.02634738246e-30
7.76431950961  1.55755421913e-30
8.04264748544  3.73183354513e-30
8.33095269908  1.52805648625e-29
8.6295928051  2.72432841677e-29
8.93893827894  3.96348317103e-29
9.25937287649  1.65226684292e-28
9.59129411015  3.2281730976e-28
9.935113742  4.8605709479e-28
10.2912582945  1.62013760434e-27
10.6601695799  3.01755732103e-27
11.0423052477  5.24974070563e-27
11.4381393532  1.40910042033e-26
11.8481629451  2.32492009454e-26
12.2728846745  5.48526183418e-26
12.7128314264  1.00336249321e-25
13.168548973  1.95589370665e-25
13.6406026509  3.79214946965e-25
14.1295780621  6.74981006222e-25
14.6360818009  1.28462004941e-24
15.1607422064  2.20769407453e-24
15.7042101414  3.84765748046e-24
16.2671598004  6.32311708669e-24
16.8502895459  9.77808502207e-24
17.4543227746  1.47346962533e-23
18.0800088146  1.99785661053e-23
18.7281238555  2.39919256252e-23
19.3994719108  3.00970943668e-23
20.0948858158  3.8273135832e-23
20.81522826  4.85010862954e-23
21.5613928584  6.07639036993e-23
22.3343052589  7.50464175158e-23
23.1349242915  9.13352795132e-23
23.9642431572  1.09618915359e-22
24.8232906606  1.165830396e-22
25.7131324857  1.22701495086e-22
26.6348725182  1.28524545375e-22
27.5896542149  1.34062523571e-22
28.5786620219  1.39325391856e-22
29.6031228447  1.44322754514e-22
30.6643075692  1.49063870567e-22
31.7635326391  1.5355766603e-22
32.9021616888  1.57812745802e-22
34.0816072348  1.61837405208e-22
35.3033324283  1.65639641186e-22
36.5688528699  1.69227163163e-22
37.8797384904  1.72607403601e-22
39.2376154977  1.75787528247e-22
40.6441683945  1.78774446091e-22
42.1011420681  1.81574819038e-22
43.6103439547  1.84195071329e-22
45.1736462819  1.86641398688e-22
46.792988391  1.88919777247e-22
48.4703791432  1.91035972223e-22
50.2078994111  1.92995546396e-22
52.0077046609  1.94803868365e-22
53.8720276255  1.96466120625e-22
55.8031810749  1.97987307453e-22
57.803560685  1.99372262634e-22
59.8756480098  2.00625657021e-22
62.0220135595  2.01752005963e-22
64.2453199896  2.02755676586e-22
66.548325404  2.03640894965e-22
68.9338867764  2.04411753181e-22
71.4049634946  2.05072216279e-22
73.9646210318  2.05626129142e-22
76.6160347494  2.0607722329e-22
79.362493836  2.06429123603e-22
82.207405388  2.06685355003e-22
85.1542986363  2.06849349073e-22
88.2068293241  2.06924450646e-22
91.3687842424  2.06913924359e-22
94.6440859274  2.06820961175e-22
98.0367975267  2.06648684889e-22
101.55112784  2.06400158611e-22
105.191436539  2.06078391222e-22
108.962239579  2.05686343815e-22
112.868214796  2.05226936104e-22
116.914207716  2.04703052797e-22
121.105237559  2.04117549917e-22
125.446503473  2.03473261056e-22
129.943390978  2.02773003546e-22
134.601478649  2.02019584508e-22
139.426545038  2.01215806752e-22
144.424575839  2.00364474494e-22
149.601771317  1.99468398824e-22
154.964553998  1.98530402898e-22
160.519576635  1.97553326758e-22
166.273730466  1.9654003174e-22
172.234153755  1.95493404364e-22
178.408240657  1.9441635964e-22
184.803650381  1.93311843674e-22
191.428316699  1.92182835485e-22
198.290457784  1.91032347922e-22
205.398586407  1.89863427567e-22
212.761520496  1.88679153502e-22
220.388394076  1.8748263485e-22
228.288668601  1.86277006954e-22
236.472144687  1.85065426127e-22
244.948974278  1.83851062856e-22
253.729673232  1.8263709343e-22
262.82513437  1.81426689922e-22
272.246640988  1.80223008546e-22
282.005880857  1.79029176388e-22
292.114960719  1.77848276617e-22
302.586421305  1.76775658074e-22
313.433252899  1.75627756094e-22
324.668911443  1.74501691986e-22
336.307335239  1.73400191387e-22
348.362962233  1.72325844893e-22
360.850747932  1.71281088365e-22
373.786183952  1.70268183596e-22
387.185317237  1.69289199749e-22
401.064769967  1.68345996012e-22
415.441760181  1.67440205937e-22
430.33412313  1.66573223857e-22
445.760333408  1.65746193824e-22
461.739527869  1.64960001398e-22
478.291529368  1.64215268589e-22
495.436871347  1.63512352209e-22
513.196823315  1.62851345769e-22
531.593417229  1.62232085035e-22
550.649474827  1.61654157262e-22
570.388635939  1.6111691407e-22
590.835387813  1.60619487929e-22
612.015095492  1.60160812182e-22
633.954033283  1.59739644632e-22
656.679417347  1.59354594881e-22
680.219439467  1.59004155977e-22
704.603302016  1.58686741762e-22
729.861254188  1.58400733632e-22
756.024629519  1.58144862613e-22
783.125884761  1.5793224997e-22
811.198640147  1.57770058347e-22
840.277721093  1.57657588885e-22
870.399201406  1.5759397582e-22
901.600448031  1.56960393212e-22
933.920167409  1.57040082474e-22
967.398453493  1.57161255897e-22
1002.07683748  1.57324535028e-22
1037.99833936  1.57530422e-22
1075.20752123  1.57779296835e-22
1113.75054262  1.58071415743e-22
1153.67521776  1.58406910432e-22
1195.03107486  1.58785788453e-22
1237.86941758  1.59207934576e-22
1282.24338866  1.59673113171e-22
1328.20803584  1.60180971551e-22
1375.82038019  1.6073104422e-22
1425.13948679  1.63029640466e-22
1476.22653803  1.64316418087e-22
1529.14490952  1.65510994299e-22
1583.9602487  1.66622707252e-22
1640.74055627  1.67659921706e-22
1699.55627056  1.68630174442e-22
1760.48035489  1.69540292021e-22
1823.58838813  1.70396486874e-22
1888.9586584  1.71204436239e-22
1956.67226024  1.71969347413e-22
2026.81319518  1.72696011983e-22
2099.46847595  1.73388851138e-22
2174.72823446  1.74051953702e-22
2252.68583354  1.74476554779e-22
2333.43798284  1.75003636528e-22
2417.08485874  1.75484343488e-22
2503.73022867  1.75921824838e-22
2593.4815798  1.76318979535e-22
2686.45025241  1.76678483799e-22
2782.75157798  1.77002814865e-22
2882.50502231  1.77294271598e-22
2985.83433368  1.77554992423e-22
3092.86769639  1.77786970989e-22
3203.73788976  1.77992069858e-22
3318.58245288  1.78172032517e-22
3437.54385517  1.78328493929e-22
3560.76967321  1.78462989813e-22
3688.41277372  1.78576964833e-22
3820.63150327  1.78671779825e-22
3957.58988467  1.78748718182e-22
4099.45782048  1.78808991518e-22
4246.41130375  1.78853744685e-22
4398.63263638  1.78884060239e-22
4556.31065525  1.78900962411e-22
4719.64096648  1.7890542066e-22
4888.82618808  1.78898352847e-22
5064.07620136  1.78880628096e-22
5245.60841122  1.78853069364e-22
5433.64801588  1.78816455775e-22
5628.4282863  1.78771524742e-22
5830.19085546  1.7871897391e-22
6039.18601821  1.78659462941e-22
6255.67304171  1.78593615168e-22
6479.9204871  1.78522019136e-22
6712.20654262  1.78445230047e-22
6952.81936878  1.78363771119e-22
7202.05745576  1.78278134885e-22
7460.22999374  1.78188784422e-22
7727.65725647  1.78096154541e-22
8004.67099856  1.78000652927e-22
8291.61486705  1.7790266125e-22
8588.84482771  1.77802536237e-22
8896.72960662  1.77700610725e-22
9215.65114764  1.77597194685e-22
9546.00508616  1.77492576224e-22
9888.20123995  1.77387022572e-22
10242.6641175  1.77280781041e-22
10609.8334448  1.77174079974e-22
10990.1647105  1.77067129668e-22
11384.1297314  1.76960123285e-22
11792.2172375  1.76853237733e-22
12214.9334781  1.76746634542e-22
12652.8028504  1.76640460703e-22
13106.3685495  1.76534849498e-22
13576.1932423  1.76429921299e-22
14062.859766  1.76325784349e-22
14566.9718506  1.76222535516e-22
15089.1548679  1.76120261022e-22
15630.0566078  1.76019037148e-22
16190.3480812  1.75918930909e-22
16770.7243529  1.75820000708e-22
17371.9054038  1.75722296958e-22
17994.6370239  1.75625862677e-22
18639.6917377  1.75530734059e-22
19307.8697622  1.75436941013e-22
20000  1.7534450768e-22

