2 20000 251
251
2  0
2.07505683164  3.20237678185e-42
2.15293042726  6.52493369117e-42
2.23372649556  9.97218089777e-42
2.31755471231  1.3548797831e-41
2.40452886923  1.72596395316e-41
2.49476702849  2.11097432427e-41
2.5883916829  2.51043352468e-41
2.68552992228  2.92488379606e-41
2.78631360589  3.35488772956e-41
2.89087954149  3.80102902949e-41
2.999369671  4.26391330563e-41
3.11193126321  2.92565184673e-37
3.22871711365  5.97774740377e-37
3.34988575205  9.14438327199e-37
3.4756016575  1.24298579678e-36
3.60603548172  1.58386313242e-36
3.74136428073  1.93753305445e-36
3.88177175519  2.30447564838e-36
4.02744849972  9.85997537362e-35
4.17859226171  6.27143407099e-34
4.33540820964  1.17552246646e-33
4.49810921167  1.74448132319e-33
4.66691612456  2.33479230448e-33
4.84205809347  2.94725672174e-33
5.02377286302  1.73458602301e-32
5.2123071  1.27155905223e-31
5.40791672822  2.41086947246e-31
5.6108672759  3.59293640788e-31
5.82143423613  4.81936444278e-31
6.0399034408  1.67290173291e-30
6.26657144863  7.84729033647e-30
6.50174594771  1.4253393963e-29
6.74574617318  2.08999085101e-29
6.99890334057  2.77958562189e-29
7.2615610954  1.7196412411e-28
7.53407597968  3.22138820411e-28
7.81681791585  4.77949335159e-28
8.11017070897  1.26135483513e-27
8.41453256769  3.14674355989e-27
8.7303166448  5.1028879367e-27
9.05795159807  9.38805116926e-27
9.3978821721  2.47246427673e-26
9.75056980207  4.0636792352e-26
10.1164932401  7.92161618293e-26
10.496149205  1.68272221503e-25
10.8900530568  2.60670414015e-25
11.2987394962  5.61260455173e-25
11.7227632903  9.51304724434e-25
12.1627000256  1.65313000921e-24
12.6191468896  2.90661983038e-24
13.0927234813  4.51169413843e-24
13.5840726523  7.47483012875e-24
14.0938613793  1.08779532005e-23
14.6227816697  1.59204110756e-23
15.1715515006  2.14898787402e-23
15.7409157939  2.80389524429e-23
16.3316474272  3.49305870262e-23
16.9445482828  4.21592996296e-23
17.5804503366  4.93059407192e-23
18.2402167871  5.51858140241e-23
18.9247432273  5.96116762351e-23
19.6349588604  6.56789147758e-23
20.3718277611  7.33679267872e-23
21.1363501843  8.26606484778e-23
21.9295639229  9.35404991054e-23
22.7525457165  1.05992325372e-22
23.606412713  1.20002346145e-22
24.4923239853  1.29373318118e-22
25.4114821042  1.33861029634e-22
26.3651347711  1.3810819048e-22
27.3545765119  1.42123521003e-22
28.3811504338  1.4591541395e-22
29.4462500487  1.49491946534e-22
30.5513211648  1.52860892126e-22
31.6978638492  1.56029731591e-22
32.8874344643  1.59005664269e-22
34.1216477801  1.61795618639e-22
35.4021791663  1.64406262641e-22
36.730766867  1.66844013711e-22
38.1092143593  1.69115048504e-22
39.5393928022  1.71225312348e-22
41.0232435765  1.7318052842e-22
42.5627809197  1.74986206674e-22
44.1600946604  1.76647652517e-22
45.8173530554  1.78169975267e-22
47.5368057325  1.79558096379e-22
49.3207867447  1.80816757484e-22
51.1717177381  1.81950528222e-22
53.0921112395  1.82963813908e-22
55.0845740668  1.83860863028e-22
57.1518108675  1.84645774586e-22
59.2966277905  1.8532250531e-22
61.5219362948  1.85894876734e-22
63.830757102  1.86366582168e-22
66.2262242965  1.86741193564e-22
68.71158958  1.87022168302e-22
71.2902266852  1.87212855894e-22
73.9656359561  1.87316504628e-22
76.7414490985  1.8733626816e-22
79.6214341107  1.87275212065e-22
82.609500398  1.87136320361e-22
85.7097040795  1.86922502005e-22
88.9262534938  1.86636597387e-22
92.2635149121  1.86281384802e-22
95.7260184645  1.85859586942e-22
99.3184642901  1.8537387737e-22
103.045728916  1.84826887008e-22
106.912871879  1.84221210624e-22
110.925142592  1.83559413312e-22
115.087987467  1.82844036955e-22
119.407057317  1.82077606662e-22
123.888215015  1.81262637151e-22
128.537543463  1.80401639066e-22
133.361353843  1.79497125172e-22
138.366194184  1.78551616419e-22
143.558858254  1.77567647795e-22
148.946394781  1.76547773937e-22
154.536117019  1.7549457442e-22
160.335612678  1.74410658638e-22
166.352754221  1.73298670219e-22
172.595709553  1.72161290838e-22
179.07295311  1.71001243349e-22
185.793277356  1.69821294103e-22
192.765804725  1.68624254329e-22
200  1.67412980441e-22
207.505683164  1.66190373146e-22
215.293042726  1.6495937519e-22
223.372649556  1.63722967639e-22
231.755471231  1.62484164542e-22
240.452886923  1.61246005878e-22
249.476702849  1.60011548695e-22
258.83916829  1.58783856378e-22
268.552992228  1.57565986021e-22
278.631360589  1.56360973926e-22
289.087954149  1.5517181929e-22
299.9369671  1.54001466223e-22
311.193126321  1.5293531593e-22
322.871711365  1.51809341905e-22
334.988575205  1.50710553483e-22
347.56016575  1.49641460336e-22
360.603548172  1.48604411079e-22
374.136428073  1.4760157159e-22
388.177175519  1.46634904284e-22
402.744849972  1.45706148874e-22
417.859226171  1.44816805177e-22
433.540820964  1.43968118465e-22
449.810921167  1.43161067848e-22
466.691612456  1.423963581e-22
484.205809347  1.41674415268e-22
502.377286302  1.40995386322e-22
521.23071  1.40359142995e-22
540.791672822  1.39765289905e-22
561.08672759  1.39213176928e-22
582.143423613  1.38701915784e-22
603.99034408  1.38230400745e-22
626.657144863  1.37797333444e-22
650.174594771  1.3740125189e-22
674.574617318  1.37040564177e-22
699.890334057  1.36713588174e-22
726.15610954  1.3641860063e-22
753.407597968  1.36153954815e-22
781.681791585  1.3593068235e-22
811.017070897  1.35757714497e-22
841.453256769  1.35634288567e-22
873.03166448  1.35559467357e-22
905.795159807  1.34988054243e-22
939.78821721  1.35051841462e-22
975.056980207  1.35157050133e-22
1011.64932401  1.35304251579e-22
1049.6149205  1.35493890644e-22
1089.00530568  1.35726282975e-22
1129.87394962  1.3600161346e-22
1172.27632903  1.36319935846e-22
1216.27000256  1.36681173563e-22
1261.91468896  1.37085121723e-22
1309.27234813  1.3753145027e-22
1358.40726523  1.38019708202e-22
1409.38613793  1.38549328807e-22
1462.27816697  1.41094999789e-22
1517.15515006  1.42225313543e-22
1574.09157939  1.43272316219e-22
1633.16474272  1.44244810985e-22
1694.45482828  1.45150680227e-22
1758.04503366  1.45997023344e-22
1824.02167871  1.46790268019e-22
1892.47432273  1.47536260754e-22
1963.49588604  1.48240341037e-22
2037.18277611  1.48907402468e-22
2113.63501843  1.49541943429e-22
2192.95639229  1.50148109294e-22
2275.25457165  1.50521163237e-22
2360.6412713  1.50992507224e-22
2449.23239853  1.51419689503e-22
2541.14821042  1.51805845091e-22
2636.51347711  1.52153851552e-22
2735.45765119  1.52466358153e-22
2838.11504338  1.52745810946e-22
2944.62500487  1.52994474426e-22
3055.13211648  1.5321445028e-22
3169.78638492  1.53407693686e-22
3288.74344643  1.53576027492e-22
3412.16477801  1.53721154604e-22
3540.21791663  1.53844668811e-22
3673.0766867  1.53948064271e-22
3810.92143593  1.5403274384e-22
3953.93928022  1.54100026388e-22
4102.32435765  1.54151153249e-22
4256.27809197  1.54187293904e-22
4416.00946604  1.54209551011e-22
4581.73530554  1.54218964864e-22
4753.68057325  1.54216517345e-22
4932.07867447  1.54203135461e-22
5117.17177381  1.54179694497e-22
5309.21112395  1.54147020854e-22
5508.45740668  1.5410589461e-22
5715.18108675  1.54057051844e-22
5929.66277905  1.54001186759e-22
6152.19362948  1.53938953631e-22
6383.0757102  1.53870968614e-22
6622.62242965  1.53797811419e-22
6871.158958  1.5372002689e-22
7129.02266852  1.53638126489e-22
7396.56359561  1.53552589717e-22
7674.14490985  1.53463865458e-22
7962.14341107  1.53372373284e-22
8260.9500398  1.53278504709e-22
8570.97040795  1.53182624407e-22
8892.62534938  1.53085071394e-22
9226.35149121  1.52986160187e-22
9572.60184645  1.52886181933e-22
9931.84642901  1.52785405512e-22
10304.5728916  1.52684078623e-22
10691.2871879  1.52582428837e-22
11092.5142592  1.52480664642e-22
11508.7987467  1.52378976452e-22
11940.7057317  1.522775376e-22
12388.8215015  1.52176505305e-22
12853.7543463  1.52076021611e-22
13336.1353843  1.5197621431e-22
13836.6194184  1.51877197822e-22
14355.8858254  1.5177907406e-22
14894.6394781  1.51681933261e-22
15453.6117019  1.51585854788e-22
16033.5612678  1.51490907896e-22
16635.2754221  1.51397152477e-22
17259.5709553  1.51304639763e-22
17907.295311  1.51213413003e-22
18579.3277356  1.51123508103e-22
19276.5804725  1.51034954241e-22
20000  1.50947774439e-22

