3 20 101
101
3  0
3.05745688936  6.84633310902e-39
3.11601421011  1.38237892194e-38
3.17569303801  2.09348796376e-38
3.23651485253  2.81821637677e-38
3.29850154446  3.5568250032e-38
3.3616754239  4.309579681e-38
3.4260592282  5.07675133954e-38
3.49167613021  5.85861609713e-38
3.55854974658  6.65545536033e-38
3.62670414627  7.46755592534e-38
3.69616385924  8.29521008111e-38
3.76695388521  9.13871571464e-38
3.83909970275  9.99837641812e-38
3.91262727838  1.08745015982e-37
3.98756307593  2.95561527327e-37
4.06393406609  1.88407028637e-35
4.1417677361  4.16324129747e-35
4.22109209963  6.48606366745e-35
4.30193570688  8.85337342006e-35
4.38432765487  1.12660225909e-34
4.46829759787  1.37248795338e-34
4.55387575811  1.62308292339e-34
4.64109293664  1.87847736255e-34
4.72998052444  2.13876319173e-34
4.82057051367  2.40403409226e-34
4.91289550923  2.67438553973e-34
5.00698874047  1.03218612119e-33
5.10288407317  7.86836669664e-33
5.20061602171  1.50644340823e-32
5.30021976151  2.23983226838e-32
5.40173114165  2.98726720939e-32
5.50518669785  3.74901724598e-32
5.61062366552  4.52535654509e-32
5.71807999326  5.31656452461e-32
5.82759435644  6.12292595391e-32
5.93920617117  6.94473105635e-32
6.05295560847  3.19241854254e-31
6.16888360871  8.56281375864e-31
6.28703189637  1.4036064376e-30
6.40744299507  1.96141403117e-30
6.53016024283  2.52990492114e-30
6.6552278077  3.10928371717e-30
6.78269070364  3.69975894766e-30
6.91259480676  4.30154313481e-30
7.04498687177  9.9931519655e-30
7.17991454885  2.58493870762e-29
7.31742640081  4.20093055025e-29
7.45757192053  5.84787234771e-29
7.60040154878  7.52635686272e-29
7.74596669241  9.23698821075e-29
7.89431974284  1.09803820775e-28
8.04551409486  1.94473303057e-28
8.19960416593  4.39080042311e-28
8.35664541573  6.88371562351e-28
8.51669436609  9.42437587487e-28
8.67980862141  1.20136956045e-27
8.84604688929  1.46526067533e-27
9.01546900177  1.97327987661e-27
9.18813593677  4.25660609156e-27
9.36410984009  6.6389143987e-27
9.54345404778  9.06684938078e-27
9.72623310891  1.15412848934e-26
9.91251280879  1.40631115285e-26
10.1023601927  2.35486352569e-26
10.29584359  3.92396163729e-26
10.4930326387  5.52311158109e-26
10.6939983105  7.15288891869e-26
10.8988129364  8.81388023501e-26
11.1075502328  1.35558926991e-25
11.3202853277  2.13124737975e-25
11.5370947883  2.92176112366e-25
11.7580566479  3.72741502115e-25
11.9832504345  4.61494645304e-25
12.2127571994  7.31580540713e-25
12.4466595458  1.02910034901e-24
12.6850416593  1.33231834487e-24
12.9279893377  1.64134366168e-24
13.175590022  2.33436040799e-24
13.4279328281  3.19866984676e-24
13.6851085784  4.07953279613e-24
13.9472098349  4.9800075267e-24
14.2143309324  6.62995909835e-24
14.4865680123  8.49949824202e-24
14.7640190574  1.04048433536e-23
15.0467839273  1.25076639551e-23
15.3349643938  1.54238817462e-23
15.628664178  1.84037010167e-23
15.9279889875  2.14407237649e-23
16.2330465545  2.49184226983e-23
16.5439466745  2.85834065826e-23
16.8608012457  3.23185833247e-23
17.1837243096  3.61461683607e-23
17.5128320918  4.00631762733e-23
17.8482430438  4.40552038827e-23
18.1900778857  4.80003464482e-23
18.5384596499  5.19206864408e-23
18.893513725  5.5916109947e-23
19.2553679009  5.9757690159e-23
19.6241524153  6.35749454768e-23
20  6.746531e-23

