1 20000 251
251
1  0
1.04040904696  1.26644559233e-42
1.082450985  2.58406704408e-42
1.12619179768  3.95493232294e-42
1.17170013492  5.38119296123e-42
1.21904742069  6.86508743264e-42
1.26830796516  8.40894466542e-42
1.31955908129  1.00151876976e-41
1.37288120617  1.16863374799e-41
1.4283580273  1.34250168323e-41
1.4860766139  1.52339545602e-41
1.54612755358  1.71159897378e-41
1.6086050945  1.90740761632e-41
1.6736072933  2.11112869949e-41
1.74123616901  2.32308195748e-41
1.81159786313  2.54360004463e-41
1.88480280626  2.77302905751e-41
1.96096589137  3.01172907815e-41
2.04020665416  1.57634684768e-36
2.12264946065  4.80854502607e-36
2.20842370239  8.17135325243e-36
2.29766399949  1.16700493543e-35
2.39051041194  1.53101244313e-35
2.48710865943  1.9097291473e-35
2.58761035005  2.30374943255e-35
2.6921732182  2.71369170202e-35
2.8009613722  3.1401993479e-35
2.91414555182  3.58394176127e-35
3.03190339627  3.93047208649e-33
3.15441972299  1.8873824835e-32
3.28188681771  3.44210242266e-32
3.41450473624  5.05964711284e-32
3.55248161847  6.74255524237e-32
3.69603401502  8.49346808553e-32
3.8453872271  1.0315133648e-31
4.00077566014  1.40936174935e-31
4.16244319166  4.08574176551e-30
4.33064355406  8.18995319044e-30
4.50564073281  1.24600118876e-29
4.68770938077  1.69026195871e-29
4.87713524927  2.15247488298e-29
5.07421563659  1.03517814056e-28
5.27925985453  3.21766747528e-28
5.49258971391  5.48834912402e-28
5.71454002959  7.85078685413e-28
5.945459146  1.03086884414e-27
6.18570948383  4.40809606305e-27
6.43566810884  8.87559090701e-27
6.69572732367  1.35236129599e-26
6.96629528353  1.83594571542e-26
7.24779663678  5.78087718317e-26
7.54067319143  1.03722832685e-25
7.84538460853  1.51492236979e-25
8.1624091236  3.14074865201e-25
8.49224429718  5.95035748061e-25
8.83540779578  8.87349992431e-25
9.19243820431  1.61823243842e-24
9.56389587139  2.75840264649e-24
9.95036378878  3.94464604604e-24
10.3524485064  6.64413884876e-24
10.7707810842  9.66741847688e-24
11.2060180829  1.36251032453e-23
11.6588425938  1.86829400692e-23
12.1299653117  2.41440842299e-23
12.6201256496  3.03691843401e-23
13.1300928996  3.67942605927e-23
13.6606674402  4.3322284588e-23
14.2126819923  4.98733128849e-23
14.7870029263  5.62893641195e-23
15.384531622  6.24703975321e-23
16.0062058827  6.86091171079e-23
16.6530014079  7.42499526733e-23
17.3259333238  7.978043691e-23
18.0260577771  8.50510159066e-23
18.7544735924  8.81890292314e-23
19.5123239965  9.25304390094e-23
20.3007984131  9.80538734619e-23
21.1211343295  1.04739034987e-22
21.9746192385  1.12566629146e-22
22.8625926593  1.21518293165e-22
23.7864482397  1.31576523823e-22
24.7476359436  1.3632424733e-22
25.7476643266  1.39159339443e-22
26.7881029035  1.41809607567e-22
27.8705846117  1.44282135611e-22
28.996808374  1.4658372097e-22
30.1685417653  1.48720885986e-22
31.3876237862  1.50699889046e-22
32.6559677498  1.52526735329e-22
33.9755642841  1.54207187208e-22
35.3484844568  1.55746774335e-22
36.7768830251  1.57150803418e-22
38.2630018183  1.58424367703e-22
39.8091732557  1.5957235618e-22
41.4178240072  1.60599462526e-22
43.0914788025  1.61510193806e-22
44.832764393  1.62308878934e-22
46.6444136747  1.62999676932e-22
48.5292699773  1.63586584974e-22
50.4902915267  1.6407344626e-22
52.5305560881  1.64463957716e-22
54.6532657959  1.64761677541e-22
56.8617521799  1.64970032622e-22
59.159481394  1.65092325829e-22
61.5500596558  1.65131743203e-22
64.0372389068  1.65091361063e-22
66.624922701  1.64974153038e-22
69.3171723311  1.6478299704e-22
72.118213203  1.64520682203e-22
75.032441467  1.64189915796e-22
78.0644309178  1.63793330116e-22
81.2189401726  1.63333489396e-22
84.5009201401  1.62812896713e-22
87.9155217902  1.62234000933e-22
91.4681042388  1.61599203676e-22
95.1642431583  1.60910866331e-22
99.009739529  1.60171317104e-22
103.010628743  1.59382858106e-22
107.173190077  1.58547772485e-22
111.503956548  1.57668331574e-22
116.009725165  1.56746802048e-22
120.697567597  1.5578545307e-22
125.574841273  1.54786563384e-22
130.649200932  1.53752428321e-22
135.928610627  1.52685366658e-22
141.421356237  1.51587727273e-22
147.136058463  1.50461895511e-22
153.081686359  1.49310299176e-22
159.267571411  1.4813541403e-22
165.703422184  1.46939768687e-22
172.399339552  1.45725948751e-22
179.36583256  1.44496600057e-22
186.613834911  1.43254430823e-22
194.154722129  1.42002212552e-22
202.000329413  1.40742779481e-22
210.162970211  1.39479026374e-22
218.655455543  1.38213904481e-22
227.491114114  1.36950415458e-22
236.683813228  1.35691603083e-22
246.247980551  1.3444054264e-22
256.198626761  1.33200327842e-22
266.551369101  1.3197405527e-22
277.322455892  1.30764806324e-22
288.528792035  1.29575626793e-22
300.187965542  1.28484029745e-22
312.318275138  1.27342089368e-22
324.938758985  1.26229002051e-22
338.069224556  1.25147417443e-22
351.730279727  1.24099821376e-22
365.943365117  1.23088508398e-22
380.730787743  1.22115555177e-22
396.115756024  1.2118279555e-22
412.122416211  1.20291797986e-22
428.775890281  1.1944384621e-22
446.102315367  1.18639923687e-22
464.128884777  1.17880702585e-22
482.883890678  1.17166537715e-22
502.396768493  1.16497465807e-22
522.698143103  1.15873210377e-22
543.819876914  1.15293192249e-22
565.795119858  1.14756545726e-22
588.658361426  1.14262140296e-22
612.445484796  1.13808607762e-22
637.193823152  1.13394374775e-22
662.942218274  1.13017701069e-22
689.731081504  1.12676724407e-22
717.602457167  1.12369515187e-22
746.600088557  1.1209415009e-22
776.769486596  1.11856656228e-22
808.158001257  1.11670371909e-22
840.814895881  1.11534755136e-22
874.791424493  1.11448750227e-22
910.140912246  1.10946888073e-22
946.918839109  1.10997248087e-22
985.182926946  1.11089986007e-22
1024.99323011  1.11225640612e-22
1066.41222967  1.11404606105e-22
1109.50493154  1.1162712921e-22
1154.33896842  1.11893307808e-22
1200.98470601  1.12203091139e-22
1249.51535339  1.12556281576e-22
1300.00707798  1.12952537924e-22
1352.53912504  1.13391380172e-22
1407.19394206  1.13872195588e-22
1464.05730815  1.16134049886e-22
1523.21846867  1.17175927531e-22
1584.7702753  1.18134954476e-22
1648.80933177  1.19020522054e-22
1715.43614549  1.19840977583e-22
1784.75528525  1.20603789576e-22
1856.87554538  1.21315679332e-22
1931.9101165  1.21982726654e-22
2009.97676312  1.22610455411e-22
2091.19800853  1.23203903272e-22
2175.70132706  1.23767678893e-22
2263.61934415  1.24135081739e-22
2355.09004453  1.24571577252e-22
2450.25698873  1.24963719442e-22
2549.26953846  1.25314903899e-22
2652.28309095  1.25628226965e-22
2759.45932292  1.2590652193e-22
2870.96644429  1.26152389832e-22
2986.97946215  1.26368225772e-22
3107.68045551  1.26556241485e-22
3233.25886097  1.26718484763e-22
3363.91177012  1.2685685621e-22
3499.84423881  1.2697312373e-22
3641.26960901  1.27068935098e-22
3788.40984363  1.27145828866e-22
3941.49587491  1.27205243863e-22
4100.76796681  1.27248527481e-22
4266.47609215  1.27276942907e-22
4438.88032492  1.27291675473e-22
4618.25124841  1.27293838221e-22
4804.87037999  1.27284476809e-22
4999.03061281  1.2726457386e-22
5201.0366756  1.27235052808e-22
5411.20561086  1.27196781349e-22
5629.8672725  1.27150574524e-22
5857.36484349  1.2709719752e-22
6094.05537452  1.27037368204e-22
6340.31034432  1.26971759464e-22
6596.51624277  1.26901001351e-22
6863.0751774  1.26825683098e-22
7140.40550453  1.26746354997e-22
7428.94248588  1.26663530185e-22
7729.13897165  1.26577686339e-22
8041.46611132  1.26489267309e-22
8366.41409304  1.26398684683e-22
8704.49291301  1.26306319303e-22
9056.2331759  1.26212522747e-22
9422.18692758  1.26117618761e-22
9802.92852161  1.26021904661e-22
10199.0555206  1.25925652706e-22
10611.1896341  1.25829111434e-22
11039.9776943  1.25732506974e-22
11486.0926714  1.25636044317e-22
11950.2347295  1.25539908569e-22
12433.1323259  1.25444266158e-22
12935.5433539  1.25349266015e-22
13458.2563327  1.25255040717e-22
14002.0916449  1.25161707595e-22
14567.9028237  1.25069369798e-22
15156.577893  1.24978117321e-22
15769.0407609  1.24888027998e-22
16406.2526695  1.24799168436e-22
17069.213704  1.24711594928e-22
17758.9643622  1.24625354304e-22
18476.5871871  1.24540484747e-22
19223.2084664  1.2445701657e-22
20000  1.24374972934e-22

