4 20 101
101
4  0
4.06489836507  2.96190946307e-40
4.13084967959  5.97187469655e-40
4.19787102722  9.03067538567e-40
4.26597976883  1.21391038657e-39
4.33519354694  1.52979653274e-39
4.4055302903  1.85080780251e-39
4.47700821858  2.17702734893e-39
4.54964584702  2.50853967415e-39
4.6234619913  2.84543065135e-39
4.69847577235  3.18778754695e-39
4.77470662134  3.53569904326e-39
4.85217428469  3.88925526138e-39
4.93089882922  4.24854778464e-39
5.0109006473  8.76468470852e-38
5.09220046219  6.41407824969e-37
5.17481933334  1.21207008935e-36
5.2587786619  1.79199111571e-36
5.34410019626  2.3813211237e-36
5.43080603763  2.98021277019e-36
5.51891864584  3.58882118886e-36
5.60846084511  4.20730403036e-36
5.69945582996  4.83582150317e-36
5.79192717125  5.47453641508e-36
5.88589882225  6.12361421538e-36
5.98139512488  7.33775273512e-36
6.07844081599  1.29987587817e-34
6.17706103378  2.84725497511e-34
6.27728132428  4.41973966543e-34
6.37912764804  6.01773727713e-34
6.48262638677  7.64166174692e-34
6.58780435024  9.29193372748e-34
6.69468878317  1.09689806964e-33
6.80330737234  1.26732370669e-33
6.91368825372  1.44051443005e-33
7.02586001978  4.25811939728e-33
7.13985172691  1.60403929499e-32
7.25569290288  2.80215052083e-32
7.3734135546  4.0197006116e-32
7.49304417576  5.25700495494e-32
7.61461575486  6.51438405552e-32
7.73815978314  7.79216361808e-32
7.86370826279  9.09067463177e-32
7.9912937152  1.16496586819e-31
8.12094918942  4.57419547323e-31
8.25270827072  8.41333492777e-31
8.38660508926  1.23147628508e-30
8.52267432896  1.62794898472e-30
8.66095123645  2.03085429186e-30
8.80147163025  2.44029657293e-30
8.94427191  2.85638188766e-30
9.08938906592  7.01169359406e-30
9.23686068839  1.35991256187e-29
9.38672497765  2.02934360354e-29
9.53902075375  2.70963589024e-29
9.69378746657  3.40096564124e-29
9.85106520605  4.10351193487e-29
10.0108947126  5.46210560327e-29
10.1733173875  1.23458474429e-28
10.3383753039  1.9561817908e-28
10.5061112176  2.68948645445e-28
10.6765685779  3.43468868653e-28
10.8497915392  4.19198152025e-28
11.0258249723  5.69045601744e-28
11.2047144759  1.10927053598e-27
11.3865063885  1.66375841173e-27
11.5712478006  2.22724262662e-27
11.7589865666  2.79986914258e-27
11.9497713174  3.38178628971e-27
12.1436514728  5.88910867669e-27
12.3406772544  9.11791004871e-27
12.5408996988  1.23990974033e-26
12.7443706706  1.57335206815e-26
12.9511428756  1.91266208579e-26
13.1612698752  3.14467888658e-26
13.3748060995  4.67057479306e-26
13.5918068618  6.22122773694e-26
13.8123283727  7.79703939103e-26
14.036427755  1.01260495685e-25
14.2641630582  1.6036884856e-25
14.4955932736  2.20808212433e-25
14.7307783496  2.82228180281e-25
14.9697792074  3.46809073593e-25
15.2126577564  5.24792547209e-25
15.4594769106  7.24719270749e-25
15.7103006046  9.27889723662e-25
15.9651938106  1.13900477683e-24
16.2242225547  1.63547572795e-24
16.4874539343  2.19067808913e-24
16.7549561354  2.7548883817e-24
17.0267984504  3.40681195249e-24
17.3030512959  4.62347242518e-24
17.5837862308  5.87567403918e-24
17.8690759753  7.14819211254e-24
18.1589944294  8.91286824334e-24
18.4536166918  1.11007417083e-23
18.75301908  1.33241125259e-23
19.0572791496  1.57252237829e-23
19.3664757145  1.87646875065e-23
19.6806888673  2.18568591428e-23
20  2.49992e-23

