1 20 101
101
1  0
1.03041055791  8.03164121827e-41
1.06174591785  1.63075291269e-40
1.09403420358  2.48350914041e-40
1.12730439408  3.36219816077e-40
1.16158634964  4.26760860448e-40
1.1969108386  5.20055308491e-40
1.23330956497  6.1618689275e-40
1.27081519692  7.15241892119e-40
1.30946139606  8.17309209282e-40
1.34928284767  9.22480450505e-40
1.39031529185  1.03085000785e-39
1.43259555555  1.14251514389e-39
1.47616158565  1.25757607902e-39
1.52105248304  1.37613608139e-39
1.56730853766  1.49830155957e-39
1.61497126471  1.62418215809e-39
1.66408344188  1.75389085585e-39
1.71468914776  1.88754406748e-39
1.76683380139  2.02526174784e-39
1.82056420303  2.16716749969e-39
1.87592857615  2.31338868462e-39
1.93297661076  2.46405653737e-39
1.99175950792  8.1692905335e-37
2.05233002578  5.2407883879e-35
2.11474252688  1.14910094147e-34
2.17905302696  1.79313031499e-34
2.24531924523  2.45674498108e-34
2.31360065617  3.1405405394e-34
2.3839585429  3.84513070215e-34
2.45645605223  4.57114784484e-34
2.53115825126  5.3192435739e-34
2.60813218585  6.09008931145e-34
2.68744694072  6.88437689794e-34
2.76917370155  7.70281921308e-34
2.85338581877  8.54615081564e-34
2.94015887345  9.41512860274e-34
3.02957074514  4.84668789807e-32
3.12170168173  1.96350719182e-31
3.21663437151  3.48731789469e-31
3.31445401734  5.05746853119e-31
3.41524841318  6.67536832456e-31
3.51910802283  8.34246935328e-31
3.62612606115  1.00602678544e-30
3.73639857773  1.18303055663e-30
3.85002454306  1.36541711125e-30
3.96710593738  1.55335014276e-30
4.08774784223  1.986997272e-29
4.21205853471  4.57439816067e-29
4.34014958471  7.24048335392e-29
4.472135955  9.98764568532e-29
4.60813610445  1.28183507559e-28
4.74827209431  1.5735139147e-28
4.89266969782  1.87406287003e-28
5.041458513  4.82522908173e-28
5.19477207907  1.49125181581e-27
5.35274799621  2.53065673232e-27
5.51552804914  3.60167053223e-27
5.68325833429  4.70525445932e-27
5.85608939099  5.84239898934e-27
6.03417633655  9.75193054142e-27
6.21767900547  2.52618385893e-26
6.40676209294  4.13077222817e-26
6.6015953026  5.78415702493e-26
6.80235349885  7.48782217581e-26
7.00921686386  1.01728380902e-25
7.22237105921  2.22505569023e-25
7.44200739256  3.51751072352e-25
7.66832298935  4.84927003544e-25
7.9015209697  6.22152889104e-25
8.14181063074  1.03699889287e-24
8.38940763443  1.66012798047e-24
8.64453420113  2.30220677128e-24
8.90741930907  2.96381153634e-24
9.17829889981  4.40750588744e-24
9.45741609003  6.3027841795e-24
9.74502138973  8.25569894182e-24
10.041372927  1.04806805815e-23
10.34673668  1.39618269854e-23
10.661386715  1.75687641711e-23
10.9856054331  2.13140235225e-23
11.3196838233  2.57460874385e-23
11.6639217237  3.03717153781e-23
12.0186280908  3.51220952384e-23
12.3841212763  3.9865796505e-23
12.7607293136  4.47465236854e-23
13.1487902114  4.95764761673e-23
13.5486522576  5.42232330199e-23
13.9606743317  5.89956178865e-23
14.3852262269  6.33826607368e-23
14.8226889821  6.78278072853e-23
15.2734552238  7.20395976152e-23
15.7379295184  7.61332418106e-23
16.2165287354  8.01152947296e-23
16.7096824217  8.39240192791e-23
17.2178331866  8.76411049401e-23
17.7414370999  9.11863223158e-23
18.2809641002  9.46072472866e-23
18.8368984177  9.79121100235e-23
19.4097390079  1.01046883839e-22
20  1.04166e-22

