0.5 20 151
151
0.5  0
0.512448710082  1.27247726771e-41
0.52520736093  2.57663593661e-41
0.538283669269  3.91326479184e-41
0.55168554395  5.28317225729e-41
0.565421090737  6.68718688449e-41
0.579498617203  8.12615785379e-41
0.59392663776  9.60095548791e-41
0.608713878807  1.11124717784e-40
0.623869284008  1.2661620925e-40
0.6394020197  1.42493398889e-40
0.655321480438  1.58765889589e-40
0.67163729468  1.75443523327e-40
0.688359330604  1.92536387119e-40
0.705497702082  2.10054819123e-40
0.723062774796  2.2800941489e-40
0.741065172505  2.46411033771e-40
0.759515783475  2.65270805489e-40
0.778425767058  2.84600136868e-40
0.797806560447  3.04410718731e-40
0.817669885593  3.24714532975e-40
0.83802775629  3.45523859814e-40
0.858892485448  3.66851285205e-40
0.880276692535  3.88709708468e-40
0.90219331121  4.11112350079e-40
0.924655597149  4.34072759671e-40
0.947677136058  4.57604824228e-40
0.971271851895  4.81722776483e-40
0.995454015286  8.9590937035e-36
1.02023825216  1.54868012777e-33
1.04563955259  3.49244858697e-33
1.07167327987  5.4846118662e-33
1.0983551798  7.52637487163e-33
1.1257013902  9.61897250849e-33
1.15372845069  1.17636704279e-32
1.18245331269  1.39617657926e-32
1.21189334964  1.62145880612e-32
1.24206636756  1.85234997923e-32
1.27299061578  2.08898974689e-32
1.30468479801  2.33152123427e-32
1.33716808361  2.58009113e-32
1.37046011922  2.83484977486e-32
1.40458104063  3.09595125275e-32
1.43955148495  3.36355348383e-32
1.47539260312  3.6378183201e-32
1.51212607267  3.91891164323e-32
1.54977411084  4.20700346494e-32
1.58835948804  4.50226802977e-32
1.62790554158  4.80488392054e-32
1.66843618984  5.11503416629e-32
1.70997594668  5.43290635302e-32
1.75254993629  5.75869273714e-32
1.79618390842  6.09259036175e-32
1.84090425388  6.43480117582e-32
1.88673802057  6.7855321563e-32
1.93371292981  7.14499543337e-32
1.9818573931  7.51340841869e-32
2.03120052932  7.00611246244e-30
2.08177218234  1.82379996073e-29
2.13360293905  2.97495317656e-29
2.18672414789  4.15476713768e-29
2.24116793778  5.3639554227e-29
2.29696723759  6.60324937652e-29
2.35415579601  7.87339855261e-29
2.41276820199  9.17517116641e-29
2.47283990568  1.05093545599e-28
2.53440723981  1.1876755678e-28
2.59750744173  1.32782015562e-28
2.66217867588  1.47145398213e-28
2.72846005693  1.61866392037e-28
2.79639167337  1.76953900629e-28
2.86601461181  1.92417049262e-28
2.9373709818  2.08265190403e-28
3.01050394131  4.55251811694e-28
3.08545772284  1.96476265447e-27
3.16227766017  3.53121528097e-27
3.24101021575  5.13666853667e-27
3.32170300885  6.78209343664e-27
3.40440484432  8.4684851717e-27
3.48916574214  1.01968637103e-26
3.57603696765  1.19682744157e-26
3.66507106256  1.37837886776e-26
3.75632187674  1.56445045609e-26
3.84984460077  1.75515474694e-26
3.94569579937  1.95060708265e-26
4.04393344553  3.6628089857e-26
4.14461695564  7.33294040563e-26
4.2478072254  1.10944486296e-25
4.35356666667  1.49496087042e-25
4.46195924519  1.89007523191e-25
4.57305051927  2.29502692166e-25
4.68690767949  2.71006086378e-25
4.80359958925  3.13542808035e-25
4.92319682653  3.57138584322e-25
5.04577172647  4.98164845649e-25
5.1713984252  8.08390556158e-25
5.30015290463  1.12634008653e-24
5.43211303844  1.45220573995e-24
5.56735863914  1.78618460745e-24
5.70597150638  2.12847868715e-24
5.84803547643  2.47929500637e-24
5.99363647282  2.87447841836e-24
6.1428625584  3.98969445851e-24
6.29580398853  5.20491200341e-24
6.4525532657  6.45038533011e-24
6.6132051955  7.72686772954e-24
6.77785694388  9.03513124759e-24
6.94660809603  1.03759671521e-23
7.11956071652  1.23896162532e-23
7.29681941106  1.47460578868e-23
7.47849138981  1.71611688378e-23
7.66468653214  1.96364098209e-23
7.85551745316  2.21732779188e-23
8.0510995718  2.48277336415e-23
8.25155118063  2.77059982475e-23
8.45699351738  3.06559242167e-23
8.66755083831  3.36792957322e-23
8.88335049333  3.67779413987e-23
9.10452300303  3.97817228874e-23
9.33120213764  4.26635423282e-23
9.5635249979  4.56171116386e-23
9.80163209803  4.8644217205e-23
10.0456674507  5.16556100942e-23
10.295778654  5.43517318797e-23
10.5521169811  5.71125700003e-23
10.8148374712  5.99421458677e-23
11.0840990237  6.26822826514e-23
11.3600644943  6.51298480062e-23
11.6429007931  6.7638351424e-23
11.9327789861  7.02089899198e-23
12.2298743982  7.24800430412e-23
12.5343667197  7.46981478061e-23
12.8464401144  7.69714776573e-23
13.1662833315  7.91167831739e-23
13.4940898196  8.11407587734e-23
13.8300578436  8.32151261439e-23
14.1743906047  8.51814504337e-23
14.5272963631  8.70372406551e-23
14.8889885645  8.89392352654e-23
15.2596859686  9.06730972179e-23
15.6396127818  9.2355717088e-23
16.0289987924  9.40527652179e-23
16.4280795102  9.55662590647e-23
16.8370963082  9.71088250169e-23
17.2562965694  9.85668770471e-23
17.6859338356  9.99811569999e-23
18.1262679613  1.01380672016e-22
18.5775652707  1.02687629024e-22
19.0400987189  1.04007447138e-22
19.5141480567  1.05210252139e-22
20  1.06438e-22

