3 20 101
101
3  0
3.05745688936  5.62540293849e-43
3.11601421011  1.13585452617e-42
3.17569303801  1.72014904264e-42
3.23651485253  2.31563414089e-42
3.29850154446  2.92252414629e-42
3.3616754239  3.54103748898e-42
3.4260592282  4.17139678258e-42
3.49167613021  4.81382890424e-42
3.55854974658  5.46856507634e-42
3.62670414627  6.13584094971e-42
3.69616385924  6.81589668843e-42
3.76695388521  7.50897705626e-42
3.83909970275  8.21533150476e-42
3.91262727838  8.93521426306e-42
3.98756307593  9.56688027642e-41
4.06393406609  9.05768913385e-39
4.1417677361  2.00726485739e-38
4.22109209963  3.12985697825e-38
4.30193570688  4.27394931621e-38
4.38432765487  5.43995364979e-38
4.46829759787  6.62828964405e-38
4.55387575811  7.83938500155e-38
4.64109293664  9.07367561637e-38
4.72998052444  1.0331605731e-37
4.82057051367  1.1613628096e-37
4.91289550923  1.29202041335e-37
5.00698874047  1.33821751535e-36
5.10288407317  1.23942475005e-35
5.20061602171  2.40333867481e-35
5.30021976151  3.5895442241e-35
5.40173114165  4.79846833373e-35
5.50518669785  6.0305461163e-35
5.61062366552  7.28622101781e-35
5.71807999326  8.56594497729e-35
5.82759435644  9.87017858942e-35
5.93920617117  1.11993912703e-34
6.05295560847  1.06110594728e-33
6.16888360871  3.12300901079e-33
6.28703189637  5.22440225303e-33
6.40744299507  7.36604200162e-33
6.53016024283  9.54869906957e-33
6.6552278077  1.17731590327e-32
6.78269070364  1.40402225126e-32
6.91259480676  1.63507054643e-32
7.04498687177  5.65763613709e-32
7.17991454885  1.72561231538e-31
7.31742640081  2.90767478322e-31
7.45757192053  4.11237646188e-31
7.60040154878  5.34015094422e-31
7.74596669241  6.59144012743e-31
7.89431974284  7.86669437203e-31
8.04551409486  1.74715932157e-30
8.19960416593  4.69138712442e-30
8.35664541573  7.69200365099e-30
8.51669436609  1.07500888748e-29
8.67980862141  1.38667434534e-29
8.84604688929  1.70430891245e-29
9.01546900177  2.47713219043e-29
9.18813593677  6.58142943653e-29
9.36410984009  1.0868123806e-28
9.54345404778  1.52369182168e-28
9.72623310891  1.96893850733e-28
9.91251280879  2.42271268951e-28
10.1023601927  4.74579805373e-28
10.29584359  8.73410421449e-28
10.4930326387  1.27987955972e-27
10.6939983105  1.69413351542e-27
10.8988129364  2.1163213857e-27
11.1075502328  3.69817665754e-27
11.3202853277  6.41452726433e-27
11.5370947883  9.18290222322e-27
11.7580566479  1.200429792e-26
11.9832504345  1.523848563e-26
12.2127571994  2.82331654967e-26
12.4466595458  4.26786235574e-26
12.6850416593  5.74007453134e-26
12.9279893377  7.24048295096e-26
13.175590022  1.19497806677e-25
13.4279328281  1.80784531095e-25
13.6851085784  2.43245037027e-25
13.9472098349  3.07339619756e-25
14.2143309324  4.89609627225e-25
14.4865680123  7.05394809541e-25
14.7640190574  9.2531277364e-25
15.0467839273  1.21557643938e-24
15.3349643938  1.82900627152e-24
15.628664178  2.4573681488e-24
15.9279889875  3.0979665772e-24
16.2330465545  4.33130863179e-24
16.5439466745  5.77140731451e-24
16.8608012457  7.23908719412e-24
17.1837243096  9.31037637858e-24
17.5128320918  1.18657140068e-23
17.8482430438  1.44699922188e-23
18.1900778857  1.75843192974e-23
18.5384596499  2.11327269185e-23
18.893513725  2.47490946943e-23
19.2553679009  2.86930799231e-23
19.6241524153  3.28223970091e-23
20  3.70308e-23

