0.001 20000 401
401
0.001  0
0.00104292379188  1.37179288746e-42
0.00108769003567  2.80246832732e-42
0.00113437781639  4.29455378201e-42
0.00118306961369  5.85068520222e-42
0.00123385144757  7.47361168365e-42
0.00128681303032  9.16620032361e-42
0.00134204792502  1.09314412861e-41
0.00139965371085  1.27724530843e-41
0.00145973215544  1.46924880897e-41
0.00152238939468  1.66949382781e-41
0.00158773612021  1.87833412217e-41
0.001655887775  2.09613863385e-41
0.00172696475723  2.32329214107e-41
0.00180109263305  2.56019593816e-41
0.00187840235839  2.80726854452e-41
0.00195903051029  3.06494644403e-41
0.0020431195282  3.33368485606e-41
0.00213081796561  3.61395853976e-41
0.0022222807525  3.90626263273e-41
0.00231766946902  4.21111352575e-41
0.00241715263096  4.52904977506e-41
0.00252090598743  4.86063305376e-41
0.00262911283138  5.20644914411e-41
0.00274196432339  5.56710897235e-41
0.00285965982935  5.943249688e-41
0.00298240727271  6.33553578945e-41
0.00311042350178  6.74466029787e-41
0.00324393467283  7.17134598154e-41
0.0033831766496  7.6163466327e-41
0.00352839542  8.08044839919e-41
0.00367984753068  8.56447117332e-41
0.00383780054024  9.06927004027e-41
0.00400253349191  9.59573678873e-41
0.0041743374065  1.01448014863e-40
0.00435351579658  1.07174341227e-40
0.00454038520258  1.13146463233e-40
0.00473527575207  1.1937493136e-40
0.00493853174294  1.25870748957e-40
0.00515051225167  1.32645391676e-40
0.00537159176764  1.3971082775e-40
0.00560216085474  1.47079539131e-40
0.00584262684134  1.54764543546e-40
0.00609341453991  1.62779417491e-40
0.00635496699746  1.71138320217e-40
0.00662774627827  1.79856018744e-40
0.00691223428015  1.88947913948e-40
0.00720893358581  1.9843006777e-40
0.00751836835073  2.0831923159e-40
0.00784108522909  2.18632875818e-40
0.00817765433958  2.29389220766e-40
0.00852867027252  2.40607268825e-40
0.00889475314031  2.52306838044e-40
0.00927654967293  2.64508597138e-40
0.00967473436045  2.77234101999e-40
0.0100900106446  2.90505833783e-40
0.0105231121616  3.04347238619e-40
0.010974804038  3.18782769037e-40
0.0114458842424  3.33837927157e-40
0.0119371849955  3.49539309752e-40
0.0124495742399  3.65914655225e-40
0.0129839571736  3.82992892619e-40
0.0135412778491  4.00804192721e-40
0.0141225208413  4.19380021361e-40
0.0147287129867  4.38753195004e-40
0.0153609251976  4.5895793872e-40
0.0160202743538  4.80029946651e-40
0.016707925276  5.02006445065e-40
0.0174250927833  5.24926258123e-40
0.0181730438395  5.48829876466e-40
0.0189530997911  5.73759528749e-40
0.019766638702  5.99759256237e-40
0.0206150977878  6.26874990618e-40
0.0214999759548  6.55154635137e-40
0.0224228364481  6.84648149232e-40
0.0233853096132  7.15407636789e-40
0.0243890957761  7.47487438187e-40
0.0254359682473  7.80944226304e-40
0.0265277764546  8.15837106631e-40
0.0276664492102  8.52227721692e-40
0.0288539981181  8.90180359939e-40
0.0300925211283  9.29762069333e-40
0.0313842062423  9.71042775782e-40
0.0327313353794  1.01409540668e-39
0.0341362884072  1.05899601975e-39
0.0356015473463  1.1058239374e-39
0.0371297007552  1.15466188683e-39
0.038723448303  1.20559614624e-39
0.0403856055388  1.2587166972e-39
0.0421191088659  1.31411738363e-39
0.0439270207291  1.3718960776e-39
0.0458125350247  1.4321548522e-39
0.0477789827436  1.49500016191e-39
0.0498298378552  1.5605430306e-39
0.0519687234447  1.06284659736e-37
0.0541994181141  3.47348411145e-37
0.0565258626572  5.9875953285e-37
0.0589521670218  8.60962173219e-37
0.0614826175699  1.13441954515e-36
0.0641216846507  1.41961474441e-36
0.0668740304976  1.71705160304e-36
0.0697445174649  2.02725557949e-36
0.0727382166173  2.35077468687e-36
0.0758604166891  2.68818046108e-36
0.079116633427  3.04006897052e-36
0.0825126193345  3.40706186911e-36
0.0860543738343  3.7898074945e-36
0.0897481538671  4.18898201345e-36
0.0936004849453  4.60529061638e-36
0.097618172681  5.03946876314e-36
0.101808314809  8.30601204446e-36
0.106178313725  2.39901468681e-35
0.110735889566  4.03475042307e-35
0.115489093843  5.74069813964e-35
0.120446323672  7.51987160096e-35
0.125616336602  9.37541393364e-35
0.131008266091  1.13106031792e-34
0.136631637639  1.33288580853e-34
0.142496385617  1.54337441449e-34
0.148612870817  1.76289798956e-34
0.154991898755  2.86341780191e-34
0.16164473876  4.55474296013e-34
0.168583143885  6.31866620744e-34
0.175819371668  8.15830372911e-34
0.183366205786  1.00769054689e-33
0.191236978641  1.20778608705e-33
0.199445594912  1.41647048652e-33
0.208006556119  2.06413903858e-33
0.216934986243  2.83910441736e-33
0.226246658444  3.64733424877e-33
0.235958022925  4.49025636926e-33
0.246086235994  5.36935990342e-33
0.256649190372  6.9227531112e-33
0.267665546806  9.12027697744e-33
0.27915476703  1.14121269008e-32
0.291137148152  1.38023517132e-32
0.303633858508  1.67225827457e-32
0.316666975059  2.14373520719e-32
0.330259522391  2.63544971754e-32
0.344435513397  3.1482704792e-32
0.35921999169  3.84863882184e-32
0.374639075852  4.71694057847e-32
0.390720005574  5.62251313898e-32
0.407491189777  6.71416181265e-32
0.4249822568  8.09580190924e-32
0.443224106743  9.53674723779e-32
0.462248966057  1.13082281478e-31
0.482090444473  1.33494493619e-31
0.502783594379  1.55210444495e-31
0.524364972745  1.82586164206e-31
0.546872705704  2.11136953612e-31
0.570346555909  2.45401728243e-31
0.594827992774  2.82135927057e-31
0.62036026574  3.24671568697e-31
0.646988480678  3.70437627208e-31
0.674759679571  4.22931549993e-31
0.703722923626  4.79009006406e-31
0.733929379941  5.42433655669e-31
0.7654324119  6.10884176081e-31
0.798287673446  6.85114307155e-31
0.832553207402  7.66905856931e-31
0.868289548005  8.54646832067e-31
0.905559827856  9.48883038232e-31
0.944429889441  1.05054572496e-30
0.984968401461  1.15933085484e-30
1.02724698013  1.27504241085e-30
1.07134031572  1.3978188038e-30
1.11732630446  1.52769803682e-30
1.16528618622  1.66463607119e-30
1.21530468796  1.80852377954e-30
1.26747017345  1.95920322706e-30
1.32187479939  2.116486693e-30
1.37861467817  5.01690829419e-25
1.4377900477  3.24660160367e-24
1.49950544848  6.94354339342e-24
1.56386990827  1.04237060663e-23
1.63099713474  1.37415342941e-23
1.70100571631  1.69142131816e-23
1.77401933166  1.9892520192e-23
1.85016696824  2.27478838126e-23
1.92958315013  2.54319144031e-23
2.01240817568  2.79913336886e-23
2.09878836539  3.04181298141e-23
2.18887632039  3.27068386489e-23
2.28283119202  3.48767743134e-23
2.380818963  3.69305681574e-23
2.48301274067  3.89735435124e-23
2.58959306279  4.09634147365e-23
2.70074821647  4.28566043131e-23
2.81667457083  4.46480691373e-23
2.93757692391  4.63508544514e-23
3.06366886442  4.79641479321e-23
3.19517314914  4.94917488724e-23
3.33232209642  5.09337695005e-23
3.47535799656  5.2296390897e-23
3.62453353992  5.35813595406e-23
3.78011226325  5.4791314359e-23
3.94236901532  5.59294049036e-23
4.11159044244  5.69970572009e-23
4.28807549489  5.79975095787e-23
4.472135955  5.89331598369e-23
4.66409698799  5.98068077991e-23
4.86429771641  6.06202100928e-23
5.07309181923  6.13756663104e-23
5.29084815667  6.20757598707e-23
5.51795142182  6.27219513963e-23
5.75480282025  6.33169174836e-23
6.00182077882  6.38620242626e-23
6.25944168483  6.43591061988e-23
6.52812065699  6.48102392564e-23
6.80833234944  6.52173289914e-23
7.10057179026  6.55817557279e-23
7.40535525601  6.59050001532e-23
7.72322118382  6.61886994852e-23
8.05473112256  6.64345663213e-23
8.40047072491  6.6643731318e-23
8.761050782  6.68175413262e-23
9.13710830242  6.69574294413e-23
9.52930763757  6.70645911773e-23
9.93834165537  6.71402434118e-23
10.3649329642  6.718548412e-23
10.8098351896  6.7201437807e-23
11.2738343056  6.71891149346e-23
11.757750023  6.71495790826e-23
12.2624372379  6.70837323334e-23
12.7887875419  6.69925259723e-23
13.3377307967  6.68768334744e-23
13.9102367776  6.67374998877e-23
14.507316886  6.67071042698e-23
15.1300259368  6.6677638533e-23
15.7794640213  6.66200739431e-23
16.4567784509  6.65286916979e-23
17.1631657841  6.63975009993e-23
17.8998739402  6.62202181167e-23
18.6682044039  6.59902444539e-23
19.4695145245  6.57006435731e-23
20.305219914  6.53441171234e-23
21.1767969477  6.49129796241e-23
22.0857853725  6.43991320514e-23
23.0337910274  6.37940341749e-23
24.0224886796  6.30968105072e-23
25.0536249842  6.26968209813e-23
26.1290215688  6.22821767092e-23
27.2505782527  6.18532917623e-23
28.4202764022  6.14105635911e-23
29.6401824316  6.09543741102e-23
30.9124514536  6.04850907789e-23
32.2393310863  6.00030676785e-23
33.6231654242  5.95086465909e-23
35.0663991792  5.9002158082e-23
36.5715819996  5.84839225907e-23
38.1413729741  5.79542515301e-23
39.7785453296  5.7413448402e-23
41.4859913306  5.68618099294e-23
43.2667273885  5.62996272101e-23
45.1238993902  5.57271868956e-23
47.0607882564  5.51447723983e-23
49.0808157373  5.45526651314e-23
51.1875504573  5.39511457846e-23
53.38471422  5.33404956401e-23
55.6761885827  5.27209979302e-23
58.0660217141  5.2092939243e-23
60.5584355455  5.14566109756e-23
63.1578332294  5.08123108399e-23
65.8688069185  5.01603444213e-23
68.6961458781  4.95010267929e-23
71.6448449467  4.88346841838e-23
74.7201133605  4.81616557025e-23
77.9273839556  4.7482295113e-23
81.2723227663  4.67969726589e-23
84.7608390343  4.61060769318e-23
88.3990956486  4.54100167754e-23
92.1935200326  4.47092232158e-23
96.1508154991  4.4004151404e-23
100.277973093  4.32952825557e-23
104.58228394  4.25831258676e-23
109.07135213  4.18682203854e-23
113.753108149  4.1151136796e-23
118.635822889  4.04324791083e-23
123.72812226  3.97128861857e-23
129.03900243  3.89930330825e-23
134.577845714  3.82736321373e-23
140.354437155  3.75554337642e-23
146.378981805  3.68392268828e-23
152.662122756  3.61258389193e-23
159.214959941  3.54161353099e-23
166.049069746  3.47110184344e-23
173.176525457  3.40114259058e-23
180.609918595  3.33183281459e-23
188.362381152  3.26327251799e-23
196.447608798  3.19556425899e-23
204.879885074  3.12881265815e-23
213.674106621  3.06312381298e-23
222.845809504  2.99860461942e-23
232.411196652  2.93536200138e-23
242.387166488  2.87350205242e-23
252.791342777  2.81312909688e-23
263.642105763  2.75434468116e-23
274.958624642  2.69724650948e-23
286.760891422  2.64192734193e-23
299.069756244  2.58847387606e-23
311.906964219  2.53986645249e-23
325.295193837  2.49027761998e-23
339.258097037  2.44277282403e-23
353.820340988  2.39740336283e-23
369.007651667  2.35420955405e-23
384.846859309  2.31322007192e-23
401.365945804  2.27445144897e-23
418.594094129  2.23790776088e-23
436.561739908  2.20358050756e-23
455.300625175  2.1714486985e-23
474.843854452  2.14147914496e-23
495.225953236  2.11362695599e-23
516.482928987  2.08783623091e-23
538.65233474  2.0640409375e-23
561.773335452  2.04216596292e-23
585.886777187  2.02212832561e-23
611.035259276  2.00383853951e-23
637.263209577  1.98720213203e-23
664.616962957  1.97212133578e-23
693.144843155  1.95849701557e-23
722.897248145  1.94623099843e-23
753.926739175  1.93523174709e-23
786.288133621  1.92591597077e-23
820.038601826  1.91860562506e-23
855.237768104  1.91324948149e-23
891.94781607  1.89446760839e-23
930.233598495  1.89430662433e-23
970.162751877  1.8957699453e-23
1011.80581593  1.89887666872e-23
1055.23635819  1.90364209406e-23
1100.53110402  1.91007760058e-23
1147.77007208  1.91819055609e-23
1197.03671578  1.92798425805e-23
1248.41807064  1.93945790802e-23
1302.00490809  1.95260661991e-23
1357.89189579  1.96742146166e-23
1416.17776492  2.02676600492e-23
1476.96548457  2.06684346162e-23
1540.36244364  2.10357031507e-23
1606.48064059  2.13731209679e-23
1675.43688127  2.16839751198e-23
1747.35298527  2.19712377947e-23
1822.35600115  2.22376094852e-23
1900.57843087  2.2485554145e-23
1982.15846389  2.27173280129e-23
2067.24022127  2.29350033918e-23
2155.97401029  2.3140488375e-23
2248.51659001  2.32814513178e-23
2345.03144816  2.34399842457e-23
2445.68908999  2.35809827308e-23
2550.66733949  2.37058186142e-23
2660.15165352  2.38157489775e-23
2774.33544947  2.39119290492e-23
2893.42044691  2.39954232991e-23
3017.61702399  2.40672150032e-23
3147.1445891  2.4128214516e-23
3282.23196846  2.41792664387e-23
3423.11781038  2.42211558455e-23
3570.05100685  2.4254613701e-23
3723.29113327  2.42803215817e-23
3883.10890699  2.42989157985e-23
4049.78666556  2.43109910037e-23
4223.61886555  2.43171033532e-23
4404.91260271  2.43177732855e-23
4593.98815452  2.43134879736e-23
4791.17954596  2.43047034941e-23
4996.83513966  2.42918467572e-23
5211.31825125  2.42753172312e-23
5435.00779129  2.42554884946e-23
5668.29893458  2.42327096418e-23
5911.60381837  2.42073065663e-23
6165.35227034  2.4179583141e-23
6429.99256806  2.41498223144e-23
6705.99223084  2.41182871348e-23
6993.83884571  2.40852217174e-23
7294.04092876  2.40508521622e-23
7607.12882356  2.40153874325e-23
7933.65563798  2.39790201995e-23
8274.19822143  2.39419276589e-23
8629.35818387  2.39042723238e-23
8999.76295861  2.38662027947e-23
9386.06691081  2.38278545115e-23
9788.95249346  2.37893504861e-23
10209.131453  2.37508020181e-23
10647.3460868  2.37123093921e-23
11104.3705543  2.36739625577e-23
11581.0122449  2.36358417908e-23
12078.1132043  2.35980183357e-23
12596.5516218  2.35605550273e-23
13137.243382  2.35235068922e-23
13701.1436828  2.34869217284e-23
14289.2487227  2.3450840662e-23
14902.597461  2.34152986808e-23
15542.2734529  2.33803251439e-23
16209.406764  2.3345944267e-23
16905.1759664  2.33121755826e-23
17630.8102213  2.32790343758e-23
18387.5914499  2.3246532095e-23
19176.8565985  2.32146767369e-23
20000  2.31834732088e-23

