0.05 20000 351
351
0.05  0
0.0518771238405  8.40305652346e-42
0.0538247195593  1.71215846016e-41
0.0558454328452  2.61674278179e-41
0.0579420087128  3.55528743934e-41
0.0601172952312  4.52906738793e-41
0.0623742473934  5.53940544767e-41
0.0647159311297  6.58767410057e-41
0.0671455274734  7.67529735508e-41
0.0696663368815  8.80375268039e-41
0.0722817837184  9.97457301359e-41
0.0749954209075  1.1189348842e-40
0.0778109347578  1.24497303638e-40
0.0807321499715  1.37574297296e-40
0.0837630348397  1.51142233685e-40
0.0869077066328  1.65219544012e-40
0.0901704371937  1.79825351435e-40
0.093555658741  1.94979497045e-40
0.0970679698898  2.10702566815e-40
0.100712141898  6.32084753838e-36
0.10449312515  3.98790084066e-35
0.108416055878  7.4697025751e-35
0.112486263142  1.10822197704e-34
0.116709276067  1.48303598088e-34
0.121090831358  1.87192143076e-34
0.125636881086  2.27540660363e-34
0.130353600781  2.69403960924e-34
0.135247397815  3.12838913476e-34
0.140324920111  3.57904521726e-34
0.14559306517  4.0466200453e-34
0.151058989443  4.53174879047e-34
0.156730118052  5.03509047031e-34
0.162614154874  5.55732884349e-34
0.168719093012  6.09917333869e-34
0.175053225649  6.66136001828e-34
0.181625157314  7.24465257825e-34
0.188443815571  7.84984338563e-34
0.195518463147  8.47775455487e-34
0.202858710516  4.19836631958e-30
0.210474528951  1.53807634217e-29
0.218376264073  2.69829754077e-29
0.226574649903  3.90207631682e-29
0.235080823443  5.15104792965e-29
0.243906339806  6.44690903029e-29
0.253063187912  7.79141996625e-29
0.262563806776  9.18640717285e-29
0.272421102403  1.06337656543e-28
0.282648465323  1.2135461558e-28
0.293259788778  1.36935348453e-28
0.304269487597  1.53101020629e-28
0.315692517779  1.69873592177e-28
0.327544396807  1.87275847604e-28
0.339841224729  2.05331426802e-28
0.352599706028  2.24064857163e-28
0.365837172315  2.43501586899e-28
0.379571605873  2.63668019611e-28
0.393821664084  2.84591550155e-28
0.408606704776  3.06300601859e-28
0.423946812514  3.28824665133e-28
0.439862825892  3.5219433753e-28
0.456376365833  3.76441365312e-28
0.473509864964  4.01598686572e-28
0.491286598089  4.27700475981e-28
0.509730713805  4.94104606413e-27
0.528867267308  1.3791891761e-26
0.548722254427  2.29750201272e-26
0.569322646939  3.25029058771e-26
0.59069642921  4.23884920569e-26
0.612872636205  5.26452076266e-26
0.635881392938  6.32869857027e-26
0.659753955386  7.43282824854e-26
0.684522752957  8.57840968966e-26
0.710221432536  9.76699909546e-26
0.736884904198  1.10002110915e-25
0.764549388626  1.22797209202e-25
0.793252466319  1.36072667171e-25
0.823033128641  1.49846518712e-25
0.853931830787  1.64137474756e-25
0.885990546742  1.78964948685e-25
0.919252826298  1.94349082711e-25
0.953763854212  2.10310775231e-25
0.989570511591  2.26871709223e-25
1.02672143958  5.30856136062e-25
1.06526710541  9.62395303899e-25
1.10525987101  1.41013552094e-24
1.14675406409  1.87468501469e-24
1.18980605195  2.35667484704e-24
1.23447431806  2.8567597715e-24
1.28081954152  3.37561912263e-24
1.32890467946  3.91395773892e-24
1.37879505257  4.47250692023e-24
1.43055843386  5.05202542123e-24
1.48426514069  5.65330048211e-24
1.53998813031  6.27714889802e-24
1.59780309898  6.92441812862e-24
1.65778858478  7.5959874493e-24
1.72002607428  8.29276914563e-24
1.78460011328  9.01570975264e-24
1.85159842165  9.76579134062e-24
1.92111201246  1.05440328492e-23
1.99323531564  1.13514914716e-23
2.06806630625  1.30757414454e-23
2.1457066376  1.49561330186e-23
2.22626177928  1.69071191488e-23
2.30984116051  1.89313501306e-23
2.39655831871  2.10315757571e-23
2.48653105382  2.32106490554e-23
2.57988158824  2.54715301626e-23
2.67673673294  2.78172903462e-23
2.77722805967  3.02511161772e-23
2.8814920797  3.2776313858e-23
2.98967042928  3.53963137142e-23
3.10191006204  3.76326145794e-23
3.21836344861  3.99021758647e-23
3.33918878375  4.22569421019e-23
3.46455020123  4.4700112096e-23
3.59461799682  4.7235004743e-23
3.72956885961  4.98650635384e-23
3.86958611204  5.25938612551e-23
4.01485995891  5.53187415871e-23
4.16558774582  5.71774119145e-23
4.32197422717  5.91058613295e-23
4.48423184437  6.1106709512e-23
4.6525810144  6.3182674491e-23
4.82725042924  6.53365763371e-23
5.00847736654  6.75256243713e-23
5.19650801193  6.88302786334e-23
5.39159779346  7.01839128478e-23
5.5940117286  7.15883658433e-23
5.8040247842  7.30455454828e-23
6.02192225006  7.4497418929e-23
6.24800012649  7.5447174733e-23
6.48256552635  7.64325867222e-23
6.7259370923  7.74549935182e-23
6.97844542962  7.85157839976e-23
7.24043355533  7.93476462295e-23
7.51225736418  8.01857407362e-23
7.79428611207  8.10552993865e-23
8.08690291769  8.18941905709e-23
8.39050528295  8.26090770187e-23
8.70550563296  8.33508020744e-23
9.03233187631  8.4097115675e-23
9.37142798632  8.46516527346e-23
9.72325460418  8.52270084888e-23
10.0882896647  8.57719898358e-23
10.4670290455  8.61683993743e-23
10.8599872407  8.65796911088e-23
11.2676980598  8.69268444608e-23
11.690715353  8.7243846264e-23
12.129613763  8.75190673411e-23
12.5849895064  8.7671716344e-23
13.0574611831  8.78200854658e-23
13.5476706168  8.78990085473e-23
14.0562837268  8.79760099185e-23
14.5839914326  8.8015172168e-23
15.1315105928  8.80642679494e-23
15.6995849783  8.81429839719e-23
16.2889862833  8.81845480253e-23
16.9005151731  8.8184413917e-23
17.5350023721  8.81929053252e-23
18.193309792  8.84996536433e-23
18.876331703  8.95437367532e-23
19.5849959482  9.05980442252e-23
20.3202652044  9.16527559265e-23
21.0831382897  9.26976847486e-23
21.87465152  9.37222468139e-23
22.6958801174  9.4715430506e-23
23.5479396704  9.56657642709e-23
24.4319876495  9.59997398533e-23
25.3492249792  9.57024746871e-23
26.3008976702  9.53829260822e-23
27.2882985111  9.50417215932e-23
28.3127688251  9.46794648853e-23
29.3757002922  9.42967368116e-23
30.4785368392  9.3894096474e-23
31.6227766017  9.34720822699e-23
32.8099739589  9.30312129248e-23
34.0417416454  9.25719885148e-23
35.3197529418  9.20948914802e-23
36.6457439475  9.16003876319e-23
38.0215159399  9.10889271539e-23
39.4489378204  9.05609456038e-23
40.9299486537  9.00168649125e-23
42.4665603019  8.94570943876e-23
44.0608601572  8.88820317214e-23
45.715013978  8.82920640066e-23
47.4312688301  8.76875687623e-23
49.2119561403  8.70689149732e-23
51.0594948625  8.64364641442e-23
52.9763947643  8.57905713735e-23
54.9652598363  8.51315864473e-23
57.028791829  8.44598549576e-23
59.1697939238  8.37757194482e-23
61.3911745401  8.30795205888e-23
63.6959512866  8.23715983823e-23
66.0872550608  8.1652293406e-23
68.5683343013  8.09219480906e-23
71.1425594018  8.01809080378e-23
73.8134272884  7.94295233793e-23
76.5845661707  7.86681501778e-23
79.4597404702  7.78971518724e-23
82.4428559342  7.71169007669e-23
85.5379649413  7.63277795623e-23
88.7492720065  7.5530182932e-23
92.0811394928  7.47245191371e-23
95.5380935369  7.39112116789e-23
99.124830198  7.3090700984e-23
102.846221837  7.22634461163e-23
106.707323735  7.14299265059e-23
110.713380962  7.05906436877e-23
114.8698355  6.97461230347e-23
119.182333635  6.88969154728e-23
123.656733632  6.80435991575e-23
128.299113687  6.71867810935e-23
133.115780187  6.63270986707e-23
138.113276278  6.546522109e-23
143.29839075  6.4601850647e-23
148.678167262  6.37377238363e-23
154.259913908  6.28736122396e-23
160.051213149  6.20103231514e-23
166.059932107  6.11486998971e-23
172.294233257  6.02896217934e-23
178.762585514  5.94340036978e-23
185.473775735  5.85827950937e-23
192.43692066  5.77369786569e-23
199.661479291  5.68975682499e-23
207.157265748  5.60656062936e-23
214.934462593  5.5242160471e-23
223.003634671  5.44283197239e-23
231.375743454  5.36251895147e-23
240.062161937  5.28338863366e-23
249.074690085  5.20555314709e-23
258.425570861  5.12912440099e-23
268.127506863  5.05421331804e-23
278.193677571  4.980929003e-23
288.63775726  4.90937785586e-23
299.473933569  4.83966264054e-23
310.716926775  4.77607282331e-23
322.382009794  4.71021034571e-23
334.48502892  4.64646589006e-23
347.042425362  4.58491749888e-23
360.071257569  4.52563480634e-23
373.589224406  4.46867819138e-23
387.6146892  4.41409801474e-23
402.166704681  4.36193396002e-23
417.265038865  4.31221449713e-23
432.930201911  4.26495648424e-23
449.183473977  4.22016492149e-23
466.046934132  4.17783286636e-23
483.543490349  4.13794151706e-23
501.696910623  4.1004604666e-23
520.531855256  4.06534812673e-23
540.073910361  4.03255231809e-23
560.349622617  4.00201102083e-23
581.386535329  3.97365327889e-23
603.21322585  3.9474002523e-23
625.859344393  3.92316641554e-23
649.355654317  3.90086090843e-23
673.734073911  3.88038906322e-23
699.027719757  3.86165416958e-23
725.270951716  3.8445596363e-23
752.499419602  3.82901262501e-23
780.750111613  3.81548250689e-23
810.061404573  3.80440202435e-23
840.473116069  3.79572204295e-23
872.026558539  3.78938750535e-23
904.764595392  3.76097820753e-23
938.731699233  3.76117189852e-23
973.974012283  3.76335214985e-23
1010.53940905  3.76753919334e-23
1048.47756138  3.77374877046e-23
1087.84000592  3.78199201682e-23
1128.68021411  3.79227538163e-23
1171.05366488  3.80460058359e-23
1215.01791994  3.81896460377e-23
1260.63270202  3.8353597157e-23
1307.959976  3.85377355195e-23
1357.06403307  3.87418920614e-23
1408.01157806  3.89658536855e-23
1460.87182008  4.01226882587e-23
1515.71656651  4.06320855945e-23
1572.62032056  4.11039810381e-23
1631.66038248  4.1542199689e-23
1692.91695455  4.19502002365e-23
1756.47325006  4.23311253555e-23
1822.41560632  4.2687843028e-23
1890.83360195  4.30229806417e-23
1961.82017861  4.33389532933e-23
2035.47176717  4.36379874062e-23
2111.88841879  4.39221405359e-23
2191.17394078  4.4193318053e-23
2273.43603764  4.43576624971e-23
2358.78645736  4.45668977611e-23
2447.34114324  4.4755754341e-23
2539.22039135  4.49256660318e-23
2634.54901401  4.50779542497e-23
2733.45650928  4.52138400502e-23
2836.07723689  4.53344545534e-23
2942.55060079  4.54408480163e-23
3053.02123849  4.5533997748e-23
3167.63921753  4.56148150324e-23
3286.5602394  4.56841511954e-23
3409.94585098  4.57428029318e-23
3537.96366401  4.579151699e-23
3670.78758282  4.58309942989e-23
3808.59804053  4.58618936078e-23
3951.58224415  4.58848347026e-23
4099.93442891  4.5900401252e-23
4253.85612214  4.590914333e-23
4413.55641696  4.59115796574e-23
4579.25225639  4.59081995975e-23
4751.16872804  4.58994649386e-23
4929.53936983  4.58858114905e-23
5114.60648731  4.58676505212e-23
5306.62148276  4.58453700539e-23
5505.84519672  4.58193360458e-23
5712.54826234  4.57898934633e-23
5927.01147301  4.57573672703e-23
6149.52616379  4.57220633413e-23
6380.39460719  4.56842693114e-23
6619.93042377  4.56442553726e-23
6868.45900819  4.56022750245e-23
7126.31797123  4.55585657874e-23
7393.85759841  4.55133498826e-23
7671.44132584  4.54668348855e-23
7959.44623392  4.54192143566e-23
8258.26355958  4.53706684514e-23
8568.29922776  4.53213645144e-23
8889.97440283  4.52714576576e-23
9223.72606069  4.52210913252e-23
9570.00758243  4.51703978465e-23
9929.28937017  4.51194989767e-23
10302.0594861  4.5068506426e-23
10688.8243155  4.50175223784e-23
11090.1092545  4.4966639998e-23
11506.459424  4.49159439245e-23
11938.4404101  4.48655107563e-23
12386.6390323  4.48154095212e-23
12851.6641409  4.47657021348e-23
13334.1474439  4.47164438443e-23
13834.7443651  4.46676836595e-23
14354.1349346  4.46194647686e-23
14893.0247126  4.45718249398e-23
15452.1457475  4.45247969067e-23
16032.2575709  4.44784087394e-23
16634.148229  4.44326841987e-23
17258.6353531  4.43876430745e-23
17906.5672706  4.43433015089e-23
18578.8241571  4.42996723021e-23
19276.3192322  4.42567652028e-23
20000  4.42145871826e-23

