6 20 101
101
6  0
6.0726749839  2.78949117448e-40
6.14623024334  5.61277005333e-40
6.22067644067  8.47024589002e-40
6.29602436737  1.13623328951e-39
6.37228494562  1.42894502963e-39
6.44946922993  1.72520223991e-39
6.52758840867  2.02504786486e-39
6.60665380575  2.32852536914e-39
6.68667688224  2.63567874387e-39
6.76766923803  2.94655251303e-39
6.84964261352  3.26119173989e-39
6.93260889129  3.57964203354e-39
7.01658009788  2.58098420453e-38
7.10156840549  1.36229851155e-37
7.18758613374  2.48351524772e-37
7.2746457515  3.6183127186e-37
7.36275987864  4.7668554208e-37
7.45194128792  5.9293098434e-37
7.54220290677  7.10584449208e-37
7.63355781924  8.29662991353e-37
7.72601926784  9.5018387202e-37
7.81960065549  1.07216456153e-36
7.91431554744  1.19562274182e-36
8.01017767327  2.97354809196e-36
8.10720092884  1.58888543098e-35
8.20539937834  2.92458751669e-35
8.30478725629  4.27646829034e-35
8.40537896964  5.64472371623e-35
8.50718909986  7.02955213229e-35
8.610232405  8.43115427883e-35
8.7145238219  9.8497333276e-35
8.82007846831  1.12854949113e-34
8.92691164508  1.27386471533e-34
9.03503883843  3.38019674556e-34
9.14447572211  9.64840437741e-34
9.25523815976  1.59925356574e-33
9.36734220713  2.24135102104e-33
9.48080411448  2.89122588006e-33
9.59564032887  3.54897234655e-33
9.7118674966  4.21468576536e-33
9.82950246559  4.88846263617e-33
9.94856228783  5.57040062751e-33
10.0690642218  1.44912089914e-32
10.1910257352  2.97243215331e-32
10.3144645071  4.51419451096e-32
10.4393984307  6.07463146103e-32
10.5658456162  7.65396919947e-32
10.6938243929  9.25243666203e-32
10.8233533122  1.08702655574e-31
10.9544511501  1.2507690401e-31
11.0871369103  2.75499972261e-31
11.2214298263  4.98559834393e-31
11.357349365  7.24321508506e-31
11.4949152287  9.52817720292e-31
11.6341473586  1.18408159183e-30
11.7750659372  1.41814664639e-30
11.9176913918  1.6550468133e-30
12.0620443968  2.76568486362e-30
12.2081458772  5.05907033646e-30
12.3560170113  7.38023443469e-30
12.5056792342  9.72951362683e-30
12.6571542404  1.21072484569e-29
12.8104639872  1.45137835937e-29
12.9656306978  1.69665857174e-29
13.1226768649  3.13598137059e-29
13.2816252532  4.93318107387e-29
13.4424989034  6.75214935373e-29
13.6053211353  8.593149882e-29
13.7701155511  1.04564495242e-28
13.9369060387  1.23423183784e-28
14.1057167757  1.9885763243e-28
14.2765722323  3.0924237104e-28
14.4494971752  4.20964144501e-28
14.6245166709  5.34039147643e-28
14.8016560898  6.48483771457e-28
14.9809411095  7.73725589219e-28
15.1623977185  1.27283422888e-27
15.3460522202  1.83399055875e-27
15.5319312365  2.40194389316e-27
15.7200617119  2.97677656081e-27
15.9104709172  3.5585718876e-27
16.1031864535  5.10222652988e-27
16.2982362562  7.50305008001e-27
16.4956485991  9.93295359896e-27
16.6954520985  1.23922893178e-26
16.8976757173  1.48814137338e-26
17.1023487691  2.06131604702e-26
17.3095009226  2.96649389752e-26
17.5191622061  3.8826357123e-26
17.7313630113  4.80987429236e-26
17.9461340982  5.74838867648e-26
18.1635065993  8.24256199635e-26
18.3835120242  1.12819373819e-25
18.6061822643  1.43581271937e-25
18.831549597  1.74715773463e-25
19.059646691  2.2138752737e-25
19.2905066104  3.11957475165e-25
19.52416282  4.03624451209e-25
19.7606491897  4.96401743254e-25
20  5.903028e-25

