3 20 101
101
3  0
3.05745688936  1.09438137171e-39
3.11601421011  2.20972265989e-39
3.17569303801  3.34642529506e-39
3.23651485253  4.50489839608e-39
3.29850154446  5.68555891737e-39
3.3616754239  6.88883179898e-39
3.4260592282  8.11515011953e-39
3.49167613021  9.3649552521e-39
3.55854974658  1.06386970231e-38
3.62670414627  1.19368338741e-38
3.69616385924  1.32598330269e-38
3.76695388521  1.46081706516e-38
3.83909970275  1.59823320383e-38
3.91262727838  1.73828117713e-38
3.98756307593  5.76020074342e-38
4.06393406609  4.10120854144e-36
4.1417677361  9.07085357964e-36
4.22109209963  1.41356787329e-35
4.30193570688  1.9297506919e-35
4.38432765487  2.45581959687e-35
4.46829759787  2.99196392947e-35
4.55387575811  3.53837665727e-35
4.64109293664  4.09525444362e-35
4.72998052444  4.66279771842e-35
4.82057051367  5.24121075027e-35
4.91289550923  5.83070171998e-35
5.00698874047  2.63044439748e-34
5.10288407317  2.10446424942e-33
5.20061602171  4.04287301241e-33
5.30021976151  6.01840675467e-33
5.40173114165  8.03177650482e-33
5.50518669785  1.00837069093e-32
5.61062366552  1.21749364932e-32
5.71807999326  1.4306217926e-32
5.82759435644  1.64783182927e-32
5.93920617117  1.86920193695e-32
6.05295560847  9.68281175915e-32
6.16888360871  2.65240456421e-31
6.28703189637  4.36878278291e-31
6.40744299507  6.11803358608e-31
6.53016024283  7.9007865592e-31
6.6552278077  9.71768334578e-31
6.78269070364  1.15693778782e-30
6.91259480676  1.34565366133e-30
7.04498687177  3.3314726958e-30
7.17991454885  8.90663978688e-30
7.31742640081  1.45885841309e-29
7.45757192053  2.03793507574e-29
7.60040154878  2.6281023863e-29
7.74596669241  3.22957275616e-29
7.89431974284  3.84256266484e-29
8.04551409486  7.06151890741e-29
8.19960416593  1.64810865565e-28
8.35664541573  2.60810605577e-28
8.51669436609  3.58648961068e-28
8.67980862141  4.58361145749e-28
8.84604688929  5.59983047752e-28
9.01546900177  7.64101459001e-28
9.18813593677  1.71469930282e-27
9.36410984009  2.70674092049e-27
9.54345404778  3.71778241332e-27
9.72623310891  4.74818767254e-27
9.91251280879  5.79832755876e-27
10.1023601927  1.00103555164e-26
10.29584359  1.70397561291e-26
10.4930326387  2.42037859063e-26
10.6939983105  3.15050233055e-26
10.8988129364  3.89460961679e-26
11.1075502328  6.15391706317e-26
11.3202853277  9.89568699255e-26
11.5370947883  1.37091204089e-25
11.7580566479  1.75955898325e-25
11.9832504345  2.19162819176e-25
12.2127571994  3.60461752384e-25
12.4466595458  5.16520462299e-25
12.6850416593  6.75568054891e-25
12.9279893377  8.37661774127e-25
13.175590022  1.23787965442e-24
13.4279328281  1.74399176043e-24
13.6851085784  2.25979707554e-24
13.9472098349  2.78759719525e-24
14.2143309324  3.89071226503e-24
14.4865680123  5.16006120809e-24
14.7640190574  6.45372109841e-24
15.0467839273  7.94062658897e-24
15.3349643938  1.02650811181e-23
15.628664178  1.26421638174e-23
15.9279889875  1.50649815425e-23
16.2330465545  1.81332279409e-23
16.5439466745  2.14492264405e-23
16.8608012457  2.48287339264e-23
17.1837243096  2.84428014933e-23
17.5128320918  3.22572265103e-23
17.8482430438  3.61447065259e-23
18.1900778857  4.00624666106e-23
18.5384596499  4.40193170121e-23
18.893513725  4.80519501854e-23
19.2553679009  5.19754500507e-23
19.6241524153  5.58948918695e-23
20  5.98894e-23

