3 20 101
101
3  0
3.05745688936  2.51639341795e-43
3.11601421011  5.08098154864e-43
3.17569303801  7.69468743149e-43
3.23651485253  1.03584517842e-42
3.29850154446  1.30732333416e-42
3.3616754239  1.58400092001e-42
3.4260592282  1.86597751701e-42
3.49167613021  2.15335461339e-42
3.55854974658  2.44623564111e-42
3.62670414627  2.7447260131e-42
3.69616385924  3.04893316119e-42
3.76695388521  3.35896657476e-42
3.83909970275  3.67493784017e-42
3.91262727838  3.99696068093e-42
3.98756307593  4.97689444779e-41
4.06393406609  4.78538956555e-39
4.1417677361  1.06058163449e-38
4.22109209963  1.65377176635e-38
4.30193570688  2.25832285146e-38
4.38432765487  2.87445247818e-38
4.46829759787  3.50238240216e-38
4.55387575811  4.1423386262e-38
4.64109293664  4.79455148156e-38
4.72998052444  5.45925571088e-38
4.82057051367  6.13669055265e-38
4.91289550923  6.82709982734e-38
5.00698874047  7.83587329169e-37
5.10288407317  7.33182754772e-36
5.20061602171  1.42254595386e-35
5.30021976151  2.1251120413e-35
5.40173114165  2.84113388273e-35
5.50518669785  3.57086918674e-35
5.61062366552  4.31458059762e-35
5.71807999326  5.07253578992e-35
5.82759435644  5.84500756476e-35
5.93920617117  6.63227394803e-35
6.05295560847  6.75739356304e-34
6.16888360871  2.00045894423e-33
6.28703189637  3.35054995442e-33
6.40744299507  4.72649830788e-33
6.53016024283  6.12879923211e-33
6.6552278077  7.55795743936e-33
6.78269070364  9.01448730827e-33
6.91259480676  1.0498913069e-32
7.04498687177  3.78897566745e-32
7.17991454885  1.1704660312e-31
7.31742640081  1.97719484955e-31
7.45757192053  2.79937437739e-31
7.60040154878  3.63730053129e-31
7.74596669241  4.49127489529e-31
7.89431974284  5.36160482947e-31
8.04551409486  1.21986519619e-30
8.19960416593  3.32468024872e-30
8.35664541573  5.46980734313e-30
8.51669436609  7.65601854758e-30
8.67980862141  9.88410071713e-30
8.84604688929  1.21548557769e-29
9.01546900177  1.78085671944e-29
9.18813593677  4.82327420401e-29
9.36410984009  8.00113765147e-29
9.54345404778  1.12398644818e-28
9.72623310891  1.45406203685e-28
9.91251280879  1.79045933104e-28
10.1023601927  3.55809985656e-28
10.29584359  6.60069399832e-28
10.4930326387  9.70156080507e-28
10.6939983105  1.28618163322e-27
10.8988129364  1.608259801e-27
11.1075502328  2.8397009921e-27
11.3202853277  4.96075923742e-27
11.5370947883  7.12244061905e-27
11.7580566479  9.32552316334e-27
11.9832504345  1.18582785384e-26
12.2127571994  2.22111986529e-26
12.4466595458  3.37255094596e-26
12.6850416593  4.54603457604e-26
12.9279893377  5.74199311248e-26
13.175590022  9.56789824698e-26
13.4279328281  1.45567205697e-25
13.6851085784  1.96410902966e-25
13.9472098349  2.48597586929e-25
14.2143309324  4.00406975175e-25
14.4865680123  5.80443617578e-25
14.7640190574  7.6392837513e-25
15.0467839273  1.00889254628e-24
15.3349643938  1.53692609036e-24
15.628664178  2.07786294028e-24
15.9279889875  2.62934665624e-24
16.2330465545  3.72791012676e-24
16.5439466745  5.01678077312e-24
16.8608012457  6.33033625219e-24
17.1837243096  8.23886844424e-24
17.5128320918  1.06239454524e-23
17.8482430438  1.30547021625e-23
18.1900778857  1.60287629923e-23
18.5384596499  1.94639813782e-23
18.893513725  2.2964992085e-23
19.2553679009  2.6855533772e-23
19.6241524153  3.09576345608e-23
20  3.51383e-23

