5 20 101
101
5  0
5.06979739895  3.86312549787e-43
5.14056913328  7.78017821806e-43
5.21232880421  1.17519109565e-42
5.28509020281  1.57790870179e-42
5.35886731268  1.98624803621e-42
5.43367431263  2.40028757532e-42
5.50952557938  2.820106891e-42
5.58643569036  3.24578666594e-42
5.66441942648  3.67740870909e-42
5.74349177499  4.11505597143e-42
5.82366793234  4.55881256189e-42
5.90496330715  5.0087637635e-42
5.98739352309  1.70903285685e-41
6.07097442198  9.70756051314e-40
6.15572206672  2.12328717417e-39
6.24165274451  3.29190703195e-39
6.32878296985  4.47684021501e-39
6.41712948781  5.67831444889e-39
6.50670927721  6.89656063806e-39
6.59753955386  8.13181291029e-39
6.68963777393  9.38430866164e-39
6.78302163724  1.06542886021e-38
6.8777090907  1.19419968019e-38
6.97371833175  1.32476807383e-38
7.07106781187  2.78772246509e-37
7.16977624008  6.47071643362e-37
7.2698625866  1.0205123082e-36
7.37134608646  1.39916601046e-36
7.47424624317  1.78310552142e-36
7.57858283255  2.17240462822e-36
7.68437590644  2.56713814803e-36
7.7916457966  2.96738194244e-36
7.90041311863  3.37321293201e-36
8.0106987759  8.24395774192e-36
8.12252396356  4.49102944837e-35
8.23591017268  8.30057034465e-35
8.35087919428  1.21632904501e-34
8.46745312363  1.60799321188e-34
8.58565436438  2.00512480677e-34
8.70550563296  2.40780015213e-34
8.82702996291  2.81609663584e-34
8.95025070928  3.23009272606e-34
9.07519155317  1.26185636519e-33
9.20187650625  2.8154922523e-33
9.33032991537  4.39081608817e-33
9.46057646726  5.9881306253e-33
9.59264119325  7.60774284242e-33
9.72654947412  9.24996400356e-33
9.86232704493  1.09151097178e-32
10  1.44598905225e-32
10.1395947979  4.37265091789e-32
10.2811382666  7.52839793754e-32
10.4246576084  1.07281975439e-31
10.5701804056  1.39726646883e-31
10.7177346254  1.72624229061e-31
10.8673486253  2.05981044373e-31
11.0190511588  2.87082847737e-31
11.1728713807  6.52990943229e-31
11.328838853  1.02960778198e-30
11.48698355  1.41148199588e-30
11.6473358647  1.79868697516e-30
11.8099266143  2.19129713451e-30
11.9747870462  2.61690351762e-30
12.141948844  5.27665435389e-30
12.3114441334  8.41271213364e-30
12.483305489  1.15925476486e-29
12.6575659397  1.48167720131e-29
12.8342589756  1.80860048726e-29
13.0134185544  2.32869633473e-29
13.1950791077  4.39677649179e-29
13.3792755479  6.55101648592e-29
13.5660432745  8.73532854972e-29
13.7554181814  1.09501324736e-28
13.9474366635  1.31958539081e-28
14.1421356237  2.27299671495e-28
14.3395524802  3.51183704067e-28
14.5397251732  4.76797093287e-28
14.7426921729  6.04163980075e-28
14.9484924863  7.33323883513e-28
15.1571656651  1.22558567598e-27
15.3687518129  1.84480499988e-27
15.5832915932  2.4726683034e-27
15.8008262373  3.10929625203e-27
16.0213975518  3.98735252524e-27
16.2450479271  6.53219990668e-27
16.4718203454  9.16040379269e-27
16.7017583886  1.18252960377e-26
16.9349062473  1.45273887922e-26
17.1713087288  2.1879892735e-26
17.4110112659  3.1112227716e-26
17.6540599258  4.04734412906e-26
17.9005014186  4.9965332537e-26
18.1503831063  7.03554416941e-26
18.4037530125  9.82525831892e-26
18.6606598307  1.26539154267e-25
18.9211529345  1.55220591163e-25
19.1852823865  2.14968419674e-25
19.4530989482  2.88782413522e-25
19.7246540899  3.63626812325e-25
20  4.39516e-25

