0.001197855 20000 401
401
0.001197855  0
0.00124870777082  1.091523351e-63
0.00130171940418  2.22938535468e-63
0.00135698155071  2.5149765241e-62
0.00141458975187  1.59662366034e-61
0.00147464360518  2.99885456377e-61
0.00153724693637  9.32284017801e-52
0.00160250797894  2.45607493899e-51
0.00167053956121  4.04455565191e-51
0.00174145930146  5.70047244487e-51
0.00181538981119  7.42668819484e-51
0.00189245890721  9.22618731711e-51
0.00197279983252  1.11020809249e-50
0.00205655148673  1.30576122081e-50
0.00214385866617  1.50961620405e-50
0.00223487231425  1.72212548245e-50
0.00232974978239  1.9436564585e-50
0.0024286551021  2.17459213208e-50
0.00253175926855  2.41533176263e-50
0.00263924053619  2.66629155944e-50
0.00275128472694  2.92790540122e-50
0.00286808555147  3.2006255862e-50
0.00298984494408  3.48492361413e-50
0.00311677341182  1.92491437086e-46
0.00324909039843  4.00991662952e-46
0.00338702466376  6.18343389376e-46
0.00353081467922  8.4492239083e-46
0.00368070904012  1.08112039461e-45
0.00383696689542  1.32734575809e-45
0.00399985839579  1.58402417472e-45
0.00416966516063  1.85159940999e-45
0.00434668076502  2.13053406866e-45
0.00453121124722  4.70293863621e-44
0.0047235756378  2.65933192514e-43
0.00492410651119  4.94130164438e-43
0.00513315056067  7.32014826703e-43
0.00535106919776  9.79998452709e-43
0.00557823917704  1.23850977572e-42
0.00581505324755  1.50799573011e-42
0.00606192083176  8.83207020425e-42
0.00631926873344  3.4075622238e-41
0.00658754187554  6.03908436859e-41
0.00686720406942  8.78232303378e-41
0.00715873881669  1.16420209425e-40
0.00746265014517  1.46231221615e-40
0.00777946348027  8.92056116998e-40
0.00810972655338  1.73046217201e-39
0.00845401034884  2.604461242e-39
0.00881291009109  3.51556436416e-39
0.00918704627376  1.01910892402e-38
0.00957706573241  2.21747733596e-38
0.00998364276284  3.4667203147e-38
0.0104074802869  4.76899764809e-38
0.0108493110675  1.31797816989e-37
0.0113098989761  2.34208276654e-37
0.0117900403126  3.40966387441e-37
0.0122905651824  7.31259750256e-37
0.0128123389317  1.31384321711e-36
0.0133562636432  1.92115921297e-36
0.0139232796961  3.97074063904e-36
0.0145143673915  6.50207847133e-36
0.0151305486476  1.05728605033e-35
0.0157728887661  1.91690522565e-35
0.0164424982744  2.81301798067e-35
0.0171405348451  5.23925061076e-35
0.0178682052979  7.83351202162e-35
0.0186267676856  1.37007161499e-34
0.0194175334695  2.03154868259e-34
0.0202418697868  3.44678800337e-34
0.0211012018138  5.39495931465e-34
0.0219970152301  9.73506991472e-34
0.0229308587873  1.42594320725e-33
0.0239043469862  1.89758678551e-33
0.0249191628686  3.26968251964e-33
0.0259770609266  4.75035439002e-33
0.0270798701363  6.54558110648e-33
0.0282294971193  1.04129381936e-32
0.0294279294398  1.44444769417e-32
0.0306772390402  2.13317193624e-32
0.0319795858236  3.04965373459e-32
0.0333372213878  4.25007913874e-32
0.0347524929181  6.12132137839e-32
0.0362278472453  8.35238536938e-32
0.0377658350762  1.18617265927e-31
0.039369115403  1.61323049576e-31
0.0410404601006  2.22778163721e-31
0.0427827587192  3.03362802757e-31
0.0445990234791  4.05125279299e-31
0.0464923944795  5.91116685897e-31
0.0484661451264  8.01981059555e-31
0.0505236877927  1.0217972994e-30
0.0526685797171  1.28024653147e-30
0.0549045291547  1.76878293679e-30
0.0572354017878  2.27805927295e-30
0.0596652274092  2.80895601626e-30
0.0621982068893  3.74885927477e-30
0.064838719439  4.76842557337e-30
0.0675913301804  5.87966896285e-30
0.0704607980399  7.6427152275e-30
0.0734520839755  9.48060843744e-30
0.0765703595534  1.18907479497e-29
0.0798210158897  1.48305842279e-29
0.0832096729704  1.81953359395e-29
0.0867421893679  2.26269298047e-29
0.0904246723696  2.74849175079e-29
0.094263488537  3.3862818664e-29
0.0982652747123  4.09431532335e-29
0.102436949493  4.97907377413e-29
0.106785725192  6.00151635226e-29
0.111319120311  7.1929964507e-29
0.116044972532  8.6414064065e-29
0.120971452275  1.0277539198e-28
0.126107076819  1.22131941328e-28
0.131460725029  1.44924394116e-28
0.137041652705  1.70943335221e-28
0.142859508586  2.00748868553e-28
0.148924351033  2.35544389243e-28
0.155246665414  2.77776515884e-28
0.161837382234  3.2271124072e-28
0.168707896034  3.7562533667e-28
0.17587008509  4.35320449929e-28
0.183336331949  5.03404831966e-28
0.191119544834  5.80733785142e-28
0.199233179967  6.68995706292e-28
0.207691264827  7.67152353881e-28
0.216508422405  8.8141464843e-28
0.225699896485  1.00599035185e-27
0.235281577999  1.15090582965e-27
0.245270032497  1.31238212533e-27
0.255682528794  1.49098739374e-27
0.266537068816  1.69507002852e-27
0.277852418733  1.92324452381e-27
0.289648141396  2.17624448964e-27
0.301944630163  2.45698265907e-27
0.314763144154  2.76833407479e-27
0.328125845008  3.11450756127e-27
0.342055835195  3.49460765055e-27
0.356577197959  3.90898859538e-27
0.371715038955  4.35736265447e-27
0.387495529653  4.83807575317e-27
0.403945952585  5.34715860965e-27
0.421094748516  5.87795574815e-27
0.438971565608  6.42039255305e-27
0.457607310687  6.96269880826e-27
0.477034202668  7.4912384816e-27
0.497285828266  7.9834659498e-27
0.518397200055  8.422322751e-27
0.540404817009  8.79437664946e-27
0.563346727598  9.072005031e-27
0.587262595569  9.25510044672e-27
0.612193768525  9.33437285567e-27
0.638183349406  9.3046662452e-27
0.665276271009  9.17509408858e-27
0.693519373671  8.9619747245e-27
0.722961486253  8.67677058867e-27
0.753653510554  8.33419862097e-27
0.785648509321  7.95055813254e-27
0.81900179798  7.55063087999e-27
0.853771040277  7.1441328856e-27
0.890016347965  6.72200039378e-27
0.927800384736  6.32120325466e-27
0.967188474554  5.91504493159e-27
1.00824871459  5.54507017825e-27
1.05105209297  5.17316979165e-27
1.09567261148  4.84396934957e-27
1.14218741353  4.52379569743e-27
1.19067691749  4.22414797268e-27
1.24122495578  3.954682284e-27
1.29391891975  3.69827404016e-27
1.34884991079  3.45829067164e-27
1.40611289786  3.24498669493e-27
1.46580688164  3.04586891535e-27
1.5280350657  2.86651484173e-27
1.59290503493  2.69995769081e-27
1.66052894156  2.5345591656e-27
1.73102369902  2.39660352598e-27
1.80451118411  2.25611513457e-27
1.88111844766  2.1391464666e-27
1.96097793424  2.02168866776e-27
2.0442277111  1.920345247e-27
2.1310117069  1.85702e-27
2.22147996052  1.85702e-27
2.31578888047  1.85702e-27
2.41410151531  1.85702e-27
2.51658783551  1.85702e-27
2.62342502736  1.85702e-27
2.73479779924  1.85702e-27
2.85089870104  1.85702e-27
2.97192845695  1.85702e-27
3.09809631257  1.85702e-27
3.22962039667  1.85702e-27
3.36672809823  1.85702e-27
3.50965645966  1.85702e-27
3.65865258656  1.85702e-27
3.81397407496  1.85702e-27
3.97588945665  1.85702e-27
4.14467866347  1.85702e-27
4.32063351124  1.85702e-27
4.50405820432  1.85702e-27
4.6952698615  1.85702e-27
4.89459906427  1.85702e-27
5.10239042838  1.85702e-27
5.31900319961  1.85702e-27
5.54481187485  1.85702e-27
5.78020684961  1.85702e-27
6.02559509293  1.85702e-27
6.28140085096  1.85702e-27
6.5480663805  1.85702e-27
6.82605271352  1.85702e-27
7.11584045429  1.85702e-27
7.41793061027  1.85702e-27
7.73284545828  1.85702e-27
8.06112944745  1.85702e-27
8.40335014054  1.85702e-27
8.76009919513  1.85702e-27
9.13199338658  1.85702e-27
9.51967567433  1.85702e-27
9.92381631348  1.85702e-27
10.3451140136  1.85702e-27
10.7842971468  1.85702e-27
11.2421250068  1.85702e-27
11.7193891218  1.85702e-27
12.2169146229  1.85702e-27
12.7355616707  1.85702e-27
13.2762269422  1.85702e-27
13.8398451815  1.85702e-27
14.4273908153  1.85702e-27
15.0398796379  1.85702e-27
15.6783705674  1.85702e-27
16.3439674762  1.85702e-27
17.0378210998  1.85702e-27
17.761131026  1.85702e-27
18.5151477689  2.96157145302e-24
19.3011749308  7.40456031261e-24
20.1205714565  1.19459363866e-23
20.9747539819  1.65863706787e-23
21.8651992839  2.13264407685e-23
22.7934468331  2.61666208514e-23
23.7611014557  3.11072713946e-23
24.7698361078  3.20381759106e-23
25.8213947678  3.16756977746e-23
26.9175954518  3.13097539683e-23
28.0603333562  3.09403982992e-23
29.2515841346  3.05676859317e-23
30.4934073136  3.01916737817e-23
31.787949853  2.98124209236e-23
33.137449858  2.94299890122e-23
34.5442404488  2.90444427188e-23
36.0107537936  2.86558501857e-23
37.539525314  2.8264283497e-23
39.1331980685  2.78698191693e-23
40.7945273218  2.74725386623e-23
42.5263853083  2.70725289103e-23
44.3317661981  2.66698828745e-23
46.2137912733  2.62647001173e-23
48.1757143242  2.58570873982e-23
50.2209272752  2.54471592913e-23
52.3529660487  2.50350388226e-23
54.5755166779  2.46208581276e-23
56.8924216805  2.42047591253e-23
59.3076867008  2.37868942085e-23
61.8254874359  2.33674269446e-23
64.4501768542  2.2946532785e-23
67.1862927219  2.2524399777e-23
70.0385654475  2.21012292719e-23
73.0119262608  2.16772366223e-23
76.1115157379  2.12526518604e-23
79.3426926886  2.08277203466e-23
82.7110434216  2.0402703376e-23
86.2223914021  1.99778787324e-23
89.8828073199  1.95535411709e-23
93.6986195852  1.91300028163e-23
97.6764252692  1.87075934565e-23
101.82310151  1.82866607118e-23
106.145817402  1.78675700594e-23
110.652046391  1.74507046894e-23
115.349579194  1.70364651693e-23
120.246537268  1.66252688931e-23
125.351386855  1.62175492909e-23
130.672953611  1.58137547754e-23
136.220437874  1.54143474046e-23
142.003430564  1.50198012395e-23
148.031929764  1.46306003834e-23
154.316358011  1.42472366896e-23
160.86758031  1.38702071329e-23
167.696922921  1.35000108461e-23
174.81619294  1.31371458318e-23
182.23769871  1.27821053668e-23
189.974271106  1.24353741293e-23
198.039285711  1.20974240871e-23
206.446685946  1.17687101967e-23
215.211007175  1.14496659745e-23
224.347401835  1.11406990086e-23
233.871665631  1.08421864916e-23
243.800264846  1.05544708587e-23
254.150364811  1.02778556205e-23
264.939859578  1.00126014832e-23
276.187402861  9.75892284505e-24
287.912440282  9.51698475617e-24
300.135242993  9.30889218433e-24
312.876942719  9.08976536675e-24
326.159568298  8.88261729155e-24
340.006083758  8.6873922139e-24
354.440428026  8.50397925614e-24
369.487556313  8.33221333183e-24
385.173483258  8.17187677597e-24
401.525327905  8.02270165005e-24
418.571360586  7.88437267717e-24
436.341051801  7.75653075043e-24
454.865123166  7.63877695083e-24
474.175600528  7.53067700635e-24
494.305869334  7.43176612553e-24
515.290732349  7.34155414379e-24
537.166469826  7.25953093295e-24
559.970902233  7.18517204228e-24
583.743455635  7.11794456725e-24
608.525229861  7.05731328354e-24
634.359069558  7.00274714981e-24
661.289638266  6.95372639737e-24
689.363495634  6.90975065548e-24
718.629177919  6.87034912951e-24
749.137281894  6.83509591846e-24
780.940552328  6.80621369913e-24
814.093973176  6.78632859333e-24
848.654862633  6.77528668832e-24
884.682972239  6.72447728999e-24
922.240590175  6.73527009099e-24
961.392648955  6.75384836003e-24
1002.20683769  6.7802793839e-24
1044.75371909  6.81461777529e-24
1089.10685151  6.85690515347e-24
1135.34291608  6.90716989613e-24
1183.54184926  6.96542696494e-24
1233.78698111  7.03167780663e-24
1286.1651793  7.10591033021e-24
1340.76699929  7.18809896021e-24
1397.68684096  7.27820476473e-24
1457.0231117  7.74454170843e-24
1518.87839667  7.96336800784e-24
1583.35963606  8.16185018594e-24
1650.57831001  8.34200337261e-24
1720.65063138  8.50564365524e-24
1793.69774661  8.65441597117e-24
1869.8459452  8.7898169201e-24
1949.22687805  8.91321356182e-24
2031.97778505  9.02585901326e-24
2118.24173236  9.12890547344e-24
2208.16785977  9.2234151659e-24
2301.91163852  9.28838367581e-24
2399.63514011  9.35801896954e-24
2501.50731648  9.4185977119e-24
2607.70429212  9.47086766854e-24
2718.40966859  9.51551797674e-24
2833.81484189  9.55318490626e-24
2954.11933341  9.58445687337e-24
3079.53113486  9.6098788209e-24
3210.26706786  9.62995605692e-24
3346.5531588  9.64515762978e-24
3488.62502961  9.65591930421e-24
3636.72830513  9.66264619354e-24
3791.11903775  9.66571509468e-24
3952.06415011  9.66547656591e-24
4119.84189656  9.66225678193e-24
4294.74234425  9.65635919598e-24
4477.06787459  9.64806603483e-24
4667.13370607  9.63763964927e-24
4865.26843917  9.62532373972e-24
5071.81462456  9.61134447389e-24
5287.12935525  9.59591151165e-24
5511.58488399  9.57921894984e-24
5745.56926686  9.5614461983e-24
5989.48703415  9.54275879676e-24
6243.75988976  9.52330918091e-24
6508.82744027  9.50323740452e-24
6785.14795494  9.48267182371e-24
7073.19915806  9.46172974817e-24
7373.47905481  9.44051806341e-24
7686.50679231  9.41913382742e-24
8012.8235571  9.39766484416e-24
8352.99351084  9.37619021609e-24
8707.60476566  9.3547808772e-24
9077.27040091  9.33350010762e-24
9462.62952312  9.31240403058e-24
9864.34837095  9.29154209229e-24
10283.121467  9.27095752477e-24
10719.6728186  9.25068779204e-24
11174.7571694  9.2307650193e-24
11649.1613045  9.2112164052e-24
12143.7054105  9.19206461698e-24
12659.2444933  9.1733281683e-24
13196.6698569  9.15502177955e-24
13756.9106438  9.13715672064e-24
14340.9354416  9.11974113609e-24
14949.7539574  9.10278035241e-24
15584.4187639  9.08627716786e-24
16246.0271186  9.07023212476e-24
16935.7228612  9.0546437644e-24
17654.698391  9.03950886503e-24
18404.1967286  9.02482266306e-24
19185.5136645  9.01057905816e-24
20000  8.99677080244e-24

