4 20 101
101
4  0
4.06489836507  4.18829386778e-42
4.13084967959  8.44454109168e-42
4.19787102722  1.27698441871e-41
4.26597976883  1.71653235574e-41
4.33519354694  2.16321177839e-41
4.4055302903  2.61713839209e-41
4.47700821858  3.07842977957e-41
4.54964584702  3.54720543127e-41
4.6234619913  4.02358677631e-41
4.69847577235  4.50769721397e-41
4.77470662134  4.9996621456e-41
4.85217428469  5.49960900716e-41
4.93089882922  6.00766730221e-41
5.0109006473  2.5560168314e-39
5.09220046219  1.91615074923e-38
5.17481933334  3.62738968791e-38
5.2587786619  5.36639277892e-38
5.34410019626  7.13361048431e-38
5.43080603763  8.92950057464e-38
5.51891864584  1.07545282476e-37
5.60846084511  1.26091662487e-37
5.69945582996  1.44938949933e-37
5.79192717125  1.64092026914e-37
5.88589882225  1.8355585474e-37
5.98139512488  2.31644643738e-37
6.07844081599  6.47889392937e-36
6.17706103378  1.43640350789e-35
6.27728132428  2.23771094206e-35
6.37912764804  3.05201926183e-35
6.48262638677  3.87953940126e-35
6.58780435024  4.72048571672e-35
6.69468878317  5.57507604242e-35
6.80330737234  6.44353174685e-35
6.91368825372  7.32607779013e-35
7.02586001978  2.82200703584e-34
7.13985172691  1.16970160004e-33
7.25569290288  2.0721829244e-33
7.3734135546  2.98930663937e-33
7.49304417576  3.92131031176e-33
7.61461575486  4.86843536279e-33
7.73815978314  5.83092713066e-33
7.86370826279  6.80903493405e-33
7.9912937152  9.07081223309e-33
8.12094918942  4.3582558919e-32
8.25270827072  8.24860298636e-32
8.38660508926  1.22020693723e-31
8.52267432896  1.62196791345e-31
8.66095123645  2.03024729729e-31
8.80147163025  2.44515084726e-31
8.94427191  2.86678603774e-31
9.08938906592  8.1308224617e-31
9.23686068839  1.65438248721e-30
9.38672497765  2.50933248079e-30
9.53902075375  3.37815368858e-30
9.69378746657  4.26107116534e-30
9.85106520605  5.15831361729e-30
10.0108947126  7.07822638286e-30
10.1733173875  1.76351397501e-29
10.3383753039  2.87082232205e-29
10.5061112176  3.99609629444e-29
10.6765685779  5.13962737709e-29
10.8497915392  6.30171178415e-29
11.0258249723  8.80878674173e-29
11.2047144759  1.8414751682e-28
11.3865063885  2.8276599177e-28
11.5712478006  3.82984511167e-28
11.7589865666  4.8482903508e-28
11.9497713174  5.88325944765e-28
12.1436514728  1.08839937496e-27
12.3406772544  1.7369050066e-27
12.5408996988  2.39593237706e-27
12.7443706706  3.06565219723e-27
12.9511428756  3.74729001662e-27
13.1612698752  6.47919968472e-27
13.3748060995  9.88496366351e-27
13.5918068618  1.33459847708e-26
13.8123283727  1.6863159531e-26
14.036427755  2.22966418003e-26
14.2641630582  3.6873998179e-26
14.4955932736  5.17829201129e-26
14.7307783496  6.69337332114e-26
14.9697792074  8.29549316572e-26
15.2126577564  1.31657526118e-25
15.4594769106  1.86649028658e-25
15.7103006046  2.4253274585e-25
15.9651938106  3.00915532677e-25
16.2242225547  4.56828396504e-25
16.4874539343  6.32631421827e-25
16.7549561354  8.1128677938e-25
17.0267984504  1.02814509333e-24
17.3030512959  1.49756011159e-24
17.5837862308  1.98169227941e-24
17.8690759753  2.47367929377e-24
18.1589944294  3.29240110534e-24
18.4536166918  4.39114180111e-24
18.75301908  5.50770911558e-24
19.0572791496  6.80513841174e-24
19.3664757145  8.81219878642e-24
19.6806888673  1.08557217309e-23
20  1.29324e-23

