0.5 20000 301
301
0.5  0
0.51797667599  2.46179469138e-37
0.536599673739  5.01209915381e-37
0.555892230681  7.65409561023e-37
0.575878419714  1.03910806952e-36
0.596583179235  1.32264695682e-36
0.618032344264  1.61638001755e-36
0.640252678672  1.92067376639e-36
0.663271908584  2.23590789549e-36
0.687118756972  2.56247574819e-36
0.711822979493  2.90078480984e-36
0.737415401622  3.25125721626e-36
0.763927957112  3.61433028047e-36
0.791393727841  3.99045703836e-36
0.819846985093  4.38010681396e-36
0.849323232317  4.78376580509e-36
0.879859249433  5.20193769e-36
0.911493138721  5.63514425589e-36
0.944264372364  6.08392604991e-36
0.978213841706  6.54884305374e-36
1.01338390827  2.76753736031e-31
1.04981845661  1.03013217367e-30
1.0875629491  1.81059709146e-30
1.12666448261  2.61912233914e-30
1.16717184731  3.45671677964e-30
1.20913558756  4.32442554787e-30
1.25260806493  5.22333135487e-30
1.29764352358  6.15455583874e-30
1.34429815793  7.11926096424e-30
1.39263018277  8.11865047269e-30
1.44269990591  9.15397138389e-30
1.49456980343  1.02265155522e-29
1.54830459763  1.13376212786e-29
1.6039713378  1.24886749802e-29
1.66163948387  1.36811129207e-29
1.7213809931  1.49164230021e-29
1.78327040983  1.61961466218e-29
1.84738495855  1.75218805951e-29
1.91380464021  1.88952791487e-29
1.98261233206  2.03180559838e-29
2.05389389107  6.07492818027e-28
2.12773826107  1.41153572314e-27
2.20423758369  2.24448666583e-27
2.28348731338  3.10738498694e-27
2.3655863365  4.00130739511e-27
2.4506370947  4.92736931027e-27
2.53874571274  5.88672625541e-27
2.63002213093  6.88057529849e-27
2.72458024232  7.91015654602e-27
2.82253803477  8.97675469053e-27
2.92401773821  1.00817006136e-26
3.02914597715  2.1282951464e-26
3.13805392866  6.00465668561e-26
3.25087748609  1.00203864156e-25
3.36775742859  1.41804950901e-25
3.48883959681  1.8490173616e-25
3.61427507483  2.29547995309e-25
3.74422037875  2.75799437127e-25
3.87883765192  3.23713773313e-25
4.01829486729  4.20657976099e-25
4.16276603701  8.45655670505e-25
4.31243142955  1.28593345661e-24
4.46747779462  1.74204070493e-24
4.62809859623  2.21454653768e-24
4.79449425406  2.70404053895e-24
4.96687239354  3.21113349035e-24
5.14544810495  4.69689795683e-24
5.33044421176  6.46269756543e-24
5.52209154871  8.29198358887e-24
5.72062924983  1.01870385766e-23
5.92630504679  1.21502271433e-23
6.13937557808  1.4922517366e-23
6.36010670917  1.81990124647e-23
6.58877386432  2.1593308545e-23
6.82566237018  2.51096409469e-23
7.07106781187  2.87423790941e-23
7.32529640178  3.24802669807e-23
7.58866536167  3.63525444662e-23
7.86150331847  4.03640433071e-23
8.14415071437  4.42059304021e-23
8.43696023158  4.78735763779e-23
8.74029723243  5.16730865204e-23
9.05454021523  5.5473721684e-23
9.38008128661  5.87426962791e-23
9.7173266507  6.21292014683e-23
10.0666971161  6.54959233442e-23
10.4286286208  6.83622551028e-23
10.8035727762  7.13316410961e-23
11.1919974309  7.41388428639e-23
11.5943872539  7.67619317151e-23
12.0112443398  7.94671328037e-23
12.4430888353  8.1813813549e-23
12.8904595879  8.42448653333e-23
13.3539148186  8.6405109705e-23
13.8340328184  8.85281655444e-23
14.3314126696  9.046006746e-23
14.8466749937  9.2322658687e-23
15.3804627255  9.4042775487e-23
15.9334419155  9.57372978086e-23
16.5063025609  9.72878784486e-23
17.0997594668  9.88310025552e-23
17.7145531376  1.00248603173e-22
18.3514507018  1.0329657846e-22
19.0112468682  1.07966771961e-22
19.6947649184  1.13022030567e-22
20.4028577337  1.18451857622e-22
21.1364088592  1.24245737463e-22
21.8963336065  1.30393101588e-22
22.6835801957  1.36883293882e-22
23.4991309386  1.43705534856e-22
24.3440034645  1.48140775764e-22
25.2192519896  1.48608753845e-22
26.1259686331  1.49009855718e-22
27.0652847792  1.49346213897e-22
28.0383724893  1.49619883298e-22
29.0464459643  1.49832844138e-22
30.0907630598  1.49987004767e-22
31.1726268555  1.50084204427e-22
32.2933872809  1.50126215955e-22
33.4544428005  1.50114748425e-22
34.6572421578  1.50051449726e-22
35.9032861837  1.49937909102e-22
37.1941296691  1.49775659629e-22
38.5313833047  1.49566180657e-22
39.9167156909  1.49310900209e-22
41.35185542  1.49011197338e-22
42.8385932329  1.48668404458e-22
44.3787842538  1.48283809643e-22
45.9743503045  1.47858658899e-22
47.627282303  1.47394158421e-22
49.3396427475  1.46891476829e-22
51.1135682897  1.46351747397e-22
52.9512724014  1.45776070269e-22
54.8550481358  1.4516551468e-22
56.8272709893  1.44521121171e-22
58.8704018652  1.43843903817e-22
60.9869901447  1.43134852462e-22
63.1796768676  1.42394934972e-22
65.4511980279  1.41625099509e-22
67.8043879881  1.40826276822e-22
70.2421830153  1.39999382581e-22
72.767624945  1.39145319727e-22
75.3838649774  1.3826498087e-22
78.0941676085  1.37359250724e-22
80.9019147041  1.3642900858e-22
83.8106097193  1.35475130829e-22
86.8238820702  1.34498493527e-22
89.9454916625  1.33499975006e-22
93.1793335833  1.32480458537e-22
96.5294429608  1.31440835029e-22
100  1.30382005769e-22
103.595335198  1.29304885207e-22
107.319934748  1.28210403754e-22
111.178446136  1.27099510612e-22
115.175683943  1.259731766e-22
119.316635847  1.2483239698e-22
123.606468853  1.23678194244e-22
128.050535734  1.22511620863e-22
132.654381717  1.21333761951e-22
137.423751394  1.20145737823e-22
142.364595899  1.18948706409e-22
147.483080324  1.1774386549e-22
152.785591422  1.16532454691e-22
158.278745568  1.15315757206e-22
163.969397019  1.14095101175e-22
169.864646463  1.12871860666e-22
175.971849887  1.11647456185e-22
182.298627744  1.10423354662e-22
188.852874473  1.09201068812e-22
195.642768341  1.07982155819e-22
202.676781654  1.06768215264e-22
209.963691323  1.05560886218e-22
217.51258982  1.0436184343e-22
225.332896521  1.03172792567e-22
233.434369463  1.01995464431e-22
241.827117512  1.00831608139e-22
250.521612986  9.96829832329e-23
259.528704717  9.85513507339e-23
268.859631586  9.743846316e-23
278.526036554  9.63460535706e-23
288.539981181  9.52758237229e-23
298.913960685  9.42294314612e-23
309.660919525  9.32802273492e-23
320.794267559  9.22845917024e-23
332.327896774  9.1317445977e-23
344.276198619  9.03801299343e-23
356.654081967  8.9473871506e-23
369.476991711  8.85997739246e-23
382.760928042  8.77588037394e-23
396.522466412  8.69517800076e-23
410.778778215  8.61793649375e-23
425.547652214  8.54420562406e-23
440.847516738  8.47401814185e-23
456.697462677  8.40738941723e-23
473.117267301  8.34431730783e-23
490.127418939  8.28478226253e-23
507.749142548  8.22874766608e-23
526.004426187  8.17616042467e-23
544.916048465  8.12695178859e-23
564.507606954  8.08103840529e-23
584.803547643  8.03832359508e-23
605.82919543  7.99869884281e-23
627.610785733  7.96204550446e-23
650.175497219  7.9282367388e-23
673.551485719  7.89713969817e-23
697.767919361  7.86861806357e-23
722.855014966  7.84253513664e-23
748.84407575  7.81875814729e-23
775.767530383  7.79784277588e-23
803.658973457  7.78071197902e-23
832.553207402  7.76731396086e-23
862.486285909  7.75757787034e-23
893.495558925  7.709698074e-23
925.619719247  7.71039072467e-23
958.898850812  7.71417910237e-23
993.374478709  7.72109658664e-23
1029.08962099  7.7311691564e-23
1066.08884235  7.74441521019e-23
1104.41830974  7.76084544541e-23
1144.12584997  7.78046279887e-23
1185.26100936  7.80326244958e-23
1227.87511562  7.82923188365e-23
1272.02134183  7.85835102019e-23
1317.75477286  7.890592396e-23
1365.13247404  7.92592140587e-23
1414.21356237  8.07736055616e-23
1465.05928036  8.16900403297e-23
1517.73307233  8.25370895101e-23
1572.30066369  8.33217730176e-23
1628.83014287  8.40503684976e-23
1687.39204632  8.47285229955e-23
1748.05944649  8.53613434225e-23
1810.90804305  8.59534704088e-23
1876.01625732  8.65091390087e-23
1943.46533014  8.70322289164e-23
2013.33942322  8.75263062412e-23
2085.72572415  8.79946584431e-23
2160.71455525  8.84403236911e-23
2238.39948618  8.88661156431e-23
2318.87745078  8.90872726875e-23
2402.24886796  8.9407642229e-23
2488.61776706  8.96972506274e-23
2578.09191758  8.99582204179e-23
2670.78296373  9.01925102857e-23
2766.80656368  9.04019323607e-23
2866.28253393  9.05881672414e-23
2969.33499874  9.07527770871e-23
3076.0925451  9.0897217059e-23
3186.68838309  9.10228453427e-23
3301.26051218  9.11309319493e-23
3419.95189335  9.12226664577e-23
3542.91062753  9.12991648395e-23
3670.29014035  9.13614754843e-23
3802.24937364  9.14105845293e-23
3938.95298368  9.14474205796e-23
4080.57154674  9.14728588973e-23
4227.28177184  9.1487725125e-23
4379.2667213  9.14927986023e-23
4536.71603914  9.14888153268e-23
4699.82618773  9.14764706034e-23
4868.8006929  9.14564214228e-23
5043.85039793  9.14292886033e-23
5225.19372662  9.13956587269e-23
5413.05695583  9.13560858974e-23
5607.67449785  9.13110933431e-23
5809.28919286  9.12611748875e-23
6018.15261197  9.12067963044e-23
6234.52537109  9.11483965746e-23
6458.67745619  9.10863890588e-23
6690.88856009  9.10211625982e-23
6931.44843155  9.09530825536e-23
7180.65723674  9.08824917924e-23
7438.82593382  9.08097116314e-23
7706.27666093  9.07350427411e-23
7983.34313818  9.06587660175e-23
8270.371084  9.05811434264e-23
8567.71864659  9.0502418822e-23
8875.75685075  9.04228187451e-23
9194.87006089  9.03425532009e-23
9525.4564606  9.0261816419e-23
9867.9285495  9.01807875972e-23
10222.7136579  9.00996316284e-23
10590.2544803  9.00184998121e-23
10971.0096272  8.99375305506e-23
11365.4541979  8.98568500292e-23
11774.080373  8.97765728796e-23
12197.3980289  8.96968028283e-23
12635.9353735  8.96176333263e-23
13090.2396056  8.95391481627e-23
13560.8775976  8.94614220588e-23
14048.4366031  8.93845212446e-23
14553.524989  8.93085040152e-23
15076.7729955  8.9233421268e-23
15618.8335217  8.91593170192e-23
16180.3829408  8.90862289002e-23
16762.1219439  8.90141886329e-23
17364.776414  8.89432224844e-23
17989.0983325  8.88733516997e-23
18635.8667167  8.88045929149e-23
19305.8885922  8.87369585474e-23
20000  8.86704571672e-23

