1 20 101
101
1  0
1.03041055791  1.72397452799e-43
1.06174591785  3.5003760832e-43
1.09403420358  5.33079900078e-43
1.12730439408  7.21688610049e-43
1.16158634964  9.16033016118e-43
1.1969108386  1.116287544e-42
1.23330956497  1.3226319238e-42
1.27081519692  1.53525135132e-42
1.30946139606  1.75433665424e-42
1.34928284767  1.98008446346e-42
1.39031529185  2.21269738951e-42
1.43259555555  2.45238420441e-42
1.47616158565  2.69936002908e-42
1.52105248304  2.95384652636e-42
1.56730853766  3.21607210001e-42
1.61497126471  3.48627209966e-42
1.66408344188  3.76468903203e-42
1.71468914776  4.05157277866e-42
1.76683380139  4.34718082008e-42
1.82056420303  4.65177846695e-42
1.87592857615  4.96563909821e-42
1.93297661076  5.28904440637e-42
1.99175950792  8.63989192939e-39
2.05233002578  5.55666518075e-37
2.11474252688  1.21838706596e-36
2.17905302696  1.90126131544e-36
2.24531924523  2.60490215184e-36
2.31360065617  3.32994109864e-36
2.3839585429  4.07702888432e-36
2.45645605223  4.84683602637e-36
2.53115825126  5.64005343309e-36
2.60813218585  6.4573930237e-36
2.68744694072  7.29958836726e-36
2.76917370155  8.16739534109e-36
2.85338581877  9.06159280915e-36
2.94015887345  9.98298332109e-36
3.02957074514  1.2356155441e-33
3.12170168173  5.05223002812e-33
3.21663437151  8.98490988793e-33
3.31445401734  1.30371847364e-32
3.41524841318  1.72126915238e-32
3.51910802283  2.15151778021e-32
3.62612606115  2.59485050886e-32
3.73639857773  3.05166523313e-32
3.85002454306  3.52237194802e-32
3.96710593738  4.00739311673e-32
4.08774784223  8.86935707309e-31
4.21205853471  2.08473814723e-30
4.34014958471  3.31896642761e-30
4.472135955  4.59072827859e-30
4.60813610445  5.90116511699e-30
4.74827209431  7.25145307076e-30
4.89266969782  8.64280403454e-30
5.041458513  2.91969030498e-29
5.19477207907  1.01381530741e-28
5.35274799621  1.75761333233e-28
5.51552804914  2.52403067015e-28
5.68325833429  3.31375518682e-28
5.85608939099  4.12749566663e-28
6.03417633655  7.83060630777e-28
6.21767900547  2.36596505169e-27
6.40676209294  4.00373544178e-27
6.6015953026  5.69131134315e-27
6.80235349885  7.4302073692e-27
7.00921686386  1.0575162045e-26
7.22237105921  2.73702978743e-26
7.44200739256  4.53742744595e-26
7.66832298935  6.39257620173e-26
7.9015209697  8.30414106619e-26
8.14181063074  1.58949605219e-25
8.38940763443  2.77388644605e-25
8.64453420113  3.99429481258e-25
8.90741930907  5.2518164784e-25
9.17829889981  9.06449711265e-25
9.45741609003  1.43397617667e-24
9.74502138973  1.9775450162e-24
10.041372927  2.68437162721e-24
10.34673668  4.23264751182e-24
10.661386715  5.8417552048e-24
10.9856054331  7.55972619092e-24
11.3196838233  1.05290435912e-23
11.6639217237  1.37116916574e-23
12.0186280908  1.7075161737e-23
12.3841212763  2.13389318829e-23
12.7607293136  2.57705539789e-23
13.1487902114  3.03810604729e-23
13.5486522576  3.52048762395e-23
13.9606743317  4.01663021343e-23
14.3852262269  4.4971306336e-23
14.8226889821  4.98788072705e-23
15.2734552238  5.46168633286e-23
15.7379295184  5.92860840698e-23
16.2165287354  6.38440680627e-23
16.7096824217  6.82248508882e-23
17.2178331866  7.25181253955e-23
17.7414370999  7.66388358322e-23
18.2809641002  8.06328626708e-23
18.8368984177  8.45093926663e-23
19.4097390079  8.81815503721e-23
20  9.18332e-23

