0.05 20 201
201
0.05  0
0.0515205278956  5.61865467968e-42
0.0530872958927  1.14081757829e-41
0.0547017101788  1.73737594529e-41
0.0563652197041  2.35207598505e-41
0.0580793174821  2.98546939598e-41
0.0598455419298  3.6381246539e-41
0.0616654782484  4.31062752235e-41
0.0635407598458  5.00358157822e-41
0.0654730698028  5.71760875354e-41
0.0674641423837  6.45334989362e-41
0.0695157645926  7.21146533225e-41
0.0716297777775  7.99263548433e-41
0.0738080792827  8.79756145655e-41
0.0760526241521  9.62696567667e-41
0.0783654268832  1.04815925419e-40
0.0807485632356  1.13622090868e-40
0.0832041720942  1.22696056722e-40
0.0857344573881  1.3204596694e-40
0.0883416900695  1.41680213145e-40
0.0910282101513  1.51607442151e-40
0.0937964288077  1.6183656373e-40
0.0966488305378  1.72376758603e-40
0.0995879753959  2.9948960917e-37
0.102616501289  1.92621297947e-35
0.105737126344  4.22352919097e-35
0.108952651348  6.59070807015e-35
0.112265962262  9.02987417973e-35
0.115680032808  1.15432166915e-34
0.119197927145  1.41329913513e-34
0.122822802612  1.68015225034e-34
0.126557912563  1.95512051767e-34
0.130406609292  2.2384507234e-34
0.134372347036  2.53039715877e-34
0.138458685077  2.83122184812e-34
0.142669290938  3.14119478411e-34
0.147007943673  3.46059417001e-34
0.151478537257  3.78970666944e-34
0.156085084087  4.12882766359e-34
0.160831718575  4.47826151637e-34
0.165722700867  4.83832184757e-34
0.170762420659  5.20933181433e-34
0.175955401141  5.59162440116e-34
0.181306303058  5.98554271884e-34
0.186819928886  6.39144031234e-34
0.192501227153  6.8096814781e-34
0.198355296869  7.24064159106e-34
0.204387392112  5.42285469758e-30
0.210602926736  1.31042664736e-29
0.217007479236  2.10192742672e-29
0.22360679775  2.91749818638e-29
0.230406805222  3.75787090785e-29
0.237413604716  4.62379983263e-29
0.244633484891  5.51606213913e-29
0.25207292565  6.43545864017e-29
0.259738603953  7.38281450175e-29
0.267637399811  8.35897998362e-29
0.275776402457  9.36483120241e-29
0.284162916714  1.04012709179e-28
0.292804469549  1.14692293435e-28
0.301708816827  1.25696649805e-28
0.310883950274  1.37035654793e-28
0.320338104647  1.48719485248e-28
0.33007976513  1.60758627506e-28
0.340117674943  1.73163886796e-28
0.350460843193  1.85946396943e-28
0.361118552961  1.99117630355e-28
0.372100369628  2.12689408323e-28
0.383416149468  2.26673911631e-28
0.395076048485  2.41083691487e-28
0.407090531537  2.55931680788e-28
0.419470381721  2.71231205727e-28
0.432226710057  2.86995997755e-28
0.445370965454  3.03240205904e-28
0.458914944991  3.19978409486e-28
0.472870804502  3.37225631177e-28
0.487251069486  3.54997350502e-28
0.502068646352  1.27874079081e-27
0.517336833998  7.29037744422e-27
0.533069335748  1.35696671745e-26
0.549280271653  2.00399136088e-26
0.565984191164  2.6706923847e-26
0.583196086186  3.35766815861e-26
0.600931404538  4.06553524907e-26
0.619206063817  4.79492897269e-26
0.63803646568  5.54650396638e-26
0.657439510569  6.32093477494e-26
0.677432612878  7.11891645645e-26
0.698033716583  7.94116520609e-26
0.719261311345  8.78841899896e-26
0.741134449107  9.66143825236e-26
0.763672761192  1.05610065083e-25
0.786896475921  1.14879311368e-25
0.810826436772  1.24430440604e-25
0.835484121084  1.34272025009e-25
0.860891659332  1.44412897486e-25
0.887071854993  1.54862159553e-25
0.914048205011  1.65629189509e-25
0.941844920883  1.76723650854e-25
0.970486950393  1.88155500957e-25
1  2.18927156006e-25
1.03041055791  5.12968054546e-25
1.06174591785  8.35520618925e-25
1.09403420358  1.16788218674e-24
1.12730439408  1.51035105527e-24
1.16158634964  1.86323459315e-24
1.1969108386  2.22684951629e-24
1.23330956497  2.60152217212e-24
1.27081519692  2.98758883244e-24
1.30946139606  3.3853959953e-24
1.34928284767  3.79530069591e-24
1.39031529185  4.21767082717e-24
1.43259555555  4.65288546976e-24
1.47616158565  5.10133523244e-24
1.52105248304  5.5634226026e-24
1.56730853766  6.03956230749e-24
1.61497126471  6.53018168645e-24
1.66408344188  7.03572107445e-24
1.71468914776  7.55663419728e-24
1.76683380139  8.0933885788e-24
1.82056420303  8.64646596052e-24
1.87592857615  9.21636273399e-24
1.93297661076  9.8035903863e-24
1.99175950792  1.04191641514e-23
2.05233002578  1.17071327249e-23
2.11474252688  1.31545972092e-23
2.17905302696  1.4646079896e-23
2.24531924523  1.61829194035e-23
2.31360065617  1.77664950578e-23
2.3839585429  1.93982281312e-23
2.45645605223  2.10795831177e-23
2.53115825126  2.28120690475e-23
2.60813218585  2.45972408409e-23
2.68744694072  2.64367007046e-23
2.76917370155  2.8332099569e-23
2.85338581877  3.02851385703e-23
2.94015887345  3.22975705772e-23
3.02957074514  3.4199395735e-23
3.12170168173  3.58008064617e-23
3.21663437151  3.74509169821e-23
3.31445401734  3.9151208284e-23
3.41524841318  4.0903206393e-23
3.51910802283  4.2708483742e-23
3.62612606115  4.45686605824e-23
3.73639857773  4.64854064382e-23
3.85002454306  4.8460441605e-23
3.96710593738  5.0495538693e-23
4.08774784223  5.21546098374e-23
4.21205853471  5.36949809212e-23
4.34014958471  5.5282195549e-23
4.472135955  5.69176782592e-23
4.60813610445  5.8602896911e-23
4.74827209431  6.03393640023e-23
4.89266969782  6.21286380265e-23
5.041458513  6.37901188534e-23
5.19477207907  6.50160754531e-23
5.35274799621  6.62793140769e-23
5.51552804914  6.75809684921e-23
5.68325833429  6.89222069443e-23
5.85608939099  7.03042332061e-23
6.03417633655  7.15999837984e-23
6.21767900547  7.23970733767e-23
6.40676209294  7.32153890535e-23
6.6015953026  7.40585901665e-23
6.80235349885  7.49274334959e-23
7.00921686386  7.57873508805e-23
7.22237105921  7.6319344668e-23
7.44200739256  7.68492810167e-23
7.66832298935  7.73953330255e-23
7.9015209697  7.79579907805e-23
8.14181063074  7.8438635059e-23
8.38940763443  7.88629668039e-23
8.64453420113  7.93002027139e-23
8.90741930907  7.97507352119e-23
9.17829889981  8.0156862826e-23
9.45741609003  8.05442523655e-23
9.74502138973  8.0943422637e-23
10.041372927  8.13427301053e-23
10.34673668  8.16871113756e-23
10.661386715  8.20408409449e-23
10.9856054331  8.24104103145e-23
11.3196838233  8.28929157658e-23
11.6639217237  8.34005289738e-23
12.0186280908  8.38929899927e-23
12.3841212763  8.41099503145e-23
12.7607293136  8.43196080089e-23
13.1487902114  8.44959889193e-23
13.5486522576  8.46120288851e-23
13.9606743317  8.47291566344e-23
14.3852262269  8.47672754e-23
14.8226889821  8.4794831179e-23
15.2734552238  8.47921112092e-23
15.7379295184  8.47685205598e-23
16.2165287354  8.47324939704e-23
16.7096824217  8.46807572171e-23
17.2178331866  8.46864820923e-23
17.7414370999  8.47734527023e-23
18.2809641002  8.48229464635e-23
18.8368984177  8.48358997331e-23
19.4097390079  8.47849588686e-23
20  8.47061e-23

