0.2 20000 301
301
0.2  0
0.207824460767  4.27638078761e-42
0.215955032466  8.72006344372e-42
0.22440369086  1.33375932028e-41
0.233182880236  1.81357713642e-41
0.242305531726  2.31216653094e-41
0.251785082359  2.83026189124e-41
0.261635494852  3.36862633564e-41
0.271871278176  3.92805283741e-41
0.282507508925  4.50936539276e-41
0.293559853524  5.11342023452e-41
0.305044591308  5.74110709334e-41
0.316978638492  6.39335050815e-41
0.329379573097  7.07111118802e-41
0.342265660832  7.77538742713e-41
0.355655882008  8.50721657525e-41
0.369569959484  9.26767656566e-41
0.384028387728  1.00578875029e-40
0.399052462994  1.08790133125e-40
0.414664314697  1.17322634555e-40
0.430886938006  1.26188947098e-40
0.447744227714  1.35402130215e-40
0.465261013431  1.4497575428e-40
0.483463096161  1.54923920576e-40
0.502377286302  3.40514137108e-35
0.522031443137  3.15569295019e-34
0.542454515866  6.08100804414e-34
0.563676586253  9.12076820401e-34
0.585728912925  1.22794507844e-33
0.608643977422  1.55617083045e-33
0.632455532034  1.89723753005e-33
0.65719864952  2.25164754471e-33
0.682909774767  2.61992289563e-33
0.709626778467  3.00260602674e-33
0.737389012904  3.40026060357e-33
0.766237369911  3.81347234357e-33
0.796214341107  4.24284987882e-33
0.827364080478  4.68902565246e-33
0.859732469416  5.15265685028e-33
0.893367184302  5.63442636869e-33
0.928317766723  6.13504382058e-33
0.964635696448  6.65524658052e-33
1.00237446725  2.68022504104e-30
1.04158966572  4.68268460135e-29
1.08233905309  9.27005845049e-29
1.12468265038  1.40369009332e-28
1.16868282675  1.89902332758e-28
1.21440439138  2.41373513913e-28
1.26191468896  2.94858366256e-28
1.31128369884  3.50435669243e-28
1.36258413812  4.08187284364e-28
1.41589156877  4.68198275718e-28
1.47128450892  5.3055703531e-28
1.52884454851  5.95355413242e-28
1.58865646945  6.62688853002e-28
1.65080837054  7.32656532052e-28
1.71539179718  8.053615079e-28
1.78250187627  8.80910869903e-28
1.85223745626  9.59415897001e-28
1.9247012528  1.04099222162e-27
2  1.12576e-27
2.07824460767  1.38083689914e-26
2.15955032466  2.69871508652e-26
2.2440369086  4.06815170476e-26
2.33182880236  5.49116383846e-26
2.42305531726  6.96984748522e-26
2.51785082359  8.50638064288e-26
2.61635494852  1.01030265176e-25
2.71871278176  1.17621368573e-25
2.82507508925  1.34861554159e-25
2.93559853524  1.52776215523e-25
3.05044591308  2.82448707922e-25
3.16978638492  5.6452125047e-25
3.29379573097  8.57629120732e-25
3.42265660832  1.16220404615e-24
3.55655882008  1.47869464434e-24
3.69569959484  1.80756708388e-24
3.84028387728  2.14930577091e-24
3.99052462994  2.5044140627e-24
4.14664314697  3.95200395036e-24
4.30886938006  5.52864664227e-24
4.47744227714  7.16697122861e-24
4.65261013431  8.8693908472e-24
4.83463096161  1.06384130434e-23
5.02377286302  1.26189433046e-23
5.22031443137  1.57055500188e-23
5.42454515866  1.89129118988e-23
5.63676586253  2.22457531647e-23
5.85728912925  2.57089828592e-23
6.08643977422  2.9285953831e-23
6.32455532034  3.29655533652e-23
6.5719864952  3.67891073103e-23
6.82909774767  4.07622474947e-23
7.09626778467  4.45794960609e-23
7.37389012904  4.79717634867e-23
7.66237369911  5.14967442295e-23
7.96214341107  5.51596303399e-23
8.27364080478  5.81794006847e-23
8.59732469416  6.12042589994e-23
8.93367184302  6.43474567402e-23
9.28317766723  6.71284581525e-23
9.64635696448  6.99001735451e-23
10.0237446725  7.27417630063e-23
10.4158966572  7.50977297781e-23
10.8233905309  7.75458673978e-23
11.2468265038  7.972137103e-23
11.6868282675  8.17080669933e-23
12.1440439138  8.36386990925e-23
12.6191468896  8.53426084049e-23
13.1128369884  8.70546060228e-23
13.6258413812  8.86281495268e-23
14.1589156877  9.01965535856e-23
14.7128450892  9.16631315297e-23
15.2884454851  9.3057345487e-23
15.8865646945  9.43718918855e-23
16.5080837054  9.55142587289e-23
17.1539179718  9.65974650592e-23
17.8250187627  9.75504348932e-23
18.5223745626  1.01184225532e-22
19.247012528  1.06034706842e-22
20  1.11228386638e-22
20.7824460767  1.16753072516e-22
21.5955032466  1.2259641799e-22
22.440369086  1.28745874667e-22
23.3182880236  1.35188642826e-22
24.2305531726  1.4027928925e-22
25.1785082359  1.4051177273e-22
26.1635494852  1.40681030892e-22
27.1871278176  1.40789200133e-22
28.2507508925  1.40838332298e-22
29.3559853524  1.40830398174e-22
30.5044591308  1.40767290894e-22
31.6978638492  1.40650829258e-22
32.9379573097  1.40482760987e-22
34.2265660832  1.40264765892e-22
35.5655882008  1.39998458987e-22
36.9569959484  1.39685393544e-22
38.4028387728  1.3932706408e-22
39.9052462994  1.38924909316e-22
41.4664314697  1.38480315075e-22
43.0886938006  1.37994617152e-22
44.7744227714  1.37469104158e-22
46.5261013431  1.36905020334e-22
48.3463096161  1.3630356835e-22
50.2377286302  1.35665912095e-22
52.2031443137  1.34993179464e-22
54.2454515866  1.3428646515e-22
56.3676586253  1.33546833441e-22
58.5728912925  1.32775321044e-22
60.8643977422  1.31972939924e-22
63.2455532034  1.31140680185e-22
65.719864952  1.30279512983e-22
68.2909774767  1.29390393488e-22
70.9626778467  1.28474263895e-22
73.7389012904  1.27532056496e-22
76.6237369911  1.26564696819e-22
79.6214341107  1.25573106823e-22
82.7364080478  1.24558208182e-22
85.9732469416  1.23520925629e-22
89.3367184302  1.22462190382e-22
92.8317766723  1.21382943648e-22
96.4635696448  1.20284140191e-22
100.237446725  1.19166751972e-22
104.158966572  1.18031771846e-22
108.233905309  1.16880217302e-22
112.468265038  1.15713134238e-22
116.868282675  1.14531600735e-22
121.440439138  1.13336730819e-22
126.191468896  1.12129678166e-22
131.128369884  1.10911639726e-22
136.258413812  1.09683859189e-22
141.589156877  1.0844763028e-22
147.128450892  1.07204299772e-22
152.884454851  1.05955270189e-22
158.865646945  1.04702002076e-22
165.080837054  1.03446015778e-22
171.539179718  1.02188892601e-22
178.250187627  1.00932275262e-22
185.223745626  9.96778675123e-23
192.47012528  9.84274328038e-23
200  9.71827918881e-23
207.824460767  9.59458192236e-23
215.955032466  9.47184380764e-23
224.40369086  9.35026142144e-23
233.182880236  9.23003481072e-23
242.305531726  9.11136655694e-23
251.785082359  8.99446068164e-23
261.635494852  8.87952139365e-23
271.871278176  8.76675168287e-23
282.507508925  8.65635177073e-23
293.559853524  8.54851743258e-23
305.044591308  8.45002281814e-23
316.978638492  8.34771280357e-23
329.379573097  8.24851938625e-23
342.265660832  8.15260125441e-23
355.655882008  8.0601033031e-23
369.569959484  7.9711548338e-23
384.028387728  7.88586788053e-23
399.052462994  7.80433570923e-23
414.664314697  7.72663153556e-23
430.886938006  7.65280750215e-23
447.744227714  7.58289395124e-23
465.261013431  7.51689902137e-23
483.463096161  7.45480858922e-23
502.377286302  7.39658656877e-23
522.031443137  7.34217557191e-23
542.454515866  7.29149792693e-23
563.676586253  7.24445704547e-23
585.728912925  7.20093912579e-23
608.643977422  7.16081518125e-23
632.455532034  7.12394339147e-23
657.19864952  7.09017179366e-23
682.909774767  7.05934137642e-23
709.626778467  7.03128974361e-23
737.389012904  7.00585582756e-23
766.237369911  6.98311449846e-23
796.214341107  6.96430162565e-23
827.364080478  6.94956531054e-23
859.732469416  6.93882183896e-23
893.367184302  6.89322009524e-23
928.317766723  6.89353351443e-23
964.635696448  6.89720425623e-23
1002.37446725  6.90427065425e-23
1041.58966572  6.91476176713e-23
1082.33905309  6.92869714016e-23
1124.68265038  6.94608665353e-23
1168.68282675  6.96693046025e-23
1214.40439138  6.99121901476e-23
1261.91468896  7.01893319181e-23
1311.28369884  7.05004449297e-23
1362.58413812  7.08451533659e-23
1415.89156877  7.22659990573e-23
1471.28450892  7.31650080857e-23
1528.84454851  7.39913505026e-23
1588.65646945  7.47529302386e-23
1650.80837054  7.54567729076e-23
1715.39179718  7.61091645594e-23
1782.50187627  7.67157626446e-23
1852.23745626  7.72816855071e-23
1924.7012528  7.78115851117e-23
2000  7.83097065524e-23
2078.24460767  7.87799370503e-23
2159.55032466  7.92258465262e-23
2244.0369086  7.95241142572e-23
2331.82880236  7.98729670279e-23
2423.05531726  8.01865297335e-23
2517.85082359  8.04674462324e-23
2616.35494852  8.07181355088e-23
2718.71278176  8.09408177242e-23
2825.07508925  8.11375365428e-23
2935.59853524  8.13101783378e-23
3050.44591308  8.14604887718e-23
3169.78638492  8.15900871524e-23
3293.79573097  8.17004788955e-23
3422.65660832  8.17930663709e-23
3556.55882008  8.18691583593e-23
3695.69959484  8.19299783167e-23
3840.28387728  8.19766716081e-23
3990.52462994  8.20103118516e-23
4146.64314697  8.20319064933e-23
4308.86938006  8.20424017165e-23
4477.44227714  8.20426867744e-23
4652.61013431  8.2033597826e-23
4834.63096161  8.20159213411e-23
5023.77286302  8.19903971357e-23
5220.31443137  8.19577210885e-23
5424.54515866  8.19185475852e-23
5636.76586253  8.18734917281e-23
5857.28912925  8.18231313481e-23
6086.43977422  8.1768008847e-23
6324.55532034  8.17086328976e-23
6571.9864952  8.16454800225e-23
6829.09774767  8.15789960726e-23
7096.26778467  8.15095976194e-23
7373.89012904  8.14376732769e-23
7662.37369911  8.13635849633e-23
7962.14341107  8.12876691118e-23
8273.64080478  8.12102378391e-23
8597.32469416  8.11315800767e-23
8933.67184302  8.10519626706e-23
9283.17766723  8.09716314516e-23
9646.35696448  8.089081228e-23
10023.7446725  8.08097120661e-23
10415.8966572  8.07285197669e-23
10823.3905309  8.06474073594e-23
11246.8265038  8.05665307917e-23
11686.8282675  8.04860309099e-23
12144.0439138  8.04060343607e-23
12619.1468896  8.03266544695e-23
13112.8369884  8.0247992092e-23
13625.8413812  8.01701364393e-23
14158.9156877  8.0093165875e-23
14712.8450892  8.00171486829e-23
15288.4454851  7.99421438064e-23
15886.5646945  7.98682015561e-23
16508.0837054  7.97953642877e-23
17153.9179718  7.97236670479e-23
17825.0187627  7.96531381895e-23
18522.3745626  7.95837999539e-23
19247.012528  7.95156690233e-23
20000  7.94487570405e-23

