3 20 101
101
3  0
3.05745688936  2.2970517428e-40
3.11601421011  4.63809730156e-40
3.17569303801  7.02397925887e-40
3.23651485253  9.45555633473e-40
3.29850154446  1.19337036956e-39
3.3616754239  1.44593132694e-39
3.4260592282  1.70332940664e-39
3.49167613021  1.96565725068e-39
3.55854974658  2.23300927535e-39
3.62670414627  2.50548170526e-39
3.69616385924  2.78317260792e-39
3.76695388521  3.06618192908e-39
3.83909970275  3.35461152864e-39
3.91262727838  3.64856521741e-39
3.98756307593  1.50891094722e-38
4.06393406609  1.17629304204e-36
4.1417677361  2.60345138105e-36
4.22109209963  4.05794307965e-36
4.30193570688  5.54029163446e-36
4.38432765487  7.05103056824e-36
4.46829759787  8.59070362194e-36
4.55387575811  1.01598649504e-35
4.64109293664  1.17590793218e-35
4.72998052444  1.3388922321e-35
4.82057051367  1.50499805564e-35
4.91289550923  1.67428518716e-35
5.00698874047  8.91415511343e-35
5.10288407317  7.43579091348e-34
5.20061602171  1.4325003925e-33
5.30021976151  2.13461611865e-33
5.40173114165  2.85017897333e-33
5.50518669785  3.57944649993e-33
5.61062366552  4.3226811744e-33
5.71807999326  5.08015049968e-33
5.82759435644  5.85212710205e-33
5.93920617117  6.63888882915e-33
6.05295560847  3.89361983161e-32
6.16888360871  1.08701850867e-31
6.28703189637  1.79803675879e-31
6.40744299507  2.52267264121e-31
6.53016024283  3.26118696487e-31
6.6552278077  4.0138455338e-31
6.78269070364  4.78091924277e-31
6.91259480676  5.56268417481e-31
7.04498687177  1.47246537718e-30
7.17991454885  4.0626222059e-30
7.31742640081  6.70238648606e-30
7.45757192053  9.39270831429e-30
7.60040154878  1.21345559837e-29
7.74596669241  1.49289163326e-29
7.89431974284  1.77767950992e-29
8.04551409486  3.39235398407e-29
8.19960416593  8.17208160322e-29
8.35664541573  1.30433519827e-28
8.51669436609  1.80079183766e-28
8.67980862141  2.30675676179e-28
8.84604688929  2.82241207613e-28
9.01546900177  3.90002334216e-28
9.18813593677  9.07542095308e-28
9.36410984009  1.44775276685e-27
9.54345404778  1.99830971332e-27
9.72623310891  2.55941108965e-27
9.91251280879  3.13125884587e-27
10.1023601927  5.55285075079e-27
10.29584359  9.62253602845e-27
10.4930326387  1.3770165125e-26
10.6939983105  1.79972308436e-26
10.8988129364  2.2305254578e-26
11.1075502328  3.6055843827e-26
11.3202853277  5.90447214858e-26
11.5370947883  8.24738889447e-26
11.7580566479  1.06351778764e-25
11.9832504345  1.33094961761e-25
12.2127571994  2.25447216285e-25
12.4466595458  3.27635408994e-25
12.6850416593  4.31780740264e-25
12.9279893377  5.37920693792e-25
13.175590022  8.1770901304e-25
13.4279328281  1.17458457418e-24
13.6851085784  1.53829512185e-24
13.9472098349  1.91070678691e-24
14.2143309324  2.7537596195e-24
14.4865680123  3.73195645033e-24
14.7640190574  4.72888799685e-24
15.0467839273  5.90635987029e-24
15.3349643938  7.88173014027e-24
15.628664178  9.90270478826e-24
15.9279889875  1.19626310359e-23
16.2330465545  1.47669718712e-23
16.5439466745  1.78474324399e-23
16.8608012457  2.09868909026e-23
17.1837243096  2.4471911292e-23
17.5128320918  2.82440788697e-23
17.8482430438  3.20884921191e-23
18.1900778857  3.60422693533e-23
18.5384596499  4.01008472298e-23
18.893513725  4.42371561931e-23
19.2553679009  4.83131034309e-23
19.6241524153  5.24077953388e-23
20  5.658091e-23

