5 20 101
101
5  0
5.06979739895  4.12658973969e-40
5.14056913328  8.31078452545e-40
5.21232880421  1.25533884938e-39
5.28509020281  1.68552170064e-39
5.35886731268  2.12170968073e-39
5.43367431263  2.56398661811e-39
5.50952557938  3.01243751145e-39
5.58643569036  3.46714854598e-39
5.66441942648  3.92820711001e-39
5.74349177499  4.39570181174e-39
5.82366793234  4.86972249631e-39
5.90496330715  5.35036026305e-39
5.98739352309  9.24696972697e-39
6.07097442198  2.89278880242e-37
6.15572206672  6.27635357022e-37
6.24165274451  9.70715114201e-37
6.32878296985  1.31858408632e-36
6.41712948781  1.67130912832e-36
6.50670927721  2.02895802842e-36
6.59753955386  2.39159952111e-36
6.68963777393  2.75930330038e-36
6.78302163724  3.13214003314e-36
6.8777090907  3.51018137273e-36
6.97371833175  3.89349997276e-36
7.07106781187  4.58382233882e-35
7.16977624008  1.03950892594e-34
7.2698625866  1.62874784432e-34
7.37134608646  2.22621223146e-34
7.47424624317  2.83201691065e-34
7.57858283255  3.44627830801e-34
7.68437590644  4.06911447493e-34
7.7916457966  4.70064511073e-34
7.90041311863  5.34099158569e-34
8.0106987759  1.00031871061e-33
8.12252396356  4.32823604789e-33
8.23591017268  7.78515150314e-33
8.35087919428  1.12903236998e-32
8.46745312363  1.48444262769e-32
8.58565436438  1.84481422772e-32
8.70550563296  2.21021642781e-32
8.82702996291  2.58071945252e-32
8.95025070928  2.95639450673e-32
9.07519155317  8.74739362869e-32
9.20187650625  1.8248692899e-31
9.33032991537  2.78826253646e-31
9.46057646726  3.76510425156e-31
9.59264119325  4.75558216885e-31
9.72654947412  5.7598866426e-31
9.86232704493  6.77821068436e-31
10  8.68566431019e-31
10.1395947979  2.27190905301e-30
10.2811382666  3.78355437384e-30
10.4246576084  5.31630147699e-30
10.5701804056  6.87044493234e-30
10.7177346254  8.44628342185e-30
10.8673486253  1.00441197969e-29
11.0190511588  1.3604833716e-29
11.1728713807  2.88586103302e-29
11.328838853  4.45552079295e-29
11.48698355  6.04709218657e-29
11.6473358647  7.6608810889e-29
11.8099266143  9.2971976448e-29
11.9747870462  1.10572033052e-28
12.141948844  2.10083318769e-28
12.3114441334  3.27079984775e-28
12.483305489  4.45709863376e-28
12.6575659397  5.65995753369e-28
12.8342589756  6.87960771813e-28
13.0134185544  8.69234172666e-28
13.1950791077  1.52361325741e-27
13.3792755479  2.20462507265e-27
13.5660432745  2.89514345857e-27
13.7554181814  3.59530112194e-27
13.9474366635  4.30523262205e-27
14.1421356237  6.81601537826e-27
14.3395524802  1.00334027767e-26
14.5397251732  1.32957032295e-26
14.7426921729  1.66035436996e-26
14.9484924863  1.99578547231e-26
15.1571656651  3.04407952267e-26
15.3687518129  4.34238693646e-26
15.5832915932  5.65881804635e-26
15.8008262373  6.99362584971e-26
16.0213975518  8.72440436252e-26
16.2450479271  1.31641036582e-25
16.4718203454  1.77433939344e-25
16.7017583886  2.23866087206e-25
16.9349062473  2.70946403698e-25
17.1713087288  3.84480142064e-25
17.4110112659  5.24948944977e-25
17.6540599258  6.67378619306e-25
17.9005014186  8.11796537794e-25
18.1503831063  1.09394263694e-24
18.4037530125  1.47107259397e-24
18.6606598307  1.85346708902e-24
18.9211529345  2.24119961229e-24
19.1852823865  2.95646070278e-24
19.4530989482  3.82069671302e-24
19.7246540899  4.69699700838e-24
20  5.58553e-24

