2 20 101
101
2  0
2.04658598456  7.54157211074e-43
2.0942570961  1.52588100024e-42
2.14303861048  2.31558054568e-42
2.19295639229  3.12367455653e-42
2.2440369086  3.95059149493e-42
2.29630724299  4.7967698032e-42
2.34979510988  5.66265813628e-42
2.40452886923  6.54871559961e-42
2.46053754162  7.45541199259e-42
2.51785082359  8.38322805766e-42
2.57649910339  9.33265573517e-42
2.63651347711  1.03041984242e-41
2.69792576518  1.12983712497e-41
2.76076852921  1.2315701335e-41
2.82507508925  1.33567280823e-41
2.89087954149  1.44220034574e-41
2.95821677634  1.55120922837e-41
3.02712249687  3.39153445934e-38
3.09763323782  1.22043462925e-37
3.16978638492  2.12224348836e-37
3.24362019472  3.04505817426e-37
3.31917381488  3.98936797553e-37
3.39648730492  4.9556735777e-37
3.4756016575  5.94448732881e-37
3.55655882008  6.95633351098e-37
3.63940171722  7.99174861847e-37
3.72417427333  9.05128164206e-37
3.81092143593  1.01354943602e-36
3.89968919952  1.12449616368e-36
3.99052462994  5.25136157007e-36
4.08347588934  1.61942637347e-34
4.17859226171  3.4504356885e-34
4.275924179  5.32409468937e-34
4.3755232479  7.24139681489e-34
4.47744227714  9.20335864401e-34
4.58173530554  1.12110204349e-33
4.68845763064  1.32654466763e-33
4.79766583804  1.53677266524e-33
4.90941783137  1.75189750197e-33
5.02377286302  1.03719602358e-32
5.14079156554  5.13613888526e-32
5.26053598379  9.34063758918e-32
5.38306960785  1.3643071649e-31
5.50845740668  1.80457222721e-31
5.63676586253  2.25509238022e-31
5.76806300625  2.71610649568e-31
5.90241845333  3.18785900937e-31
6.0399034408  1.04994068665e-30
6.18059086503  3.50696931332e-30
6.32455532034  6.02122948881e-30
6.47187313859  8.59405430717e-30
6.62262242965  1.12268079142e-29
6.77688312278  1.39208862306e-29
6.93473700905  1.66777176925e-29
7.09626778467  5.33543195065e-29
7.2615610954  1.14371601343e-28
7.43070458194  1.76810158254e-28
7.60378792641  2.40703095989e-28
7.78090289989  3.0608429143e-28
7.96214341107  3.74672253597e-28
8.14760555608  1.02038818422e-27
8.33738766941  1.83480718907e-27
8.53159037603  2.66819644951e-27
8.7303166448  3.52099783956e-27
8.93367184302  4.39366352581e-27
9.1417637923  9.23743773667e-27
9.35470282574  1.60855783462e-26
9.57260184645  2.30932326421e-26
9.79557638737  3.02641161754e-26
10.0237446725  4.16543040159e-26
10.2572276798  8.10521340837e-26
10.496149205  1.2211930379e-25
10.7406359274  1.64143050764e-25
10.9908174772  2.13377953028e-25
11.2468265038  3.80475754409e-25
11.5087987467  5.62766519934e-25
11.7768731071  7.49303382853e-25
12.0511917215  1.0177985849e-24
12.3319000372  1.62562877928e-24
12.6191468896  2.24968290695e-24
12.9130845807  2.8882731226e-24
13.2138689602  4.16517993554e-24
13.5216595078  5.73109543374e-24
13.8366194184  7.33348578956e-24
14.1589156877  9.53811378031e-24
14.4887192015  1.23884073383e-23
14.826204826  1.53050927622e-23
15.1715515006  1.87010800319e-23
15.5249423326  2.26026208343e-23
15.8865646945  2.65950401965e-23
16.2566103233  3.08539748527e-23
16.6352754221  3.52906044825e-23
17.022760764  3.98155930303e-23
17.4192717991  4.43096794214e-23
17.8250187627  4.89023698766e-23
18.2402167871  5.34025377934e-23
18.6650860159  5.78588211868e-23
19.0998517204  6.23258719458e-23
19.5447444191  6.65794111212e-23
20  7.09317e-23

