3 20 101
101
3  0
3.05745688936  2.24415118477e-43
3.11601421011  4.53128301831e-43
3.17569303801  6.86221867877e-43
3.23651485253  9.23779711001e-43
3.29850154446  1.16588733236e-42
3.3616754239  1.41263187066e-42
3.4260592282  1.6641021335e-42
3.49167613021  1.92038862937e-42
3.55854974658  2.18158360019e-42
3.62670414627  2.44778105451e-42
3.69616385924  2.7190768014e-42
3.76695388521  2.99556848486e-42
3.83909970275  3.27735561901e-42
3.91262727838  3.56453962389e-42
3.98756307593  4.45407966472e-41
4.06393406609  4.28410574524e-39
4.1417677361  9.49484378304e-39
4.22109209963  1.48053794205e-38
4.30193570688  2.02176240108e-38
4.38432765487  2.5733525514e-38
4.46829759787  3.1355069198e-38
4.55387575811  3.70842783531e-38
4.64109293664  4.29232150204e-38
4.72998052444  4.88739807338e-38
4.82057051367  5.49387172763e-38
4.91289550923  6.11196074509e-38
5.00698874047  7.03596289752e-37
5.10288407317  6.58520736229e-36
5.20061602171  1.27770490707e-35
5.30021976151  1.9087478767e-35
5.40173114165  2.55187676837e-35
5.50518669785  3.20732305523e-35
5.61062366552  3.87532264368e-35
5.71807999326  4.55611595829e-35
5.82759435644  5.24994802828e-35
5.93920617117  5.95706857576e-35
6.05295560847  6.08371399148e-34
6.16888360871  1.80134908602e-33
6.28703189637  3.01717503521e-33
6.40744299507  4.25628684343e-33
6.53016024283  5.51913048833e-33
6.6552278077  6.80616048909e-33
6.78269070364  8.11784006998e-33
6.91259480676  9.45464132705e-33
7.04498687177  3.41656917151e-32
7.17991454885  1.05583032632e-31
7.31742640081  1.78368179634e-31
7.45757192053  2.52547329349e-31
7.60040154878  3.2814718013e-31
7.74596669241  4.05194941665e-31
7.89431974284  4.8371834477e-31
8.04551409486  1.10115988498e-30
8.19960416593  3.00216061686e-30
8.35664541573  4.93956987833e-30
8.51669436609  6.91408497632e-30
8.67980862141  8.92641657282e-30
8.84604688929  1.09772889406e-29
9.01546900177  1.60849561142e-29
9.18813593677  4.35750041925e-29
9.36410984009  7.22889123617e-29
9.54345404778  1.01552757812e-28
9.72623310891  1.31377073107e-28
9.91251280879  1.61772592529e-28
10.1023601927  3.21555265873e-28
10.29584359  5.96596171772e-28
10.4930326387  8.76904742638e-28
10.6939983105  1.16258186635e-27
10.8988129364  1.45373036303e-27
11.1075502328  2.56798822203e-27
11.3202853277  4.48748209224e-27
11.5370947883  6.44373867809e-27
11.7580566479  8.43746207002e-27
11.9832504345  1.07301383401e-26
12.2127571994  2.01163005975e-26
12.4466595458  3.05558535127e-26
12.6850416593  4.11953478402e-26
12.9279893377  5.20386129172e-26
13.175590022  8.67895161395e-26
13.4279328281  1.3211164676e-25
13.6851085784  1.78301800262e-25
13.9472098349  2.2571303832e-25
14.2143309324  3.63900460204e-25
14.4865680123  5.27806538372e-25
14.7640190574  6.9485179434e-25
15.0467839273  9.18258377047e-25
15.3349643938  1.40125396457e-24
15.628664178  1.89605906632e-24
15.9279889875  2.4005153958e-24
16.2330465545  3.41634902734e-24
16.5439466745  4.60992567793e-24
16.8608012457  5.82636206237e-24
17.1837243096  7.62021586384e-24
17.5128320918  9.87629578572e-24
17.8482430438  1.21755848191e-23
18.1900778857  1.50281405782e-23
18.5384596499  1.83496819944e-23
18.893513725  2.17348385566e-23
19.2553679009  2.55359339676e-23
19.6241524153  2.95590411135e-23
20  3.36592e-23

