4 20 101
101
4  0
4.06489836507  1.85467196679e-41
4.13084967959  3.73943522817e-41
4.19787102722  5.6547780031e-41
4.26597976883  7.6011964317e-41
4.33519354694  9.57919470373e-41
4.4055302903  1.15892851893e-40
4.47700821858  1.36319885713e-40
4.54964584702  1.57078339808e-40
4.6234619913  1.78173591337e-40
4.69847577235  1.99611104699e-40
4.77470662134  2.21396432953e-40
4.85217428469  2.43535219253e-40
4.93089882922  2.66033198313e-40
5.0109006473  8.74112678476e-39
5.09220046219  6.50958110738e-38
5.17481933334  1.23170699171e-37
5.2587786619  1.8218782859e-37
5.34410019626  2.42162486811e-37
5.43080603763  3.03110209349e-37
5.51891864584  3.65046783774e-37
5.60846084511  4.27988253803e-37
5.69945582996  4.91950923457e-37
5.79192717125  5.56951361282e-37
5.88589882225  6.23006404644e-37
5.98139512488  7.70209231925e-37
6.07844081599  1.84527038514e-35
6.17706103378  4.07683673021e-35
6.27728132428  6.34460932711e-35
6.37912764804  8.64917560748e-35
6.48262638677  1.09911325338e-34
6.58780435024  1.3371086754e-34
6.69468878317  1.57896547587e-34
6.80330737234  1.82474630407e-34
6.91368825372  2.07451482575e-34
7.02586001978  7.27020720633e-34
7.13985172691  2.92356356003e-33
7.25569290288  5.15718044803e-33
7.3734135546  7.42703685709e-33
7.49304417576  9.73372075862e-33
7.61461575486  1.20778296636e-32
7.73815978314  1.44599707775e-32
7.86370826279  1.68807611573e-32
7.9912937152  2.21673216514e-32
8.12094918942  9.93574559542e-32
8.25270827072  1.86342732812e-31
8.38660508926  2.74739310232e-31
8.52267432896  3.64570085991e-31
8.66095123645  4.5585832937e-31
8.80147163025  5.48627687185e-31
8.94427191  6.42902189912e-31
9.08938906592  1.73317952325e-30
9.23686068839  3.47119261494e-30
9.38672497765  5.23740425866e-30
9.53902075375  7.0322719644e-30
9.69378746657  8.85626066503e-30
9.85106520605  1.07098428368e-29
10.0108947126  1.4537936871e-29
10.1733173875  3.50270202203e-29
10.3383753039  5.65137481035e-29
10.5061112176  7.83490893644e-29
10.6765685779  1.00538700112e-28
10.8497915392  1.23088328225e-28
11.0258249723  1.70311724291e-28
11.2047144759  3.47677468163e-28
11.3865063885  5.2975443052e-28
11.5712478006  7.14785517171e-28
11.7589865666  9.02818657574e-28
11.9497713174  1.09390255882e-27
12.1436514728  1.98300114871e-27
12.3406772544  3.13344867653e-27
12.5408996988  4.30256174526e-27
12.7443706706  5.49064319567e-27
12.9511428756  6.69978938738e-27
13.1612698752  1.1395385946e-26
13.3748060995  1.72374207953e-26
13.5918068618  2.31742402721e-26
13.8123283727  2.92073822185e-26
14.036427755  3.83968304125e-26
14.2641630582  6.26318672206e-26
14.4955932736  8.74164695634e-26
14.7307783496  1.12603191949e-25
14.9697792074  1.39188562671e-25
15.2126577564  2.17596461523e-25
15.4594769106  3.05992520223e-25
15.7103006046  3.95822768845e-25
15.9651938106  4.89511985288e-25
16.2242225547  7.30380383584e-25
16.4874539343  1.00133865708e-24
16.7549561354  1.27669311782e-24
17.0267984504  1.60584472451e-24
17.3030512959  2.28830987615e-24
17.5837862308  2.99176986146e-24
17.8690759753  3.7066431975e-24
18.1589944294  4.82820826849e-24
18.4536166918  6.29858843233e-24
18.75301908  7.79282491333e-24
19.0572791496  9.48151447688e-24
19.3664757145  1.19177616226e-23
19.6806888673  1.43976135196e-23
20  1.69177e-23

