4 20 101
101
4  0
4.06489836507  1.79140255068e-41
4.13084967959  3.61186987554e-41
4.19787102722  5.46187353866e-41
4.26597976883  7.34189275506e-41
4.33519354694  9.25241451482e-41
4.4055302903  1.11939337092e-40
4.47700821858  1.3166953259e-40
4.54964584702  1.51719842446e-40
4.6234619913  1.72095460383e-40
4.69847577235  1.92801664394e-40
4.77470662134  2.13843818101e-40
4.85217428469  2.35227372152e-40
4.93089882922  2.56957865627e-40
5.0109006473  8.45326933952e-39
5.09220046219  6.29543642457e-38
5.17481933334  1.19119083304e-37
5.2587786619  1.76195051973e-37
5.34410019626  2.34197054905e-37
5.43080603763  2.93140116627e-37
5.51891864584  3.53039505433e-37
5.60846084511  4.1391073734e-37
5.69945582996  4.75769580105e-37
5.79192717125  5.38632057309e-37
5.88589882225  6.02514452513e-37
5.98139512488  7.44964227062e-37
6.07844081599  1.78653592593e-35
6.17706103378  3.9471660304e-35
6.27728132428  6.14285147521e-35
6.37912764804  8.3741610189e-35
6.48262638677  1.06416726479e-34
6.58780435024  1.29459737263e-34
6.69468878317  1.52876611479e-34
6.80330737234  1.76673414908e-34
6.91368825372  2.00856311745e-34
7.02586001978  7.04385206927e-34
7.13985172691  2.83319396083e-33
7.25569290288  4.99793353906e-33
7.3734135546  7.19779513214e-33
7.49304417576  9.43334858042e-33
7.61461575486  1.17051729696e-32
7.73815978314  1.4013856781e-32
7.86370826279  1.63599980436e-32
7.9912937152  2.1485759955e-32
8.12094918942  9.63543065575e-32
8.25270827072  1.80723612263e-31
8.38660508926  2.66461775469e-31
8.52267432896  3.53591005329e-31
8.66095123645  4.42133871331e-31
8.80147163025  5.32113309144e-31
8.94427191  6.23552626557e-31
9.08938906592  1.68160325628e-30
9.23686068839  3.36827498744e-30
9.38672497765  5.08231227804e-30
9.53902075375  6.8241591231e-30
9.69378746657  8.59426672127e-30
9.85106520605  1.03930935917e-29
10.0108947126  1.41086805407e-29
10.1733173875  3.39980116469e-29
10.3383753039  5.48558028454e-29
10.5061112176  7.60520031808e-29
10.6765685779  9.7592103203e-29
10.8497915392  1.19481682544e-28
11.0258249723  1.65323526183e-28
11.2047144759  3.37502176451e-28
11.3865063885  5.14254271895e-28
11.5712478006  6.93874097843e-28
11.7589865666  8.7640818205e-28
11.9497713174  1.06190380717e-27
12.1436514728  1.92494074595e-27
12.3406772544  3.04166120344e-27
12.5408996988  4.17649999392e-27
12.7443706706  5.32975107992e-27
12.9511428756  6.50344961306e-27
13.1612698752  1.10618724134e-26
13.3748060995  1.67332813562e-26
13.5918068618  2.24967065911e-26
13.8123283727  2.83536410446e-26
14.036427755  3.72766732543e-26
14.2641630582  6.08155224048e-26
14.4955932736  8.48881759759e-26
14.7307783496  1.09351398512e-25
14.9697792074  1.35174266801e-25
15.2126577564  2.11392010537e-25
15.4594769106  2.97322345887e-25
15.7103006046  3.84646865804e-25
15.9651938106  4.75727193838e-25
16.2242225547  7.10153232232e-25
16.4874539343  9.73883172045e-25
16.7549561354  1.24189202234e-24
17.0267984504  1.56243984045e-24
17.3030512959  2.22812706889e-24
17.5837862308  2.91430781895e-24
17.8690759753  3.61162157122e-24
18.1589944294  4.70882020987e-24
18.4536166918  6.14898096825e-24
18.75301908  7.61250774629e-24
19.0572791496  9.26921032244e-24
19.3664757145  1.16696554111e-23
19.6806888673  1.41131057143e-23
20  1.65962e-23

