2 20 101
101
2  0
2.04658598456  1.30459391166e-40
2.0942570961  2.63957571923e-40
2.14303861048  4.00565324775e-40
2.19295639229  5.40355080959e-40
2.2440369086  6.83400958854e-40
2.29630724299  8.2977880328e-40
2.34979510988  9.79566225705e-40
2.40452886923  1.13284264541e-39
2.46053754162  1.28968933157e-39
2.51785082359  1.45018944638e-39
2.57649910339  1.61442808912e-39
2.63651347711  1.78249234131e-39
2.69792576518  1.95447131282e-39
2.76076852921  2.13045618919e-39
2.82507508925  2.31054027992e-39
2.89087954149  2.49481906799e-39
2.95821677634  2.68339026045e-39
3.02712249687  1.82244870432e-36
3.09763323782  6.55301428662e-36
3.16978638492  1.13937688965e-35
3.24362019472  1.63472791662e-35
3.31917381488  2.14161715123e-35
3.39648730492  2.66031335287e-35
3.4756016575  3.19109154113e-35
3.55655882008  3.73423314164e-35
3.63940171722  4.29002613525e-35
3.72417427333  4.85876521078e-35
3.81092143593  5.44075192119e-35
3.89968919952  6.03629484357e-35
3.99052462994  1.6980699331e-34
4.08347588934  4.20810688623e-33
4.17859226171  8.9265739901e-33
4.275924179  1.37549483118e-32
4.3755232479  1.86957899193e-32
4.47744227714  2.37517185122e-32
4.58173530554  2.89254148108e-32
4.68845763064  3.42196219773e-32
4.79766583804  3.96371470705e-32
4.90941783137  4.51808625339e-32
5.02377286302  1.81670397961e-31
5.14079156554  8.22318181369e-31
5.26053598379  1.47945825765e-30
5.38306960785  2.15190509265e-30
5.50845740668  2.84001522659e-30
5.63676586253  3.54415350457e-30
5.76806300625  4.26469327002e-30
5.90241845333  5.00201656267e-30
6.0399034408  1.30980935872e-29
6.18059086503  3.97543466653e-29
6.32455532034  6.70315036405e-29
6.47187313859  9.49440272226e-29
6.62262242965  1.23506717001e-28
6.77688312278  1.52734717292e-28
6.93473700905  1.82643525168e-28
7.09626778467  4.85554897185e-28
7.2615610954  9.84426803594e-28
7.43070458194  1.49491892947e-27
7.60378792641  2.01730194449e-27
7.78090289989  2.55185282305e-27
7.96214341107  3.1095069846e-27
8.14760555608  7.32095638916e-27
8.33738766941  1.26025717269e-26
8.53159037603  1.800721169e-26
8.7303166448  2.353774189e-26
8.93367184302  2.91970946873e-26
9.1417637923  5.52043701764e-26
9.35470282574  9.14964214028e-26
9.57260184645  1.28633823098e-25
9.79557638737  1.66636266005e-25
10.0237446725  2.22325614454e-25
10.2572276798  3.94338623227e-25
10.496149205  5.73474839044e-25
10.7406359274  7.56783673354e-25
10.9908174772  9.64319807157e-25
11.2468265038  1.5504463047e-24
11.5087987467  2.1864135011e-24
11.7768731071  2.83719427649e-24
12.0511917215  3.67263559049e-24
12.3319000372  5.25496146944e-24
12.6191468896  6.87865589964e-24
12.9130845807  8.54017103167e-24
13.2138689602  1.10239438095e-23
13.5216595078  1.38914221227e-23
13.8366194184  1.6825692586e-23
14.1589156877  2.0178254457e-23
14.4887192015  2.39770632506e-23
14.826204826  2.7864357668e-23
15.1715515006  3.19085206144e-23
15.5249423326  3.61156384693e-23
15.8865646945  4.04207526879e-23
16.2566103233  4.46639425133e-23
16.6352754221  4.89325963053e-23
17.022760764  5.32631608368e-23
17.4192717991  5.7353291697e-23
17.8250187627  6.1523477839e-23
18.2402167871  6.55403500724e-23
18.6650860159  6.94641023744e-23
19.0998517204  7.33839834088e-23
19.5447444191  7.70699806657e-23
20  8.08415e-23

