2 20 101
101
2  0
2.04658598456  7.18663349437e-38
2.0942570961  1.45406651872e-37
2.14303861048  2.20659942836e-37
2.19295639229  2.97666108124e-37
2.2440369086  3.76465977427e-37
2.29630724299  4.57101331477e-37
2.34979510988  5.39614924206e-37
2.40452886923  6.24050505414e-37
2.46053754162  7.10452843963e-37
2.51785082359  7.98867751517e-37
2.57649910339  8.8934210683e-37
2.63651347711  9.81923880603e-37
2.69792576518  1.07666216092e-36
2.76076852921  1.17360717926e-36
2.82507508925  1.27281033718e-36
2.89087954149  1.37432423348e-36
2.95821677634  1.47820269218e-36
3.02712249687  2.56172385642e-34
3.09763323782  9.1813690565e-34
3.16978638492  1.59552056011e-33
3.24362019472  2.28868250681e-33
3.31917381488  2.99799026938e-33
3.39648730492  3.72381993219e-33
3.4756016575  4.46655633973e-33
3.55655882008  5.22659330068e-33
3.63940171722  6.00433379669e-33
3.72417427333  6.80019019608e-33
3.81092143593  7.61458447243e-33
3.89968919952  8.44794842837e-33
3.99052462994  1.53389311454e-32
4.08347588934  2.51784489898e-31
4.17859226171  5.2798058893e-31
4.275924179  8.10610121563e-31
4.3755232479  1.09982294172e-30
4.47744227714  1.39577239386e-30
4.58173530554  1.69861539431e-30
4.68845763064  2.00851251443e-30
4.79766583804  2.32562806578e-30
4.90941783137  2.65013018721e-30
5.02377286302  7.10698793673e-30
5.14079156554  2.74640890887e-29
5.26053598379  4.83448620957e-29
5.38306960785  6.97120107872e-29
5.50845740668  9.15768643082e-29
5.63676586253  1.13951015694e-28
5.76806300625  1.36846328014e-28
5.90241845333  1.60274940668e-28
6.0399034408  3.28374963806e-28
6.18059086503  8.6105117621e-28
6.32455532034  1.40613501152e-27
6.47187313859  1.96391548039e-27
6.62262242965  2.53468832542e-27
6.77688312278  3.11875617793e-27
6.93473700905  3.71642871841e-27
7.09626778467  7.94199547586e-27
7.2615610954  1.4773083699e-26
7.43070458194  2.17632884073e-26
7.60378792641  2.89163159e-26
7.78090289989  3.62359588068e-26
7.96214341107  4.38259037869e-26
8.14760555608  8.57057983253e-26
8.33738766941  1.37669165777e-25
8.53159037603  1.90842915546e-25
8.7303166448  2.45255241057e-25
8.93367184302  3.00934992447e-25
9.1417637923  4.91773371901e-25
9.35470282574  7.51146742737e-25
9.57260184645  1.0165616955e-24
9.79557638737  1.2881589567e-24
10.0237446725  1.63914545435e-24
10.2572276798  2.49850472465e-24
10.496149205  3.39143330831e-24
10.7406359274  4.30516087057e-24
10.9908174772  5.28802890341e-24
11.2468265038  7.19003891636e-24
11.5087987467  9.22312952184e-24
11.7768731071  1.13035768911e-23
12.0511917215  1.361070514e-23
12.3319000372  1.67364164552e-23
12.6191468896  1.99396784541e-23
12.9130845807  2.32175540101e-23
13.2138689602  2.682579326e-23
13.5216595078  3.06237131651e-23
13.8366194184  3.45100979892e-23
14.1589156877  3.84191831295e-23
14.4887192015  4.23479674879e-23
14.826204826  4.63682649899e-23
15.1715515006  5.02961768035e-23
15.5249423326  5.41227280713e-23
15.8865646945  5.80384111684e-23
16.2566103233  6.17440956102e-23
16.6352754221  6.53998458599e-23
17.022760764  6.90992335195e-23
17.4192717991  7.25071255522e-23
17.8250187627  7.59775604809e-23
18.2402167871  7.92903930407e-23
18.6650860159  8.25026593321e-23
19.0998517204  8.57070163483e-23
19.5447444191  8.87036091883e-23
20  9.176971e-23

