4 20 101
101
4  0
4.06489836507  4.04552395447e-42
4.13084967959  8.15668488156e-42
4.19787102722  1.23345477143e-41
4.26597976883  1.65801946639e-41
4.33519354694  2.08947255e-41
4.4055302903  2.52792578353e-41
4.47700821858  2.97349274157e-41
4.54964584702  3.42628884138e-41
4.6234619913  3.88643137285e-41
4.69847577235  4.35403952881e-41
4.77470662134  4.82923443597e-41
4.85217428469  5.31213918628e-41
4.93089882922  5.80287886877e-41
5.0109006473  2.47320173647e-39
5.09220046219  1.85413985256e-38
5.17481933334  3.51000927534e-38
5.2587786619  5.1927445027e-38
5.34410019626  6.90278142134e-38
5.43080603763  8.64056299003e-38
5.51891864584  1.04065393544e-37
5.60846084511  1.22011679634e-37
5.69945582996  1.40249136881e-37
5.79192717125  1.58782489418e-37
5.88589882225  1.77616538025e-37
5.98139512488  2.24180673613e-37
6.07844081599  6.27618233212e-36
6.17706103378  1.39148916759e-35
6.27728132428  2.16775359566e-35
6.37912764804  2.95661259679e-35
6.48262638677  3.75827051279e-35
6.58780435024  4.5729350008e-35
6.69468878317  5.40081708715e-35
6.80330737234  6.24213122198e-35
6.91368825372  7.09709533476e-35
7.02586001978  2.73574806249e-34
7.13985172691  1.13419046316e-33
7.25569290288  2.0093327487e-33
7.3734135546  2.89867386013e-33
7.49304417576  3.80244416758e-33
7.61461575486  4.72087777887e-33
7.73815978314  5.65421260011e-33
7.86370826279  6.60269039735e-33
7.9912937152  8.79696092418e-33
8.12094918942  4.22899174681e-32
8.25270827072  8.00450434572e-32
8.38660508926  1.18412730934e-31
8.52267432896  1.57402918457e-31
8.66095123645  1.97025705837e-31
8.80147163025  2.37291356747e-31
8.94427191  2.78210301385e-31
9.08938906592  7.89369485662e-31
9.23686068839  1.60632112953e-30
9.38672497765  2.43652747991e-30
9.53902075375  3.28020358899e-30
9.69378746657  4.1375679981e-30
9.85106520605  5.00884279431e-30
10.0108947126  6.87356512339e-30
10.1733173875  1.71285261861e-29
10.3383753039  2.78849049445e-29
10.5061112176  3.88158015517e-29
10.6765685779  4.99240474885e-29
10.8497915392  6.12125201754e-29
11.0258249723  8.55681535413e-29
11.2047144759  1.78892668602e-28
11.3865063885  2.74703169308e-28
11.5712478006  3.72068156227e-28
11.7589865666  4.71012850262e-28
11.9497713174  5.71562881517e-28
12.1436514728  1.05741310258e-27
12.3406772544  1.68747493407e-27
12.5408996988  2.32775926126e-27
12.7443706706  2.97843193995e-27
12.9511428756  3.64068381047e-27
13.1612698752  6.29517989159e-27
13.3748060995  9.60445752744e-27
13.5918068618  1.29674268403e-26
13.8123283727  1.63849589558e-26
14.036427755  2.16652209665e-26
14.2641630582  3.58337876145e-26
14.4955932736  5.03246308642e-26
14.7307783496  6.50505821228e-26
14.9697792074  8.06228910624e-26
15.2126577564  1.2797986193e-25
15.4594769106  1.81453056443e-25
15.7103006046  2.35793831681e-25
15.9651938106  2.92566161184e-25
16.2242225547  4.44265784955e-25
16.4874539343  6.15324064661e-25
16.7549561354  7.89157695039e-25
17.0267984504  1.00024304174e-24
17.3030512959  1.45763318467e-24
17.5837862308  1.92936978218e-24
17.8690759753  2.40876011316e-24
18.1589944294  3.20844096993e-24
18.4536166918  4.28261016901e-24
18.75301908  5.3742073243e-24
19.0572791496  6.64470678625e-24
19.3664757145  8.61782310539e-24
19.6806888673  1.06268140244e-23
20  1.26684e-23

