2 20 101
101
2  0
2.04658598456  1.02209184268e-39
2.0942570961  2.06799126276e-39
2.14303861048  3.13825280997e-39
2.19295639229  4.23344395112e-39
2.2440369086  5.35414537108e-39
2.29630724299  6.50095128056e-39
2.34979510988  7.67446973124e-39
2.40452886923  8.87532293813e-39
2.46053754162  1.01041476095e-38
2.51785082359  1.13615952844e-38
2.57649910339  1.26483326784e-38
2.63651347711  1.39650420365e-38
2.69792576518  1.53124214955e-38
2.76076852921  1.66911854539e-38
2.82507508925  1.81020649505e-38
2.89087954149  1.95458080524e-38
2.95821677634  2.10231802511e-38
3.02712249687  9.01692776032e-36
3.09763323782  3.24013256597e-35
3.16978638492  5.63304161589e-35
3.24362019472  8.08168867784e-35
3.31917381488  1.05873720569e-34
3.39648730492  1.31514202996e-34
3.4756016575  1.57751928982e-34
3.55655882008  1.84600810116e-34
3.63940171722  2.12075082032e-34
3.72417427333  2.40189311951e-34
3.81092143593  2.68958406411e-34
3.89968919952  2.98397619166e-34
3.99052462994  7.10591496667e-34
4.08347588934  1.5647348285e-32
4.17859226171  3.3098761453e-32
4.275924179  5.09566702533e-32
4.3755232479  6.92305431853e-32
4.47744227714  8.79300692985e-32
4.58173530554  1.07065163329e-31
4.68845763064  1.26645970957e-31
4.79766583804  1.46682874186e-31
4.90941783137  1.67186496848e-31
5.02377286302  5.83587958496e-31
5.14079156554  2.52400032015e-30
5.26053598379  4.51435539856e-30
5.38306960785  6.55107180245e-30
5.50845740668  8.63522942581e-30
5.63676586253  1.07679333166e-29
5.76806300625  1.29503142627e-29
5.90241845333  1.51835293913e-29
6.0399034408  3.65240047422e-29
6.18059086503  1.06045469203e-28
6.32455532034  1.77186296599e-28
6.47187313859  2.49984206738e-28
6.62262242965  3.24477798036e-28
6.77688312278  4.00706567981e-28
6.93473700905  4.78710934076e-28
7.09626778467  1.18140344991e-27
7.2615610954  2.3325637532e-27
7.43070458194  3.51053802455e-27
7.60378792641  4.71595084151e-27
7.78090289989  5.94944132992e-27
7.96214341107  7.23341662415e-27
8.14760555608  1.59824233798e-26
8.33738766941  2.69203446774e-26
8.53159037603  3.81130428913e-26
8.7303166448  4.95664525383e-26
8.93367184302  6.12866463678e-26
9.1417637923  1.10360496142e-25
9.35470282574  1.78330761252e-25
9.57260184645  2.47884257223e-25
9.79557638737  3.19057862238e-25
10.0237446725  4.19501497256e-25
10.2572276798  7.11320977088e-25
10.496149205  1.01505952282e-24
10.7406359274  1.32587304815e-24
10.9908174772  1.6725449536e-24
11.2468265038  2.56325016592e-24
11.5087987467  3.52659545542e-24
11.7768731071  4.51237993932e-24
12.0511917215  5.71996350947e-24
12.3319000372  7.80899367575e-24
12.6191468896  9.95197583814e-24
12.9130845807  1.21448744675e-23
13.2138689602  1.50781476489e-23
13.5216595078  1.83663971861e-23
13.8366194184  2.17312398943e-23
14.1589156877  2.53700215031e-23
14.4887192015  2.92993005667e-23
14.826204826  3.33201042972e-23
15.1715515006  3.73862213651e-23
15.5249423326  4.1496934201e-23
15.8865646945  4.57033978392e-23
16.2566103233  4.97756102599e-23
16.6352754221  5.38376265075e-23
17.022760764  5.79548287088e-23
17.4192717991  6.1809237996e-23
17.8250187627  6.5737436649e-23
18.2402167871  6.95128103086e-23
18.6650860159  7.31940047679e-23
19.0998517204  7.68709093411e-23
19.5447444191  8.0326127183e-23
20  8.386151e-23

