5 20 101
101
5  0
5.06979739895  4.68485027571e-40
5.14056913328  9.43509862417e-40
5.21232880421  1.42516579684e-39
5.28509020281  1.91354539755e-39
5.35886731268  2.40874252343e-39
5.43367431263  2.91085234358e-39
5.50952557938  3.41997135561e-39
5.58643569036  3.9361974042e-39
5.66441942648  4.45962969989e-39
5.74349177499  4.99036883812e-39
5.82366793234  5.52851681864e-39
5.90496330715  6.07417706501e-39
5.98739352309  1.04797169247e-38
6.07097442198  3.26901671917e-37
6.15572206672  7.09226936153e-37
6.24165274451  1.09688926219e-36
6.32878296985  1.48996315263e-36
6.41712948781  1.8885241501e-36
6.50670927721  2.29264885176e-36
6.59753955386  2.70241492402e-36
6.68963777393  3.11790111749e-36
6.78302163724  3.53918728208e-36
6.8777090907  3.96635438237e-36
6.97371833175  4.39948451317e-36
7.07106781187  5.15909487207e-35
7.16977624008  1.16972050547e-34
7.2698625866  1.83265838544e-34
7.37134608646  2.50485053334e-34
7.47424624317  3.18642613394e-34
7.57858283255  3.87751617537e-34
7.68437590644  4.57825347426e-34
7.7916457966  5.28877270132e-34
7.90041311863  6.00921040716e-34
8.0106987759  1.12371440713e-33
8.12252396356  4.85373808605e-33
8.23591017268  8.72833942218e-33
8.35087919428  1.26570281774e-32
8.46745312363  1.66405593838e-32
8.58565436438  2.06796986137e-32
8.70550563296  2.4775222126e-32
8.82702996291  2.89279170159e-32
8.95025070928  3.31385813663e-32
9.07519155317  9.78444972773e-32
9.20187650625  2.03998696831e-31
9.33032991537  3.11634753789e-31
9.46057646726  4.20773354108e-31
9.59264119325  5.31435472512e-31
9.72654947412  6.43642376522e-31
9.86232704493  7.57415630541e-31
10  9.70258100388e-31
10.1395947979  2.53415382445e-30
10.2811382666  4.21872250371e-30
10.4246576084  5.9268068854e-30
10.5701804056  7.6587352365e-30
10.7177346254  9.41484040642e-30
10.8673486253  1.1195459891e-29
11.0190511588  1.51590538429e-29
11.1728713807  3.21265978834e-29
11.328838853  4.95866573043e-29
11.48698355  6.72904500718e-29
11.6473358647  8.52413785767e-29
11.8099266143  1.03442892705e-28
11.9747870462  1.23019047584e-28
12.141948844  2.33610809887e-28
12.3114441334  3.63631663434e-28
12.483305489  4.95467540457e-28
12.6575659397  6.29143777742e-28
12.8342589756  7.64686065759e-28
13.0134185544  9.66146908004e-28
13.1950791077  1.69344470393e-27
13.3792755479  2.45034342634e-27
13.5660432745  3.21780806118e-27
13.7554181814  3.99598610307e-27
13.9474366635  4.78502710561e-27
14.1421356237  7.57745275441e-27
14.3395524802  1.11559451958e-26
14.5397251732  1.47843915301e-26
14.7426921729  1.84634890876e-26
14.9484924863  2.2194272981e-26
15.1571656651  3.38570642082e-26
15.3687518129  4.83017331376e-26
15.5832915932  6.29480421311e-26
15.8008262373  7.77988059789e-26
16.0213975518  9.70464472777e-26
16.2450479271  1.46371597754e-25
16.4718203454  1.97247060016e-25
16.7017583886  2.48832717266e-25
16.9349062473  3.01138483455e-25
17.1713087288  4.26816352711e-25
17.4110112659  5.82236361678e-25
17.6540599258  7.39825953118e-25
17.9005014186  8.99615413276e-25
18.1503831063  1.21000101776e-24
18.4037530125  1.6242534666e-24
18.6606598307  2.04428866412e-24
18.9211529345  2.47018733449e-24
19.1852823865  3.24860925872e-24
19.4530989482  4.18744289406e-24
19.7246540899  5.13938215857e-24
20  6.10461e-24

