2 20 101
101
2  0
2.04658598456  8.0583038515e-39
2.0942570961  1.63043097124e-38
2.14303861048  2.47423897242e-38
2.19295639229  3.33770178685e-38
2.2440369086  4.22127723396e-38
2.29630724299  5.12543379713e-38
2.34979510988  6.05065087215e-38
2.40452886923  6.99741902136e-38
2.46053754162  7.96624023376e-38
2.51785082359  8.95762819118e-38
2.57649910339  9.97210854064e-38
2.63651347711  1.10102191731e-37
2.69792576518  1.20725105084e-37
2.76076852921  1.31595457876e-37
2.82507508925  1.42719013712e-37
2.89087954149  1.54101670449e-37
2.95821677634  1.6574946332e-37
3.02712249687  4.52559105577e-35
3.09763323782  1.62458654259e-34
3.16978638492  2.82391400564e-34
3.24362019472  4.05117739403e-34
3.31917381488  5.30702741905e-34
3.39648730492  6.59212994901e-34
3.4756016575  7.90716636228e-34
3.55655882008  9.25283390858e-34
3.63940171722  1.06298460786e-33
3.72417427333  1.20389329826e-33
3.81092143593  1.34808417368e-33
3.89968919952  1.49563368606e-33
3.99052462994  3.09043000208e-33
4.08347588934  5.9573328311e-32
4.17859226171  1.25559810379e-31
4.275924179  1.93083315064e-31
4.3755232479  2.62179644222e-31
4.47744227714  3.32885433643e-31
4.58173530554  4.0523817247e-31
4.68845763064  4.79276223085e-31
4.79766583804  5.55038841441e-31
4.90941783137  6.32566197881e-31
5.02377286302  1.94480480053e-30
5.14079156554  8.00917595115e-30
5.26053598379  1.42295982682e-29
5.38306960785  2.05949128342e-29
5.50845740668  2.71084946233e-29
5.63676586253  3.37737972227e-29
5.76806300625  4.05943546641e-29
5.90241845333  4.75737832973e-29
6.0399034408  1.06256249276e-28
6.18059086503  2.9528065072e-28
6.32455532034  4.88707996088e-28
6.47187313859  6.86640843118e-28
6.62262242965  8.89184138427e-28
6.77688312278  1.09644527315e-27
6.93473700905  1.30853413988e-27
7.09626778467  3.02619532437e-27
7.2615610954  5.8248887678e-27
7.43070458194  8.688772156e-27
7.60378792641  1.16193639579e-26
7.78090289989  1.46182180119e-26
7.96214341107  1.77340994565e-26
8.14760555608  3.70468085662e-26
8.33738766941  6.11144258099e-26
8.53159037603  8.57426498763e-26
8.7303166448  1.10944538976e-25
8.93367184302  1.36733455483e-25
9.1417637923  2.35294580215e-25
9.35470282574  3.7070549273e-25
9.57260184645  5.09270530585e-25
9.79557638737  6.51063162797e-25
10.0237446725  8.43236605105e-25
10.2572276798  1.36218803149e-24
10.496149205  1.90195978007e-24
10.7406359274  2.45430442783e-24
10.9908174772  3.05975459015e-24
11.2468265038  4.43290227834e-24
11.5087987467  5.91099970969e-24
11.7768731071  7.42352645309e-24
12.0511917215  9.18206924246e-24
12.3319000372  1.18861655625e-23
12.6191468896  1.46588586048e-23
12.9130845807  1.74961359647e-23
13.2138689602  2.08895294732e-23
13.5216595078  2.45657489957e-23
13.8366194184  2.83275986712e-23
14.1589156877  3.22120027503e-23
14.4887192015  3.62236337513e-23
14.826204826  4.03287076422e-23
15.1715515006  4.43839253152e-23
15.5249423326  4.83827899527e-23
15.8865646945  5.24748001134e-23
16.2566103233  5.63758252975e-23
16.6352754221  6.02382093049e-23
17.022760764  6.41489688104e-23
17.4192717991  6.77724736294e-23
17.8250187627  7.14635131822e-23
18.2402167871  7.49985841449e-23
18.6650860159  7.8435652994e-23
19.0998517204  8.18676231255e-23
19.5447444191  8.50888506455e-23
20  8.838481e-23

