4 20 101
101
4  0
4.06489836507  3.06951095236e-40
4.13084967959  6.1888234653e-40
4.19787102722  9.35874554881e-40
4.26597976883  1.25800983225e-39
4.33519354694  1.58537162282e-39
4.4055302903  1.91804472464e-39
4.47700821858  2.25611531157e-39
4.54964584702  2.59967095559e-39
4.6234619913  2.94880064951e-39
4.69847577235  3.30359483001e-39
4.77470662134  3.66414540107e-39
4.85217428469  4.03054575779e-39
4.93089882922  4.40289081053e-39
5.0109006473  9.07270792351e-38
5.09220046219  6.63913262194e-37
5.17481933334  1.25459359986e-36
5.2587786619  1.85485748458e-36
5.34410019626  2.46486040547e-36
5.43080603763  3.08476037444e-36
5.51891864584  3.71471796702e-36
5.60846084511  4.35489636406e-36
5.69945582996  5.00546139393e-36
5.79192717125  5.6665815755e-36
5.88589882225  6.3384281618e-36
5.98139512488  7.59456000199e-36
6.07844081599  1.34415456794e-34
6.17706103378  2.94415498703e-34
6.27728132428  4.57011475895e-34
6.37912764804  6.22245506358e-34
6.48262638677  7.90160391429e-34
6.58780435024  9.60799626878e-34
6.69468878317  1.13420741418e-33
6.80330737234  1.31042867195e-33
6.91368825372  1.4895090476e-33
7.02586001978  4.4005503727e-33
7.13985172691  1.65730410552e-32
7.25569290288  2.89509556778e-32
7.3734135546  4.15296969059e-32
7.49304417576  5.4312523069e-32
7.61461575486  6.73027453619e-32
7.73815978314  8.0503728702e-32
7.86370826279  9.39188926011e-32
7.9912937152  1.20347291515e-31
8.12094918942  4.72324738197e-31
8.25270827072  8.68686095821e-31
8.38660508926  1.27147825447e-30
8.52267432896  1.68080555125e-30
8.66095123645  2.09677401612e-30
8.80147163025  2.51949139932e-30
8.94427191  2.94906719927e-30
9.08938906592  7.23695507731e-30
9.23686068839  1.40344220855e-29
9.38672497765  2.09421752175e-29
9.53902075375  2.79620038207e-29
9.69378746657  3.50957262738e-29
9.85106520605  4.23451904578e-29
10.0108947126  5.63621315762e-29
10.1733173875  1.27373624668e-28
10.3383753039  2.0181225261e-28
10.5061112176  2.77458616865e-28
10.6765685779  3.54332312461e-28
10.8497915392  4.32453252347e-28
11.0258249723  5.87034891305e-28
11.2047144759  1.14433216903e-27
11.3865063885  1.71634314902e-27
11.5712478006  2.29763477337e-27
11.7589865666  2.88835761672e-27
11.9497713174  3.48866469677e-27
12.1436514728  6.07596988907e-27
12.3406772544  9.40783150694e-27
12.5408996988  1.27937512177e-26
12.7443706706  1.62346060919e-26
12.9511428756  1.97360125204e-26
13.1612698752  3.24528143789e-26
13.3748060995  4.8203310343e-26
13.5918068618  6.42093516664e-26
13.8123283727  8.04750844681e-26
14.036427755  1.04512119906e-25
14.2641630582  1.65505042073e-25
14.4955932736  2.27871365663e-25
14.7307783496  2.91249557361e-25
14.9697792074  3.57884057092e-25
15.2126577564  5.41256517957e-25
15.4594769106  7.47219697551e-25
15.7103006046  9.5652454555e-25
15.9651938106  1.17398738022e-24
16.2242225547  1.68381497333e-24
16.4874539343  2.25383199656e-24
16.7549561354  2.833097313e-24
17.0267984504  3.50166063934e-24
17.3030512959  4.7446865701e-24
17.5837862308  6.02395103183e-24
17.8690759753  7.32397103657e-24
18.1589944294  9.12020447988e-24
18.4536166918  1.13431674563e-23
18.75301908  1.36021970984e-23
19.0572791496  1.6038871116e-23
19.3664757145  1.91116202934e-23
19.6806888673  2.22376012649e-23
20  2.54143e-23

