5 20000 251
251
5  0
5.16866332702  7.18122373515e-45
5.34301611761  1.46046892877e-44
5.52325029255  2.227856812e-44
5.7095642466  3.02113073392e-44
5.90216306693  3.84116389962e-44
6.10125875882  3.96357609657e-40
6.30707047907  1.20188080118e-39
6.51982477722  2.034576437e-39
6.73975584491  2.89536111608e-39
6.96710577373  3.78518235673e-39
7.20212482162  2.71960524735e-37
7.44507168842  5.94143028916e-37
7.69621380059  9.27193607709e-37
7.9558276056  1.27147887024e-36
8.22419887622  3.22957283492e-35
8.50162302512  7.06127125204e-35
8.78840543001  1.10222230698e-34
9.08486176981  6.32102797439e-34
9.39131837212  2.41120323513e-33
9.70811257246  4.2503174726e-33
10.0355930856  5.92972421433e-33
10.3741203892  5.78597492643e-33
10.7240671212  5.6373765919e-33
11.0858184891  5.48376563948e-33
11.459772695  5.3249729802e-33
11.8463413729  5.16082382127e-33
12.2459500427  4.99113747369e-33
12.659038578  4.81572715332e-33
13.0860616907  4.6343997753e-33
13.5274894311  4.44695574152e-33
13.9838077058  4.25318872086e-33
14.4555188123  4.05288542213e-33
14.9431419916  3.84582535924e-33
15.4472140004  3.63178060853e-33
15.9682897017  3.41051555787e-33
16.5069426753  3.18178664728e-33
17.0637658494  2.94534210089e-33
17.6393721533  2.70092164973e-33
18.2343951921  2.44825624527e-33
18.8494899439  2.18706776326e-33
19.4853334812  1.91706869758e-33
20.1426257158  1.63796184376e-33
20.8220901694  1.34943997183e-33
21.5244747701  5.79573668746e-24
22.2505526755  1.75798825142e-23
23.0011231239  3.02842954528e-23
23.7770123142  4.39096232684e-23
24.5790743149  5.61353147812e-23
25.4081920046  6.71725211435e-23
26.265278044  7.77478883847e-23
27.15127588  8.78768256637e-23
28.0671607845  9.75742216433e-23
29.0139409281  1.06854461611e-22
29.9926584895  1.15731444103e-22
31.0043908028  1.24218597042e-22
32.0502515438  1.32328893413e-22
33.1313919552  1.40074866471e-22
34.2490021144  1.47468624518e-22
35.4043122431  1.54521865249e-22
36.5985940618  1.61245889684e-22
37.8331621896  1.67651615705e-22
39.1093755908  1.73749591201e-22
40.4286390718  1.79550006842e-22
41.7924048263  1.85062708506e-22
43.2021740347  1.90297209341e-22
44.6594985161  1.95262701517e-22
46.1659824366  1.99968067643e-22
47.7232840751  2.04421891889e-22
49.3331176488  2.08632470811e-22
50.9972551997  2.12607823903e-22
52.7175285459  2.16355703874e-22
54.4958312972  2.19883606682e-22
56.3341209402  2.23198781318e-22
58.2344209926  2.26308239372e-22
60.1988232309  2.29218764373e-22
62.2294899926  2.31936920937e-22
64.3286565568  2.34469063713e-22
66.4986336042  2.36821346161e-22
68.7418097614  2.38999729155e-22
71.0606542293  2.41009989434e-22
73.4577195017  2.42857727912e-22
75.9356441749  2.44548377848e-22
78.4971558521  2.46087212901e-22
81.1450741455  2.4747935507e-22
83.8823137808  2.48729782532e-22
86.7118878048  2.49843337385e-22
89.6369109026  2.50824733311e-22
92.6606028258  2.51678563156e-22
95.786291937  2.52409306442e-22
99.0174188731  2.53021336811e-22
102.357540333  2.53518929407e-22
105.810332993  2.53906268197e-22
109.379597552  2.54187453228e-22
113.069262918  2.54366507829e-22
116.883390531  2.54447385728e-22
120.826178835  2.54433978109e-22
124.901967898  2.54330120571e-22
129.115244189  2.54139599986e-22
133.47064552  2.53866161234e-22
137.972966146  2.53513513791e-22
142.627162048  2.5308533814e-22
147.438356383  2.52585291978e-22
152.411845126  2.52017016163e-22
157.553102901  2.5138414037e-22
162.867789005  2.50690288401e-22
168.361753636  2.49939083073e-22
174.041044338  2.49134150646e-22
179.911912653  2.4827912469e-22
185.980821005  2.47377649333e-22
192.254449811  2.46433381795e-22
198.739704839  2.45449994116e-22
205.443724804  2.44431174003e-22
212.373889232  2.43380624678e-22
219.537826578  2.42302063654e-22
226.943422626  2.41199220334e-22
234.598829166  2.40075832356e-22
242.512472975  2.38935640609e-22
250.693065082  2.3778238285e-22
259.149610365  2.36619785887e-22
267.891417461  2.35451556298e-22
276.92810901  2.34281369686e-22
286.269632252  2.33112858518e-22
295.926269972  2.31949598589e-22
305.908651821  2.30903743192e-22
316.227766017  2.29759472715e-22
326.894971439  2.2863077212e-22
337.922010133  2.27520824644e-22
349.321020233  2.2643267382e-22
361.104549327  2.2536920545e-22
373.285568265  2.24333129773e-22
385.877485439  2.2332696419e-22
398.894161542  2.2235301692e-22
412.349924824  2.21413371946e-22
426.259586867  2.20509875627e-22
440.638458886  2.19644125323e-22
455.502368583  2.18817460348e-22
470.867677573  2.18030955544e-22
486.75129939  2.17285417694e-22
503.170718107  2.1658138496e-22
520.144007581  2.15919129488e-22
537.68985135  2.15298663221e-22
555.827563197  2.14719746967e-22
574.577108408  2.14181902692e-22
593.959125754  2.13684429016e-22
613.994950206  2.13226419871e-22
634.706636421  2.12806786377e-22
656.116983016  2.124242821e-22
678.24955767  2.12077532174e-22
701.128723058  2.11765067433e-22
724.779663678  2.11485366368e-22
749.228413564  2.11236913685e-22
774.501884949  2.11028262665e-22
800.627897888  2.10872894422e-22
827.63521088  2.10770360106e-22
855.553552524  2.10719925574e-22
884.413654246  2.09900492835e-22
914.247284123  2.10013183166e-22
945.087281854  2.10169114094e-22
976.967594909  2.10369113881e-22
1009.9233159  2.10613893193e-22
1043.9907212  2.10904041915e-22
1079.20731088  2.11240026775e-22
1115.61185  2.11622189845e-22
1153.24441125  2.12050747922e-22
1192.14641911  2.12525792823e-22
1232.36069537  2.13047292583e-22
1273.93150637  2.13615093533e-22
1316.90461162  2.14228923246e-22
1361.32731425  2.1488839428e-22
1407.24851304  2.15593008686e-22
1454.71875627  2.18904720008e-22
1503.79029733  2.20363035706e-22
1554.51715227  2.21727525554e-22
1606.95515923  2.23007064655e-22
1661.16203994  2.24209693158e-22
1717.19746321  2.25342729993e-22
1775.12311067  2.26412866552e-22
1835.00274461  2.27426244335e-22
1896.90227821  2.28388519659e-22
1960.88984806  2.29304917877e-22
2027.0358892  2.30180279013e-22
2095.41321261  2.31019096338e-22
2166.09708539  2.31825549127e-22
2239.1653136  2.32603530558e-22
2314.69832791  2.33001858938e-22
2392.77927211  2.33603774413e-22
2473.49409468  2.34156672919e-22
2556.93164335  2.34663612635e-22
2643.18376294  2.35127429669e-22
2732.34539641  2.35550760614e-22
2824.51468943  2.35936062257e-22
2919.79309838  2.3628562886e-22
3018.28550201  2.36601607341e-22
3120.10031694  2.36886010647e-22
3225.34961696  2.37140729561e-22
3334.1492564  2.37367543132e-22
3446.61899767  2.37568127922e-22
3562.88264309  2.37744066199e-22
3683.06817116  2.37896853215e-22
3807.30787743  2.38027903685e-22
3935.73852015  2.38138557545e-22
4068.50147076  2.38230085092e-22
4205.74286957  2.38303691577e-22
4347.61378656  2.38360521304e-22
4494.27038772  2.38401661309e-22
4645.87410694  2.38428144662e-22
4802.5918237  2.38440953437e-22
4964.59604675  2.38441021396e-22
5132.06510406  2.38429236411e-22
5305.18333904  2.38406442675e-22
5484.14131352  2.38373442712e-22
5669.13601747  2.38330999223e-22
5860.37108588  2.38279836784e-22
6058.05702285  2.38220643416e-22
6262.4114334  2.38154072053e-22
6473.6592629  2.38080741914e-22
6692.03304475  2.38001239789e-22
6917.77315631  2.37916121266e-22
7151.12808353  2.37825911898e-22
7392.35469443  2.37731108315e-22
7641.71852188  2.37632179298e-22
7899.49405588  2.37529566822e-22
8165.96504572  2.37423687055e-22
8441.4248123  2.37314931348e-22
8726.17657102  2.37203667184e-22
9020.53376554  2.37090239122e-22
9324.82041281  2.3697496971e-22
9639.37145974  2.3685816039e-22
9964.53315189  2.36740092384e-22
10300.6634146  2.36621027561e-22
10648.132247  2.36501209296e-22
11007.3221293  2.36380863305e-22
11378.6284436  2.36260198474e-22
11762.4599097  2.36139407661e-22
12159.2390341  2.36018668496e-22
12569.402576  2.35898144146e-22
12993.4020274  2.35777984078e-22
13431.7041105  2.35658324793e-22
13884.791291  2.35539290547e-22
14353.1623098  2.35420994046e-22
14837.3327315  2.35303537126e-22
15337.835512  2.35187011405e-22
15855.2215853  2.35071498921e-22
16390.06047  2.34957072739e-22
16942.9408957  2.34843797542e-22
17514.4714519  2.34731730195e-22
18105.2812571  2.34620920288e-22
18716.0206518  2.34511410652e-22
19347.3619141  2.34403237857e-22
20000  2.34296432681e-22

