0.5 20 151
151
0.5  0
0.512448710082  1.27342336968e-43
0.52520736093  2.57855169604e-43
0.538283669269  3.91617435071e-43
0.55168554395  5.28710035863e-43
0.565421090737  6.69215888739e-43
0.579498617203  8.13219974869e-43
0.59392663776  9.60809391238e-43
0.608713878807  1.11207340332e-42
0.623869284008  1.26710349906e-42
0.6394020197  1.42599344424e-42
0.655321480438  1.58883933914e-42
0.67163729468  1.75573967671e-42
0.688359330604  1.9267954021e-42
0.705497702082  2.10210997377e-42
0.723062774796  2.28178942599e-42
0.741065172505  2.46594243302e-42
0.759515783475  2.65468037484e-42
0.778425767058  2.84811740451e-42
0.797806560447  3.04637051717e-42
0.817669885593  3.24955962088e-42
0.83802775629  3.45780760908e-42
0.858892485448  3.67124043494e-42
0.880276692535  3.88998718755e-42
0.90219331121  4.11418016996e-42
0.924655597149  4.34395497925e-42
0.947677136058  4.57945058851e-42
0.971271851895  4.8208094309e-42
0.995454015286  6.13802423184e-37
1.02023825216  1.06107744404e-34
1.04563955259  2.39284984349e-34
1.07167327987  3.75777993992e-34
1.0983551798  5.15669327446e-34
1.1257013902  6.59043594207e-34
1.15372845069  8.05987510328e-34
1.18245331269  9.56589950869e-34
1.21189334964  1.11094200365e-33
1.24206636756  1.26913702434e-33
1.27299061578  1.43127069293e-33
1.30468479801  1.59744107159e-33
1.33716808361  1.76774866399e-33
1.37046011922  1.94229647607e-33
1.40458104063  2.12119007837e-33
1.43955148495  2.30453766985e-33
1.47539260312  2.49245014335e-33
1.51212607267  2.68504115266e-33
1.54977411084  2.88242718124e-33
1.58835948804  3.08472761272e-33
1.62790554158  3.29206480304e-33
1.66843618984  3.5045641545e-33
1.70997594668  3.72235419159e-33
1.75254993629  3.94556663875e-33
1.79618390842  4.17433649999e-33
1.84090425388  4.40880214059e-33
1.88673802057  4.64910537076e-33
1.93371292981  4.89539153141e-33
1.9818573931  5.14780958209e-33
2.03120052932  1.10112586237e-30
2.08177218234  2.87739737474e-30
2.13360293905  4.69789346527e-30
2.18672414789  6.56371521188e-30
2.24116793778  8.47599110647e-30
2.29696723759  1.04358777375e-29
2.35415579601  1.24445604894e-29
2.41276820199  1.45032542598e-29
2.47283990568  1.6613204194e-29
2.53440723981  1.87756864382e-29
2.59750744173  2.09920089115e-29
2.66217867588  2.32635120965e-29
2.72846005693  2.55915698508e-29
2.79639167337  2.79775902372e-29
2.86601461181  3.04230163756e-29
2.9373709818  3.29293273161e-29
3.01050394131  9.58264773847e-29
3.08545772284  4.88771243695e-28
3.16227766017  8.96560731735e-28
3.24101021575  1.314503126e-27
3.32170300885  1.74285120765e-27
3.40440484432  2.18186405148e-27
3.48916574214  2.63180718253e-27
3.57603696765  3.09295273677e-27
3.66507106256  3.56557962562e-27
3.75632187674  4.04997370471e-27
3.84984460077  4.54642794672e-27
3.94569579937  5.05524261858e-27
4.04393344553  1.12283286888e-26
4.14461695564  2.47147328361e-26
4.2478072254  3.8536913654e-26
4.35356666667  5.27032311152e-26
4.46195924519  6.72222533345e-26
4.57305051927  8.21027617504e-26
4.68690767949  9.73537564365e-26
4.80359958925  1.12984461545e-25
4.92319682653  1.29004330887e-25
5.04577172647  1.93824801096e-25
5.1713984252  3.43497454975e-25
5.30015290463  4.96896571805e-25
5.43211303844  6.54114930899e-25
5.56735863914  8.15247621538e-25
5.70597150638  9.80392100478e-25
5.84803547643  1.1496482509e-24
5.99363647282  1.34820766068e-24
6.1428625584  2.05176304787e-24
6.29580398853  2.8236966811e-24
6.4525532657  3.61484947033e-24
6.6132051955  4.42569992297e-24
6.77785694388  5.25673846001e-24
6.94660809603  6.10846771269e-24
7.11956071652  7.71077102148e-24
7.29681941106  9.68678890774e-24
7.47849138981  1.17120045416e-23
7.66468653214  1.378764282e-23
7.85551745316  1.59149591367e-23
8.0510995718  1.82647144264e-23
8.25155118063  2.11640865868e-23
8.45699351738  2.41356456341e-23
8.66755083831  2.71811888355e-23
8.88335049333  3.03025582056e-23
9.10452300303  3.34566340154e-23
9.33120213764  3.66377583188e-23
9.5635249979  3.98980844105e-23
9.80163209803  4.32395842109e-23
10.0456674507  4.65740577405e-23
10.295778654  4.96049837216e-23
10.5521169811  5.27089845241e-23
10.8148374712  5.58902669388e-23
11.0840990237  5.89840455837e-23
11.3600644943  6.17786651142e-23
11.6429007931  6.46428634614e-23
11.9327789861  6.75780553795e-23
12.2298743982  7.02256984642e-23
12.5343667197  7.28306607234e-23
12.8464401144  7.55004798226e-23
13.1662833315  7.80020466416e-23
13.4940898196  8.03437355675e-23
13.8300578436  8.27437265065e-23
14.1743906047  8.50027631375e-23
14.5272963631  8.71175861856e-23
14.8889885645  8.92850628718e-23
15.2596859686  9.12912478394e-23
15.6396127818  9.32530721252e-23
16.0289987924  9.52353536898e-23
16.4280795102  9.70335984204e-23
16.8370963082  9.88677156364e-23
17.2562965694  1.00588742418e-22
17.6859338356  1.02249200228e-22
18.1262679613  1.03885240062e-22
18.5775652707  1.05394378265e-22
19.0400987189  1.06919971455e-22
19.5141480567  1.08322708471e-22
20  1.09755e-22

