0.5 20 151
151
0.5  0
0.512448710082  9.80888641711e-44
0.52520736093  1.98619888007e-43
0.538283669269  3.01653874983e-43
0.55168554395  4.07253142423e-43
0.565421090737  5.15481559195e-43
0.579498617203  6.26404584332e-43
0.59392663776  7.40089306632e-43
0.608713878807  8.5660448523e-43
0.623869284008  9.76020591185e-43
0.6394020197  1.0984098501e-42
0.655321480438  1.22384628583e-42
0.67163729468  1.35240576519e-42
0.688359330604  1.48416604393e-42
0.705497702082  1.61920681369e-42
0.723062774796  1.75760975024e-42
0.741065172505  1.89945856285e-42
0.759515783475  2.04483904494e-42
0.778425767058  2.19383912598e-42
0.797806560447  2.34654892465e-42
0.817669885593  2.50306080333e-42
0.83802775629  2.66346942402e-42
0.858892485448  2.82787180554e-42
0.880276692535  2.99636738222e-42
0.90219331121  3.16905806408e-42
0.924655597149  3.3460482984e-42
0.947677136058  3.52744513294e-42
0.971271851895  3.7133582807e-42
0.995454015286  4.71709313042e-37
1.02023825216  8.15441718425e-35
1.04563955259  1.83891345456e-34
1.07167327987  2.88786699654e-34
1.0983551798  3.96293677559e-34
1.1257013902  5.06477301863e-34
1.15372845069  6.19404214157e-34
1.18245331269  7.35142715234e-34
1.21189334964  8.53762806401e-34
1.24206636756  9.75336231819e-34
1.27299061578  1.09993652189e-33
1.30468479801  1.22763903773e-33
1.33716808361  1.35852101677e-33
1.37046011922  1.49266161944e-33
1.40458104063  1.63014197704e-33
1.43955148495  1.77104524088e-33
1.47539260312  1.91545663248e-33
1.51212607267  2.06346349517e-33
1.54977411084  2.21515534691e-33
1.58835948804  2.37062393442e-33
1.62790554158  2.52996328867e-33
1.66843618984  2.69326978177e-33
1.70997594668  2.86064218525e-33
1.75254993629  3.03218172978e-33
1.79618390842  3.20799216643e-33
1.84090425388  3.38817982939e-33
1.88673802057  3.5728537003e-33
1.93371292981  3.76212547417e-33
1.9818573931  3.95610962692e-33
2.03120052932  8.46642273678e-31
2.08177218234  2.21239908652e-30
2.13360293905  3.61215972058e-30
2.18672414789  5.04677078327e-30
2.24116793778  6.51709996036e-30
2.29696723759  8.02403654076e-30
2.35415579601  9.56849195436e-30
2.41276820199  1.11514003233e-29
2.47283990568  1.2773719027e-29
2.53440723981  1.44364292811e-29
2.59750744173  1.6140536731e-29
2.66217867588  1.78870720601e-29
2.72846005693  1.96770916132e-29
2.79639167337  2.15116780351e-29
2.86601461181  2.3391940926e-29
2.9373709818  2.53190175121e-29
3.01050394131  7.41767349832e-29
3.08545772284  3.79521763388e-28
3.16227766017  6.9640243773e-28
3.24101021575  1.02117262336e-27
3.32170300885  1.35402874877e-27
3.40440484432  1.69517213298e-27
3.48916574214  2.04480910736e-27
3.57603696765  2.4031511404e-27
3.66507106256  2.7704149656e-27
3.75632187674  3.14682271257e-27
3.84984460077  3.53260204136e-27
3.94569579937  3.9279862802e-27
4.04393344553  8.83494426494e-27
4.14461695564  1.95670019815e-26
4.2478072254  3.05662602483e-26
4.35356666667  4.18393716697e-26
4.46195924519  5.33931544827e-26
4.57305051927  6.52345966809e-26
4.68690767949  7.73708602408e-26
4.80359958925  8.98092854538e-26
4.92319682653  1.02557395366e-25
5.04577172647  1.55707214698e-25
5.1713984252  2.79114843421e-25
5.30015290463  4.05595003727e-25
5.43211303844  5.35224193727e-25
5.56735863914  6.68080816136e-25
5.70597150638  8.04245225695e-25
5.84803547643  9.4379977777e-25
5.99363647282  1.10866158252e-24
6.1428625584  1.71277491956e-24
6.29580398853  2.37618896104e-24
6.4525532657  3.05612030065e-24
6.6132051955  3.7529801765e-24
6.77785694388  4.46719006548e-24
6.94660809603  5.19918193815e-24
7.11956071652  6.62476353064e-24
7.29681941106  8.39494330303e-24
7.47849138981  1.0209195985e-23
7.66468653214  1.20686188783e-23
7.85551745316  1.39743366046e-23
8.0510995718  1.61086742956e-23
8.25155118063  1.88211654211e-23
8.45699351738  2.16011905778e-23
8.66755083831  2.44504311889e-23
8.88335049333  2.73706105407e-23
9.10452300303  3.03544222281e-23
9.33120213764  3.34021458608e-23
9.5635249979  3.65257499493e-23
9.80163209803  3.97271237212e-23
10.0456674507  4.29351209659e-23
10.295778654  4.59098546596e-23
10.5521169811  4.8956717649e-23
10.8148374712  5.20794396665e-23
11.0840990237  5.51209202016e-23
11.3600644943  5.7879360659e-23
11.6429007931  6.07064791674e-23
11.9327789861  6.36036590621e-23
12.2298743982  6.62021325198e-23
12.5343667197  6.87536259275e-23
12.8464401144  7.13686449385e-23
13.1662833315  7.38409851883e-23
13.4940898196  7.6178215946e-23
13.8300578436  7.85736377198e-23
14.1743906047  8.08340776574e-23
14.5272963631  8.29564175982e-23
14.8889885645  8.51315983282e-23
15.2596859686  8.71204143027e-23
15.6396127818  8.90533679499e-23
16.0289987924  9.10060128628e-23
16.4280795102  9.27734949285e-23
16.8370963082  9.45760687691e-23
17.2562965694  9.6284483722e-23
17.6859338356  9.79448599009e-23
18.1262679613  9.9583037125e-23
18.5775652707  1.01100027901e-22
19.0400987189  1.02630821353e-22
19.5141480567  1.04017199141e-22
20  1.05432e-22

