0.5 20 151
151
0.5  0
0.512448710082  1.02489483185e-43
0.52520736093  2.07530690096e-43
0.538283669269  3.15187152069e-43
0.55168554395  4.2552398221e-43
0.565421090737  5.3860791477e-43
0.579498617203  6.54507345513e-43
0.59392663776  7.73292373081e-43
0.608713878807  8.95034841388e-43
0.623869284008  1.01980838308e-42
0.6394020197  1.14768846407e-42
0.655321480438  1.27875242916e-42
0.67163729468  1.41307954886e-42
0.688359330604  1.5507510673e-42
0.705497702082  1.69185025138e-42
0.723062774796  1.83646244113e-42
0.741065172505  1.98467510133e-42
0.759515783475  2.1365778744e-42
0.778425767058  2.29226263464e-42
0.797806560447  2.45182354377e-42
0.817669885593  2.61535710789e-42
0.83802775629  2.78296223587e-42
0.858892485448  2.95474029915e-42
0.880276692535  3.13079519304e-42
0.90219331121  3.31123339959e-42
0.924655597149  3.49616405199e-42
0.947677136058  3.68569900054e-42
0.971271851895  3.87995288034e-42
0.995454015286  5.03397214368e-37
1.02023825216  8.70220597276e-35
1.04563955259  1.96244603325e-34
1.07167327987  3.08186506481e-34
1.0983551798  4.22915474235e-34
1.1257013902  5.40500897304e-34
1.15372845069  6.61013894056e-34
1.18245331269  7.84527353523e-34
1.21189334964  9.11115979487e-34
1.24206636756  1.04085633566e-33
1.27299061578  1.17382689199e-33
1.30468479801  1.31010807214e-33
1.33716808361  1.44978230208e-33
1.37046011922  1.59293406002e-33
1.40458104063  1.73964992741e-33
1.43955148495  1.89001864141e-33
1.47539260312  2.04413114846e-33
1.51212607267  2.20208065934e-33
1.54977411084  2.36396270557e-33
1.58835948804  2.52987519712e-33
1.62790554158  2.69991848167e-33
1.66843618984  2.87419540534e-33
1.70997594668  3.05281137479e-33
1.75254993629  3.23587442108e-33
1.79618390842  3.42349526496e-33
1.84090425388  3.61578738381e-33
1.88673802057  3.81286708035e-33
1.93371292981  4.01485355289e-33
1.9818573931  4.22186896751e-33
2.03120052932  9.25532952572e-31
2.08177218234  2.41872169996e-30
2.13360293905  3.94908699497e-30
2.18672414789  5.51755443773e-30
2.24116793778  7.12507267344e-30
2.29696723759  8.77261396608e-30
2.35415579601  1.04611747865e-29
2.41276820199  1.21917764152e-29
2.47283990568  1.39654655597e-29
2.53440723981  1.57833149882e-29
2.59750744173  1.76464241776e-29
2.66217867588  1.95559199793e-29
2.72846005693  2.15129573004e-29
2.79639167337  2.35187198018e-29
2.86601461181  2.55744206151e-29
2.9373709818  2.76813030752e-29
3.01050394131  8.21021463413e-29
3.08545772284  4.22436011275e-28
3.16227766017  7.75627925911e-28
3.24101021575  1.13761340804e-27
3.32170300885  1.50861139482e-27
3.40440484432  1.88884627435e-27
3.48916574214  2.27854802144e-27
3.57603696765  2.67795233667e-27
3.66507106256  3.08730078894e-27
3.75632187674  3.50684096163e-27
3.84984460077  3.93682660227e-27
3.94569579937  4.37751777608e-27
4.04393344553  9.88649835012e-27
4.14461695564  2.19394028992e-26
4.2478072254  3.4292393677e-26
4.35356666667  4.69529420565e-26
4.46195924519  5.99287054285e-26
4.57305051927  7.32275318331e-26
4.68690767949  8.68574647065e-26
4.80359958925  1.00826747745e-25
4.92319682653  1.15143829893e-25
5.04577172647  1.74373454339e-25
5.1713984252  3.11702531308e-25
5.30015290463  4.52450748007e-25
5.43211303844  5.96703232195e-25
5.56735863914  7.44547231091e-25
5.70597150638  8.96072164146e-25
5.84803547643  1.05136967713e-24
5.99363647282  1.23406795782e-24
6.1428625584  1.89037550731e-24
6.29580398853  2.61073270205e-24
6.4525532657  3.34902493253e-24
6.6132051955  4.10569873489e-24
6.77785694388  4.88121176283e-24
6.94660809603  5.67603306447e-24
7.11956071652  7.19299920836e-24
7.29681941106  9.06919208821e-24
7.47849138981  1.09920973305e-23
7.66468653214  1.29628779525e-23
7.85551745316  1.49827259278e-23
8.0510995718  1.72293664487e-23
8.25155118063  2.00434264043e-23
8.45699351738  2.29275491931e-23
8.66755083831  2.58834791987e-23
8.88335049333  2.89130042357e-23
9.10452300303  3.19914077876e-23
9.33120213764  3.51160889865e-23
9.5635249979  3.83185666861e-23
9.80163209803  4.16007778185e-23
10.0456674507  4.48824792085e-23
10.295778654  4.78935650973e-23
10.5521169811  5.09774433411e-23
10.8148374712  5.41381021973e-23
11.0840990237  5.72075648672e-23
11.3600644943  5.99700896135e-23
11.6429007931  6.28013940991e-23
11.9327789861  6.57028783787e-23
12.2298743982  6.83218741424e-23
12.5343667197  7.08992524423e-23
12.8464401144  7.35408008126e-23
13.1662833315  7.6026906881e-23
13.4940898196  7.83655406504e-23
13.8300578436  8.07624003674e-23
14.1743906047  8.30084305529e-23
14.5272963631  8.51001382739e-23
14.8889885645  8.72439241208e-23
15.2596859686  8.92146645087e-23
15.6396127818  9.11352705345e-23
16.0289987924  9.30773622361e-23
16.4280795102  9.48513090246e-23
16.8370963082  9.66611674544e-23
17.2562965694  9.83674603093e-23
17.6859338356  1.00019415598e-22
18.1262679613  1.01643558004e-22
18.5775652707  1.03132387828e-22
19.0400987189  1.04635300464e-22
19.5141480567  1.06000576627e-22
20  1.07394e-22

