1 20 101
101
1  0
1.03041055791  3.29501436024e-35
1.06174591785  6.6902319455e-35
1.09403420358  1.01886999918e-34
1.12730439408  1.37935584031e-34
1.16158634964  1.750804257e-34
1.1969108386  2.13354862727e-34
1.23330956497  2.52793246738e-34
1.27081519692  2.9343097401e-34
1.30946139606  3.35304517241e-34
1.34928284767  3.78451458283e-34
1.39031529185  4.22910521874e-34
1.43259555555  4.68721610393e-34
1.47616158565  5.15925839673e-34
1.52105248304  5.645655759e-34
1.56730853766  6.14684473643e-34
1.61497126471  6.66327515029e-34
1.66408344188  7.19541050115e-34
1.71468914776  7.74372838491e-34
1.76683380139  8.30872092143e-34
1.82056420303  8.89089519621e-34
1.87592857615  9.49077371548e-34
1.93297661076  1.01088948752e-33
1.99175950792  1.01480656231e-32
2.05233002578  5.85066528607e-31
2.11474252688  1.28156610509e-30
2.17905302696  1.99924662227e-30
2.24531924523  2.73875220439e-30
2.31360065617  3.50074656383e-30
2.3839585429  4.28591359687e-30
2.45645605223  5.09495799744e-30
2.53115825126  5.92860588961e-30
2.60813218585  6.78760547928e-30
2.68744694072  7.67272772571e-30
2.76917370155  8.58476703348e-30
2.85338581877  9.52454196544e-30
2.94015887345  1.04928959774e-29
3.02957074514  7.55911930577e-29
3.12170168173  2.76331541067e-28
3.21663437151  4.83176515055e-28
3.31445401734  6.96311760104e-28
3.41524841318  9.15928566864e-28
3.51910802283  1.14222404325e-27
3.62612606115  1.37540129132e-27
3.73639857773  1.61566958959e-27
3.85002454306  1.86324458087e-27
3.96710593738  2.11834846575e-27
4.08774784223  7.97085574355e-27
4.21205853471  1.61604553523e-26
4.34014958471  2.45991052542e-26
4.472135955  3.32943792076e-26
4.60813610445  4.22540812932e-26
4.74827209431  5.14862529178e-26
4.89266969782  6.09991800324e-26
5.041458513  9.63669957571e-26
5.19477207907  2.01008869039e-25
5.35274799621  3.08832960069e-25
5.51552804914  4.19936041863e-25
5.68325833429  5.3441783036e-25
5.85608939099  6.52381073916e-25
6.03417633655  8.69495999782e-25
6.21767900547  1.49397997032e-24
6.40676209294  2.13969964054e-24
6.6015953026  2.80505600618e-24
6.80235349885  3.49064623011e-24
7.00921686386  4.30174190181e-24
7.22237105921  6.18582661212e-24
7.44200739256  8.18119854064e-24
7.66832298935  1.02372508427e-23
7.9015209697  1.23558288424e-23
8.14181063074  1.51776497475e-23
8.38940763443  1.85423939888e-23
8.64453420113  2.20094619797e-23
8.90741930907  2.55819654426e-23
9.17829889981  2.93572347181e-23
9.45741609003  3.3297671651e-23
9.74502138973  3.73579394695e-23
10.041372927  4.14690826175e-23
10.34673668  4.52995407274e-23
10.661386715  4.92396828606e-23
10.9856054331  5.32712237589e-23
11.3196838233  5.68566594853e-23
11.6639217237  6.04927790225e-23
12.0186280908  6.41868875143e-23
12.3841212763  6.74939590024e-23
12.7607293136  7.08777031295e-23
13.1487902114  7.41464619056e-23
13.5486522576  7.71535844377e-23
13.9606743317  8.0239253237e-23
14.3852262269  8.29823371409e-23
14.8226889821  8.57468830226e-23
15.2734552238  8.83639110579e-23
15.7379295184  9.09057930825e-23
16.2165287354  9.33700271945e-23
16.7096824217  9.57159592799e-23
17.2178331866  9.79883733997e-23
17.7414370999  1.00130960613e-22
18.2809641002  1.0218670352e-22
18.8368984177  1.04160826281e-22
19.4097390079  1.06030677875e-22
20  1.0789e-22

