1 20000 251
251
1  0
1.04040904696  4.11305222557e-40
1.082450985  8.39230897167e-40
1.12619179768  1.28444864046e-39
1.17170013492  1.74765720845e-39
1.21904742069  2.22958359321e-39
1.26830796516  2.73098416389e-39
1.31955908129  3.25264585377e-39
1.37288120617  3.79538739537e-39
1.4283580273  4.36006060542e-39
1.4860766139  4.94755172173e-39
1.54612755358  5.55878279415e-39
1.6086050945  6.19471313168e-39
1.6736072933  6.85634080808e-39
1.74123616901  7.54470422832e-39
1.81159786313  8.26088375834e-39
1.88480280626  9.00600342062e-39
1.96096589137  9.78123265833e-39
2.04020665416  1.03827399848e-34
2.12264946065  3.16702190514e-34
2.20842370239  5.38179048594e-34
2.29766399949  7.68605575432e-34
2.39051041194  1.00834341861e-33
2.48710865943  1.25776883956e-33
2.58761035005  1.51727330405e-33
2.6921732182  1.78726409664e-33
2.8009613722  2.06816495984e-33
2.91414555182  2.36041675921e-33
3.03190339627  1.07143665544e-31
3.15441972299  5.08683950783e-31
3.28188681771  9.26450096266e-31
3.41450473624  1.36109777354e-30
3.55248161847  1.81330914921e-30
3.69603401502  2.28379395561e-30
3.8453872271  2.77329060463e-30
4.00077566014  3.56194331983e-30
4.16244319166  6.23209410304e-29
4.33064355406  1.23454333839e-28
4.50564073281  1.87058068788e-28
4.68770938077  2.5323197005e-28
4.87713524927  3.22079895595e-28
5.07421563659  1.12984942747e-27
5.27925985453  3.23819268816e-27
5.49258971391  5.43173209067e-27
5.71454002959  7.71391032991e-27
5.945459146  1.00883092168e-26
6.18570948383  3.33456374962e-26
6.43566810884  6.38943762677e-26
6.69572732367  9.56775604588e-26
6.96629528353  1.28745072832e-25
7.24779663678  3.28738103797e-25
7.54067319143  5.60245864723e-25
7.84538460853  8.01108633631e-25
8.1624091236  1.42946599452e-24
8.49224429718  2.45738055704e-24
8.83540779578  3.5268321674e-24
9.19243820431  5.5021188221e-24
9.56389587139  8.32483624512e-24
9.95036378878  1.1261616989e-23
10.3524485064  1.57891360623e-23
10.7707810842  2.07152999958e-23
11.2060180829  2.61354251083e-23
11.6588425938  3.21159407764e-23
12.1299653117  3.82526816477e-23
12.6201256496  4.44040557396e-23
13.1300928996  5.0624143124e-23
13.6606674402  5.65491666649e-23
14.2126819923  6.24150480887e-23
14.7870029263  6.80223539628e-23
15.384531622  7.33465918994e-23
16.0062058827  7.85854742122e-23
16.6530014079  8.3335292221e-23
17.3259333238  8.79877464735e-23
18.0260577771  9.24179731991e-23
18.7544735924  9.5091639703e-23
19.5123239965  9.8765116546e-23
20.3007984131  1.03417987455e-22
21.1211343295  1.09030627808e-22
21.9746192385  1.15584136713e-22
22.8625926593  1.23060268307e-22
23.7864482397  1.31441362137e-22
24.7476359436  1.35350809387e-22
25.7476643266  1.37651844017e-22
26.7881029035  1.39793847629e-22
27.8705846117  1.41782873938e-22
28.996808374  1.43624731582e-22
30.1685417653  1.45324993965e-22
31.3876237862  1.46889008797e-22
32.6559677498  1.48321907331e-22
33.9755642841  1.49628613314e-22
35.3484844568  1.50813851668e-22
36.7768830251  1.51882156915e-22
38.2630018183  1.52837881349e-22
39.8091732557  1.53685202986e-22
41.4178240072  1.54428133285e-22
43.0914788025  1.55070524671e-22
44.832764393  1.55616077868e-22
46.6444136747  1.5606834905e-22
48.5292699773  1.5643075683e-22
50.4902915267  1.56706589104e-22
52.5305560881  1.56899009759e-22
54.6532657959  1.57011065254e-22
56.8617521799  1.57045691105e-22
59.159481394  1.57005718272e-22
61.5500596558  1.56893879474e-22
64.0372389068  1.56712815431e-22
66.624922701  1.56465081074e-22
69.3171723311  1.56153151704e-22
72.118213203  1.55779429144e-22
75.032441467  1.55346247874e-22
78.0644309178  1.5485588118e-22
81.2189401726  1.54310547309e-22
84.5009201401  1.53712415664e-22
87.9155217902  1.53063613029e-22
91.4681042388  1.52366229835e-22
95.1642431583  1.51622326482e-22
99.009739529  1.50833939706e-22
103.010628743  1.50003088998e-22
107.173190077  1.4913178306e-22
111.503956548  1.48222026301e-22
116.009725165  1.47275825343e-22
120.697567597  1.4629519552e-22
125.574841273  1.45282167332e-22
130.649200932  1.44238792826e-22
135.928610627  1.43167151836e-22
141.421356237  1.42069358033e-22
147.136058463  1.40947564702e-22
153.081686359  1.39803970158e-22
159.267571411  1.38640822701e-22
165.703422184  1.37460424988e-22
172.399339552  1.36265137693e-22
179.36583256  1.35057382294e-22
186.613834911  1.33839642846e-22
194.154722129  1.32614466547e-22
202.000329413  1.31384462923e-22
210.162970211  1.30152301453e-22
218.655455543  1.28920707436e-22
227.491114114  1.27692455933e-22
236.683813228  1.26470363627e-22
246.247980551  1.2525727847e-22
256.198626761  1.24056067013e-22
266.551369101  1.22869599401e-22
277.322455892  1.21700732026e-22
288.528792035  1.20552287954e-22
300.187965542  1.19498163884e-22
312.318275138  1.18397077042e-22
324.938758985  1.17324550109e-22
338.069224556  1.16283030982e-22
351.730279727  1.15274812335e-22
365.943365117  1.14302005658e-22
380.730787743  1.13366516194e-22
396.115756024  1.12470019474e-22
412.122416211  1.11613940198e-22
428.775890281  1.10799434147e-22
446.102315367  1.10027373787e-22
464.128884777  1.09298338142e-22
482.883890678  1.08612607375e-22
502.396768493  1.07970162445e-22
522.698143103  1.07370690017e-22
543.819876914  1.06813592724e-22
565.795119858  1.06298004727e-22
588.658361426  1.05822812481e-22
612.445484796  1.05386680592e-22
637.193823152  1.04988082729e-22
662.942218274  1.04625337901e-22
689.731081504  1.04296653042e-22
717.602457167  1.04000174717e-22
746.600088557  1.03734058874e-22
776.769486596  1.03504019e-22
808.158001257  1.03322714858e-22
840.814895881  1.03189617414e-22
874.791424493  1.03103712405e-22
910.140912246  1.0262602279e-22
946.918839109  1.0266950471e-22
985.182926946  1.0275330245e-22
1024.99323011  1.0287791143e-22
1066.41222967  1.03043691282e-22
1109.50493154  1.03250863125e-22
1154.33896842  1.03499508286e-22
1200.98470601  1.03789568496e-22
1249.51535339  1.04120847562e-22
1300.00707798  1.04493014457e-22
1352.53912504  1.04905607793e-22
1407.19394206  1.05358041538e-22
1464.05730815  1.07501374103e-22
1523.21846867  1.08486449884e-22
1584.7702753  1.09392861763e-22
1648.80933177  1.10229528819e-22
1715.43614549  1.11004377487e-22
1784.75528525  1.11724498723e-22
1856.87554538  1.123962732e-22
1931.9101165  1.13025471895e-22
2009.97676312  1.13617337495e-22
2091.19800853  1.14176650766e-22
2175.70132706  1.14707784964e-22
2263.61934415  1.15053605221e-22
2355.09004453  1.15464401882e-22
2450.25698873  1.15833243421e-22
2549.26953846  1.16163348495e-22
2652.28309095  1.16457652e-22
2759.45932292  1.16718839368e-22
2870.96644429  1.16949375759e-22
2986.97946215  1.17151531003e-22
3107.68045551  1.17327400998e-22
3233.25886097  1.17478926118e-22
3363.91177012  1.17607907101e-22
3499.84423881  1.17716018792e-22
3641.26960901  1.17804822054e-22
3788.40984363  1.17875774119e-22
3941.49587491  1.17930237598e-22
4100.76796681  1.17969488337e-22
4266.47609215  1.17994722291e-22
4438.88032492  1.18007061533e-22
4618.25124841  1.18007559548e-22
4804.87037999  1.17997205891e-22
4999.03061281  1.17976930306e-22
5201.0366756  1.17947606388e-22
5411.20561086  1.17910054857e-22
5629.8672725  1.17865046488e-22
5857.36484349  1.1781330477e-22
6094.05537452  1.17755508317e-22
6340.31034432  1.17692293088e-22
6596.51624277  1.17624254434e-22
6863.0751774  1.17551949003e-22
7140.40550453  1.17475896533e-22
7428.94248588  1.17396581548e-22
7729.13897165  1.1731445497e-22
8041.46611132  1.1722993567e-22
8366.41409304  1.17143411952e-22
8704.49291301  1.17055243004e-22
9056.2331759  1.16965760294e-22
9422.18692758  1.16875268938e-22
9802.92852161  1.16784049031e-22
10199.0555206  1.16692356948e-22
10611.1896341  1.16600426618e-22
11039.9776943  1.1650847076e-22
11486.0926714  1.16416682104e-22
11950.2347295  1.16325234565e-22
12433.1323259  1.16234284399e-22
12935.5433539  1.16143971319e-22
13458.2563327  1.16054419581e-22
14002.0916449  1.15965739032e-22
14567.9028237  1.15878026124e-22
15156.577893  1.15791364884e-22
15769.0407609  1.15705827855e-22
16406.2526695  1.15621476988e-22
17069.213704  1.15538364498e-22
17758.9643622  1.15456533675e-22
18476.5871871  1.15376019659e-22
19223.2084664  1.15296850171e-22
20000  1.15219046198e-22

