1 20 101
101
1  0
1.03041055791  7.60619751309e-41
1.06174591785  1.54437037361e-40
1.09403420358  2.35195528961e-40
1.12730439408  3.18409931345e-40
1.16158634964  4.04154930133e-40
1.1969108386  4.92507482172e-40
1.23330956497  5.83546884611e-40
1.27081519692  6.7735484607e-40
1.30946139606  7.74015559974e-40
1.34928284767  8.73615780116e-40
1.39031529185  9.7624489852e-40
1.43259555555  1.08199502567e-39
1.47616158565  1.19096107319e-39
1.52105248304  1.30324083901e-39
1.56730853766  1.41893509515e-39
1.61497126471  1.53814767816e-39
1.66408344188  1.66098558233e-39
1.71468914776  1.78755905571e-39
1.76683380139  1.91798169902e-39
1.82056420303  2.05237056768e-39
1.87592857615  2.19084627682e-39
1.93297661076  2.33353310952e-39
1.99175950792  7.70148644572e-37
2.05233002578  4.94061010213e-35
2.11474252688  1.08328338957e-34
2.17905302696  1.69042435022e-34
2.24531924523  2.31602880622e-34
2.31360065617  2.96065824275e-34
2.3839585429  3.6248912201e-34
2.45645605223  4.30932389287e-34
2.53115825126  5.01457054507e-34
2.60813218585  5.74126414142e-34
2.68744694072  6.49005689548e-34
2.76917370155  7.26162085494e-34
2.85338581877  8.05664850488e-34
2.94015887345  8.87585338921e-34
3.02957074514  4.53012598922e-32
3.12170168173  1.83500974122e-31
3.21663437151  3.25903418766e-31
3.31445401734  4.72636401198e-31
3.41524841318  6.23831615491e-31
3.51910802283  7.79624760603e-31
3.62612606115  9.40155662178e-31
3.73639857773  1.10556839803e-30
3.85002454306  1.27601142747e-30
3.96710593738  1.45163772452e-30
4.08774784223  1.8438947741e-29
4.21205853471  4.24346431972e-29
4.34014958471  6.71600611396e-29
4.472135955  9.26373928363e-29
4.60813610445  1.18889504404e-28
4.74827209431  1.45939957331e-28
4.89266969782  1.73813029623e-28
5.041458513  4.46655971799e-28
5.19477207907  1.37901402621e-27
5.35274799621  2.33972560922e-27
5.51552804914  3.32965296747e-27
5.68325833429  4.34968456897e-27
5.85608939099  5.40073590056e-27
6.03417633655  9.01459886306e-27
6.21767900547  2.33519341011e-26
6.40676209294  3.81847249925e-26
6.6015953026  5.34685893303e-26
6.80235349885  6.92172445096e-26
7.00921686386  9.4037284427e-26
7.22237105921  2.05681249246e-25
7.44200739256  3.25153135609e-25
7.66832298935  4.48258228692e-25
7.9015209697  5.75107016337e-25
8.14181063074  9.58016717879e-25
8.38940763443  1.53303723723e-24
8.64453420113  2.12554445139e-24
8.90741930907  2.73607014049e-24
9.17829889981  4.07383530407e-24
9.45741609003  5.83144741557e-24
9.74502138973  7.64250949198e-24
10.041372927  9.71614862243e-24
10.34673668  1.30124251575e-23
10.661386715  1.64283855045e-23
10.9856054331  1.99799593802e-23
11.3196838233  2.42744557908e-23
11.6639217237  2.87646949642e-23
12.0186280908  3.33833235308e-23
12.3841212763  3.8064906628e-23
12.7607293136  4.28851505576e-23
13.1487902114  4.76657549658e-23
13.5486522576  5.22831619442e-23
13.9606743317  5.70259490074e-23
14.3852262269  6.14042987053e-23
14.8226889821  6.5843583253e-23
15.2734552238  7.00511654652e-23
15.7379295184  7.41416976828e-23
16.2165287354  7.81159990489e-23
16.7096824217  8.19110681728e-23
17.2178331866  8.56193721289e-23
17.7414370999  8.91628040152e-23
18.2809641002  9.2582875383e-23
18.8368984177  9.58877937133e-23
19.4097390079  9.90141022418e-23
20  1.02121e-22

