3 20 101
101
3  0
3.05745688936  6.61506912933e-42
3.11601421011  1.33568320237e-41
3.17569303801  2.02277151596e-41
3.23651485253  2.72301914863e-41
3.29850154446  3.43667813155e-41
3.3616754239  4.16400532288e-41
3.4260592282  4.90526250019e-41
3.49167613021  5.66071645472e-41
3.55854974658  6.43063908734e-41
3.62670414627  7.21530750646e-41
3.69616385924  8.01500412777e-41
3.76695388521  8.83001677584e-41
3.83909970275  9.66063878776e-41
3.91262727838  1.05071691187e-40
3.98756307593  7.31252749448e-40
4.06393406609  6.50897156422e-38
4.1417677361  1.44190118431e-37
4.22109209963  2.24805475583e-37
4.30193570688  3.06964801955e-37
4.38432765487  3.90697668102e-37
4.46829759787  4.76034210924e-37
4.55387575811  5.63005144513e-37
4.64109293664  6.51641771204e-37
4.72998052444  7.41975992847e-37
4.82057051367  8.34040322283e-37
4.91289550923  9.27867895049e-37
5.00698874047  7.15711869337e-36
5.10288407317  6.38995069336e-35
5.20061602171  1.23633626695e-34
5.30021976151  1.84511792027e-34
5.40173114165  2.46555914029e-34
5.50518669785  3.09788323448e-34
5.61062366552  3.74231778719e-34
5.71807999326  4.39909474149e-34
5.82759435644  5.06845048272e-34
5.93920617117  5.75062592355e-34
6.05295560847  4.421014011e-33
6.16888360871  1.27590519601e-32
6.28703189637  2.12567824838e-32
6.40744299507  2.99172640617e-32
6.53016024283  3.87436137502e-32
6.6552278077  4.77390083046e-32
6.78269070364  5.69066853222e-32
6.91259480676  6.62499444079e-32
7.04498687177  2.03687334589e-31
7.17991454885  5.97043813123e-31
7.31742640081  9.97933971546e-31
7.45757192053  1.40650209713e-30
7.60040154878  1.82289524058e-30
7.74596669241  2.24726326895e-30
7.89431974284  2.6797589196e-30
8.04551409486  5.56700404038e-30
8.19960416593  1.42988492114e-29
8.35664541573  2.31979292698e-29
8.51669436609  3.22674471476e-29
8.67980862141  4.15106671206e-29
8.84604688929  5.09309159826e-29
9.01546900177  7.24112762431e-29
9.18813593677  1.82035357371e-28
9.36410984009  2.96504445772e-28
9.54345404778  4.13165880088e-28
9.72623310891  5.3206164878e-28
9.91251280879  6.5323454448e-28
10.1023601927  1.22785483168e-27
10.29584359  2.20644277561e-27
10.4930326387  3.20377292596e-27
10.6939983105  4.220204239e-27
10.8988129364  5.25610254588e-27
11.1075502328  8.90578925319e-27
11.3202853277  1.51125951849e-26
11.5370947883  2.1438275704e-26
11.7580566479  2.78851075315e-26
11.9832504345  3.52111496252e-26
12.2127571994  6.31080257467e-26
12.4466595458  9.40710593648e-26
12.6850416593  1.25627106182e-25
12.9279893377  1.57787523763e-25
13.175590022  2.53010213412e-25
13.4279328281  3.76156783229e-25
13.6851085784  5.01661892657e-25
13.9472098349  6.30353822197e-25
14.2143309324  9.70692460939e-25
14.4865680123  1.37125311651e-24
14.7640190574  1.7794854285e-24
15.0467839273  2.29756942077e-24
15.3349643938  3.31558912278e-24
15.628664178  4.3580177668e-24
15.9279889875  5.42065980726e-24
16.2330465545  7.21781269985e-24
16.5439466745  9.27469680358e-24
16.8608012457  1.13709749614e-23
17.1837243096  1.40360132436e-23
17.5128320918  1.71602663306e-23
17.8482430438  2.03443560388e-23
18.1900778857  2.38872043929e-23
18.5384596499  2.77402021904e-23
18.893513725  3.1666993744e-23
19.2553679009  3.57371500663e-23
19.6241524153  3.99142247468e-23
20  4.41713e-23

