4 20 101
101
4  0
4.06489836507  3.5979394001e-41
4.13084967959  7.25425389636e-41
4.19787102722  1.09698906009e-40
4.26597976883  1.47458119922e-40
4.33519354694  1.85829961648e-40
4.4055302903  2.24824370822e-40
4.47700821858  2.64451448346e-40
4.54964584702  3.04721459007e-40
4.6234619913  3.45644834131e-40
4.69847577235  3.87232174289e-40
4.77470662134  4.29494252043e-40
4.85217428469  4.72442014735e-40
4.93089882922  5.16086587323e-40
5.0109006473  1.50800079495e-38
5.09220046219  1.11893424813e-37
5.17481933334  2.11661958044e-37
5.2587786619  3.13049194948e-37
5.34410019626  4.16081398331e-37
5.43080603763  5.20785257101e-37
5.51891864584  6.27187893183e-37
5.60846084511  7.35316868546e-37
5.69945582996  8.45200192338e-37
5.79192717125  9.56866328145e-37
5.88589882225  1.07034420137e-36
5.98139512488  1.31169331199e-36
6.07844081599  2.91516407701e-35
6.17706103378  6.42837984716e-35
6.27728132428  9.9985961072e-35
6.37912764804  1.36267376668e-34
6.48262638677  1.73137443403e-34
6.58780435024  2.106057119e-34
6.69468878317  2.48681887739e-34
6.80330737234  2.87375833969e-34
6.91368825372  3.2669757366e-34
7.02586001978  1.09576345433e-33
7.13985172691  4.3390173717e-33
7.25569290288  7.63701043895e-33
7.3734135546  1.09885120957e-32
7.49304417576  1.4394390497e-32
7.61461575486  1.78555278833e-32
7.73815978314  2.13728208089e-32
7.86370826279  2.49471803747e-32
7.9912937152  3.25489944347e-32
8.12094918942  1.41133391017e-31
8.25270827072  2.63476783906e-31
8.38660508926  3.87805148338e-31
8.52267432896  5.14150689667e-31
8.66095123645  6.42546135761e-31
8.80147163025  7.7302474549e-31
8.94427191  9.0562031733e-31
9.08938906592  2.38378611978e-30
9.23686068839  4.73705480213e-30
9.38672497765  7.12850430699e-30
9.53902075375  9.5587541026e-30
9.69378746657  1.20284337078e-29
9.85106520605  1.45381828552e-29
10.0108947126  1.96347146218e-29
10.1733173875  4.65486415775e-29
10.3383753039  7.47702771428e-29
10.5061112176  1.0344979721e-28
10.6765685779  1.32594630768e-28
10.8497915392  1.62212327338e-28
11.0258249723  2.23343624e-28
11.2047144759  4.50636817621e-28
11.3865063885  6.83958556856e-28
11.5712478006  9.21065845944e-28
11.7589865666  1.16202010388e-27
11.9497713174  1.40688374617e-27
12.1436514728  2.52466005888e-27
12.3406772544  3.96933190016e-27
12.5408996988  5.43744295159e-27
12.7443706706  6.92937350476e-27
12.9511428756  8.4477076645e-27
13.1612698752  1.42503416871e-26
13.3748060995  2.14621326203e-26
13.5918068618  2.87909319137e-26
13.8123283727  3.62386379801e-26
14.036427755  4.75049537204e-26
14.2641630582  7.6964616676e-26
14.4955932736  1.07091299537e-25
14.7307783496  1.37706775515e-25
14.9697792074  1.69994757265e-25
15.2126577564  2.63841547416e-25
15.4594769106  3.69562583006e-25
15.7103006046  4.76998899186e-25
15.9651938106  5.88960504845e-25
16.2242225547  8.71486620299e-25
16.4874539343  1.18892865988e-24
16.7549561354  1.51152106681e-24
17.0267984504  1.89434065572e-24
17.3030512959  2.67129592965e-24
17.5837862308  3.47191827594e-24
17.8690759753  4.28553039257e-24
18.1589944294  5.52886232979e-24
18.4536166918  7.14091455475e-24
18.75301908  8.77912166816e-24
19.0572791496  1.06113359742e-23
19.3664757145  1.31816668563e-23
19.6806888673  1.57977113022e-23
20  1.84562e-23

