4 20 101
101
4  0
4.06489836507  6.71146442364e-41
4.13084967959  1.35318196144e-40
4.19787102722  2.04628322803e-40
4.26597976883  2.75062977939e-40
4.33519354694  3.46640406565e-40
4.4055302903  4.19379149715e-40
4.47700821858  4.93298049242e-40
4.54964584702  5.684162527e-40
4.6234619913  6.44753218306e-40
4.69847577235  7.22328719978e-40
4.77470662134  8.01162852457e-40
4.85217428469  8.81276036513e-40
4.93089882922  9.62689024235e-40
5.0109006473  2.50789370934e-38
5.09220046219  1.85338803259e-37
5.17481933334  3.50490279065e-37
5.2587786619  5.18321270063e-37
5.34410019626  6.88875250293e-37
5.43080603763  8.6219639914e-37
5.51891864584  1.03832961279e-36
5.60846084511  1.21732051583e-36
5.69945582996  1.39921547312e-36
5.79192717125  1.58406160174e-36
5.88589882225  1.77190678325e-36
5.98139512488  2.1542811366e-36
6.07844081599  4.44683192087e-35
6.17706103378  9.78618978235e-35
6.27728132428  1.52121765428e-34
6.37912764804  2.07261977206e-34
6.48262638677  2.63296816382e-34
6.58780435024  3.20240797921e-34
6.69468878317  3.78108672286e-34
6.80330737234  4.3691542926e-34
6.91368825372  4.96676301829e-34
7.02586001978  1.59729955562e-33
7.13985172691  6.2268115203e-33
7.25569290288  1.09344572076e-32
7.3734135546  1.5718482522e-32
7.49304417576  2.05801266918e-32
7.61461575486  2.55206490511e-32
7.73815978314  3.05413293663e-32
7.86370826279  3.56434681675e-32
7.9912937152  4.62232198316e-32
8.12094918942  1.94050823914e-31
8.25270827072  3.60582154491e-31
8.38660508926  5.29815387841e-31
8.52267432896  7.0179436123e-31
8.66095123645  8.76563623169e-31
8.80147163025  1.05416844495e-30
8.94427191  1.23465483237e-30
9.08938906592  3.17587889896e-30
9.23686068839  6.26225497158e-30
9.38672497765  9.39870623448e-30
9.53902075375  1.25860451371e-29
9.69378746657  1.58250973107e-29
9.85106520605  1.91167017819e-29
10.0108947126  2.56927603502e-29
10.1733173875  5.99576679227e-29
10.3383753039  9.58838934177e-29
10.5061112176  1.32393007237e-28
10.6765685779  1.69494466506e-28
10.8497915392  2.07197881786e-28
11.0258249723  2.83910918047e-28
11.2047144759  5.66237172271e-28
11.3865063885  8.56040386219e-28
11.5712478006  1.15054553886e-27
11.7589865666  1.44982891723e-27
11.9497713174  1.75396804609e-27
12.1436514728  3.11517554862e-27
12.3406772544  4.87232239855e-27
12.5408996988  6.65797823792e-27
12.7443706706  8.47260561343e-27
12.9511428756  1.03192855451e-26
13.1612698752  1.72567366083e-26
13.3748060995  2.58690796062e-26
13.5918068618  3.4621154349e-26
13.8123283727  4.35152279273e-26
14.036427755  5.68731391362e-26
14.2641630582  9.14867132658e-26
14.4955932736  1.26882714986e-25
14.7307783496  1.62853002367e-25
14.9697792074  2.00757697412e-25
15.2126577564  3.0939774968e-25
15.4594769106  4.31692962974e-25
15.7103006046  5.55972366118e-25
15.9651938106  6.85396173705e-25
16.2242225547  1.00664426723e-24
16.4874539343  1.36720700248e-24
16.7549561354  1.73361972073e-24
17.0267984504  2.16567987744e-24
17.3030512959  3.02589414563e-24
17.5837862308  3.91207355144e-24
17.8690759753  4.81263085589e-24
18.1589944294  6.15647184728e-24
18.4536166918  7.88083378405e-24
18.75301908  9.63317278845e-24
19.0572791496  1.15754635187e-23
19.3664757145  1.42326632942e-23
19.6806888673  1.69368445295e-23
20  1.96849e-23

