2 20 101
101
2  0
2.04658598456  2.05611435601e-42
2.0942570961  4.16012176784e-42
2.14303861048  6.31313780807e-42
2.19295639229  8.51630403431e-42
2.2440369086  1.07707885945e-41
2.29630724299  1.3077786846e-41
2.34979510988  1.54385219901e-41
2.40452886923  1.78542457197e-41
2.46053754162  2.03262388834e-41
2.51785082359  2.28558121648e-41
2.57649910339  2.54443067771e-41
2.63651347711  2.80930951745e-41
2.69792576518  3.08035817796e-41
2.76076852921  3.35772037282e-41
2.82507508925  3.64154316314e-41
2.89087954149  3.93197703553e-41
2.95821677634  4.22917598187e-41
3.02712249687  7.33515219458e-38
3.09763323782  2.63929776289e-37
3.16978638492  4.5894716844e-37
3.24362019472  6.58507099201e-37
3.31917381488  8.62715377888e-37
3.39648730492  1.07168027843e-36
3.4756016575  1.2855125968e-36
3.55655882008  1.5043257097e-36
3.63940171722  1.72823563475e-36
3.72417427333  1.95736109196e-36
3.81092143593  2.19182356668e-36
3.89968919952  2.431747374e-36
3.99052462994  1.0232480138e-35
4.08347588934  3.0524095712e-34
4.17859226171  6.49967147858e-34
4.275924179  1.0027230431e-33
4.3755232479  1.36369567868e-33
4.47744227714  1.73307644708e-33
4.58173530554  2.11106119886e-33
4.68845763064  2.49785034655e-33
4.79766583804  2.89364897087e-33
4.90941783137  3.29866692949e-33
5.02377286302  1.82056831798e-32
5.14079156554  8.89610291664e-32
5.26053598379  1.61538377323e-31
5.38306960785  2.35806269089e-31
5.50845740668  3.11804082285e-31
5.63676586253  3.89572111958e-31
5.76806300625  4.69151591745e-31
5.90241845333  5.5058471574e-31
6.0399034408  1.74671263902e-30
6.18059086503  5.75537159837e-30
6.32455532034  9.85740421992e-30
6.47187313859  1.40549854557e-29
6.62262242965  1.83503409187e-29
6.77688312278  2.27457480634e-29
6.93473700905  2.72435373928e-29
7.09626778467  8.48883462347e-29
7.2615610954  1.80672497407e-28
7.43070458194  2.78687748074e-28
7.60378792641  3.78986067218e-28
7.78090289989  4.81620634335e-28
7.96214341107  5.89207394239e-28
8.14760555608  1.57481900729e-27
8.33738766941  2.8171456263e-27
8.53159037603  4.08840974965e-27
8.7303166448  5.38928541841e-27
8.93367184302  6.72046237409e-27
9.1417637923  1.39470857614e-26
9.35470282574  2.41497931623e-26
9.57260184645  3.45901521479e-26
9.79557638737  4.52736983347e-26
10.0237446725  6.20804674122e-26
10.2572276798  1.19495342392e-25
10.496149205  1.79337204468e-25
10.7406359274  2.40572962575e-25
10.9908174772  3.1199232326e-25
11.2468265038  5.49077477174e-25
11.5087987467  8.07564179418e-25
11.7768731071  1.07207181042e-24
12.0511917215  1.44553691345e-24
12.3319000372  2.26885581655e-24
12.6191468896  3.11408829707e-24
12.9130845807  3.97900877123e-24
13.2138689602  5.59987274051e-24
13.5216595078  7.56448133897e-24
13.8366194184  9.57485155035e-24
14.1589156877  1.21901866212e-23
14.4887192015  1.54536253708e-23
14.826204826  1.87930793739e-23
15.1715515006  2.25283071149e-23
15.5249423326  2.66801899827e-23
15.8865646945  3.09287826261e-23
16.2566103233  3.53268642778e-23
16.6352754221  3.98502460817e-23
17.022760764  4.44540578844e-23
17.4192717991  4.89382929555e-23
17.8250187627  5.35168674738e-23
18.2402167871  5.797529722e-23
18.6650860159  6.23685257712e-23
19.0998517204  6.67655641665e-23
19.5447444191  7.09287245027e-23
20  7.518851e-23

