1 20 101
101
1  0
1.03041055791  2.26222619774e-38
1.06174591785  4.59324795627e-38
1.09403420358  6.99515738699e-38
1.12730439408  9.47011022354e-38
1.16158634964  1.20203277567e-37
1.1969108386  1.46480988278e-37
1.23330956497  1.73557818832e-37
1.27081519692  2.0145807091e-37
1.30946139606  2.30206785219e-37
1.34928284767  2.5982976397e-37
1.39031529185  2.90353594032e-37
1.43259555555  3.21805670795e-37
1.47616158565  3.54214222761e-37
1.52105248304  3.87608336872e-37
1.56730853766  4.22017984625e-37
1.61497126471  4.57474048963e-37
1.66408344188  4.94008352e-37
1.71468914776  5.31653683574e-37
1.76683380139  5.70443830685e-37
1.82056420303  6.1041360781e-37
1.87592857615  6.51598888158e-37
1.93297661076  6.94036635858e-37
1.99175950792  4.59769921327e-35
2.05233002578  2.91216444622e-33
2.11474252688  6.38453113543e-33
2.17905302696  9.96249443293e-33
2.24531924523  1.36492655905e-32
2.31360065617  1.74481535159e-32
2.3839585429  2.13625677425e-32
2.45645605223  2.53960214896e-32
2.53115825126  2.95521348155e-32
2.60813218585  3.38346378664e-32
2.68744694072  3.82473742243e-32
2.76917370155  4.27943043568e-32
2.85338581877  4.74795091714e-32
2.94015887345  5.23071936783e-32
3.02957074514  1.079158751e-30
3.12170168173  4.26805585717e-30
3.21663437151  7.55392910347e-30
3.31445401734  1.09397275884e-29
3.41524841318  1.44284900943e-29
3.51910802283  1.80233478143e-29
3.62612606115  2.17275271633e-29
3.73639857773  2.55443526728e-29
3.85002454306  2.94772499756e-29
3.96710593738  3.35297488795e-29
4.08774784223  2.40880265809e-28
4.21205853471  5.33016820006e-28
4.34014958471  8.34037409803e-28
4.472135955  1.14421220368e-27
4.60813610445  1.46381958608e-27
4.74827209431  1.7931464073e-27
4.89266969782  2.13248824089e-27
5.041458513  4.27795118802e-27
5.19477207907  1.12791194357e-26
5.35274799621  1.84931971158e-26
5.51552804914  2.5926658923e-26
5.68325833429  3.35861764509e-26
5.85608939099  4.14786241802e-26
6.03417633655  6.19363098485e-26
6.21767900547  1.34704189107e-25
6.40676209294  2.09974498016e-25
6.6015953026  2.87533819014e-25
6.80235349885  3.67451762235e-25
7.00921686386  4.78272644021e-25
7.22237105921  8.77668502557e-25
7.44200739256  1.30389894415e-24
7.66832298935  1.74309129127e-24
7.9015209697  2.1956397227e-24
8.14181063074  3.19530614267e-24
8.38940763443  4.60702032231e-24
8.64453420113  6.06166551777e-24
8.90741930907  7.56054728519e-24
9.17829889981  9.92709861314e-24
9.45741609003  1.28054636553e-23
9.74502138973  1.57713613842e-23
10.041372927  1.89352569154e-23
10.34673668  2.27978025122e-23
10.661386715  2.6787911071e-23
10.9856054331  3.0896768945e-23
11.3196838233  3.50787150321e-23
11.6639217237  3.93825149586e-23
12.0186280908  4.37760894916e-23
12.3841212763  4.79129242509e-23
12.7607293136  5.21568825619e-23
13.1487902114  5.63097386251e-23
13.5486522576  6.02240721662e-23
13.9606743317  6.42430020669e-23
14.3852262269  6.78956801565e-23
14.8226889821  7.15900924962e-23
15.2734552238  7.50950715258e-23
15.7379295184  7.85050095595e-23
16.2165287354  8.18075085413e-23
16.7096824217  8.49471221693e-23
17.2178331866  8.8001651271e-23
17.7414370999  9.09011079405e-23
18.2809641002  9.37046229301e-23
18.8368984177  9.64188054547e-23
19.4097390079  9.89908678862e-23
20  1.01549e-22

