2 20 101
101
2  0
2.04658598456  2.31606414986e-43
2.0942570961  4.68607636409e-43
2.14303861048  7.11129325452e-43
2.19295639229  9.59300070327e-43
2.2440369086  1.21325145445e-42
2.29630724299  1.4731181262e-42
2.34979510988  1.73903787032e-42
2.40452886923  2.011151681e-42
2.46053754162  2.28960383657e-42
2.51785082359  2.57454197604e-42
2.57649910339  2.8661171774e-42
2.63651347711  3.16448403768e-42
2.69792576518  3.46980075493e-42
2.76076852921  3.78222921211e-42
2.82507508925  4.10193506294e-42
2.89087954149  4.42908781969e-42
2.95821677634  4.76386094307e-42
3.02712249687  1.33501901092e-38
3.09763323782  4.8043944537e-38
3.16978638492  8.35458203188e-38
3.24362019472  1.19874641019e-37
3.31917381488  1.5704966866e-37
3.39648730492  1.95090613932e-37
3.4756016575  2.34017646649e-37
3.55655882008  2.73851406439e-37
3.63940171722  3.14613013688e-37
3.72417427333  3.5632408074e-37
3.81092143593  3.99006723354e-37
3.89968919952  4.42683572434e-37
3.99052462994  2.34393333396e-36
4.08347588934  7.4820804998e-35
4.17859226171  1.59514511711e-34
4.275924179  2.46180988281e-34
4.3755232479  3.3486618642e-34
4.47744227714  4.25617128195e-34
4.58173530554  5.18481930956e-34
4.68845763064  6.13509832851e-34
4.79766583804  7.10751218932e-34
4.90941783137  8.10257647867e-34
5.02377286302  5.26786863165e-33
5.14079156554  2.65103449143e-32
5.26053598379  4.82998877685e-32
5.38306960785  7.05969742763e-32
5.50845740668  9.3413426648e-32
5.63676586253  1.16761342469e-31
5.76806300625  1.40653101112e-31
5.90241845333  1.65101370306e-31
6.0399034408  5.76143998165e-31
6.18059086503  1.96275109144e-30
6.32455532034  3.38165641303e-30
6.47187313859  4.83361228533e-30
6.62262242965  6.31938855455e-30
6.77688312278  7.83977299894e-30
6.93473700905  9.39557174646e-30
7.09626778467  3.14899771763e-29
7.2615610954  6.83219880785e-29
7.43070458194  1.06011926726e-28
7.60378792641  1.44579776824e-28
7.78090289989  1.84045987556e-28
7.96214341107  2.25512489281e-28
8.14760555608  6.37427703038e-28
8.33738766941  1.15758688423e-27
8.53159037603  1.68986212921e-27
8.7303166448  2.23453565736e-27
8.93367184302  2.7918962618e-27
9.1417637923  6.03695179436e-27
9.35470282574  1.06381831463e-26
9.57260184645  1.53465909445e-26
9.79557638737  2.01646716493e-26
10.0237446725  2.79828760673e-26
10.2572276798  5.57540621026e-26
10.496149205  8.47077910223e-26
10.7406359274  1.14335938926e-25
10.9908174772  1.49338419466e-25
11.2468265038  2.72880205878e-25
11.5087987467  4.07793317465e-25
11.7768731071  5.45848959119e-25
12.0511917215  7.49233915335e-25
12.3319000372  1.22391940768e-24
12.6191468896  1.71131495487e-24
12.9130845807  2.21006340277e-24
13.2138689602  3.26448768325e-24
13.5216595078  4.56972582511e-24
13.8366194184  5.90536686894e-24
14.1589156877  7.8286290143e-24
14.4887192015  1.03821624023e-23
14.826204826  1.29951752239e-23
15.1715515006  1.61449213559e-23
15.5249423326  1.98613560405e-23
15.8865646945  2.36643576096e-23
16.2566103233  2.78352628017e-23
16.6352754221  3.22296712729e-23
17.022760764  3.6720160996e-23
17.4192717991  4.12581404743e-23
17.8250187627  4.58992771169e-23
18.2402167871  5.0469800832e-23
18.6650860159  5.50135690483e-23
19.0998517204  5.95715732251e-23
19.5447444191  6.39230683948e-23
20  6.83756e-23

