2 20 101
101
2  0
2.04658598456  1.24333334196e-40
2.0942570961  2.51562763786e-40
2.14303861048  3.81755747497e-40
2.19295639229  5.14981315373e-40
2.2440369086  6.51310105373e-40
2.29630724299  7.90814400826e-40
2.34979510988  9.33568168756e-40
2.40452886923  1.0796470991e-39
2.46053754162  1.22912864484e-39
2.51785082359  1.38209206307e-39
2.57649910339  1.53861845703e-39
2.63651347711  1.69879081907e-39
2.69792576518  1.8626940747e-39
2.76076852921  2.0304151276e-39
2.82507508925  2.20204290569e-39
2.89087954149  2.37766840829e-39
2.95821677634  2.55738475436e-39
3.02712249687  1.73852581684e-36
3.09763323782  6.25125773713e-36
3.16978638492  1.08691046872e-35
3.24362019472  1.55945151106e-35
3.31917381488  2.04299944826e-35
3.39648730492  2.53781066382e-35
3.4756016575  3.04414751321e-35
3.55655882008  3.56227846293e-35
3.63940171722  4.09247823285e-35
3.72417427333  4.63502794192e-35
3.81092143593  5.19021525718e-35
3.89968919952  5.75833454629e-35
3.99052462994  1.62071380267e-34
4.08347588934  4.01767991888e-33
4.17859226171  8.52268586115e-33
4.275924179  1.31326268721e-32
4.3755232479  1.78499472033e-32
4.47744227714  2.26771480407e-32
4.58173530554  2.76167888299e-32
4.68845763064  3.26714886338e-32
4.79766583804  3.78439275213e-32
4.90941783137  4.31368479879e-32
5.02377286302  1.7353814594e-31
5.14079156554  7.85623028892e-31
5.26053598379  1.41346491505e-30
5.38306960785  2.05593111741e-30
5.50845740668  2.71336228006e-30
5.63676586253  3.38610698172e-30
5.76806300625  4.07452192051e-30
5.90241845333  4.77897210316e-30
6.0399034408  1.25156622646e-29
6.18059086503  3.79890042249e-29
6.32455532034  6.40556965427e-29
6.47187313859  9.07295601235e-29
6.62262242965  1.18024737803e-28
6.77688312278  1.45955701845e-28
6.93473700905  1.74537261617e-28
7.09626778467  4.63884974036e-28
7.2615610954  9.40410051301e-28
7.43070458194  1.42803482351e-27
7.60378792641  1.92701783578e-27
7.78090289989  2.4376236555e-27
7.96214341107  2.97029020365e-27
8.14760555608  6.99046654377e-27
8.33738766941  1.20321118884e-26
8.53159037603  1.71911922391e-26
8.7303166448  2.24704430085e-26
8.93367184302  2.78726633254e-26
9.1417637923  5.27026885756e-26
9.35470282574  8.73524049187e-26
9.57260184645  1.22809216837e-25
9.79557638737  1.59091924002e-25
10.0237446725  2.12318176797e-25
10.2572276798  3.76995829174e-25
10.496149205  5.4849537239e-25
10.7406359274  7.23989653143e-25
10.9908174772  9.2286128662e-25
11.2468265038  1.48761286518e-24
11.5087987467  2.10049614161e-24
11.7768731071  2.72765530347e-24
12.0511917215  3.53546257624e-24
12.3319000372  5.07465251461e-24
12.6191468896  6.65411408926e-24
12.9130845807  8.27036605018e-24
13.2138689602  1.07033681627e-23
13.5216595078  1.35170413024e-23
13.8366194184  1.63962533089e-23
14.1589156877  1.96971798992e-23
14.4887192015  2.34481012225e-23
14.826204826  2.72863927273e-23
15.1715515006  3.12884056365e-23
15.5249423326  3.54606791553e-23
15.8865646945  3.9730137409e-23
16.2566103233  4.39460530461e-23
16.6352754221  4.81909645363e-23
17.022760764  5.24983233747e-23
17.4192717991  5.65746203102e-23
17.8250187627  6.07310922048e-23
18.2402167871  6.47371040087e-23
18.6650860159  6.86521082533e-23
19.0998517204  7.25637468559e-23
19.5447444191  7.62437311686e-23
20  8.00091e-23

