5 20000 251
251
5  0
5.16866332702  5.74535508103e-40
5.34301611761  1.16845163026e-39
5.52325029255  1.78240212625e-39
5.7095642466  2.41706280889e-39
5.90216306693  3.07313228798e-39
6.10125875882  2.59355485401e-37
6.30707047907  7.79580315913e-37
6.51982477722  1.31735371657e-36
6.73975584491  1.87326764741e-36
6.96710577373  2.44793403687e-36
7.20212482162  8.33227810979e-35
7.44507168842  1.80431540486e-34
7.69621380059  2.80816037162e-34
7.9558276056  3.84586770476e-34
8.22419887622  5.2926308169e-33
8.50162302512  1.13440067198e-32
8.78840543001  1.75995116612e-32
9.08486176981  6.96134531198e-32
9.39131837212  2.40780983352e-31
9.70811257246  4.17722450609e-31
10.0355930856  8.72929605089e-31
10.3741203892  3.65183762509e-30
10.7240671212  6.52448561951e-30
11.0858184891  1.55995783682e-29
11.459772695  4.52742114203e-29
11.8463413729  7.59498489401e-29
12.2459500427  2.24818888611e-28
12.659038578  4.54374248977e-28
13.0860616907  9.04450199799e-28
13.5274894311  2.24113026605e-27
13.9838077058  3.62290011373e-27
14.4555188123  9.84123900469e-27
14.9431419916  1.6445350943e-26
15.4472140004  4.03122698414e-26
15.9682897017  6.72238033745e-26
16.5069426753  1.56054909839e-25
17.0637658494  2.7309878554e-25
17.6393721533  5.64113861472e-25
18.2343951921  7.17279784786e-25
18.8494899439  6.40757885363e-25
19.4853334812  1.92112683508e-24
20.1426257158  6.79912677202e-24
20.8220901694  1.42272046307e-23
21.5244747701  2.41825533581e-23
22.2505526755  3.66445676519e-23
23.0011231239  5.15947948936e-23
23.7770123142  6.90168872499e-23
24.5790743149  8.11377935681e-23
25.4081920046  9.02217777435e-23
26.265278044  9.89173903347e-23
27.15127588  1.07237550205e-22
28.0671607845  1.15194739622e-22
29.0139409281  1.22801018637e-22
29.9926584895  1.30068039048e-22
31.0043908028  1.37007057959e-22
32.0502515438  1.43628950949e-22
33.1313919552  1.4994422486e-22
34.2490021144  1.55963030219e-22
35.4043122431  1.61695173307e-22
36.5985940618  1.67150127879e-22
37.8331621896  1.72337046557e-22
39.1093755908  1.77264771898e-22
40.4286390718  1.81941847162e-22
41.7924048263  1.86376526769e-22
43.2021740347  1.9057678649e-22
44.6594985161  1.94550333341e-22
46.1659824366  1.98304615236e-22
47.7232840751  2.01846830372e-22
49.3331176488  2.05183936387e-22
50.9972551997  2.08322659275e-22
52.7175285459  2.11269502099e-22
54.4958312972  2.14030753483e-22
56.3341209402  2.16612495916e-22
58.2344209926  2.1902061387e-22
60.1988232309  2.21260801739e-22
62.2294899926  2.23338571625e-22
64.3286565568  2.25259260955e-22
66.4986336042  2.27028039975e-22
68.7418097614  2.28649919091e-22
71.0606542293  2.30129756109e-22
73.4577195017  2.31472263343e-22
75.9356441749  2.32682014633e-22
78.4971558521  2.3376345227e-22
81.1450741455  2.34720893825e-22
83.8823137808  2.35558538915e-22
86.7118878048  2.3628047589e-22
89.6369109026  2.36890688467e-22
92.6606028258  2.37393062302e-22
95.786291937  2.37791391512e-22
99.0174188731  2.38089385158e-22
102.357540333  2.38290673671e-22
105.810332993  2.3839881525e-22
109.379597552  2.38417302203e-22
113.069262918  2.38349567249e-22
116.883390531  2.38198989764e-22
120.826178835  2.37968901967e-22
124.901967898  2.37662595033e-22
129.115244189  2.37283325122e-22
133.47064552  2.36834319293e-22
137.972966146  2.363187813e-22
142.627162048  2.3573989722e-22
147.438356383  2.35100840899e-22
152.411845126  2.34404779163e-22
157.553102901  2.33654876758e-22
162.867789005  2.32854300966e-22
168.361753636  2.32006225843e-22
174.041044338  2.31113836009e-22
179.911912653  2.30180329935e-22
185.980821005  2.29208922638e-22
192.254449811  2.28202847711e-22
198.739704839  2.27165358613e-22
205.443724804  2.26099729114e-22
212.373889232  2.25009252826e-22
219.537826578  2.2389724172e-22
226.943422626  2.22767023556e-22
234.598829166  2.21621938135e-22
242.512472975  2.20465332319e-22
250.693065082  2.1930055375e-22
259.149610365  2.18130943234e-22
267.891417461  2.16959825774e-22
276.92810901  2.15790500252e-22
286.269632252  2.1462622779e-22
295.926269972  2.13470218879e-22
305.908651821  2.12428664189e-22
316.227766017  2.11296668184e-22
326.894971439  2.10182200111e-22
337.922010133  2.09088110843e-22
349.321020233  2.08017122308e-22
361.104549327  2.06971810599e-22
373.285568265  2.05954589329e-22
385.877485439  2.04967693537e-22
398.894161542  2.04013164508e-22
412.349924824  2.0309283584e-22
426.259586867  2.02208321101e-22
440.638458886  2.01361003399e-22
455.502368583  2.00552027159e-22
470.867677573  1.99782292354e-22
486.75129939  1.99052451416e-22
503.170718107  1.98362908972e-22
520.144007581  1.97713824531e-22
537.68985135  1.97105118168e-22
555.827563197  1.96536479224e-22
574.577108408  1.96007378008e-22
593.959125754  1.95517080445e-22
613.994950206  1.95064665674e-22
634.706636421  1.94649046606e-22
656.116983016  1.94268993612e-22
678.24955767  1.93923161813e-22
701.128723058  1.93610123021e-22
724.779663678  1.93328405019e-22
749.228413564  1.9307654642e-22
774.501884949  1.92862575379e-22
800.627897888  1.92699160657e-22
827.63521088  1.9258584892e-22
855.553552524  1.9252192206e-22
884.413654246  1.91745105894e-22
914.247284123  1.91834630624e-22
945.087281854  1.91965200802e-22
976.967594909  1.92137556159e-22
1009.9233159  1.92352327544e-22
1043.9907212  1.92610033972e-22
1079.20731088  1.92911080442e-22
1115.61185  1.93255756566e-22
1153.24441125  1.9364423602e-22
1192.14641911  1.94076576851e-22
1232.36069537  1.94552722614e-22
1273.93150637  1.95072504345e-22
1316.90461162  1.95635643323e-22
1361.32731425  1.96241754584e-22
1407.24851304  1.96890351135e-22
1454.71875627  1.99989515733e-22
1503.79029733  2.01346289675e-22
1554.51715227  2.02614808891e-22
1606.95515923  2.03803449245e-22
1661.16203994  2.04919793075e-22
1717.19746321  2.05970737829e-22
1775.12311067  2.06962585492e-22
1835.00274461  2.07901116682e-22
1896.90227821  2.08791652367e-22
1960.88984806  2.09639105567e-22
2027.0358892  2.10448024849e-22
2095.41321261  2.11222631096e-22
2166.09708539  2.11966848703e-22
2239.1653136  2.12684332171e-22
2314.69832791  2.13049947844e-22
2392.77927211  2.13603791229e-22
2473.49409468  2.14111997813e-22
2556.93164335  2.14577432242e-22
2643.18376294  2.15002750394e-22
2732.34539641  2.15390420599e-22
2824.51468943  2.15742742196e-22
2919.79309838  2.16061861789e-22
3018.28550201  2.16349787535e-22
3120.10031694  2.16608401727e-22
3225.34961696  2.16839471894e-22
3334.1492564  2.17044660623e-22
3446.61899767  2.1722553425e-22
3562.88264309  2.17383570568e-22
3683.06817116  2.17520165681e-22
3807.30787743  2.17636640086e-22
3935.73852015  2.17734244101e-22
4068.50147076  2.17814162698e-22
4205.74286957  2.17877519819e-22
4347.61378656  2.17925382244e-22
4494.27038772  2.17958763044e-22
4645.87410694  2.17978624694e-22
4802.5918237  2.17985881867e-22
4964.59604675  2.1798140396e-22
5132.06510406  2.17966017379e-22
5305.18333904  2.17940507615e-22
5484.14131352  2.17905621142e-22
5669.13601747  2.17862067153e-22
5860.37108588  2.17810519158e-22
6058.05702285  2.17751616468e-22
6262.4114334  2.1768596557e-22
6473.6592629  2.17614141426e-22
6692.03304475  2.17536688678e-22
6917.77315631  2.1745412281e-22
7151.12808353  2.17366931237e-22
7392.35469443  2.1727557436e-22
7641.71852188  2.17180486573e-22
7899.49405588  2.17082077241e-22
8165.96504572  2.16980731645e-22
8441.4248123  2.16876811907e-22
8726.17657102  2.16770657885e-22
9020.53376554  2.16662588055e-22
9324.82041281  2.16552900377e-22
9639.37145974  2.16441873134e-22
9964.53315189  2.16329765768e-22
10300.6634146  2.16216819696e-22
10648.132247  2.16103259108e-22
11007.3221293  2.15989291756e-22
11378.6284436  2.15875109729e-22
11762.4599097  2.15760890203e-22
12159.2390341  2.15646796188e-22
12569.402576  2.15532977251e-22
12993.4020274  2.15419570224e-22
13431.7041105  2.15306699891e-22
13884.791291  2.15194479667e-22
14353.1623098  2.15083012242e-22
14837.3327315  2.1497239022e-22
15337.835512  2.14862696728e-22
15855.2215853  2.14754006012e-22
16390.06047  2.14646384004e-22
16942.9408957  2.14539888872e-22
17514.4714519  2.14434571552e-22
18105.2812571  2.14330476245e-22
18716.0206518  2.14227640911e-22
19347.3619141  2.14126097721e-22
20000  2.14025873503e-22

