0.2 20 151
151
0.2  0
0.206235454919  1.68239224856e-40
0.212665314327  3.41723690223e-40
0.219295639229  5.20616928404e-40
0.22613267959  7.05087570194e-40
0.233182880236  8.95309503839e-40
0.240452886923  1.09146203894e-39
0.247949552606  1.29373007549e-39
0.255679943893  1.50230427816e-39
0.263651347711  1.71738125602e-39
0.271871278176  1.93916374788e-39
0.280347483669  2.16786081338e-39
0.289087954149  2.4036880301e-39
0.298100928677  2.6468676967e-39
0.307394903187  2.89762904255e-39
0.316978638492  3.15620844373e-39
0.326861168545  3.42284964591e-39
0.33705180895  3.69780399407e-39
0.34756016575  3.98133066944e-39
0.358396144475  4.27369693382e-39
0.369569959484  4.57517838151e-39
0.381092143593  4.88605919908e-39
0.392973557999  5.20663243327e-39
0.405225402524  5.5372002672e-39
0.417859226171  5.87807430526e-39
0.430886938006  6.22957586681e-39
0.444320818391  6.59203628907e-39
0.458173530554  6.96579723943e-39
0.472458132527  7.35121103758e-39
0.487188089458  7.74864098755e-39
0.502377286302  4.34795437267e-34
0.518040040906  3.09461445938e-33
0.534191117512  5.8651860299e-33
0.550845740668  8.72213647106e-33
0.568019609583  1.16681588406e-32
0.585728912925  1.47060301586e-32
0.60399034408  1.78386140248e-32
0.622821116889  2.10688633183e-32
0.642238981873  2.43998229811e-32
0.662262242965  2.7834632888e-32
0.682909774767  3.13765308065e-32
0.704201040337  3.5028855449e-32
0.72615610954  3.87950496198e-32
0.748795677965  4.26786634604e-32
0.772141086431  4.66833577961e-32
0.796214341107  5.08129075868e-32
0.821038134255  5.50712054853e-32
0.846635865618  5.94622655067e-32
0.87303166448  6.39902268121e-32
0.900250412412  6.86593576104e-32
0.928317766723  7.34740591818e-32
0.957260184645  7.84388700261e-32
0.987104948279  8.35584701415e-32
1.0178801903  8.85831328244e-29
1.0496149205  2.45653044762e-28
1.08233905309  4.07619968474e-28
1.11608343495  5.74636579442e-28
1.15087987467  7.46860313152e-28
1.18676117255  9.24453513499e-28
1.2237611515  1.10758358582e-27
1.26191468896  1.29642315469e-27
1.30125774973  1.49115022665e-27
1.34182741991  1.69194835801e-27
1.38366194184  1.89900682785e-27
1.42680075014  2.11252081645e-27
1.47128450892  2.33269158931e-27
1.51715515006  2.55972668682e-27
1.56445591277  2.79384011989e-27
1.61323138435  3.03525257176e-27
1.66352754221  3.28419160593e-27
1.71539179718  3.54089188073e-27
1.76887303828  3.80559537048e-27
1.82402167871  4.07855159362e-27
1.88088970345  4.36001784787e-27
1.93953071822  4.65025945283e-27
2  6.69495054874e-27
2.06235454919  3.29107920692e-26
2.12665314327  6.17437894604e-26
2.19295639229  9.14757211286e-26
2.2613267959  1.22134613395e-25
2.33182880236  1.53749366363e-25
2.40452886923  1.86349781167e-25
2.47949552606  2.19966588054e-25
2.55679943893  2.54631475361e-25
2.63651347711  2.90377119378e-25
2.71871278176  3.27237215155e-25
2.80347483669  3.65246508258e-25
2.89087954149  4.0444082753e-25
2.98100928677  4.45748991143e-25
3.07394903187  7.95916599571e-25
3.16978638492  1.23985036121e-24
3.26861168545  1.69762476763e-24
3.3705180895  2.16967133243e-24
3.4756016575  2.6564350226e-24
3.58396144475  3.15837467799e-24
3.69569959484  3.67596344386e-24
3.81092143593  4.2096892168e-24
3.92973557999  4.76005510472e-24
4.05225402524  5.79650809838e-24
4.17859226171  7.51548749489e-24
4.30886938006  9.28805998407e-24
4.44320818391  1.11158964525e-23
4.58173530554  1.30007198804e-23
4.72458132527  1.49443069659e-23
4.87188089458  1.69484897996e-23
5.02377286302  1.91039275855e-23
5.18040040906  2.17780803984e-23
5.34191117512  2.45412873395e-23
5.50845740668  2.73906435421e-23
5.68019609583  3.03288349055e-23
5.85728912925  3.33586310678e-23
6.0399034408  3.64002350927e-23
6.22821116889  3.92354627254e-23
6.42238981873  4.21584339413e-23
6.62262242965  4.51725354335e-23
6.82909774767  4.82806083956e-23
7.04201040337  5.13311199249e-23
7.2615610954  5.3847028298e-23
7.48795677965  5.64383532998e-23
7.72141086431  5.91104687529e-23
7.96214341107  6.18589019718e-23
8.21038134255  6.41087551455e-23
8.46635865618  6.6310495373e-23
8.7303166448  6.85808798601e-23
9.00250412412  7.08899364429e-23
9.28317766723  7.28573809516e-23
9.57260184645  7.48574177997e-23
9.87104948279  7.69198103459e-23
10.178801903  7.8790118622e-23
10.496149205  8.05280711212e-23
10.8233905309  8.23202082426e-23
11.1608343495  8.39591973862e-23
11.5087987467  8.54126063973e-23
11.8676117255  8.69113287402e-23
12.237611515  8.82427390844e-23
12.6191468896  8.9492687125e-23
13.0125774973  9.07638624384e-23
13.4182741991  9.18808287866e-23
13.8366194184  9.30214512104e-23
14.2680075014  9.40947684935e-23
14.7128450892  9.5136885062e-23
15.1715515006  9.61499067117e-23
15.6445591277  9.70882119417e-23
16.1323138435  9.80079262856e-23
16.6352754221  9.88237802621e-23
17.1539179718  9.96174327298e-23
17.6887303828  1.003194275e-22
18.2402167871  1.00989596081e-22
18.8088970345  1.01608888871e-22
19.3953071822  1.02186612215e-22
20  1.02752e-22

