5 20000 251
251
5  0
5.16866332702  8.19926404888e-41
5.34301611761  1.66751111285e-40
5.52325029255  2.54368711216e-40
5.7095642466  3.44941886329e-40
5.90216306693  4.38570336053e-40
6.10125875882  4.97252152864e-38
6.30707047907  1.49805253325e-37
6.51982477722  2.532612578e-37
6.73975584491  3.60207109058e-37
6.96710577373  4.70760528933e-37
7.20212482162  1.99257355758e-35
7.44507168842  4.32906995809e-35
7.69621380059  6.74438260989e-35
7.9558276056  9.24117019521e-35
8.22419887622  1.4905200298e-33
8.50162302512  3.21528541095e-33
8.78840543001  4.9982317256e-33
9.08486176981  2.16985128848e-32
9.39131837212  7.7256725975e-32
9.70811257246  1.34689065678e-31
10.0355930856  2.92656286978e-31
10.3741203892  1.29179389571e-30
10.7240671212  2.32463507908e-30
11.0858184891  5.79726370863e-30
11.459772695  1.73805214105e-29
11.8463413729  2.93545132688e-29
12.2459500427  9.1116932992e-29
12.659038578  1.86856769163e-28
13.0860616907  3.80472001743e-28
13.5274894311  9.68237452437e-28
13.9838077058  1.57582979842e-27
14.4555188123  4.42782902294e-27
14.9431419916  7.45775366737e-27
15.4472140004  1.87970631673e-26
15.9682897017  3.15975222535e-26
16.5069426753  7.53183466685e-26
17.0637658494  1.33608537277e-25
17.6393721533  2.82773457299e-25
18.2343951921  3.61530327612e-25
18.8494899439  3.22961016229e-25
19.4853334812  2.83090659171e-25
20.1426257158  9.60821067708e-25
20.8220901694  7.01064599084e-24
21.5244747701  1.56902727276e-23
22.2505526755  2.69768076253e-23
23.0011231239  4.08496145298e-23
23.7770123142  5.72902641208e-23
24.5790743149  6.96013981202e-23
25.4081920046  7.92909358288e-23
26.265278044  8.85698632203e-23
27.15127588  9.74518560251e-23
28.0671607845  1.05950128021e-22
29.0139409281  1.14077446225e-22
29.9926584895  1.21846145656e-22
31.0043908028  1.29268143663e-22
32.0502515438  1.36354953843e-22
33.1313919552  1.43117699556e-22
34.2490021144  1.49567127052e-22
35.4043122431  1.5571361822e-22
36.5985940618  1.61567202976e-22
37.8331621896  1.67137571294e-22
39.1093755908  1.72434084907e-22
40.4286390718  1.77465788666e-22
41.7924048263  1.82241421598e-22
43.2021740347  1.86769427655e-22
44.6594985161  1.91057966169e-22
46.1659824366  1.95114922036e-22
47.7232840751  1.98947915621e-22
49.3331176488  2.02564312418e-22
50.9972551997  2.05971232461e-22
52.7175285459  2.09175559504e-22
54.4958312972  2.12183949977e-22
56.3341209402  2.15002841737e-22
58.2344209926  2.17638462619e-22
60.1988232309  2.200968388e-22
62.2294899926  2.22383802988e-22
64.3286565568  2.24505002444e-22
66.4986336042  2.26465906856e-22
68.7418097614  2.28271816063e-22
71.0606542293  2.29927867653e-22
73.4577195017  2.31439044434e-22
75.9356441749  2.32810181793e-22
78.4971558521  2.34045974961e-22
81.1450741455  2.3515098617e-22
83.8823137808  2.36129651737e-22
86.7118878048  2.36986289068e-22
89.6369109026  2.37725103591e-22
92.6606028258  2.38350195628e-22
95.786291937  2.38865567208e-22
99.0174188731  2.39275128829e-22
102.357540333  2.39582706168e-22
105.810332993  2.39792046737e-22
109.379597552  2.399068265e-22
113.069262918  2.39930656425e-22
116.883390531  2.39867088985e-22
120.826178835  2.39719624586e-22
124.901967898  2.39491717922e-22
129.115244189  2.39186784231e-22
133.47064552  2.38808205441e-22
137.972966146  2.38359336179e-22
142.627162048  2.37843509617e-22
147.438356383  2.37264043111e-22
152.411845126  2.36624243616e-22
157.553102901  2.35927412807e-22
162.867789005  2.35176851871e-22
168.361753636  2.3437586591e-22
174.041044338  2.33527767883e-22
179.911912653  2.32635882032e-22
185.980821005  2.31703546702e-22
192.254449811  2.30734116483e-22
198.739704839  2.29730963584e-22
205.443724804  2.28697478364e-22
212.373889232  2.27637068909e-22
219.537826578  2.26553159585e-22
226.943422626  2.25449188482e-22
234.598829166  2.24328603652e-22
242.512472975  2.23194858099e-22
250.693065082  2.22051403433e-22
259.149610365  2.2090168218e-22
267.891417461  2.19749118703e-22
276.92810901  2.1859710876e-22
286.269632252  2.17449007719e-22
295.926269972  2.16308117508e-22
305.908651821  2.15282585091e-22
316.227766017  2.14163838444e-22
326.894971439  2.13061823291e-22
337.922010133  2.11979468737e-22
349.321020233  2.10919571131e-22
361.104549327  2.09884776988e-22
373.285568265  2.08877566151e-22
385.877485439  2.07900235529e-22
398.894161542  2.06954883773e-22
412.349924824  2.06043397223e-22
426.259586867  2.05167437483e-22
440.638458886  2.04328430947e-22
455.502368583  2.03527560564e-22
470.867677573  2.02765760108e-22
486.75129939  2.0204371117e-22
503.170718107  2.01361843018e-22
520.144007581  2.00720335455e-22
537.68985135  2.0011912471e-22
555.827563197  1.99557912396e-22
574.577108408  1.99036177499e-22
593.959125754  1.98553191361e-22
613.994950206  1.98108035643e-22
634.706636421  1.97699623279e-22
656.116983016  1.97326722619e-22
678.24955767  1.96987985209e-22
701.128723058  1.96681978301e-22
724.779663678  1.96407224827e-22
749.228413564  1.96162259239e-22
774.501884949  1.95955286295e-22
800.627897888  1.95799240483e-22
827.63521088  1.95693685394e-22
855.553552524  1.95637914877e-22
884.413654246  1.9486315077e-22
914.247284123  1.94962144801e-22
945.087281854  1.95102559504e-22
976.967594909  1.95285152312e-22
1009.9233159  1.95510569454e-22
1043.9907212  1.95779342991e-22
1079.20731088  1.96091888635e-22
1115.61185  1.96448504396e-22
1153.24441125  1.96849370075e-22
1192.14641911  1.97294547618e-22
1232.36069537  1.97783982327e-22
1273.93150637  1.98317504908e-22
1316.90461162  1.98894834334e-22
1361.32731425  1.9951558146e-22
1407.24851304  2.00179253361e-22
1454.71875627  2.03338851464e-22
1503.79029733  2.04723026036e-22
1554.51715227  2.06016920097e-22
1606.95515923  2.07229097132e-22
1661.16203994  2.08367305613e-22
1717.19746321  2.09438591092e-22
1775.12311067  2.10449388408e-22
1835.00274461  2.11405598036e-22
1896.90227821  2.12312649662e-22
1960.88984806  2.13175555398e-22
2027.0358892  2.13998954537e-22
2095.41321261  2.14787151373e-22
2166.09708539  2.15544147277e-22
2239.1653136  2.16273668019e-22
2314.69832791  2.16648130198e-22
2392.77927211  2.17211794898e-22
2473.49409468  2.17729042286e-22
2556.93164335  2.18202788663e-22
2643.18376294  2.18635737652e-22
2732.34539641  2.1903040184e-22
2824.51468943  2.19389121679e-22
2919.79309838  2.19714082053e-22
3018.28550201  2.20007326834e-22
3120.10031694  2.20270771699e-22
3225.34961696  2.20506215437e-22
3334.1492564  2.20715349949e-22
3446.61899767  2.20899769102e-22
3562.88264309  2.21060976579e-22
3683.06817116  2.21200392855e-22
3807.30787743  2.21319361396e-22
3935.73852015  2.21419154185e-22
4068.50147076  2.2150097664e-22
4205.74286957  2.21565972021e-22
4347.61378656  2.21615225356e-22
4494.27038772  2.21649766973e-22
4645.87410694  2.2167057566e-22
4802.5918237  2.21678581521e-22
4964.59604675  2.21674668545e-22
5132.06510406  2.21659676937e-22
5305.18333904  2.21634405237e-22
5484.14131352  2.21599612251e-22
5669.13601747  2.21556018821e-22
5860.37108588  2.21504309463e-22
6058.05702285  2.21445133869e-22
6262.4114334  2.21379108321e-22
6473.6592629  2.21306817005e-22
6692.03304475  2.2122881325e-22
6917.77315631  2.21145620709e-22
7151.12808353  2.2105773447e-22
7392.35469443  2.20965622133e-22
7641.71852188  2.20869724838e-22
7899.49405588  2.20770458262e-22
8165.96504572  2.20668213582e-22
8441.4248123  2.20563358419e-22
8726.17657102  2.2045623775e-22
9020.53376554  2.20347174812e-22
9324.82041281  2.20236471975e-22
9639.37145974  2.20124411608e-22
9964.53315189  2.20011256924e-22
10300.6634146  2.19897252812e-22
10648.132247  2.19782626654e-22
11007.3221293  2.19667589127e-22
11378.6284436  2.19552334986e-22
11762.4599097  2.19437043842e-22
12159.2390341  2.19321880908e-22
12569.402576  2.19206997742e-22
12993.4020274  2.19092532969e-22
13431.7041105  2.18978612979e-22
13884.791291  2.18865352613e-22
14353.1623098  2.18752855826e-22
14837.3327315  2.18641216334e-22
15337.835512  2.18530518233e-22
15855.2215853  2.18420836606e-22
16390.06047  2.18312238099e-22
16942.9408957  2.18204781482e-22
17514.4714519  2.18098518185e-22
18105.2812571  2.17993492815e-22
18716.0206518  2.17889743642e-22
19347.3619141  2.17787303072e-22
20000  2.17686198095e-22

