3 20 101
101
3  0
3.05745688936  3.35163847294e-41
3.11601421011  6.76746851952e-41
3.17569303801  1.02487195558e-40
3.23651485253  1.3796644544e-40
3.29850154446  1.74125204433e-40
3.3616754239  2.10976486698e-40
3.4260592282  2.48533555645e-40
3.49167613021  2.86809928711e-40
3.55854974658  3.25819382222e-40
3.62670414627  3.6557595635e-40
3.69616385924  4.06093960172e-40
3.76695388521  4.47387976815e-40
3.83909970275  4.89472868707e-40
3.91262727838  5.32363782924e-40
3.98756307593  2.83345313313e-39
4.06393406609  2.38098812908e-37
4.1417677361  5.27251416051e-37
4.22109209963  8.21941955571e-37
4.30193570688  1.12227649567e-36
4.38432765487  1.42836313191e-36
4.46829759787  1.74031203015e-36
4.55387575811  2.05823546617e-36
4.64109293664  2.38224786608e-36
4.72998052444  2.71246584753e-36
4.82057051367  3.04900826166e-36
4.91289550923  3.39199623587e-36
5.00698874047  2.16622198477e-35
5.10288407317  1.87518440439e-34
5.20061602171  3.62116997508e-34
5.30021976151  5.40059517903e-34
5.40173114165  7.214100462e-34
5.50518669785  9.06233853578e-34
5.61062366552  1.09459746131e-33
5.71807999326  1.28656866469e-33
5.82759435644  1.48221655747e-33
5.93920617117  1.6816115567e-33
6.05295560847  1.12676206416e-32
6.16888360871  3.20151134123e-32
6.28703189637  5.31599683153e-32
6.40744299507  7.47097957479e-32
6.53016024283  9.6672351864e-32
6.6552278077  1.19055541366e-31
6.78269070364  1.41867420348e-31
6.91259480676  1.651161992e-31
7.04498687177  4.69978743848e-31
7.17991454885  1.33742621621e-30
7.31742640081  2.22148729972e-30
7.45757192053  3.12248018319e-30
7.60040154878  4.04072914947e-30
7.74596669241  4.97656469217e-30
7.89431974284  5.93032363461e-30
8.04551409486  1.1790530223e-29
8.19960416593  2.93303348967e-29
8.35664541573  4.72060671092e-29
8.51669436609  6.54241606444e-29
8.67980862141  8.39911725078e-29
8.84604688929  1.02913785287e-28
9.01546900177  1.44178306671e-28
9.18813593677  3.48553199601e-28
9.36410984009  5.61921909332e-28
9.54345404778  7.79377119845e-28
9.72623310891  1.00099709702e-27
9.91251280879  1.22686160569e-27
10.1023601927  2.23831181019e-27
10.29584359  3.94966471998e-27
10.4930326387  5.69379396805e-27
10.6939983105  7.47132729653e-27
10.8988129364  9.28290447027e-27
11.1075502328  1.53532494673e-26
11.3202853277  2.55901260565e-26
11.5370947883  3.60230623409e-26
11.7580566479  4.66558133138e-26
11.9832504345  5.86506242528e-26
12.2127571994  1.02191669734e-25
12.4466595458  1.50447548237e-25
12.6850416593  1.9962763763e-25
12.9279893377  2.49749638675e-25
13.175590022  3.90819405462e-25
13.4279328281  5.72202405091e-25
13.6851085784  7.570593057e-25
13.9472098349  9.46507008137e-25
14.2143309324  1.42015442873e-24
14.4865680123  1.97490499387e-24
14.7640190574  2.54028030628e-24
15.0467839273  3.23998578648e-24
15.3349643938  4.54620938836e-24
15.628664178  5.8833951358e-24
15.9279889875  7.24644861047e-24
16.2330465545  9.3757911744e-24
16.5439466745  1.17794377269e-23
16.8608012457  1.42291196308e-23
17.1837243096  1.71705977983e-23
17.5128320918  2.05119303783e-23
17.8482430438  2.39172571505e-23
18.1900778857  2.75734338138e-23
18.5384596499  3.14506789821e-23
18.893513725  3.54021822992e-23
19.2553679009  3.94070468249e-23
19.6241524153  4.34791285542e-23
20  4.76292e-23

