1 20 101
101
1  0
1.03041055791  5.79181239643e-44
1.06174591785  1.17597570392e-43
1.09403420358  1.7909190208e-43
1.12730439408  2.42456310704e-43
1.16158634964  3.07747666346e-43
1.1969108386  3.7502456854e-43
1.23330956497  4.44347398864e-43
1.27081519692  5.15778375134e-43
1.30946139606  5.89381607245e-43
1.34928284767  6.65223154708e-43
1.39031529185  7.43371085943e-43
1.43259555555  8.23895539366e-43
1.47616158565  9.06868786343e-43
1.52105248304  9.92365296052e-43
1.56730853766  1.08046180232e-42
1.61497126471  1.1712373725e-42
1.66408344188  1.2647734784e-42
1.71468914776  1.36115406948e-42
1.76683380139  1.4604656481e-42
1.82056420303  1.56279734723e-42
1.87592857615  1.66824101043e-42
1.93297661076  1.77689127425e-42
1.99175950792  4.31416258457e-39
2.05233002578  2.77519444188e-37
2.11474252688  6.08506549415e-37
2.17905302696  9.49559157173e-37
2.24531924523  1.30098336501e-36
2.31360065617  1.66309457907e-36
2.3839585429  2.03621779718e-36
2.45645605223  2.42068790052e-36
2.53115825126  2.8168499542e-36
2.60813218585  3.22505951696e-36
2.68744694072  3.64568296026e-36
2.76917370155  4.07909779715e-36
2.85338581877  4.52569302103e-36
2.94015887345  4.98586945483e-36
3.02957074514  7.66740940931e-34
3.12170168173  3.13908462222e-33
3.21663437151  5.5835725984e-33
3.31445401734  8.10239881776e-33
3.41524841318  1.06978239477e-32
3.51910802283  1.33721774039e-32
3.62612606115  1.61278594407e-32
3.73639857773  1.89673433057e-32
3.85002454306  2.18931774593e-32
3.96710593738  2.49079878618e-32
4.08774784223  6.3105409411e-31
4.21205853471  1.48856976212e-30
4.34014958471  2.37216296001e-30
4.472135955  3.28262672002e-30
4.60813610445  4.22077819093e-30
4.74827209431  5.18745937147e-30
4.89266969782  6.18353786603e-30
5.041458513  2.24264221664e-29
5.19477207907  7.97546695638e-29
5.35274799621  1.38826300949e-28
5.51552804914  1.996943336e-28
5.68325833429  2.62413397084e-28
5.85608939099  3.2703978228e-28
6.03417633655  6.42096999739e-28
6.21767900547  2.00872047128e-27
6.40676209294  3.42274014614e-27
6.6015953026  4.87976094821e-27
6.80235349885  6.38109056575e-27
7.00921686386  9.18903027635e-27
7.22237105921  2.4713110662e-26
7.44200739256  4.13598008177e-26
7.66832298935  5.85127261084e-26
7.9015209697  7.61872814269e-26
8.14181063074  1.49760034625e-25
8.38940763443  2.65184011019e-25
8.64453420113  3.8411809493e-25
8.90741930907  5.06669030688e-25
9.17829889981  8.8971954931e-25
9.45741609003  1.42180120726e-24
9.74502138973  1.97006376528e-24
10.041372927  2.68750404213e-24
10.34673668  4.27900100859e-24
10.661386715  5.93318546558e-24
10.9856054331  7.70113898742e-24
11.3196838233  1.07926884435e-23
11.6639217237  1.41085428076e-23
12.0186280908  1.76170594415e-23
12.3841212763  2.21042559591e-23
12.7607293136  2.67696386638e-23
13.1487902114  3.16356108769e-23
13.5486522576  3.67468474822e-23
13.9606743317  4.20040040249e-23
14.3852262269  4.70991593762e-23
14.8226889821  5.23035662827e-23
15.2734552238  5.73222381698e-23
15.7379295184  6.22636919399e-23
16.2165287354  6.70920736626e-23
16.7096824217  7.17388635864e-23
17.2178331866  7.62825539706e-23
17.7414370999  8.06287753768e-23
18.2809641002  8.48396955965e-23
18.8368984177  8.8925040081e-23
19.4097390079  9.2807605371e-23
20  9.667411e-23

