4 20000 251
251
4  0
4.13862304168  4.08022344361e-43
4.28205017028  8.30185013333e-43
4.43044787508  1.26697805062e-42
4.58398841519  1.71890848276e-42
4.74285001948  2.18650090768e-42
4.90721709346  2.67029810366e-42
5.07728043337  1.59762669487e-39
5.25323744766  5.22850323049e-39
5.43529238607  8.98521055344e-39
5.62365657681  1.28721094253e-38
5.81854867182  1.68937117333e-38
6.02019490058  2.52800436525e-37
6.22882933273  2.65128145559e-36
6.44469414978  5.13288365822e-36
6.66803992621  7.70048767224e-36
6.89912592036  1.03570739558e-35
7.13822037536  2.14492884714e-34
7.38560083051  5.77770244867e-34
7.64155444345  9.53637258179e-34
7.90637832347  1.34253022865e-33
8.18037987644  1.37880638177e-32
8.46387716158  3.31322332656e-32
8.75719926071  5.31467896154e-32
9.06068666023  1.63392433469e-31
9.37469164637  6.4810313457e-31
9.69957871407  1.1496118536e-30
10.0357249902  2.34812937554e-30
10.3835206711  9.5014309706e-30
10.7433694757  1.69026356719e-29
11.1156891144  4.34353163056e-29
11.5009117732  1.14208482969e-28
11.8994846163  1.8743434754e-28
12.3118703042  5.82258617654e-28
12.7385475318  1.09716241454e-27
13.1800115832  2.53589865563e-27
13.6367749069  5.38597346268e-27
14.109367711  1.05715976587e-26
14.5983385781  2.36230235106e-26
15.1042551023  4.45343363678e-26
15.6277045485  9.56984143889e-26
16.1692945332  1.84993653819e-25
16.7296537307  3.6010929919e-25
17.3094326023  7.15591759716e-25
17.9093041516  1.24095255454e-24
18.5299647055  1.20375690291e-24
19.1721347229  3.0097404023e-24
19.8365596306  7.66573145533e-24
20.5240106887  1.49128414036e-23
21.235285886  2.47271913237e-23
21.9712108661  3.70872593331e-23
22.732639886  5.19738266707e-23
23.5204568076  6.93699250807e-23
24.3355761237  8.46028508113e-23
25.1789440195  9.35178462066e-23
26.0515394711  1.02040024346e-22
26.9543753815  1.10182786433e-22
27.888499757  1.17959068839e-22
28.8549969231  1.25381358808e-22
29.8549887833  1.32461709698e-22
30.8896361219  1.39211755766e-22
31.9601399508  1.4564272652e-22
33.0677429039  1.51765460651e-22
34.2137306796  1.57590419549e-22
35.3994335331  1.63127700426e-22
36.6262278206  1.68387049057e-22
37.8955375971  1.73377872151e-22
39.208836269  1.78109249371e-22
40.5676483051  1.82589945003e-22
41.9735510055  1.86828419306e-22
43.4281763331  1.9083283954e-22
44.9332128076  1.94611090692e-22
46.4904074655  1.98170785917e-22
48.1015678884  2.015192767e-22
49.768564301  2.0466366275e-22
51.4933317418  2.07610801654e-22
53.2778723099  2.10367318281e-22
55.1242574883  2.12939613968e-22
57.0346305491  2.15333875496e-22
59.011209041  2.17556083856e-22
61.0562873636  2.1961202284e-22
63.1722394306  2.21507287443e-22
65.3615214255  2.23247292115e-22
67.6266746527  2.24837278854e-22
69.9703284874  2.2628232516e-22
72.3952034279  2.27587351867e-22
74.9041142534  2.2875713085e-22
77.4999732914  2.29796292633e-22
80.1857937984  2.30709333899e-22
82.9646934573  2.31500624917e-22
85.839897997  2.32174416888e-22
88.8147449364  2.32734849226e-22
91.8926874587  2.33185956781e-22
95.0772984195  2.33531677001e-22
98.3722744949  2.33775857052e-22
101.781440472  2.33922260885e-22
105.308753688  2.33974576263e-22
108.958308626  2.33936421739e-22
112.734341665  2.33811353586e-22
116.641236001  2.33602872668e-22
120.683526731  2.33314431255e-22
124.86590612  2.32949439747e-22
129.193229047  2.32511273309e-22
133.670518641  2.32003278386e-22
138.30297211  2.31428779071e-22
143.095966777  2.30791083293e-22
148.055066318  2.30093488786e-22
153.186027225  2.29339288791e-22
158.494805484  2.28531777446e-22
163.987563491  2.27674254787e-22
169.670677203  2.26770031309e-22
175.550743543  2.25822432003e-22
181.634588052  2.24834799789e-22
187.92927282  2.23810498252e-22
194.442104674  2.22752913596e-22
201.180643669  2.21665455699e-22
208.152711857  2.20551558187e-22
215.36640237  2.19414677411e-22
222.830088813  2.18258290224e-22
230.552434985  2.1708589047e-22
238.542404936  2.15900984096e-22
246.809273372  2.14707082802e-22
255.362636419  2.13507696189e-22
264.212422767  2.12306322352e-22
273.36890519  2.11106436928e-22
282.842712475  2.09911480611e-22
292.644841755  2.08724845206e-22
302.786671278  2.07651900248e-22
313.279973616  2.06489880562e-22
324.136929326  2.05345992687e-22
335.370141092  2.04223260548e-22
346.992648354  2.03124572638e-22
359.017942442  2.02052663095e-22
371.459982242  2.01010092985e-22
384.333210392  1.99999232153e-22
397.652570053  1.99022242072e-22
411.433522251  1.9808106008e-22
425.692063826  1.97177385414e-22
440.444746003  1.96312667411e-22
455.708693598  1.95488096238e-22
471.501624905  1.94704596443e-22
487.841872255  1.93962823574e-22
504.748403302  1.93263164066e-22
522.240843039  1.92605738507e-22
540.339496577  1.91990408355e-22
559.065372716  1.91416786121e-22
578.440208331  1.90884248971e-22
598.486493608  1.9039195573e-22
619.227498145  1.89938867239e-22
640.687297966  1.89523770149e-22
662.890803468  1.89145304387e-22
685.863788337  1.88801994982e-22
709.632919466  1.88492289879e-22
734.225787909  1.88214608067e-22
759.670940909  1.87968574452e-22
785.997915035  1.87769921001e-22
813.237270468  1.87623622963e-22
841.420626478  1.87529000136e-22
870.580698121  1.87485202331e-22
900.751334221  1.86777868245e-22
931.967556657  1.86887018812e-22
964.26560102  1.87039237984e-22
997.682958669  1.87235233236e-22
1032.25842026  1.8747559161e-22
1068.03212076  1.8776077695e-22
1105.04558606  1.88091128047e-22
1143.34178114  1.88466857736e-22
1182.96515999  1.88888052956e-22
1223.96171716  1.8935467578e-22
1266.37904119  1.89866565404e-22
1310.26636984  1.90423441046e-22
1355.67464724  1.91024905733e-22
1402.65658302  1.91670450888e-22
1451.26671352  1.94675841631e-22
1501.56146504  1.96045743088e-22
1553.59921943  1.97323814871e-22
1607.44038177  1.98519003732e-22
1663.14745053  1.99639384661e-22
1720.78509012  2.00692283415e-22
1780.42020593  2.01684376844e-22
1842.12202203  2.02621775591e-22
1905.96216149  2.0351009267e-22
1972.01472953  2.04354500649e-22
2040.35639954  2.05159779555e-22
2111.06650209  2.05930357218e-22
2184.22711702  2.06670343366e-22
2259.92316869  2.07129725085e-22
2338.24252459  2.07719368703e-22
2419.27609733  2.08259672868e-22
2503.11795014  2.08753847284e-22
2589.86540613  2.09204856247e-22
2679.61916116  2.09615444712e-22
2772.48340082  2.09988160939e-22
2868.56592133  2.1032537623e-22
2967.97825465  2.10629302192e-22
3070.83579797  2.10902005865e-22
3177.25794767  2.11145423012e-22
3287.3682379  2.11361369819e-22
3401.29448396  2.11551553217e-22
3519.16893071  2.11717579997e-22
3641.12840605  2.11860964877e-22
3767.31447975  2.11983137649e-22
3897.87362778  2.12085449517e-22
4032.95740237  2.12169178734e-22
4172.72260789  2.12235535616e-22
4317.33148289  2.12285667008e-22
4466.95188841  2.12320660276e-22
4621.75750286  2.12341546878e-22
4781.9280236  2.12349305568e-22
4947.64937553  2.12344865278e-22
5119.11392693  2.12329107716e-22
5296.52071274  2.12302869727e-22
5480.07566562  2.12266945435e-22
5669.99185496  2.12222088205e-22
5866.48973427  2.12169012437e-22
6069.79739701  2.12108395239e-22
6280.15084139  2.12040877964e-22
6497.79424435  2.11967067661e-22
6722.98024494  2.11887538428e-22
6955.97023761  2.11802832706e-22
7197.03467565  2.11713462492e-22
7446.4533851  2.11619910519e-22
7704.51588959  2.11522631375e-22
7971.52174641  2.11422052594e-22
8247.78089423  2.11318575713e-22
8533.61401289  2.11212577292e-22
8829.35289564  2.11104409925e-22
9135.34083425  2.10994403211e-22
9451.93301755  2.10882864724e-22
9779.49694371  2.10770080946e-22
10118.4128468  2.10656318199e-22
10469.0741383  2.10541823547e-22
10831.8878634  2.10426825691e-22
11207.2751741  2.10311535841e-22
11595.6718175  2.10196148572e-22
11997.5286419  2.10080842664e-22
12413.3121201  2.09965781922e-22
12843.504891  2.09851115977e-22
13288.6063194  2.09736981065e-22
13749.1330763  2.0962350079e-22
14225.6197382  2.09510786859e-22
14718.6194077  2.09398939798e-22
15228.7043556  2.09288049648e-22
15756.4666852  2.0917819663e-22
16302.5190197  2.09069451791e-22
16867.4952131  2.08961877623e-22
17452.0510861  2.0885552866e-22
18056.8651874  2.08750452045e-22
18682.6395812  2.08646688076e-22
19330.1006626  2.08544270724e-22
20000  2.08443228127e-22

