2 20 101
101
2  0
2.04658598456  1.72200433333e-41
2.0942570961  3.48411930031e-41
2.14303861048  5.28727919761e-41
2.19295639229  7.13244008447e-41
2.2440369086  9.02058028964e-41
2.29630724299  1.095270093e-40
2.34979510988  1.29298264416e-40
2.40452886923  1.49530051224e-40
2.46053754162  1.70233096886e-40
2.51785082359  1.91418378431e-40
2.57649910339  2.13097128576e-40
2.63651347711  2.3528084168e-40
2.69792576518  2.57981279842e-40
2.76076852921  2.81210479136e-40
2.82507508925  3.04980755989e-40
2.89087954149  3.29304713717e-40
2.95821677634  3.54195249205e-40
3.02712249687  3.82607811862e-37
3.09763323782  1.37631782481e-36
3.16978638492  2.39317431742e-36
3.24362019472  3.43371644047e-36
3.31917381488  4.49849590315e-36
3.39648730492  5.58807726564e-36
3.4756016575  6.7030382384e-36
3.55655882008  7.84396998848e-36
3.63940171722  9.01147745302e-36
3.72417427333  1.02061796599e-35
3.81092143593  1.14287100561e-35
3.89968919952  1.26797168433e-35
3.99052462994  4.30725576335e-35
4.08347588934  1.18017699671e-33
4.17859226171  2.50886774174e-33
4.275924179  3.86850767003e-33
4.3755232479  5.25981768068e-33
4.47744227714  6.68353546467e-33
4.58173530554  8.14041589601e-33
4.68845763064  9.63123143199e-33
4.79766583804  1.11567725227e-32
4.90941783137  1.27178480303e-32
5.02377286302  5.95154086857e-32
5.14079156554  2.80502590946e-31
5.26053598379  5.07179588961e-31
5.38306960785  7.39136572541e-31
5.50845740668  9.76496528349e-31
5.63676586253  1.21938530778e-30
5.76806300625  1.46793169367e-30
5.90241845333  1.7222674686e-30
6.0399034408  4.94402970663e-30
6.18059086503  1.56517101718e-29
6.32455532034  2.66088045553e-29
6.47187313859  3.78211224538e-29
6.62262242965  4.92946087865e-29
6.77688312278  6.10353469478e-29
6.93473700905  7.30495620325e-29
7.09626778467  2.09818213393e-28
7.2615610954  4.36123481862e-28
7.43070458194  6.67700077203e-28
7.60378792641  9.04670784391e-28
7.78090289989  1.14716124843e-27
7.96214341107  1.40070454264e-27
8.14760555608  3.50738916307e-27
8.33738766941  6.15634322918e-27
8.53159037603  8.8669993619e-27
8.7303166448  1.1640794787e-26
8.93367184302  1.44792002075e-26
9.1417637923  2.86000902595e-26
9.35470282574  4.84200296146e-26
9.57260184645  6.87016346641e-26
9.79557638737  8.94556589835e-26
10.0237446725  1.20852829885e-25
10.2572276798  2.22535978364e-25
10.496149205  3.28472134065e-25
10.7406359274  4.36875859824e-25
10.9908174772  5.6128827105e-25
11.2468265038  9.41115054332e-25
11.5087987467  1.35423844397e-24
11.7768731071  1.77698471353e-24
12.0511917215  2.34586324097e-24
12.3319000372  3.51286651725e-24
12.6191468896  4.71068014671e-24
12.9130845807  5.9363944398e-24
13.2138689602  7.99360677176e-24
13.5216595078  1.04326529541e-23
13.8366194184  1.29285118204e-23
14.1589156877  1.59607046713e-23
14.4887192015  1.95666113896e-23
14.826204826  2.32565104653e-23
15.1715515006  2.72155238688e-23
15.5249423326  3.14566379217e-23
15.8865646945  3.57965402115e-23
16.2566103233  4.01553395252e-23
16.6352754221  4.45784886775e-23
17.022760764  4.90709553051e-23
17.4192717991  5.33614010428e-23
17.8250187627  5.77381123892e-23
18.2402167871  6.19731425738e-23
18.6650860159  6.61252195994e-23
19.0998517204  7.02775423627e-23
19.5447444191  7.4197294831e-23
20  7.820801e-23

