4 20 101
101
4  0
4.06489836507  1.00271867934e-42
4.13084967959  2.02170605941e-42
4.19787102722  3.05722609322e-42
4.26597976883  4.10954701634e-42
4.33519354694  5.17894141631e-42
4.4055302903  6.26568630333e-42
4.47700821858  7.37006318195e-42
4.54964584702  8.49235812403e-42
4.6234619913  9.63286184283e-42
4.69847577235  1.07918697683e-41
4.77470662134  1.19696821236e-41
4.85217428469  1.3166604003e-41
4.93089882922  1.43829454507e-41
5.0109006473  8.18671774531e-40
5.09220046219  6.17202115655e-39
5.17481933334  1.16887929544e-38
5.2587786619  1.72950721199e-38
5.34410019626  2.29923108733e-38
5.43080603763  2.87819849969e-38
5.51891864584  3.46655942166e-38
5.60846084511  4.06446625912e-38
5.69945582996  4.67207389063e-38
5.79192717125  5.28953970761e-38
5.88589882225  5.91702365509e-38
5.98139512488  7.64949199838e-38
6.07844081599  2.49120741159e-36
6.17706103378  5.53932271981e-36
6.27728132428  8.63689245305e-36
6.37912764804  1.17847189891e-35
6.48262638677  1.49836177241e-35
6.58780435024  1.82344172836e-35
6.69468878317  2.15379597372e-35
6.80330737234  2.48951008169e-35
6.91368825372  2.83067101384e-35
7.02586001978  1.20258699519e-34
7.13985172691  5.12458107081e-34
7.25569290288  9.11277914862e-34
7.3734135546  1.31656841101e-33
7.49304417576  1.72843457981e-33
7.61461575486  2.14698310885e-33
7.73815978314  2.5723224167e-33
7.86370826279  3.00456268097e-33
7.9912937152  4.06517184371e-33
8.12094918942  2.09308957054e-32
8.25270827072  3.99482386153e-32
8.38660508926  5.92741301409e-32
8.52267432896  7.89135763574e-32
8.66095123645  9.88716645615e-32
8.80147163025  1.19153564589e-31
8.94427191  1.39764530155e-31
9.08938906592  4.17422585524e-31
9.23686068839  8.62225313427e-31
9.38672497765  1.31424478379e-30
9.53902075375  1.7735980853e-30
9.69378746657  2.24040420637e-30
9.85106520605  2.71478406596e-30
10.0108947126  3.76731510483e-30
10.1733173875  9.706662051e-30
10.3383753039  1.59375323736e-29
10.5061112176  2.22694960205e-29
10.6765685779  2.87041931894e-29
10.8497915392  3.52432906899e-29
11.0258249723  4.97853363842e-29
11.2047144759  1.06593455464e-28
11.3865063885  1.64918918264e-28
11.5712478006  2.24190687859e-28
11.7589865666  2.84424117688e-28
11.9497713174  3.45634810298e-28
12.1436514728  6.52750534432e-28
12.3406772544  1.05187354133e-27
12.5408996988  1.45747215588e-27
12.7443706706  1.86965144217e-27
12.9511428756  2.28919286694e-27
13.1612698752  4.02330033826e-27
13.3748060995  6.18926445741e-27
13.5918068618  8.39037045909e-27
13.8123283727  1.0627188506e-26
14.036427755  1.41297966052e-26
14.2641630582  2.36776885654e-26
14.4955932736  3.34433493642e-26
14.7307783496  4.33674540178e-26
14.9697792074  5.38793422488e-26
15.2126577564  8.67153969289e-26
15.4594769106  1.23841489827e-25
15.7103006046  1.61569938408e-25
15.9651938106  2.01043051966e-25
16.2242225547  3.09848515704e-25
16.4874539343  4.3276651425e-25
16.7549561354  5.57678807082e-25
17.0267984504  7.11141416746e-25
17.3030512959  1.05419289213e-24
17.5837862308  1.40814518253e-24
17.8690759753  1.76784020417e-24
18.1589944294  2.39300807971e-24
18.4536166918  3.24558598277e-24
18.75301908  4.11199661382e-24
19.0572791496  5.14160621994e-24
19.3664757145  6.81894161448e-24
19.6806888673  8.52706401336e-24
20  1.02629e-23

