2 20 101
101
2  0
2.04658598456  1.30300532959e-41
2.0942570961  2.63636155226e-41
2.14303861048  4.00077563113e-41
2.19295639229  5.39697099661e-41
2.2440369086  6.82568792996e-41
2.29630724299  8.28768395581e-41
2.34979510988  9.78373424381e-41
2.40452886923  1.13146320196e-40
2.46053754162  1.28811889855e-40
2.51785082359  1.44842357507e-40
2.57649910339  1.61246222718e-40
2.63651347711  1.78032183035e-40
2.69792576518  1.95209138596e-40
2.76076852921  2.1278619685e-40
2.82507508925  2.30772677387e-40
2.89087954149  2.49178116876e-40
2.95821677634  2.68012274125e-40
3.02712249687  2.91299216556e-37
3.09763323782  1.04786679627e-36
3.16978638492  1.82205709877e-36
3.24362019472  2.61428061002e-36
3.31917381488  3.42495737739e-36
3.39648730492  4.25451723246e-36
3.4756016575  5.10340001882e-36
3.55655882008  5.97205582537e-36
3.63940171722  6.86094522492e-36
3.72417427333  7.77053951839e-36
3.81092143593  8.70132098472e-36
3.89968919952  9.65378313656e-36
3.99052462994  3.28855702063e-35
4.08347588934  9.02216695161e-34
4.17859226171  1.91801864251e-33
4.275924179  2.95748165678e-33
4.3755232479  4.02115687501e-33
4.47744227714  5.1096082719e-33
4.58173530554  6.22341295876e-33
4.68845763064  7.36316148961e-33
4.79766583804  8.52945817418e-33
4.90941783137  9.72292139842e-33
5.02377286302  4.55503332067e-32
5.14079156554  2.14740881612e-31
5.26053598379  3.88287628507e-31
5.38306960785  5.65876798438e-31
5.50845740668  7.47602551533e-31
5.63676586253  9.33561241192e-31
5.76806300625  1.12385146517e-30
5.90241845333  1.31857411787e-30
6.0399034408  3.78161410873e-30
6.18059086503  1.1966921e-29
6.32455532034  2.03428881814e-29
6.47187313859  2.89139567018e-29
6.62262242965  3.76846710551e-29
6.77688312278  4.66596815901e-29
6.93473700905  5.58437469762e-29
7.09626778467  1.60112521814e-28
7.2615610954  3.32624059189e-28
7.43070458194  5.09153906473e-28
7.60378792641  6.89795662127e-28
7.78090289989  8.74645104801e-28
7.96214341107  1.06792010069e-27
8.14760555608  2.67384640122e-27
8.33738766941  4.69314516738e-27
8.53159037603  6.75947944411e-27
8.7303166448  8.87394482921e-27
8.93367184302  1.10376624402e-26
9.1417637923  2.1872621429e-26
9.35470282574  3.70874134834e-26
9.57260184645  5.26566035716e-26
9.79557638737  6.85884466845e-26
10.0237446725  9.28486887569e-26
10.2572276798  1.72150613822e-25
10.496149205  2.54775698047e-25
10.7406359274  3.39325367722e-25
10.9908174772  4.36722954186e-25
11.2468265038  7.40117657133e-25
11.5087987467  1.07030485241e-24
11.7768731071  1.40818309547e-24
12.0511917215  1.86874250555e-24
12.3319000372  2.83274588625e-24
12.6191468896  3.82225958825e-24
12.9130845807  4.83482202526e-24
13.2138689602  6.59655259897e-24
13.5216595078  8.70106123507e-24
13.8366194184  1.08545901746e-23
14.1589156877  1.35465544649e-23
14.4887192015  1.68149072869e-23
14.826204826  2.01593898258e-23
15.1715515006  2.38266994482e-23
15.5249423326  2.7833338684e-23
15.8865646945  3.19333045367e-23
16.2566103233  3.6123792622e-23
16.6352754221  4.04096378094e-23
17.022760764  4.47681890934e-23
17.4192717991  4.89815198717e-23
17.8250187627  5.32819913637e-23
18.2402167871  5.74538296174e-23
18.6650860159  6.1552292395e-23
19.0998517204  6.56513522184e-23
19.5447444191  6.95220631011e-23
20  7.34826e-23

