4 20000 251
251
4  0
4.13862304168  3.89741028566e-41
4.28205017028  7.92988828844e-41
4.43044787508  1.21021148828e-40
4.58398841519  1.64189331624e-40
4.74285001948  2.08853540621e-40
4.90721709346  2.55065621744e-40
5.07728043337  5.38178218185e-38
5.25323744766  1.75713523209e-37
5.43529238607  3.01833612823e-37
5.62365657681  4.32324490047e-37
5.81854867182  5.67337627849e-37
6.02019490058  5.1987132681e-36
6.22882933273  5.17470323181e-35
6.44469414978  9.99085187609e-35
6.66803992621  1.49739078139e-34
6.89912592036  2.01296553445e-34
7.13822037536  2.85266050339e-33
7.38560083051  7.55766932421e-33
7.64155444345  1.24257338035e-32
7.90637832347  1.74625047591e-32
8.18037987644  1.36745316477e-31
8.46387716158  3.21419753263e-31
8.75719926071  5.12494223086e-31
9.06068666023  1.37654074887e-30
9.37469164637  5.02891845397e-30
9.69957871407  8.80787208577e-30
10.0357249902  1.68927029507e-29
10.3835206711  6.15824227524e-29
10.7433694757  1.07820898777e-28
11.1156891144  2.55169570572e-28
11.5009117732  6.3601029856e-28
11.8994846163  1.03004935158e-27
12.3118703042  2.92678441196e-27
12.7385475318  5.38579981245e-27
13.1800115832  1.17533620681e-26
13.6367749069  2.40871219209e-26
14.109367711  4.54573373572e-26
14.5983385781  9.71507514307e-26
15.1042551023  1.76487859162e-25
15.6277045485  3.61626474945e-25
16.1692945332  6.65508241461e-25
16.7296537307  1.23550013821e-24
17.3094326023  2.27741798693e-24
17.9093041516  3.76419101842e-24
18.5299647055  5.32269582879e-24
19.1721347229  9.12819778627e-24
19.8365596306  1.53291221126e-23
20.5240106887  2.39028745457e-23
21.235285886  3.48290381111e-23
21.9712108661  4.80893229802e-23
22.732639886  6.36675174996e-23
23.5204568076  8.15494403297e-23
24.3355761237  9.65462265963e-23
25.1789440195  1.04439940611e-22
26.0515394711  1.11980449878e-22
26.9543753815  1.19179778302e-22
27.888499757  1.26049532565e-22
28.8549969231  1.32600916232e-22
29.8549887833  1.38844743446e-22
30.8896361219  1.44791452217e-22
31.9601399508  1.50451117326e-22
33.0677429039  1.55833462842e-22
34.2137306796  1.6094787428e-22
35.3994335331  1.65803410405e-22
36.6262278206  1.7040881469e-22
37.8955375971  1.74772526451e-22
39.208836269  1.78902691661e-22
40.5676483051  1.82807173464e-22
41.9735510055  1.86493562386e-22
43.4281763331  1.8996918628e-22
44.9332128076  1.93241119991e-22
46.4904074655  1.96316194768e-22
48.1015678884  1.9920100743e-22
49.768564301  2.01901929301e-22
51.4933317418  2.04425114923e-22
53.2778723099  2.06776510555e-22
55.1242574883  2.0896186248e-22
57.0346305491  2.10986725119e-22
59.011209041  2.12856468977e-22
61.0562873636  2.14576288419e-22
63.1722394306  2.16151209297e-22
65.3615214255  2.17586096434e-22
67.6266746527  2.18885660976e-22
69.9703284874  2.20054467633e-22
72.3952034279  2.21096941798e-22
74.9041142534  2.2201737658e-22
77.4999732914  2.22819939738e-22
80.1857937984  2.23508680545e-22
82.9646934573  2.24087536576e-22
85.839897997  2.24560340436e-22
88.8147449364  2.24930826433e-22
91.8926874587  2.25202637206e-22
95.0772984195  2.25379330307e-22
98.3722744949  2.25464384749e-22
101.781440472  2.25461207518e-22
105.308753688  2.25373140044e-22
108.958308626  2.25203464649e-22
112.734341665  2.2495541094e-22
116.641236001  2.24632162174e-22
120.683526731  2.24236861544e-22
124.86590612  2.23772618422e-22
129.193229047  2.2324251449e-22
133.670518641  2.22649609782e-22
138.30297211  2.21996948576e-22
143.095966777  2.21287565128e-22
148.055066318  2.2052448919e-22
153.186027225  2.19710751285e-22
158.494805484  2.18849387671e-22
163.987563491  2.17943444946e-22
169.670677203  2.16995984226e-22
175.550743543  2.16010084825e-22
181.634588052  2.14988847347e-22
187.92927282  2.13935396119e-22
194.442104674  2.12852880867e-22
201.180643669  2.11744477532e-22
208.152711857  2.10613388142e-22
215.36640237  2.0946283963e-22
222.830088813  2.08296081504e-22
230.552434985  2.07116382279e-22
238.542404936  2.05927024589e-22
246.809273372  2.04731298897e-22
255.362636419  2.0353249577e-22
264.212422767  2.02333896664e-22
273.36890519  2.01138763237e-22
282.842712475  1.99950325197e-22
292.644841755  1.98771766756e-22
302.786671278  1.97704978566e-22
313.279973616  1.96553589925e-22
324.136929326  1.9542129266e-22
335.370141092  1.94310922212e-22
346.992648354  1.93225184934e-22
359.017942442  1.92166639897e-22
371.459982242  1.91137680889e-22
384.333210392  1.90140519017e-22
397.652570053  1.89177166266e-22
411.433522251  1.88249420427e-22
425.692063826  1.87358851766e-22
440.444746003  1.86506791794e-22
455.708693598  1.85694324484e-22
471.501624905  1.84922280199e-22
487.841872255  1.84191232586e-22
504.748403302  1.835014986e-22
522.240843039  1.82853141774e-22
540.339496577  1.82245978808e-22
559.065372716  1.81679589457e-22
578.440208331  1.81153329712e-22
598.486493608  1.80666348216e-22
619.227498145  1.80217605895e-22
640.687297966  1.79805898864e-22
662.890803468  1.79429884856e-22
685.863788337  1.79088113814e-22
709.632919466  1.78779064241e-22
734.225787909  1.7850118946e-22
759.670940909  1.78254108238e-22
785.997915035  1.78052972224e-22
813.237270468  1.77902559155e-22
841.420626478  1.7780219501e-22
870.580698121  1.77751043986e-22
900.751334221  1.77064626576e-22
931.967556657  1.77161033346e-22
964.26560102  1.77299156673e-22
997.682958669  1.77479657934e-22
1032.25842026  1.77703083475e-22
1068.03212076  1.77969861968e-22
1105.04558606  1.78280302647e-22
1143.34178114  1.78634594441e-22
1182.96515999  1.7903280605e-22
1223.96171716  1.79474886935e-22
1266.37904119  1.79960669234e-22
1310.26636984  1.80489870547e-22
1355.67464724  1.81062097569e-22
1402.65658302  1.81676850495e-22
1451.26671352  1.84564698064e-22
1501.56146504  1.85877144878e-22
1553.59921943  1.87101154393e-22
1607.44038177  1.88245357209e-22
1663.14745053  1.89317540611e-22
1720.78509012  1.90324767303e-22
1780.42020593  1.91273472626e-22
1842.12202203  1.92169544677e-22
1905.96216149  1.9301839074e-22
1972.01472953  1.93824992675e-22
2040.35639954  1.94593953315e-22
2111.06650209  1.95329535541e-22
2184.22711702  1.96035695295e-22
2259.92316869  1.96473167112e-22
2338.24252459  1.97035207405e-22
2419.27609733  1.97549936772e-22
2503.11795014  1.98020441915e-22
2589.86540613  1.98449573152e-22
2679.61916116  1.98839969537e-22
2772.48340082  1.9919408068e-22
2868.56592133  1.99514185769e-22
2967.97825465  1.99802410201e-22
3070.83579797  2.00060740157e-22
3177.25794767  2.0029103541e-22
3287.3682379  2.00495040599e-22
3401.29448396  2.00674395168e-22
3519.16893071  2.00830642157e-22
3641.12840605  2.00965235965e-22
3767.31447975  2.01079549243e-22
3897.87362778  2.01174879002e-22
4032.95740237  2.01252452041e-22
4172.72260789  2.01313429777e-22
4317.33148289  2.01358912554e-22
4466.95188841  2.01389943489e-22
4621.75750286  2.0140751191e-22
4781.9280236  2.01412556449e-22
4947.64937553  2.01405967814e-22
5119.11392693  2.01388591301e-22
5296.52071274  2.01361229064e-22
5480.07566562  2.01324642183e-22
5669.99185496  2.0127955255e-22
5866.48973427  2.01226644609e-22
6069.79739701  2.01166566957e-22
6280.15084139  2.01099933835e-22
6497.79424435  2.0102732652e-22
6722.98024494  2.00949294636e-22
6955.97023761  2.00866357392e-22
7197.03467565  2.00779004761e-22
7446.4533851  2.00687698608e-22
7704.51588959  2.00592873778e-22
7971.52174641  2.00494939137e-22
8247.78089423  2.00394278595e-22
8533.61401289  2.0029125209e-22
8829.35289564  2.00186196555e-22
9135.34083425  2.00079426865e-22
9451.93301755  1.99971236753e-22
9779.49694371  1.99861899724e-22
10118.4128468  1.99751669945e-22
10469.0741383  1.99640783112e-22
10831.8878634  1.99529457311e-22
11207.2751741  1.99417893862e-22
11595.6718175  1.99306278134e-22
11997.5286419  1.9919478036e-22
12413.3121201  1.9908355642e-22
12843.504891  1.98972748615e-22
13288.6063194  1.98862486414e-22
13749.1330763  1.98752887184e-22
14225.6197382  1.98644056903e-22
14718.6194077  1.98536090846e-22
15228.7043556  1.98429074246e-22
15756.4666852  1.98323082944e-22
16302.5190197  1.98218184001e-22
16867.4952131  1.981144363e-22
17452.0510861  1.9801189111e-22
18056.8651874  1.97910592637e-22
18682.6395812  1.97810578547e-22
19330.1006626  1.97711880462e-22
20000  1.97614524434e-22

