4 20000 251
251
4  0
4.13862304168  1.88602811993e-41
4.28205017028  3.83741797854e-41
4.43044787508  5.85643473657e-41
4.58398841519  7.94542205564e-41
4.74285001948  1.01068048188e-40
4.90721709346  1.23430919451e-40
5.07728043337  2.96538923058e-38
5.25323744766  9.68619861407e-38
5.43529238607  1.66399227574e-37
5.62365657681  2.38346334986e-37
5.81854867182  3.12786824116e-37
6.02019490058  3.10001206695e-36
6.22882933273  3.11789517056e-35
6.44469414978  6.02309883492e-35
6.66803992621  9.02898454145e-35
6.89912592036  1.21390415029e-34
7.13822037536  1.82942227767e-33
7.38560083051  4.86208111898e-33
7.64155444345  7.99983905852e-33
7.90637832347  1.12463383855e-32
8.18037987644  9.20323888923e-32
8.46387716158  2.1719741261e-31
8.75719926071  3.46700125402e-31
9.06068666023  9.51419607595e-31
9.37469164637  3.52569914026e-30
9.69957871407  6.18919228766e-30
10.0357249902  1.19895932559e-29
10.3835206711  4.44812003624e-29
10.7433694757  7.80988288204e-29
11.1156891144  1.87312178447e-28
11.5009117732  4.71140211412e-28
11.8994846163  7.64804520688e-28
12.3118703042  2.20544419053e-27
12.7385475318  4.07509634352e-27
13.1800115832  8.97956631582e-27
13.6367749069  1.85172221707e-26
14.109367711  3.51845802031e-26
14.5983385781  7.57930816345e-26
15.1042551023  1.38611249783e-25
15.6277045485  2.86528672977e-25
16.1692945332  5.32281573823e-25
16.7296537307  9.97493644639e-25
17.3094326023  1.86697727685e-24
17.9093041516  3.1174657415e-24
18.5299647055  4.39818132639e-24
19.1721347229  7.95581637302e-24
19.8365596306  1.39475393663e-23
20.5240106887  2.23501849881e-23
21.235285886  3.31428060744e-23
21.9712108661  4.63066226562e-23
22.732639886  6.18249722025e-23
23.5204568076  7.96832610091e-23
24.3355761237  9.47543018577e-23
25.1789440195  1.02818222426e-22
26.0515394711  1.10522302469e-22
26.9543753815  1.17878796435e-22
27.888499757  1.24899533578e-22
28.8549969231  1.31595932327e-22
29.8549887833  1.37979014241e-22
30.8896361219  1.44059417553e-22
31.9601399508  1.4984741031e-22
33.0677429039  1.55352903131e-22
34.2137306796  1.60585461595e-22
35.3994335331  1.6555431826e-22
36.6262278206  1.70268384344e-22
37.8955375971  1.7473626106e-22
39.208836269  1.78966250636e-22
40.5676483051  1.82966367022e-22
41.9735510055  1.86744346294e-22
43.4281763331  1.90307656774e-22
44.9332128076  1.93663508882e-22
46.4904074655  1.96818864712e-22
48.1015678884  1.99780447374e-22
49.768564301  2.0255475008e-22
51.4933317418  2.05148045022e-22
53.2778723099  2.0756639202e-22
55.1242574883  2.09815646978e-22
57.0346305491  2.11901470141e-22
59.011209041  2.1382933418e-22
61.0562873636  2.15604532103e-22
63.1722394306  2.17232185013e-22
65.3615214255  2.18717249722e-22
67.6266746527  2.20064526229e-22
69.9703284874  2.21278665074e-22
72.3952034279  2.22364174585e-22
74.9041142534  2.23325428017e-22
77.4999732914  2.24166670609e-22
80.1857937984  2.24892026546e-22
82.9646934573  2.25505505861e-22
85.839897997  2.26011011265e-22
88.8147449364  2.26412344925e-22
91.8926874587  2.26713215187e-22
95.0772984195  2.26917243263e-22
98.3722744949  2.27027969871e-22
101.781440472  2.27048861839e-22
105.308753688  2.26983318677e-22
108.958308626  2.26834679108e-22
112.734341665  2.26606227557e-22
116.641236001  2.26301200596e-22
120.683526731  2.25922793328e-22
124.86590612  2.25474165703e-22
129.193229047  2.24958448742e-22
133.670518641  2.24378750655e-22
138.30297211  2.23738162816e-22
143.095966777  2.23039765576e-22
148.055066318  2.22286633855e-22
153.186027225  2.21481842494e-22
158.494805484  2.20628471287e-22
163.987563491  2.1972960966e-22
169.670677203  2.18788360911e-22
175.550743543  2.17807845953e-22
181.634588052  2.16791206465e-22
187.92927282  2.15741607378e-22
194.442104674  2.14662238595e-22
201.180643669  2.13556315858e-22
208.152711857  2.12427080645e-22
215.36640237  2.11277799022e-22
222.830088813  2.10111759332e-22
230.552434985  2.08932268633e-22
238.542404936  2.07742647812e-22
246.809273372  2.06546225291e-22
255.362636419  2.05346329269e-22
264.212422767  2.04146278482e-22
273.36890519  2.02949371467e-22
282.842712475  2.01758874349e-22
292.644841755  2.00578007228e-22
302.786671278  1.99509257873e-22
313.279973616  1.98355159036e-22
324.136929326  1.97220005867e-22
335.370141092  1.96106666588e-22
346.992648354  1.95017879272e-22
359.017942442  1.93956233521e-22
371.459982242  1.92924152335e-22
384.333210392  1.91923874574e-22
397.652570053  1.90957438391e-22
411.433522251  1.90026666028e-22
425.692063826  1.89133150369e-22
440.444746003  1.88278243602e-22
455.708693598  1.87463048343e-22
471.501624905  1.86688411492e-22
487.841872255  1.85954921066e-22
504.748403302  1.85262906197e-22
522.240843039  1.84612440392e-22
540.339496577  1.84003348136e-22
559.065372716  1.83435214828e-22
578.440208331  1.82907400033e-22
598.486493608  1.82419053991e-22
619.227498145  1.81969137376e-22
640.687297966  1.81556444358e-22
662.890803468  1.81179629205e-22
685.863788337  1.80837237099e-22
709.632919466  1.80527740733e-22
734.225787909  1.80249586907e-22
759.670940909  1.80002394785e-22
785.997915035  1.79801415412e-22
813.237270468  1.79651459877e-22
841.420626478  1.79551852344e-22
870.580698121  1.79501753741e-22
900.751334221  1.78811176608e-22
931.967556657  1.78909625057e-22
964.26560102  1.7905003645e-22
997.682958669  1.79233080295e-22
1032.25842026  1.79459310126e-22
1068.03212076  1.79729160841e-22
1105.04558606  1.80042946914e-22
1143.34178114  1.80400861528e-22
1182.96515999  1.8080297664e-22
1223.96171716  1.81249243978e-22
1266.37904119  1.81739496966e-22
1310.26636984  1.82273453532e-22
1355.67464724  1.82850719761e-22
1402.65658302  1.83470794331e-22
1451.26671352  1.86379011124e-22
1501.56146504  1.87701435026e-22
1553.59921943  1.88934848427e-22
1607.44038177  1.90087935277e-22
1663.14745053  1.91168531608e-22
1720.78509012  1.92183744851e-22
1780.42020593  1.93140051544e-22
1842.12202203  1.9404337785e-22
1905.96216149  1.9489916633e-22
1972.01472953  1.95712431611e-22
2040.35639954  1.96487807032e-22
2111.06650209  1.97229583906e-22
2184.22711702  1.97941744723e-22
2259.92316869  1.98383032473e-22
2338.24252459  1.98949962429e-22
2419.27609733  1.99469224035e-22
2503.11795014  1.99943925452e-22
2589.86540613  2.00376936898e-22
2679.61916116  2.00770915923e-22
2772.48340082  2.01128329375e-22
2868.56592133  2.01451472549e-22
2967.97825465  2.01742485921e-22
3070.83579797  2.02003369824e-22
3177.25794767  2.02235997337e-22
3287.3682379  2.02442125635e-22
3401.29448396  2.02623405992e-22
3519.16893071  2.02781392628e-22
3641.12840605  2.0291755053e-22
3767.31447975  2.03033262381e-22
3897.87362778  2.03129834714e-22
4032.95740237  2.03208503375e-22
4172.72260789  2.03270438383e-22
4317.33148289  2.03316748268e-22
4466.95188841  2.03348483941e-22
4621.75750286  2.03366642158e-22
4781.9280236  2.03372168626e-22
4947.64937553  2.03365960802e-22
5119.11392693  2.03348870412e-22
5296.52071274  2.03321705743e-22
5480.07566562  2.03285233719e-22
5669.99185496  2.03240181805e-22
5866.48973427  2.03187239749e-22
6069.79739701  2.03127061204e-22
6280.15084139  2.0306026522e-22
6497.79424435  2.0298743765e-22
6722.98024494  2.02909132466e-22
6955.97023761  2.02825873008e-22
7197.03467565  2.02738153169e-22
7446.4533851  2.02646438531e-22
7704.51588959  2.02551167456e-22
7971.52174641  2.02452752141e-22
8247.78089423  2.02351579644e-22
8533.61401289  2.02248012874e-22
8829.35289564  2.02142391564e-22
9135.34083425  2.02035033226e-22
9451.93301755  2.01926234072e-22
9779.49694371  2.01816269938e-22
10118.4128468  2.0170539717e-22
10469.0741383  2.0159385351e-22
10831.8878634  2.01481858955e-22
11207.2751741  2.01369616605e-22
11595.6718175  2.01257313492e-22
11997.5286419  2.01145121391e-22
12413.3121201  2.01033197618e-22
12843.504891  2.009216858e-22
13288.6063194  2.00810716634e-22
13749.1330763  2.00700408621e-22
14225.6197382  2.00590868782e-22
14718.6194077  2.00482193349e-22
15228.7043556  2.00374468434e-22
15756.4666852  2.0026777068e-22
16302.5190197  2.00162167881e-22
16867.4952131  2.00057719583e-22
17452.0510861  1.99954477657e-22
18056.8651874  1.99852486853e-22
18682.6395812  1.99751785327e-22
19330.1006626  1.99652405136e-22
20000  1.99554372726e-22

