2 20 101
101
2  0
2.04658598456  8.55295383557e-40
2.0942570961  1.73051315588e-39
2.14303861048  2.62611736902e-39
2.19295639229  3.54258288418e-39
2.2440369086  4.48039562351e-39
2.29630724299  5.44005282774e-39
2.34979510988  6.42206331982e-39
2.40452886923  7.42694777472e-39
2.46053754162  8.45523899546e-39
2.51785082359  9.50748219567e-39
2.57649910339  1.05842352886e-38
2.63651347711  1.16860691831e-38
2.69792576518  1.28135680859e-38
2.76076852921  1.3967329812e-38
2.82507508925  1.5147966101e-38
2.89087954149  1.6356102942e-38
2.95821677634  1.75923809051e-38
3.02712249687  7.53299010043e-36
3.09763323782  2.70688821723e-35
3.16978638492  4.70598236275e-35
3.24362019472  6.75164139277e-35
3.31917381488  8.84494994278e-35
3.39648730492  1.09870179127e-34
3.4756016575  1.31789810553e-34
3.55655882008  1.54220015784e-34
3.63940171722  1.77172687613e-34
3.72417427333  2.0065999585e-34
3.81092143593  2.24694393776e-34
3.89968919952  2.49288624747e-34
3.99052462994  5.93645405911e-34
4.08347588934  1.30721750805e-32
4.17859226171  2.76515098164e-32
4.275924179  4.25704408838e-32
4.3755232479  5.78368784973e-32
4.47744227714  7.34589171244e-32
4.58173530554  8.94448397766e-32
4.68845763064  1.05803122402e-31
4.79766583804  1.22542438378e-31
4.90941783137  1.39671663112e-31
5.02377286302  4.88310360083e-31
5.14079156554  2.11309920398e-30
5.26053598379  3.77970728598e-30
5.38306960785  5.48513565717e-30
5.50845740668  7.23028855825e-30
5.63676586253  9.01609129237e-30
5.76806300625  1.08434907158e-29
5.90241845333  1.27134557399e-29
6.0399034408  3.06793482171e-29
6.18059086503  8.92332290789e-29
6.32455532034  1.49151005036e-28
6.47187313859  2.10464445285e-28
6.62262242965  2.73206059025e-28
6.77688312278  3.3740911269e-28
6.93473700905  4.03107647588e-28
7.09626778467  1.00038226099e-27
7.2615610954  1.97927404114e-27
7.43070458194  2.98096713996e-27
7.60378792641  4.0059926684e-27
7.78090289989  5.05489410856e-27
7.96214341107  6.14695994772e-27
8.14760555608  1.36670989429e-26
8.33738766941  2.30718616423e-26
8.53159037603  3.26956894067e-26
8.7303166448  4.25436849169e-26
8.93367184302  5.26210697105e-26
9.1417637923  9.52049232249e-26
9.35470282574  1.54231623296e-25
9.57260184645  2.14633231837e-25
9.79557638737  2.76441774579e-25
10.0237446725  3.63952009088e-25
10.2572276798  6.19600987417e-25
10.496149205  8.85705092346e-25
10.7406359274  1.15800755814e-24
10.9908174772  1.46232834818e-24
11.2468265038  2.25458024147e-24
11.5087987467  3.11184249092e-24
11.7768731071  3.98907294333e-24
12.0511917215  5.07467324319e-24
12.3319000372  6.99209800695e-24
12.6191468896  8.95918743176e-24
12.9130845807  1.09720962554e-23
13.2138689602  1.37427750627e-23
13.5216595078  1.68736205137e-23
13.8366194184  2.00773927237e-23
14.1589156877  2.35864564958e-23
14.4887192015  2.74199276386e-23
14.826204826  3.13426917952e-23
15.1715515006  3.53311990728e-23
15.5249423326  3.93860408182e-23
15.8865646945  4.3535331961e-23
16.2566103233  4.75572542642e-23
16.6352754221  5.15715246295e-23
17.022760764  5.56405320127e-23
17.4192717991  5.94516570058e-23
17.8250187627  6.33358321132e-23
18.2402167871  6.70682682928e-23
18.6650860159  7.07070990413e-23
19.0998517204  7.43402723779e-23
19.5447444191  7.77494406882e-23
20  8.12377e-23

