4 20 101
101
4  0
4.06489836507  1.67171698582e-41
4.13084967959  3.37055689645e-41
4.19787102722  5.09695979026e-41
4.26597976883  6.85137286538e-41
4.33519354694  8.63425057556e-41
4.4055302903  1.04460547479e-40
4.47700821858  1.22872547023e-40
4.54964584702  1.41583273735e-40
4.6234619913  1.6059757434e-40
4.69847577235  1.799203742e-40
4.77470662134  1.9955667859e-40
4.85217428469  2.19511573993e-40
4.93089882922  2.39790229418e-40
5.0109006473  7.90750285963e-39
5.09220046219  5.88939869366e-38
5.17481933334  1.1143681382e-37
5.2587786619  1.64832126594e-37
5.34410019626  2.19093756493e-37
5.43080603763  2.74235759159e-37
5.51891864584  3.3027241828e-37
5.60846084511  3.87218249291e-37
5.69945582996  4.45088003135e-37
5.79192717125  5.03896670081e-37
5.88589882225  5.63659483611e-37
5.98139512488  6.97084638123e-37
6.07844081599  1.67489697651e-35
6.17706103378  3.70068224695e-35
6.27728132428  5.75933505539e-35
6.37912764804  7.85138866421e-35
6.48262638677  9.97738498775e-35
6.58780435024  1.21378747327e-34
6.69468878317  1.43334175406e-34
6.80330737234  1.65645821333e-34
6.91368825372  1.88319464595e-34
7.02586001978  6.61283645026e-34
7.13985172691  2.66101334656e-33
7.25569290288  4.69449525758e-33
7.3734135546  6.76096958146e-33
7.49304417576  8.86097160661e-33
7.61461575486  1.09950453063e-32
7.73815978314  1.31637434795e-32
7.86370826279  1.53676278941e-32
7.9912937152  2.01866533563e-32
8.12094918942  9.06229033427e-32
8.25270827072  1.6999785472e-31
8.38660508926  2.50660632239e-31
8.52267432896  3.32632130355e-31
8.66095123645  4.15933582523e-31
8.80147163025  5.00586566705e-31
8.94427191  5.86613010954e-31
9.08938906592  1.58308535896e-30
9.23686068839  3.17165188822e-30
9.38672497765  4.78599226011e-30
9.53902075375  6.42652464471e-30
9.69378746657  8.09367399671e-30
9.85106520605  9.78787216553e-30
10.0108947126  1.32884491442e-29
10.1733173875  3.2031493109e-29
10.3383753039  5.16872170194e-29
10.5061112176  7.16618470162e-29
10.6765685779  9.19605572205e-29
10.8497915392  1.12588605701e-28
11.0258249723  1.55787977689e-28
11.2047144759  3.18040315935e-28
11.3865063885  4.846024293e-28
11.5712478006  6.53866944875e-28
11.7589865666  8.25877708031e-28
11.9497713174  1.00067927551e-27
12.1436514728  1.81369701565e-27
12.3406772544  2.86567499832e-27
12.5408996988  3.93472089378e-27
12.7443706706  5.02111162195e-27
12.9511428756  6.12676416575e-27
13.1612698752  1.04205615553e-26
13.3748060995  1.57627059682e-26
13.5918068618  2.11915244907e-26
13.8123283727  2.67084233747e-26
14.036427755  3.51163078436e-26
14.2641630582  5.73056124238e-26
14.4955932736  7.99981550484e-26
14.7307783496  1.03058874902e-25
14.9697792074  1.27403691632e-25
15.2126577564  1.99378870294e-25
15.4594769106  2.8053300819e-25
15.7103006046  3.63003838804e-25
15.9651938106  4.49031691075e-25
16.2242225547  6.71042634865e-25
16.4874539343  9.20847371467e-25
16.7549561354  1.17470508782e-24
17.0267984504  1.47868375467e-24
17.3030512959  2.11209579546e-24
17.5837862308  2.76503752922e-24
17.8690759753  3.42857297574e-24
18.1589944294  4.47838085616e-24
18.4536166918  5.85944952199e-24
18.75301908  7.26292546243e-24
19.0572791496  8.85661355313e-24
19.3664757145  1.11846048191e-23
19.6806888673  1.3554378108e-23
20  1.59626e-23

