4 20 101
101
4  0
4.06489836507  1.1205546408e-39
4.13084967959  2.25928982263e-39
4.19787102722  3.41650051735e-39
4.26597976883  4.59248648261e-39
4.33519354694  5.78755233949e-39
4.4055302903  7.00200765143e-39
4.47700821858  8.23616700442e-39
4.54964584702  9.49035008847e-39
4.6234619913  1.07648817804e-38
4.69847577235  1.20600922282e-38
4.77470662134  1.3376316936e-38
4.85217428469  1.47138968518e-38
4.93089882922  1.60731784549e-38
5.0109006473  2.65473348647e-37
5.09220046219  1.91984438445e-36
5.17481933334  3.62470409867e-36
5.2587786619  5.35722446491e-36
5.34410019626  7.11785426596e-36
5.43080603763  8.90704956591e-36
5.51891864584  1.07252738283e-35
5.60846084511  1.25729980362e-35
5.69945582996  1.44507008141e-35
5.79192717125  1.63588685521e-35
5.88589882225  1.82979955317e-35
5.98139512488  2.16669385671e-35
6.07844081599  3.31264600298e-34
6.17706103378  7.21783650727e-34
6.27728132428  1.11863871313e-33
6.37912764804  1.52193258672e-33
6.48262638677  1.93176973856e-33
6.58780435024  2.34825633068e-33
6.69468878317  2.77150024753e-33
6.80330737234  3.20161112393e-33
6.91368825372  3.6387003735e-33
7.02586001978  9.95683482117e-33
7.13985172691  3.62099425954e-32
7.25569290288  6.29060652018e-32
7.3734135546  9.00353214858e-32
7.49304417576  1.17604738864e-31
7.61461575486  1.45621458772e-31
7.73815978314  1.74092738508e-31
7.86370826279  2.03025953121e-31
7.9912937152  2.57451109794e-31
8.12094918942  9.48551186832e-31
8.25270827072  1.72649185075e-30
8.38660508926  2.51705428397e-30
8.52267432896  3.32044326954e-30
8.66095123645  4.13686691303e-30
8.80147163025  4.96653669643e-30
8.94427191  5.80966753296e-30
9.08938906592  1.36535234769e-29
9.23686068839  2.60512709169e-29
9.38672497765  3.86501667418e-29
9.53902075375  5.14534745018e-29
9.69378746657  6.44645106971e-29
9.85106520605  7.76866456366e-29
10.0108947126  1.02490954008e-28
10.1733173875  2.2473871329e-28
10.3383753039  3.52858912823e-28
10.5061112176  4.83057810225e-28
10.6765685779  6.15369131522e-28
10.8497915392  7.49827149926e-28
11.0258249723  1.00887992695e-27
11.2047144759  1.92366665875e-27
11.3865063885  2.86252899185e-27
11.5712478006  3.81662398257e-27
11.7589865666  4.78619877455e-27
11.9497713174  5.77150452122e-27
12.1436514728  9.85459473516e-27
12.3406772544  1.50989856154e-26
12.5408996988  2.04284645941e-26
12.7443706706  2.58444121909e-26
12.9511428756  3.13552892244e-26
13.1612698752  5.06358226464e-26
13.3748060995  7.44524359466e-26
13.5918068618  9.86554640631e-26
13.8123283727  1.23251176418e-25
14.036427755  1.58974215212e-25
14.2641630582  2.4753048301e-25
14.4955932736  3.38072023599e-25
14.7307783496  4.30082563676e-25
14.9697792074  5.26613017139e-25
15.2126577564  7.81845605782e-25
15.4594769106  1.06786973656e-24
15.7103006046  1.35853449195e-24
15.9651938106  1.65995531079e-24
16.2242225547  2.33262058217e-24
16.4874539343  3.08205084909e-24
16.7549561354  3.84364031578e-24
17.0267984504  4.70871851166e-24
17.3030512959  6.23068278444e-24
17.5837862308  7.79567056018e-24
17.8690759753  9.38604962292e-24
18.1589944294  1.1466684873e-23
18.4536166918  1.39697366903e-23
18.75301908  1.65133995002e-23
19.0572791496  1.92116496871e-23
19.3664757145  2.24331255131e-23
19.6806888673  2.57095831634e-23
20  2.90392e-23

