4 20 101
101
4  0
4.06489836507  1.9638959152e-42
4.13084967959  3.95965523891e-42
4.19787102722  5.98779494192e-42
4.26597976883  8.04884038265e-42
4.33519354694  1.01433254432e-41
4.4055302903  1.22717926678e-41
4.47700821858  1.44347934032e-41
4.54964584702  1.66328879414e-41
4.6234619913  1.8866645665e-41
4.69847577235  2.11366451947e-41
4.77470662134  2.3443474539e-41
4.85217428469  2.57877312464e-41
4.93089882922  2.81700225608e-41
5.0109006473  1.37908848543e-39
5.09220046219  1.03688592523e-38
5.17481933334  1.96330569403e-38
5.2587786619  2.90475624492e-38
5.34410019626  3.8614814462e-38
5.43080603763  4.83372912283e-38
5.51891864584  5.82175112062e-38
5.60846084511  6.82580337149e-38
5.69945582996  7.84614595974e-38
5.79192717125  8.88304318943e-38
5.88589882225  9.93676365287e-38
5.98139512488  1.26884029651e-37
6.07844081599  3.83506023683e-36
6.17706103378  8.5156978646e-36
6.27728132428  1.32722769248e-35
6.37912764804  1.8106029536e-35
6.48262638677  2.30182078076e-35
6.58780435024  2.80100841639e-35
6.69468878317  3.30829516738e-35
6.80330737234  3.82381243856e-35
6.91368825372  4.34769376675e-35
7.02586001978  1.75953308122e-34
7.13985172691  7.39889319313e-34
7.25569290288  1.31334444937e-33
7.3734135546  1.89610365452e-33
7.49304417576  2.48831788958e-33
7.61461575486  3.09014055855e-33
7.73815978314  3.70172755434e-33
7.86370826279  4.32323729916e-33
7.9912937152  5.8041193434e-33
8.12094918942  2.8888427107e-32
8.25270827072  5.49141488642e-32
8.38660508926  8.13621273192e-32
8.52267432896  1.08239213415e-31
8.66095123645  1.35552369246e-31
8.80147163025  1.63308669868e-31
8.94427191  1.91515305122e-31
9.08938906592  5.57602024507e-31
9.23686068839  1.14340163329e-30
9.38672497765  1.73870560129e-30
9.53902075375  2.34366813285e-30
9.69378746657  2.95844593422e-30
9.85106520605  3.58319825414e-30
10.0108947126  4.94475802274e-30
10.1733173875  1.25317047349e-29
10.3383753039  2.04903501589e-29
10.5061112176  2.8578121352e-29
10.6765685779  3.67971133269e-29
10.8497915392  4.51494550873e-29
11.0258249723  6.34465363876e-29
11.2047144759  1.34249005133e-28
11.3865063885  2.0694011935e-28
11.5712478006  2.80810617183e-28
11.7589865666  3.5587963365e-28
11.9497713174  4.32166614227e-28
12.1436514728  8.07851458082e-28
12.3406772544  1.29557676196e-27
12.5408996988  1.79121520953e-27
12.7443706706  2.29489518834e-27
12.9511428756  2.80755510162e-27
13.1612698752  4.89453901117e-27
13.3748060995  7.49882893791e-27
13.5918068618  1.01453724043e-26
13.8123283727  1.28348549566e-26
14.036427755  1.70181922728e-26
14.2641630582  2.83329095605e-26
14.4955932736  3.99053460508e-26
14.7307783496  5.16655405931e-26
14.9697792074  6.41119453289e-26
15.2126577564  1.02476845548e-25
15.4594769106  1.45825767644e-25
15.7103006046  1.89878008282e-25
15.9651938106  2.3593533048e-25
16.2242225547  3.61003847419e-25
16.4874539343  5.02169308429e-25
16.7549561354  6.45625121345e-25
17.0267984504  8.20938012665e-25
17.3030512959  1.2073980239e-24
17.5837862308  1.60606773988e-24
17.8690759753  2.01120570906e-24
18.1589944294  2.70327604634e-24
18.4536166918  3.64118244905e-24
18.75301908  4.59430599978e-24
19.0572791496  5.71717654957e-24
19.3664757145  7.51103824253e-24
19.6806888673  9.33770069543e-24
20  1.1194e-23

