1 20 101
101
1  0
1.03041055791  4.53880617881e-37
1.06174591785  9.21563998577e-37
1.09403420358  1.40346989181e-36
1.12730439408  1.90003081211e-36
1.16158634964  2.41169242703e-36
1.1969108386  2.93891395713e-36
1.23330956497  3.4821685881e-36
1.27081519692  4.04194389549e-36
1.30946139606  4.61874228228e-36
1.34928284767  5.21308142981e-36
1.39031529185  5.82549476241e-36
1.43259555555  6.45653192613e-36
1.47616158565  7.10675928205e-36
1.52105248304  7.77676041464e-36
1.56730853766  8.46713665548e-36
1.61497126471  9.17850762296e-36
1.66408344188  9.91151177845e-36
1.71468914776  1.06668069993e-35
1.76683380139  1.14450711691e-35
1.82056420303  1.22470027866e-35
1.87592857615  1.30733215919e-35
1.93297661076  1.39247692132e-35
1.99175950792  4.12851236698e-34
2.05233002578  2.56322558593e-32
2.11474252688  5.61853018484e-32
2.17905302696  8.7667483012e-32
2.24531924523  1.20107054869e-31
2.31360065617  1.53533132205e-31
2.3839585429  1.87975715201e-31
2.45645605223  2.23465716362e-31
2.53115825126  2.60034988258e-31
2.60813218585  2.97716352116e-31
2.68744694072  3.36543627271e-31
2.76917370155  3.76551661525e-31
2.85338581877  4.17776362423e-31
2.94015887345  4.60254729474e-31
3.02957074514  6.0090010584e-30
3.12170168173  2.32054661861e-29
3.21663437151  4.09248854124e-29
3.31445401734  5.91831620633e-29
3.41524841318  7.79966830936e-29
3.51910802283  9.73823337948e-29
3.62612606115  1.17357512949e-28
3.73639857773  1.37940148446e-28
3.85002454306  1.59148713372e-28
3.96710593738  1.81002242589e-28
4.08774784223  9.7574317761e-28
4.21205853471  2.09293940703e-27
4.34014958471  3.24411019709e-27
4.472135955  4.43028873312e-27
4.60813610445  5.65253962021e-27
4.74827209431  6.91195983869e-27
4.89266969782  8.20967972866e-27
5.041458513  1.47323123933e-26
5.19477207907  3.52859474529e-26
5.35274799621  5.64646300219e-26
5.51552804914  7.82873681435e-26
5.68325833429  1.00773747907e-25
5.85608939099  1.23943951024e-25
6.03417633655  1.75976040928e-25
6.21767900547  3.47673067818e-25
6.40676209294  5.25252907496e-25
6.6015953026  7.08233049171e-25
6.80235349885  8.96777719042e-25
7.00921686386  1.14199833995e-24
7.22237105921  1.90495521782e-24
7.44200739256  2.71739462725e-24
7.66832298935  3.5545407724e-24
7.9015209697  4.41714499887e-24
8.14181063074  5.99052382178e-24
8.38940763443  8.10158019509e-24
8.64453420113  1.02768349705e-23
8.90741930907  1.25182404572e-23
9.17829889981  1.54881955447e-23
9.45741609003  1.89017987811e-23
9.74502138973  2.24192115964e-23
10.041372927  2.60760996437e-23
10.34673668  3.00258636063e-23
10.661386715  3.40987880544e-23
10.9856054331  3.82800661513e-23
11.3196838233  4.22782413065e-23
11.6639217237  4.63661696457e-23
12.0186280908  5.05287333011e-23
12.3841212763  5.43461073941e-23
12.7607293136  5.8256993557e-23
13.1487902114  6.20711122685e-23
13.5486522576  6.56438036774e-23
13.9606743317  6.93113787657e-23
14.3852262269  7.26249121206e-23
14.8226889821  7.59731164357e-23
15.2734552238  7.91411326088e-23
15.7379295184  8.22170718221e-23
16.2165287354  8.5198819484e-23
16.7096824217  8.80371162097e-23
17.2178331866  9.07970212716e-23
17.7414370999  9.3414669079e-23
18.2809641002  9.59372231583e-23
18.8368984177  9.83708311923e-23
19.4097390079  1.00673445984e-22
20  1.02962e-22

