2 20 101
101
2  0
2.04658598456  1.63758121211e-42
2.0942570961  3.31330659075e-42
2.14303861048  5.0280646277e-42
2.19295639229  6.78276451037e-42
2.2440369086  8.57833660386e-42
2.29630724299  1.04157329443e-41
2.34979510988  1.22959277434e-41
2.40452886923  1.42199179056e-41
2.46053754162  1.61887235557e-41
2.51785082359  1.82033885806e-41
2.57649910339  2.02649811824e-41
2.63651347711  2.23745944448e-41
2.69792576518  2.45333469126e-41
2.76076852921  2.67423831849e-41
2.82507508925  2.90028745221e-41
2.89087954149  3.13160194666e-41
2.95821677634  3.36830444784e-41
3.02712249687  5.8687140332e-38
3.09763323782  2.11165549277e-37
3.16978638492  3.67195636625e-37
3.24362019472  5.26860131593e-37
3.31917381488  6.9024369041e-37
3.39648730492  8.57432941201e-37
3.4756016575  1.02851652992e-36
3.55655882008  1.20358516735e-36
3.63940171722  1.3827316772e-36
3.72417427333  1.56605104532e-36
3.81092143593  1.75364047007e-36
3.89968919952  1.94559941384e-36
3.99052462994  8.18406045666e-36
4.08347588934  2.44107157783e-34
4.17859226171  5.19790309437e-34
4.275924179  8.01894946614e-34
4.3755232479  1.09057064493e-33
4.47744227714  1.38597046405e-33
4.58173530554  1.68825102889e-33
4.68845763064  1.99757261258e-33
4.79766583804  2.31409922154e-33
4.90941783137  2.63799868235e-33
5.02377286302  1.45009699501e-32
5.14079156554  7.08017017832e-32
5.26053598379  1.28552214645e-31
5.38306960785  1.87647909757e-31
5.50845740668  2.4812012044e-31
5.63676586253  3.10000909859e-31
5.76806300625  3.73323088028e-31
5.90241845333  4.38120229204e-31
6.0399034408  1.38298220394e-30
6.18059086503  4.54835330014e-30
6.32455532034  7.78745536085e-30
6.47187313859  1.11020058009e-29
6.62262242965  1.44937620387e-29
6.77688312278  1.79645224284e-29
6.93473700905  2.1516127213e-29
7.09626778467  6.67207355303e-29
7.2615610954  1.41816544521e-28
7.43070458194  2.18661559612e-28
7.60378792641  2.97296525045e-28
7.78090289989  3.77763134122e-28
7.96214341107  4.62103033672e-28
8.14760555608  1.23165108393e-27
8.33738766941  2.20154528948e-27
8.53159037603  3.19403123327e-27
8.7303166448  4.20963514448e-27
8.93367184302  5.24889550976e-27
9.1417637923  1.08812350226e-26
9.35470282574  1.88322358624e-26
9.57260184645  2.69684393033e-26
9.79557638737  3.52941592682e-26
10.0237446725  4.83822540055e-26
10.2572276798  9.30513059287e-26
10.496149205  1.39608223303e-25
10.7406359274  1.87249590595e-25
10.9908174772  2.4280977316e-25
11.2468265038  4.27182444636e-25
11.5087987467  6.28196366363e-25
11.7768731071  8.33892503818e-25
12.0511917215  1.12584760267e-24
12.3319000372  1.77422523227e-24
12.6191468896  2.43987385315e-24
12.9130845807  3.12102742222e-24
13.2138689602  4.44524562473e-24
13.5216595078  6.06113676637e-24
13.8366194184  7.71466684791e-24
14.1589156877  9.95548342388e-24
14.4887192015  1.28258260673e-23
14.826204826  1.57630275798e-23
15.1715515006  1.91530596224e-23
15.5249423326  2.30205688877e-23
15.8865646945  2.69781640165e-23
16.2566103233  3.11653582061e-23
16.6352754221  3.55122442075e-23
17.022760764  3.99419903121e-23
17.4192717991  4.43076098344e-23
17.8250187627  4.87674587337e-23
18.2402167871  5.31196559562e-23
18.6650860159  5.74155512158e-23
19.0998517204  6.17178567006e-23
19.5447444191  6.58006926876e-23
20  6.99783e-23

