3 20 101
101
3  0
3.05745688936  6.06491941367e-39
3.11601421011  1.22459959619e-38
3.17569303801  1.85454543206e-38
3.23651485253  2.49655617734e-38
3.29850154446  3.15086290273e-38
3.3616754239  3.81770110449e-38
3.4260592282  4.49731078919e-38
3.49167613021  5.18993656004e-38
3.55854974658  5.89582770499e-38
3.62670414627  6.6152382864e-38
3.69616385924  7.34842723255e-38
3.76695388521  8.09565843075e-38
3.83909970275  8.85720082238e-38
3.91262727838  9.63332849965e-38
3.98756307593  2.61485499353e-37
4.06393406609  1.6654341988e-35
4.1417677361  3.68009215241e-35
4.22109209963  5.7333354324e-35
4.30193570688  7.82590303638e-35
4.38432765487  9.95854811546e-35
4.46829759787  1.21320382453e-34
4.55387575811  1.43471557025e-34
4.64109293664  1.66046977459e-34
4.72998052444  1.89054769038e-34
4.82057051367  2.12503212662e-34
4.91289550923  2.36400747829e-34
5.00698874047  9.1158232138e-34
5.10288407317  6.9468801873e-33
5.20061602171  1.32999018161e-32
5.30021976151  1.97745983986e-32
5.40173114165  2.63733002894e-32
5.50518669785  3.30983824751e-32
5.61062366552  3.99522654285e-32
5.71807999326  4.69374159801e-32
5.82759435644  5.40563482058e-32
5.93920617117  6.13116243319e-32
6.05295560847  2.81630928401e-31
6.16888360871  7.55292623872e-31
6.28703189637  1.23802602855e-30
6.40744299507  1.73000488651e-30
6.53016024283  2.23140626941e-30
6.6552278077  2.74241064023e-30
6.78269070364  3.26320191825e-30
6.91259480676  3.79396754522e-30
7.04498687177  8.81033127335e-30
7.17991454885  2.2784643718e-29
7.31742640081  3.70265963374e-29
7.45757192053  5.15413150555e-29
7.60040154878  6.63340239693e-29
7.74596669241  8.14100472297e-29
7.89431974284  9.67748109569e-29
8.04551409486  1.71423802867e-28
8.19960416593  3.87095970845e-28
8.35664541573  6.06898756122e-28
8.51669436609  8.30911269504e-28
8.67980862141  1.05921413695e-27
8.84604688929  1.2918895286e-27
9.01546900177  1.74059075774e-27
9.18813593677  3.76034111405e-27
9.36410984009  5.86766908037e-27
9.54345404778  8.01535721663e-27
9.72623310891  1.02041785128e-26
9.91251280879  1.24349207633e-26
10.1023601927  2.08740909323e-26
10.29584359  3.48456431415e-26
10.4930326387  4.90847826605e-26
10.6939983105  6.35966344009e-26
10.8988129364  7.83864214279e-26
11.1075502328  1.20932765118e-25
11.3202853277  1.90636865575e-25
11.5370947883  2.61675959627e-25
11.7580566479  3.34075615469e-25
11.9832504345  4.13921170207e-25
12.2127571994  6.59101585837e-25
12.4466595458  9.29277508127e-25
12.6850416593  1.20462791978e-24
12.9279893377  1.48525192414e-24
13.175590022  2.12175630096e-24
13.4279328281  2.91694904515e-24
13.6851085784  3.72737155651e-24
13.9472098349  4.55593587263e-24
14.2143309324  6.10031056375e-24
14.4865680123  7.85396110488e-24
14.7640190574  9.64119808104e-24
15.0467839273  1.16248314005e-23
15.3349643938  1.44252600457e-23
15.628664178  1.72871294828e-23
15.9279889875  2.02039555667e-23
16.2330465545  2.35941580992e-23
16.5439466745  2.71810127833e-23
16.8608012457  3.08365639716e-23
17.1837243096  3.460407162e-23
17.5128320918  3.84761234095e-23
17.8482430438  4.24223338829e-23
18.1900778857  4.63289171425e-23
18.5384596499  5.02165789256e-23
18.893513725  5.41786983596e-23
19.2553679009  5.79889899224e-23
19.6241524153  6.17754849238e-23
20  6.56345e-23

