1 20 101
101
1  0
1.03041055791  5.43625215333e-39
1.06174591785  1.10378237676e-38
1.09403420358  1.68097422998e-38
1.12730439408  2.27571880948e-38
1.16158634964  2.88854990346e-38
1.1969108386  3.52001753291e-38
1.23330956497  4.17068844528e-38
1.27081519692  4.84114662311e-38
1.30946139606  5.53199380818e-38
1.34928284767  6.24385004158e-38
1.39031529185  6.97735422019e-38
1.43259555555  7.73316467011e-38
1.47616158565  8.51195973748e-38
1.52105248304  9.31443839735e-38
1.56730853766  1.0141320881e-37
1.61497126471  1.09933493223e-37
1.66408344188  1.18712884238e-37
1.71468914776  1.27759261432e-37
1.76683380139  1.37080744004e-37
1.82056420303  1.46685698061e-37
1.87592857615  1.5658274413e-37
1.93297661076  1.66780764892e-37
1.99175950792  1.70341868208e-35
2.05233002578  1.08501793881e-33
2.11474252688  2.37887410092e-33
2.17905302696  3.71207715077e-33
2.24531924523  5.08582364919e-33
2.31360065617  6.50134654505e-33
2.3839585429  7.9599162819e-33
2.45645605223  9.46284193821e-33
2.53115825126  1.10114724022e-32
2.60813218585  1.26071975827e-32
2.68744694072  1.42514496561e-32
2.76917370155  1.59457043524e-32
2.85338581877  1.76914822793e-32
2.94015887345  1.9490350287e-32
3.02957074514  5.16288361629e-31
3.12170168173  2.06025260256e-30
3.21663437151  3.65116965744e-30
3.31445401734  5.29046738756e-30
3.41524841318  6.97961707623e-30
3.51910802283  8.72013474934e-30
3.62612606115  1.05135825359e-29
3.73639857773  1.23615700703e-29
3.85002454306  1.42657559366e-29
3.96710593738  1.62278491575e-29
4.08774784223  1.36029374045e-28
4.21205853471  3.04968960115e-28
4.34014958471  4.79046093252e-28
4.472135955  6.58417009126e-28
4.60813610445  8.43242694626e-28
4.74827209431  1.03368903234e-27
4.89266969782  1.22992694943e-27
5.041458513  2.62665593962e-27
5.19477207907  7.25235773134e-27
5.35274799621  1.20187296953e-26
5.51552804914  1.69300496899e-26
5.68325833429  2.19907256655e-26
5.85608939099  2.72052996211e-26
6.03417633655  4.18171587612e-26
6.21767900547  9.56175670936e-26
6.40676209294  1.51271091836e-25
6.6015953026  2.08617071315e-25
6.80235349885  2.67706974025e-25
7.00921686386  3.52695262974e-25
7.22237105921  6.81687814631e-25
7.44200739256  1.03311890654e-24
7.66832298935  1.39523721402e-24
7.9015209697  1.76836774126e-24
8.14181063074  2.66681120491e-24
8.38940763443  3.96034956307e-24
8.64453420113  5.29322514438e-24
8.90741930907  6.66663421575e-24
9.17829889981  8.97052602541e-24
9.45741609003  1.18199748058e-23
9.74502138973  1.47560769132e-23
10.041372927  1.79094458504e-23
10.34673668  2.18738889623e-23
10.661386715  2.5970884138e-23
10.9856054331  3.01927004079e-23
11.3196838233  3.45474901305e-23
11.6639217237  3.90351819434e-23
12.0186280908  4.36176774257e-23
12.3841212763  4.79438301872e-23
12.7607293136  5.23826078359e-23
13.1487902114  5.67293188146e-23
13.5486522576  6.08319873795e-23
13.9606743317  6.50449959e-23
14.3852262269  6.8898203401e-23
14.8226889821  7.27993212671e-23
15.2734552238  7.64881087121e-23
15.7379295184  8.0067946798e-23
16.2165287354  8.35349264976e-23
16.7096824217  8.68308205288e-23
17.2178331866  9.00512620712e-23
17.7414370999  9.31283775485e-23
18.2809641002  9.61004563017e-23
18.8368984177  9.89745811295e-23
19.4097390079  1.01676048348e-22
20  1.04353e-22

