3 20 101
101
3  0
3.05745688936  8.70379942837e-42
3.11601421011  1.75742966037e-41
3.17569303801  2.66146841706e-41
3.23651485253  3.58282159202e-41
3.29850154446  4.52182079613e-41
3.3616754239  5.47880399137e-41
3.4260592282  6.45411561247e-41
3.49167613021  7.44810669087e-41
3.55854974658  8.46113498107e-41
3.62670414627  9.49356508941e-41
3.69616385924  1.05457686052e-40
3.76695388521  1.16181242348e-40
3.83909970275  1.27110179372e-40
3.91262727838  1.38248430638e-40
3.98756307593  9.53488945908e-40
4.06393406609  8.47310438361e-38
4.1417677361  1.87698647055e-37
4.22109209963  2.92638316335e-37
4.30193570688  3.99587821272e-37
4.38432765487  5.08585654833e-37
4.46829759787  6.19671047215e-37
4.55387575811  7.32883979964e-37
4.64109293664  8.48265200363e-37
4.72998052444  9.658562361e-37
4.82057051367  1.08569941021e-36
4.91289550923  1.20783785633e-36
5.00698874047  9.23935922544e-36
5.10288407317  8.2388922108e-35
5.20061602171  1.5939524041e-34
5.30021976151  2.37876406548e-34
5.40173114165  3.17860667247e-34
5.50518669785  3.99376810219e-34
5.61062366552  4.82454174526e-34
5.71807999326  5.67122661143e-34
5.82759435644  6.53412743716e-34
5.93920617117  7.41355479532e-34
6.05295560847  5.65727772333e-33
6.16888360871  1.63141264295e-32
6.28703189637  2.71750782613e-32
6.40744299507  3.82440422624e-32
6.53016024283  4.95250023435e-32
6.6552278077  6.10220187163e-32
6.78269070364  7.27392293551e-32
6.91259480676  8.46808514856e-32
7.04498687177  2.59147074894e-31
7.17991454885  7.58319342849e-31
7.31742640081  1.26705190606e-30
7.45757192053  1.78552786614e-30
7.60040154878  2.31393383151e-30
7.74596669241  2.85245998458e-30
7.89431974284  3.40130015018e-30
8.04551409486  7.04838157136e-30
8.19960416593  1.80720977417e-29
8.35664541573  2.93069433923e-29
8.51669436609  4.07569621373e-29
8.67980862141  5.24262750358e-29
8.84604688929  6.43190820743e-29
9.01546900177  9.13846859696e-29
9.18813593677  2.29338650884e-28
9.36410984009  3.73388618083e-28
9.54345404778  5.20197472958e-28
9.72623310891  6.69818054544e-28
9.91251280879  8.22304213864e-28
10.1023601927  1.54362592536e-27
10.29584359  2.77171359301e-27
10.4930326387  4.02332195975e-27
10.6939983105  5.29890150098e-27
10.8988129364  6.59891131973e-27
11.1075502328  1.11592398548e-26
11.3202853277  1.89092068064e-26
11.5370947883  2.68076034226e-26
11.7580566479  3.48572724722e-26
11.9832504345  4.3993056749e-26
12.2127571994  7.84978876504e-26
12.4466595458  1.16785760368e-25
12.6850416593  1.55806933775e-25
12.9279893377  1.95575452263e-25
13.175590022  3.11764261748e-25
13.4279328281  4.61800733321e-25
13.6851085784  6.14710747877e-25
13.9472098349  7.71476133629e-25
14.2143309324  1.17880643789e-24
14.4865680123  1.65749532408e-24
14.7640190574  2.14535220172e-24
15.0467839273  2.75931989516e-24
15.3349643938  3.9458203051e-24
15.628664178  5.16066570114e-24
15.9279889875  6.3990466617e-24
16.2330465545  8.43275836208e-24
16.5439466745  1.07488582389e-23
16.8608012457  1.31093167472e-23
17.1837243096  1.60327444663e-23
17.5128320918  1.94119573521e-23
17.8482430438  2.28558899248e-23
18.1900778857  2.66121986863e-23
18.5384596499  3.06409550838e-23
18.893513725  3.47468714182e-23
19.2553679009  3.89409507022e-23
19.6241524153  4.32194042458e-23
20  4.75798e-23

