4 20 101
101
4  0
4.06489836507  9.67070007407e-43
4.13084967959  1.94983033041e-42
4.19787102722  2.94853553797e-42
4.26597976883  3.96344432932e-42
4.33519354694  4.99481960098e-42
4.4055302903  6.04292851487e-42
4.47700821858  7.10804256749e-42
4.54964584702  8.19043766026e-42
4.6234619913  9.29039417101e-42
4.69847577235  1.04081970265e-41
4.77470662134  1.15441357765e-41
4.85217428469  1.26985046685e-41
4.93089882922  1.38716027238e-41
5.0109006473  7.9228604577e-40
5.09220046219  5.97343902931e-39
5.17481933334  1.1312757827e-38
5.2587786619  1.67387048898e-38
5.34410019626  2.22526857259e-38
5.43080603763  2.78561286474e-38
5.51891864584  3.35504851399e-38
5.60846084511  3.93372302391e-38
5.69945582996  4.52178629123e-38
5.79192717125  5.11939064469e-38
5.88589882225  5.72669088454e-38
5.98139512488  7.40468649132e-38
6.07844081599  2.41384590967e-36
6.17706103378  5.36739906428e-36
6.27728132428  8.36887241161e-36
6.37912764804  1.14190434372e-35
6.48262638677  1.4518702241e-35
6.58780435024  1.76686517419e-35
6.69468878317  2.0869707886e-35
6.80330737234  2.41226998577e-35
6.91368825372  2.74284702945e-35
7.02586001978  1.16618277319e-34
7.13985172691  4.97047766509e-34
7.25569290288  8.83898979828e-34
7.3734135546  1.27702669597e-33
7.49304417576  1.67653274861e-33
7.61461575486  2.08252062367e-33
7.73815978314  2.49509548607e-33
7.86370826279  2.91436420697e-33
7.9912937152  3.94368141341e-33
8.12094918942  2.03174534837e-32
8.25270827072  3.87801275539e-32
8.38660508926  5.75423509645e-32
8.52267432896  7.66089837813e-32
8.66095123645  9.59849649224e-32
8.80147163025  1.15675313438e-31
8.94427191  1.3568512981e-31
9.08938906592  4.05426846754e-31
9.23686068839  8.3755645331e-31
9.38672497765  1.27669718611e-30
9.53902075375  1.7229627978e-30
9.69378746657  2.17646888664e-30
9.85106520605  2.63733292641e-30
10.0108947126  3.66017783194e-30
10.1733173875  9.43318957481e-30
10.3383753039  1.54895689211e-29
10.5061112176  2.16442105468e-29
10.6765685779  2.78987087173e-29
10.8497915392  3.42546835641e-29
11.0258249723  4.83926473541e-29
11.2047144759  1.0362991052e-28
11.3865063885  1.60342588188e-28
11.5712478006  2.17975405871e-28
11.7589865666  2.76543292464e-28
11.9497713174  3.36061419078e-28
12.1436514728  6.34755861013e-28
12.3406772544  1.02293979949e-27
12.5408996988  1.4174218637e-27
12.7443706706  1.81830423817e-27
12.9511428756  2.22634709982e-27
13.1612698752  3.91317566855e-27
13.3748060995  6.02010556313e-27
13.5918068618  8.16121953409e-27
13.8123283727  1.03370722041e-26
14.036427755  1.37442074926e-26
14.2641630582  2.30318217996e-26
14.4955932736  3.25312684216e-26
14.7307783496  4.21848396823e-26
14.9697792074  5.24101309239e-26
15.2126577564  8.43489246898e-26
15.4594769106  1.20460418091e-25
15.7103006046  1.57157805713e-25
15.9651938106  1.95552516492e-25
16.2242225547  3.01405288603e-25
16.4874539343  4.20988935264e-25
16.7549561354  5.42512777715e-25
17.0267984504  6.91864966661e-25
17.3030512959  1.02603432835e-24
17.5837862308  1.37082623782e-24
17.8690759753  1.7212122551e-24
18.1589944294  2.3316478362e-24
18.4536166918  3.16484254061e-24
18.75301908  4.01155548854e-24
19.0572791496  5.01935745883e-24
19.3664757145  6.66695633841e-24
19.6806888673  8.34481686855e-24
20  1.00499e-23

