1 20 101
101
1  0
1.03041055791  4.82475665485e-42
1.06174591785  9.79623685136e-42
1.09403420358  1.49189025343e-41
1.12730439408  2.01973513386e-41
1.16158634964  2.5636320716e-41
1.1969108386  3.12406921866e-41
1.23330956497  3.70154957204e-41
1.27081519692  4.29659142515e-41
1.30946139606  4.90972883299e-41
1.34928284767  5.54151209148e-41
1.39031529185  6.19250823134e-41
1.43259555555  6.86330152701e-41
1.47616158565  7.55449402104e-41
1.52105248304  8.26670606445e-41
1.56730853766  9.00057687344e-41
1.61497126471  9.75676510317e-41
1.66408344188  1.05359494389e-40
1.71468914776  1.13388292049e-40
1.76683380139  1.21661249926e-40
1.82056420303  1.30185793067e-40
1.87592857615  1.38969572321e-40
1.93297661076  1.48020471203e-40
1.99175950792  1.07831060603e-37
2.05233002578  6.92953537523e-36
2.11474252688  1.51940016317e-35
2.17905302696  2.37097949178e-35
2.24531924523  3.24845582288e-35
2.31360065617  4.15261669876e-35
2.3839585429  5.08427361132e-35
2.45645605223  6.04426273038e-35
2.53115825126  7.03344565413e-35
2.60813218585  8.05271018247e-35
2.68744694072  9.10297111378e-35
2.76917370155  1.0185171066e-34
2.85338581877  1.13002813225e-34
2.94015887345  1.2449302704e-34
3.02957074514  9.84852354136e-33
3.12170168173  4.01201312204e-32
3.21663437151  7.13123153779e-32
3.31445401734  1.03453071258e-31
3.41524841318  1.36571245456e-31
3.51910802283  1.70696561809e-31
3.62612606115  2.05859648071e-31
3.73639857773  2.42092063403e-31
3.85002454306  2.79426326701e-31
3.96710593738  3.17895945775e-31
4.08774784223  5.30076840818e-30
4.21205853471  1.23445971102e-29
4.34014958471  1.96026325728e-29
4.472135955  2.70813889432e-29
4.60813610445  3.47875784673e-29
4.74827209431  4.27281175142e-29
4.89266969782  5.09101327836e-29
5.041458513  1.48890323635e-28
5.19477207907  4.88731030757e-28
5.35274799621  8.38906483384e-28
5.51552804914  1.19973096689e-27
5.68325833429  1.57152832425e-27
5.85608939099  1.95463224668e-27
6.03417633655  3.46641351454e-27
6.21767900547  9.70862404481e-27
6.40676209294  1.61669024913e-26
6.6015953026  2.28215807885e-26
6.80235349885  2.96786315655e-26
7.00921686386  4.12523613677e-26
7.22237105921  9.83354125966e-26
7.44200739256  1.5948010322e-25
7.66832298935  2.22484238e-25
7.9015209697  2.87404363668e-25
8.14181063074  5.13706573398e-25
8.38940763443  8.60956419131e-25
8.64453420113  1.21876632641e-24
8.90741930907  1.58745743259e-24
9.17829889981  2.52875077397e-24
9.45741609003  3.79903264486e-24
9.74502138973  5.10794449615e-24
10.041372927  6.67276983649e-24
10.34673668  9.49285815733e-24
10.661386715  1.24189555973e-23
10.9856054331  1.54820627347e-23
11.3196838233  1.9599240885e-23
11.6639217237  2.39402185048e-23
12.0186280908  2.84334892526e-23
12.3841212763  3.32559991519e-23
12.7607293136  3.82343807964e-23
13.1487902114  4.32320469755e-23
13.5486522576  4.81627858532e-23
13.9606743317  5.32289760737e-23
14.3852262269  5.79589197534e-23
14.8226889821  6.27630963598e-23
15.2734552238  6.73477309428e-23
15.7379295184  7.18274926193e-23
16.2165287354  7.61898424216e-23
16.7096824217  8.0368525935e-23
17.2178331866  8.44439726954e-23
17.7414370999  8.83270716763e-23
18.2809641002  9.20805880093e-23
18.8368984177  9.57133964e-23
19.4097390079  9.91609309049e-23
20  1.02592e-22

