2 20 101
101
2  0
2.04658598456  1.28935563611e-39
2.0942570961  2.6087442231e-39
2.14303861048  3.95886531826e-39
2.19295639229  5.34043477367e-39
2.2440369086  6.75418511574e-39
2.29630724299  8.20086593361e-39
2.34979510988  9.68124427661e-39
2.40452886923  1.11961050609e-38
2.46053754162  1.27462514858e-38
2.51785082359  1.43325054594e-38
2.57649910339  1.59557080345e-38
2.63651347711  1.76167198547e-38
2.69792576518  1.93164216104e-38
2.76076852921  2.1055714506e-38
2.82507508925  2.28355207375e-38
2.89087954149  2.46567839819e-38
2.95821677634  2.6520469897e-38
3.02712249687  1.13396383114e-35
3.09763323782  4.07475053117e-35
3.16978638492  7.08403695311e-35
3.24362019472  1.01634186604e-34
3.31917381488  1.33145283821e-34
3.39648730492  1.65390368782e-34
3.4756016575  1.98386538258e-34
3.55655882008  2.32151287255e-34
3.63940171722  2.6670251829e-34
3.72417427333  3.02058550882e-34
3.81092143593  3.38238131269e-34
3.89968919952  3.75260442343e-34
3.99052462994  8.90079288581e-34
4.08347588934  1.95358222658e-32
4.17859226171  4.13206011523e-32
4.275924179  6.36128127253e-32
4.3755232479  8.64242766103e-32
4.47744227714  1.09767087748e-31
4.58173530554  1.33653622804e-31
4.68845763064  1.58096546738e-31
4.79766583804  1.8310881951e-31
4.90941783137  2.08703702959e-31
5.02377286302  7.23073175733e-31
5.14079156554  3.11896457658e-30
5.26053598379  5.57652118293e-30
5.38306960785  8.09132163635e-30
5.50845740668  1.06646993173e-29
5.63676586253  1.32980186647e-29
5.76806300625  1.59926758994e-29
5.90241845333  1.87500997642e-29
6.0399034408  4.47891642937e-29
6.18059086503  1.29534091349e-28
6.32455532034  2.16252981335e-28
6.47187313859  3.04991813757e-28
6.62262242965  3.95797639117e-28
6.77688312278  4.88718603866e-28
6.93473700905  5.8380397593e-28
7.09626778467  1.43033812507e-27
7.2615610954  2.81635129658e-27
7.43070458194  4.23464886219e-27
7.60378792641  5.68598282206e-27
7.78090289989  7.17112269265e-27
7.96214341107  8.71672673083e-27
8.14760555608  1.91408667605e-26
8.33738766941  3.21687085443e-26
8.53159037603  4.55000077461e-26
8.7303166448  5.91418327973e-26
8.93367184302  7.31014167742e-26
9.1417637923  1.30953447932e-25
9.35470282574  2.11012008573e-25
9.57260184645  2.9293537265e-25
9.79557638737  3.76766977013e-25
10.0237446725  4.9429205044e-25
10.2572276798  8.31855696061e-25
10.496149205  1.18316972941e-24
10.7406359274  1.54266691783e-24
10.9908174772  1.94202981328e-24
11.2468265038  2.94046413788e-24
11.5087987467  4.01925797513e-24
11.7768731071  5.12318014889e-24
12.0511917215  6.45796444729e-24
12.3319000372  8.70424325963e-24
12.6191468896  1.10083048394e-23
12.9130845807  1.33660349078e-23
13.2138689602  1.64446094844e-23
13.5216595078  1.98718264538e-23
13.8366194184  2.33788735617e-23
14.1589156877  2.71410667639e-23
14.4887192015  3.11733764452e-23
14.826204826  3.52996106848e-23
15.1715515006  3.94596497617e-23
15.5249423326  4.36519958798e-23
15.8865646945  4.79419942836e-23
16.2566103233  5.20882449903e-23
16.6352754221  5.62208481989e-23
17.022760764  6.04084370765e-23
17.4192717991  6.43180936757e-23
17.8250187627  6.83020784786e-23
18.2402167871  7.21299519762e-23
18.6650860159  7.58614509522e-23
19.0998517204  7.95869952109e-23
19.5447444191  8.30823032077e-23
20  8.66587e-23

