0.5 20 151
151
0.5  0
0.512448710082  1.69310922242e-37
0.52520736093  3.42837249654e-37
0.538283669269  5.2068393495e-37
0.55168554395  7.02958543893e-37
0.565421090737  8.89771320362e-37
0.579498617203  1.08123525302e-36
0.59392663776  1.27746614365e-36
0.608713878807  1.47858267722e-36
0.623869284008  1.68470649362e-36
0.6394020197  1.89596226129e-36
0.655321480438  2.11247775257e-36
0.67163729468  2.33438392101e-36
0.688359330604  2.56181498056e-36
0.705497702082  2.79490848675e-36
0.723062774796  3.03380541991e-36
0.741065172505  3.27865027039e-36
0.759515783475  3.52959112599e-36
0.778425767058  3.7867797615e-36
0.797806560447  4.05037173054e-36
0.817669885593  4.32052645958e-36
0.83802775629  4.59740734442e-36
0.858892485448  4.88118184898e-36
0.880276692535  5.17202160662e-36
0.90219331121  5.4701025239e-36
0.924655597149  5.77560488703e-36
0.947677136058  6.08871347085e-36
0.971271851895  6.40961765064e-36
0.995454015286  2.4125190619e-33
1.02023825216  4.1589667311e-31
1.04563955259  9.3788560386e-31
1.07167327987  1.47287071234e-30
1.0983551798  2.02117556985e-30
1.1257013902  2.58313180378e-30
1.15372845069  3.15907929817e-30
1.18245331269  3.74936639933e-30
1.21189334964  4.35435012646e-30
1.24206636756  4.97439638763e-30
1.27299061578  5.6098802011e-30
1.30468479801  6.26118592207e-30
1.33716808361  6.92870747524e-30
1.37046011922  7.61284859298e-30
1.40458104063  8.31402305959e-30
1.43955148495  9.0326549615e-30
1.47539260312  9.76917894381e-30
1.51212607267  1.05240404732e-29
1.54977411084  1.12976961072e-29
1.58835948804  1.20906137706e-29
1.62790554158  1.29032730382e-29
1.66843618984  1.37361654251e-29
1.70997594668  1.45897946837e-29
1.75254993629  1.54646771086e-29
1.79618390842  1.63613418488e-29
1.84090425388  1.72803312278e-29
1.88673802057  1.82222010715e-29
1.93371292981  1.91875210444e-29
1.9818573931  2.01768749943e-29
2.03120052932  3.58325079759e-28
2.08177218234  9.05811281912e-28
2.13360293905  1.46692847807e-27
2.18672414789  2.04201604483e-27
2.24116793778  2.63142180837e-27
2.29696723759  3.23550225485e-27
2.35415579601  3.85462274602e-27
2.41276820199  4.48915774018e-27
2.47283990568  5.13949101871e-27
2.53440723981  5.80601591813e-27
2.59750744173  6.48913556801e-27
2.66217867588  7.18926313484e-27
2.72846005693  7.90682207186e-27
2.79639167337  8.64224637524e-27
2.86601461181  9.3959808465e-27
2.9373709818  1.01684813616e-26
3.01050394131  1.48851770198e-26
3.08545772284  4.1090287216e-26
3.16227766017  6.82771319054e-26
3.24101021575  9.614085889e-26
3.32170300885  1.24698320793e-25
3.40440484432  1.53966789823e-25
3.48916574214  1.83963968225e-25
3.57603696765  2.14707998981e-25
3.66507106256  2.46217476788e-25
3.75632187674  2.78511459303e-25
3.84984460077  3.1160947867e-25
3.94569579937  3.45531553332e-25
4.04393344553  4.93249616818e-25
4.14461695564  7.87735795037e-25
4.2478072254  1.08955391937e-24
4.35356666667  1.39888653635e-24
4.46195924519  1.71592073747e-24
4.57305051927  2.04084827231e-24
4.68690767949  2.3738656645e-24
4.80359958925  2.71517433062e-24
4.92319682653  3.06498070202e-24
5.04577172647  3.72450083497e-24
5.1713984252  4.91809014973e-24
5.30015290463  6.14139675917e-24
5.43211303844  7.39516054724e-24
5.56735863914  8.68013981914e-24
5.70597150638  9.99711175987e-24
5.84803547643  1.13468729044e-23
5.99363647282  1.27648000015e-23
6.1428625584  1.49068516463e-23
6.29580398853  1.71722965801e-23
6.4525532657  1.94941452483e-23
6.6132051955  2.18738019583e-23
6.77785694388  2.43127059813e-23
6.94660809603  2.68123324225e-23
7.11956071652  2.93596664863e-23
7.29681941106  3.19637739679e-23
7.47849138981  3.46327170076e-23
7.66468653214  3.73681098436e-23
7.85551745316  4.01716069043e-23
8.0510995718  4.29340841679e-23
8.25155118063  4.54441993491e-23
8.45699351738  4.80168099227e-23
8.66755083831  5.06534718626e-23
8.88335049333  5.33557798826e-23
9.10452300303  5.58667053253e-23
9.33120213764  5.81442865981e-23
9.5635249979  6.04785737689e-23
9.80163209803  6.28709786681e-23
10.0456674507  6.52230756139e-23
10.295778654  6.72058121396e-23
10.5521169811  6.92352708722e-23
10.8148374712  7.13152578916e-23
11.0840990237  7.33290470194e-23
11.3600644943  7.5126738528e-23
11.6429007931  7.69691879173e-23
11.9327789861  7.88572917909e-23
12.2298743982  8.05451351533e-23
12.5343667197  8.22005381082e-23
12.8464401144  8.38971563259e-23
13.1662833315  8.5467853627e-23
13.4940898196  8.69184956789e-23
13.8300578436  8.84052549754e-23
14.1743906047  8.97873575595e-23
14.5272963631  9.10623743033e-23
14.8889885645  9.23691356747e-23
15.2596859686  9.35648464672e-23
15.6396127818  9.47274187161e-23
16.0289987924  9.59021167465e-23
16.4280795102  9.69677784904e-23
16.8370963082  9.80546997295e-23
17.2562965694  9.90787224076e-23
17.6859338356  1.00069637798e-22
18.1262679613  1.01043126688e-22
18.5775652707  1.01933536279e-22
19.0400987189  1.02830329107e-22
19.5141480567  1.03629226291e-22
20  1.04444e-22

