4 20000 251
251
4  0
4.13862304168  1.60064089304e-40
4.28205017028  3.25675321338e-40
4.43044787508  4.97025936552e-40
4.58398841519  6.74314837635e-40
4.74285001948  8.57747820399e-40
4.90721709346  1.04753781267e-39
5.07728043337  1.72967726344e-37
5.25323744766  5.64162635684e-37
5.43529238607  9.6891470208e-37
5.62365657681  1.38769375912e-36
5.81854867182  1.82098592283e-36
6.02019490058  1.43434124565e-35
6.22882933273  1.39545519948e-34
6.44469414978  2.69086601682e-34
6.66803992621  4.03117028108e-34
6.89912592036  5.41792380882e-34
7.13822037536  6.81068398912e-33
7.38560083051  1.79221147351e-32
7.64155444345  2.94186205629e-32
7.90637832347  4.13135465423e-32
8.18037987644  2.96923460017e-31
8.46387716158  6.92048296758e-31
8.75719926071  1.10086648518e-30
9.06068666023  2.83751226235e-30
9.37469164637  1.00722966835e-29
9.69957871407  1.75578080603e-29
10.0357249902  3.30329429227e-29
10.3835206711  1.16302637433e-28
10.7433694757  2.02458106526e-28
11.1156891144  4.66801583022e-28
11.5009117732  1.14242204284e-27
11.8994846163  1.84145664346e-27
12.3118703042  5.08048223555e-27
12.7385475318  9.2706864214e-27
13.1800115832  1.98379701661e-26
13.6367749069  4.01364370705e-26
14.109367711  7.4689344515e-26
14.5983385781  1.57004039519e-25
15.1042551023  2.81252739687e-25
15.6277045485  5.65593213682e-25
16.1692945332  1.02014792758e-24
16.7296537307  1.85532484219e-24
17.3094326023  3.30914837236e-24
17.9093041516  5.34642431806e-24
18.5299647055  7.47120411669e-24
19.1721347229  1.17757152033e-23
19.8365596306  1.84031786466e-23
20.5240106887  2.73320897817e-23
21.235285886  3.85430439583e-23
21.9712108661  5.20186879093e-23
22.732639886  6.77436722208e-23
23.5204568076  8.57046048515e-23
24.3355761237  1.00580833995e-22
25.1789440195  1.08150703184e-22
26.0515394711  1.15379900066e-22
26.9543753815  1.22280012584e-22
27.888499757  1.28862226511e-22
28.8549969231  1.35137339056e-22
29.8549887833  1.41115772069e-22
30.8896361219  1.46807584862e-22
31.9601399508  1.52222486644e-22
33.0677429039  1.57369848604e-22
34.2137306796  1.62258715635e-22
35.3994335331  1.66897817721e-22
36.6262278206  1.7129558099e-22
37.8955375971  1.75460138459e-22
39.208836269  1.7939934047e-22
40.5676483051  1.83120764827e-22
41.9735510055  1.86631726667e-22
43.4281763331  1.89939288045e-22
44.9332128076  1.93050267268e-22
46.4904074655  1.95971247987e-22
48.1015678884  1.98708588045e-22
49.768564301  2.01268428107e-22
51.4933317418  2.03656700076e-22
53.2778723099  2.05879135308e-22
55.1242574883  2.07941272636e-22
57.0346305491  2.09848466219e-22
59.011209041  2.1160589322e-22
61.0562873636  2.13218561333e-22
63.1722394306  2.14691316154e-22
65.3615214255  2.16028848431e-22
67.6266746527  2.1723570118e-22
69.9703284874  2.18316276694e-22
72.3952034279  2.19274843446e-22
74.9041142534  2.201155429e-22
77.4999732914  2.20842396237e-22
80.1857937984  2.21459311014e-22
82.9646934573  2.21970087746e-22
85.839897997  2.22378426443e-22
88.8147449364  2.22687933088e-22
91.8926874587  2.22902126078e-22
95.0772984195  2.23024442621e-22
98.3722744949  2.23058245108e-22
101.781440472  2.23006827439e-22
105.308753688  2.22873421332e-22
108.958308626  2.22661202592e-22
112.734341665  2.22373297346e-22
116.641236001  2.22012788232e-22
120.683526731  2.2158272054e-22
124.86590612  2.21086108281e-22
129.193229047  2.20525940181e-22
133.670518641  2.19905185555e-22
138.30297211  2.19226800068e-22
143.095966777  2.18493731312e-22
148.055066318  2.17708924194e-22
153.186027225  2.16875326073e-22
158.494805484  2.15995891592e-22
163.987563491  2.15073587166e-22
169.670677203  2.14111395039e-22
175.550743543  2.13112316849e-22
181.634588052  2.12079376629e-22
187.92927282  2.11015623144e-22
194.442104674  2.09924131478e-22
201.180643669  2.0880800379e-22
208.152711857  2.07670369125e-22
215.36640237  2.06514382187e-22
222.830088813  2.05343220985e-22
230.552434985  2.04160083252e-22
238.542404936  2.02968181564e-22
246.809273372  2.01770737083e-22
255.362636419  2.0057097187e-22
264.212422767  1.99372099748e-22
273.36890519  1.98177315694e-22
282.842712475  1.96989783806e-22
292.644841755  1.95812623886e-22
302.786671278  1.94746557262e-22
313.279973616  1.93597379699e-22
324.136929326  1.92467600868e-22
335.370141092  1.91359998354e-22
346.992648354  1.90277222785e-22
359.017942442  1.89221779845e-22
371.459982242  1.88196012503e-22
384.333210392  1.87202083825e-22
397.652570053  1.86241960749e-22
411.433522251  1.85317399204e-22
425.692063826  1.84429930962e-22
440.444746003  1.83580852563e-22
455.708693598  1.82771216656e-22
471.501624905  1.82001826026e-22
487.841872255  1.81273230538e-22
504.748403302  1.80585727186e-22
522.240843039  1.79939363338e-22
540.339496577  1.79333943252e-22
559.065372716  1.78769037857e-22
578.440208331  1.78243997779e-22
598.486493608  1.77757969551e-22
619.227498145  1.77309915003e-22
640.687297966  1.76898633879e-22
662.890803468  1.76522789925e-22
685.863788337  1.76180941092e-22
709.632919466  1.75871575406e-22
734.225787909  1.75593156648e-22
759.670940909  1.75345300334e-22
785.997915035  1.75142964579e-22
813.237270468  1.7499086032e-22
841.420626478  1.74888313995e-22
870.580698121  1.74834492784e-22
900.751334221  1.74153486914e-22
931.967556657  1.7424562132e-22
964.26560102  1.74379056465e-22
997.682958669  1.74554440026e-22
1032.25842026  1.74772306373e-22
1068.03212076  1.75033073951e-22
1105.04558606  1.7533704354e-22
1143.34178114  1.75684397398e-22
1182.96515999  1.76075199325e-22
1223.96171716  1.76509395643e-22
1266.37904119  1.76986817072e-22
1310.26636984  1.77507181482e-22
1355.67464724  1.78070097463e-22
1402.65658302  1.78675068665e-22
1451.26671352  1.81524796751e-22
1501.56146504  1.82818854356e-22
1553.59921943  1.84025631351e-22
1607.44038177  1.85153649424e-22
1663.14745053  1.86210597527e-22
1720.78509012  1.87203449102e-22
1780.42020593  1.88138558064e-22
1842.12202203  1.89021737912e-22
1905.96216149  1.89858327325e-22
1972.01472953  1.90653244854e-22
2040.35639954  1.91411034747e-22
2111.06650209  1.92135905527e-22
2184.22711702  1.92831762608e-22
2259.92316869  1.93262371848e-22
2338.24252459  1.93816006684e-22
2419.27609733  1.9432296494e-22
2503.11795014  1.94786293759e-22
2589.86540613  1.95208806865e-22
2679.61916116  1.95593109358e-22
2772.48340082  1.95941619272e-22
2868.56592133  1.96256586353e-22
2967.97825465  1.96540108483e-22
3070.83579797  1.96794146079e-22
3177.25794767  1.97020534734e-22
3287.3682379  1.97220996356e-22
3401.29448396  1.97397148983e-22
3519.16893071  1.97550515462e-22
3641.12840605  1.9768253112e-22
3767.31447975  1.97794550568e-22
3897.87362778  1.97887853735e-22
4032.95740237  1.97963651226e-22
4172.72260789  1.980230891e-22
4317.33148289  1.98067253114e-22
4466.95188841  1.98097172532e-22
4621.75750286  1.98113823513e-22
4781.9280236  1.98118132169e-22
4947.64937553  1.98110977303e-22
5119.11392693  1.98093192891e-22
5296.52071274  1.98065570317e-22
5480.07566562  1.98028860424e-22
5669.99185496  1.97983775371e-22
5866.48973427  1.97930990355e-22
6069.79739701  1.97871145188e-22
6280.15084139  1.97804845773e-22
6497.79424435  1.97732665477e-22
6722.98024494  1.97655146426e-22
6955.97023761  1.97572800725e-22
7197.03467565  1.9748611163e-22
7446.4533851  1.97395534651e-22
7704.51588959  1.97301498633e-22
7971.52174641  1.97204406784e-22
8247.78089423  1.97104637682e-22
8533.61401289  1.9700254625e-22
8829.35289564  1.96898464708e-22
9135.34083425  1.96792703506e-22
9451.93301755  1.96685552236e-22
9779.49694371  1.96577280527e-22
10118.4128468  1.96468138925e-22
10469.0741383  1.96358359753e-22
10831.8878634  1.96248157956e-22
11207.2751741  1.96137731936e-22
11595.6718175  1.96027264359e-22
11997.5286419  1.95916922954e-22
12413.3121201  1.95806861293e-22
12843.504891  1.95697219546e-22
13288.6063194  1.95588125228e-22
13749.1330763  1.95479693915e-22
14225.6197382  1.95372029945e-22
14718.6194077  1.952652271e-22
15228.7043556  1.95159369257e-22
15756.4666852  1.95054531027e-22
16302.5190197  1.94950778363e-22
16867.4952131  1.94848169149e-22
17452.0510861  1.94746753764e-22
18056.8651874  1.9464657562e-22
18682.6395812  1.94547671677e-22
19330.1006626  1.9445007294e-22
20000  1.94353804919e-22

