4 20 101
101
4  0
4.06489836507  1.97441594018e-43
4.13084967959  3.98086597197e-43
4.19787102722  6.01986983544e-43
4.26597976883  8.09195570317e-43
4.33519354694  1.01976603172e-42
4.4055302903  1.23375291279e-42
4.47700821858  1.45121164354e-42
4.54964584702  1.67219855332e-42
4.6234619913  1.89677088538e-42
4.69847577235  2.12498681174e-42
4.77470662134  2.35690544823e-42
4.85217428469  2.5925868698e-42
4.93089882922  2.8320921261e-42
5.0109006473  2.56926678918e-40
5.09220046219  1.94901215292e-39
5.17481933334  3.6927542891e-39
5.2587786619  5.46478792872e-39
5.34410019626  7.26557208984e-39
5.43080603763  9.09557323795e-39
5.51891864584  1.09552654067e-38
5.60846084511  1.28451303208e-38
5.69945582996  1.47656575206e-38
5.79192717125  1.67173444893e-38
5.88589882225  1.87006967814e-38
5.98139512488  2.48737017693e-38
6.07844081599  9.41438607777e-37
6.17706103378  2.09852902125e-36
6.27728132428  3.27439275374e-36
6.37912764804  4.46933439468e-36
6.48262638677  5.68366347533e-36
6.58780435024  6.91769454898e-36
6.69468878317  8.17174727241e-36
6.80330737234  9.4461464887e-36
6.91368825372  1.07412223114e-35
7.02586001978  5.05380102131e-35
7.13985172691  2.20904409202e-34
7.25569290288  3.9414675292e-34
7.3734135546  5.70199882856e-34
7.49304417576  7.49109402866e-34
7.61461575486  9.30921656712e-34
7.73815978314  1.11568374006e-33
7.86370826279  1.3034435127e-33
7.9912937152  1.79347135638e-33
8.12094918942  9.89431374516e-33
8.25270827072  1.90309535521e-32
8.38660508926  2.83158316055e-32
8.52267432896  3.77513530103e-32
8.66095123645  4.73399618933e-32
8.80147163025  5.70841420362e-32
8.94427191  6.69864175192e-32
9.08938906592  2.10791098972e-31
9.23686068839  4.41660755395e-31
9.38672497765  6.7627617763e-31
9.53902075375  9.14698139195e-31
9.69378746657  1.15698839964e-30
9.85106520605  1.40320972052e-30
10.0108947126  1.96959242854e-30
10.1733173875  5.24414993763e-30
10.3383753039  8.68000047808e-30
10.5061112176  1.21715962892e-29
10.6765685779  1.57198418152e-29
10.8497915392  1.93256561747e-29
11.0258249723  2.75849396548e-29
11.2047144759  6.04344278228e-29
11.3865063885  9.41634812011e-29
11.5712478006  1.28439774684e-28
11.7589865666  1.6327218702e-28
11.9497713174  1.98669741008e-28
12.1436514728  3.8264204075e-28
12.3406772544  6.2218815335e-28
12.5408996988  8.65620803716e-28
12.7443706706  1.11300304934e-27
12.9511428756  1.36481901624e-27
13.1612698752  2.4348897076e-27
13.3748060995  3.7736659561e-27
13.5918068618  5.13416330204e-27
13.8123283727  6.51673416133e-27
14.036427755  8.70690258479e-27
14.2641630582  1.47568727889e-26
14.4955932736  2.09451429443e-26
14.7307783496  2.72338152536e-26
14.9697792074  3.39039943118e-26
15.2126577564  5.51899960044e-26
15.4594769106  7.92818655531e-26
15.7103006046  1.03764615838e-25
15.9651938106  1.29408529228e-25
16.2242225547  2.01803915003e-25
16.4874539343  2.83702567669e-25
16.7549561354  3.669299925e-25
17.0267984504  4.70172824953e-25
17.3030512959  7.06754925604e-25
17.5837862308  9.50929749978e-25
17.8690759753  1.19906621108e-24
18.1589944294  1.64712880115e-24
18.4536166918  2.26639238835e-24
18.75301908  2.89570327415e-24
19.0572791496  3.66136607084e-24
19.3664757145  4.97315803325e-24
19.6806888673  6.3092552014e-24
20  7.66703e-24

