2 20 101
101
2  0
2.04658598456  1.87632972439e-42
2.0942570961  3.79636478256e-42
2.14303861048  5.76112320253e-42
2.19295639229  7.7716467252e-42
2.2440369086  9.82900135677e-42
2.29630724299  1.19342779339e-41
2.34979510988  1.40885927021e-41
2.40452886923  1.62930879075e-41
2.46053754162  1.85489324028e-41
2.51785082359  2.08573222664e-41
2.57649910339  2.32194814374e-41
2.63651347711  2.56366623636e-41
2.69792576518  2.81101466666e-41
2.76076852921  3.06412458203e-41
2.82507508925  3.3231301847e-41
2.89087954149  3.58816880288e-41
2.95821677634  3.85938096355e-41
3.02712249687  6.70303954454e-38
3.09763323782  2.41185560121e-37
3.16978638492  4.19397319703e-37
3.24362019472  6.01760164426e-37
3.31917381488  7.88370785483e-37
3.39648730492  9.79328126296e-37
3.4756016575  1.17473343497e-36
3.55655882008  1.374690318e-36
3.63940171722  1.57930479516e-36
3.72417427333  1.78868535575e-36
3.81092143593  2.00294301613e-36
3.89968919952  2.22219137853e-36
3.99052462994  9.33424285079e-36
4.08347588934  2.78278466344e-34
4.17859226171  5.92547721226e-34
4.275924179  9.14137247436e-34
4.3755232479  1.243217556e-33
4.47744227714  1.57996312965e-33
4.58173530554  1.92455251534e-33
4.68845763064  2.27716841894e-33
4.79766583804  2.63799780206e-33
4.90941783137  3.00723198121e-33
5.02377286302  1.65250112467e-32
5.14079156554  8.06787332128e-32
5.26053598379  1.46484455485e-31
5.38306960785  2.13822989939e-31
5.50845740668  2.82730040356e-31
5.63676586253  3.53242142166e-31
5.76806300625  4.2539668182e-31
5.90241845333  4.99231916608e-31
6.0399034408  1.57661038218e-30
6.18059086503  5.18605064069e-30
6.32455532034  8.87956556329e-30
6.47187313859  1.26591135005e-29
6.62262242965  1.65266984186e-29
6.77688312278  2.04843709623e-29
6.93473700905  2.45342295421e-29
7.09626778467  7.61000917876e-29
7.2615610954  1.61764573244e-28
7.43070458194  2.49424436806e-28
7.60378792641  3.39126160893e-28
7.78090289989  4.30917306547e-28
7.96214341107  5.27122301512e-28
8.14760555608  1.40341284238e-27
8.33738766941  2.50779367536e-27
8.53159037603  3.63789884257e-27
8.7303166448  4.79432754071e-27
8.93367184302  5.97769292359e-27
9.1417637923  1.23631604721e-26
9.35470282574  2.13748106374e-26
9.57260184645  3.05963691005e-26
9.79557638737  4.00327252537e-26
10.0237446725  5.48279688971e-26
10.2572276798  1.05150620276e-25
10.496149205  1.57598673481e-25
10.7406359274  2.11268398784e-25
10.9908174772  2.73800237905e-25
11.2468265038  4.80342987921e-25
11.5087987467  7.05499223668e-25
11.7768731071  9.35900021877e-25
12.0511917215  1.26190644609e-24
12.3319000372  1.98277061792e-24
12.6191468896  2.72282766344e-24
12.9130845807  3.48012285201e-24
13.2138689602  4.93151881645e-24
13.5216595078  6.69803649632e-24
13.8366194184  8.50570165887e-24
14.1589156877  1.09130204966e-23
14.4887192015  1.39629774316e-23
14.826204826  1.70839769901e-23
15.1715515006  2.06317734195e-23
15.5249423326  2.46292951718e-23
15.8865646945  2.87199311676e-23
16.2566103233  3.29985123037e-23
16.6352754221  3.74186700016e-23
17.022760764  4.19202051616e-23
17.4192717991  4.6330272726e-23
17.8250187627  5.08343115271e-23
18.2402167871  5.52264624145e-23
18.6650860159  5.95593170483e-23
19.0998517204  6.38991732722e-23
19.5447444191  6.80195146421e-23
20  7.22355e-23

