4 20 101
101
4  0
4.06489836507  1.20483165767e-39
4.13084967959  2.42921121654e-39
4.19787102722  3.67345583331e-39
4.26597976883  4.93788781042e-39
4.33519354694  6.22283467954e-39
4.4055302903  7.52862928641e-39
4.47700821858  8.85560987706e-39
4.54964584702  1.02041201854e-38
4.6234619913  1.15745095223e-38
4.69847577235  1.29671328661e-38
4.77470662134  1.43823509545e-38
4.85217428469  1.58205303779e-38
4.93089882922  1.72820436745e-38
5.0109006473  2.84838444335e-37
5.09220046219  2.05962820773e-36
5.17481933334  3.88858158208e-36
5.2587786619  5.74720897738e-36
5.34410019626  7.63599184248e-36
5.43080603763  9.55541943756e-36
5.51891864584  1.15059889608e-35
5.60846084511  1.34882056774e-35
5.69945582996  1.55025830499e-35
5.79192717125  1.7549642872e-35
5.88589882225  1.9629915403e-35
5.98139512488  2.32412939279e-35
6.07844081599  3.5476166184e-34
6.17706103378  7.72932509686e-34
6.27728132428  1.19788800862e-33
6.37912764804  1.62973823683e-33
6.48262638677  2.06859505848e-33
6.58780435024  2.51457215269e-33
6.69468878317  2.96778504296e-33
6.80330737234  3.42835112714e-33
6.91368825372  3.89638970779e-33
7.02586001978  1.06529794356e-32
7.13985172691  3.87258394647e-32
7.25569290288  6.72724217587e-32
7.3734135546  9.62821606824e-32
7.49304417576  1.25762570763e-31
7.61461575486  1.55721288447e-31
7.73815978314  1.86166074081e-31
7.86370826279  2.17104813918e-31
7.9912937152  2.75274728527e-31
8.12094918942  1.013545356e-30
8.25270827072  1.84458018635e-30
8.38660508926  2.68909821716e-30
8.52267432896  3.54731820783e-30
8.66095123645  4.41946246707e-30
8.80147163025  5.30575691045e-30
8.94427191  6.2064311189e-30
9.08938906592  1.45796769148e-29
9.23686068839  2.78137491982e-29
9.38672497765  4.12625388953e-29
9.53902075375  5.49295297082e-29
9.69378746657  6.88182618609e-29
9.85106520605  8.2932333016e-29
10.0108947126  1.09401132113e-28
10.1733173875  2.39811836439e-28
10.3383753039  3.76486771554e-28
10.5061112176  5.15379201629e-28
10.6765685779  6.56525104611e-28
10.8497915392  7.99961042179e-28
11.0258249723  1.07622800407e-27
11.2047144759  2.05156955418e-27
11.3865063885  3.05257945233e-27
11.5712478006  4.06983032694e-27
11.7589865666  5.1035856812e-27
11.9497713174  6.15411329356e-27
12.1436514728  1.05065146732e-26
12.3406772544  1.60967291459e-26
12.5408996988  2.17776425635e-26
12.7443706706  2.75507264793e-26
12.9511428756  3.34250009825e-26
13.1612698752  5.39795428968e-26
13.3748060995  7.93701317063e-26
13.5918068618  1.05172672441e-25
13.8123283727  1.31393848853e-25
14.036427755  1.69473807453e-25
14.2641630582  2.6385944783e-25
14.4955932736  3.60360987613e-25
14.7307783496  4.58428225436e-25
14.9697792074  5.61299927377e-25
15.2126577564  8.32646629342e-25
15.4594769106  1.13668636168e-24
15.7103006046  1.44565901441e-24
15.9651938106  1.76598119082e-24
16.2242225547  2.4758334251e-24
16.4874539343  3.26628567021e-24
16.7549561354  4.06956267992e-24
17.0267984504  4.97944215234e-24
17.3030512959  6.56412789042e-24
17.5837862308  8.19334501193e-24
17.8690759753  9.84899551532e-24
18.1589944294  1.19960422957e-23
18.4536166918  1.45666509977e-23
18.75301908  1.71789667753e-23
19.0572791496  1.99440858907e-23
19.3664757145  2.32212544941e-23
19.6806888673  2.65542390907e-23
20  2.99413e-23

