0.5 20 151
151
0.5  0
0.512448710082  1.57207041429e-38
0.52520736093  3.18328132622e-38
0.538283669269  4.8346072332e-38
0.55168554395  6.52704689511e-38
0.565421090737  8.26162393838e-38
0.579498617203  1.00393874751e-37
0.59392663776  1.18614127376e-37
0.608713878807  1.37288017285e-37
0.623869284008  1.56426838878e-37
0.6394020197  1.76042167754e-37
0.655321480438  1.96145867714e-37
0.67163729468  2.16750097939e-37
0.688359330604  2.37867320341e-37
0.705497702082  2.59510307102e-37
0.723062774796  2.81692148398e-37
0.741065172505  3.04426260316e-37
0.759515783475  3.27726392972e-37
0.778425767058  3.51606638819e-37
0.797806560447  3.76081441182e-37
0.817669885593  4.01165602982e-37
0.83802775629  4.26874295698e-37
0.858892485448  4.53223068538e-37
0.880276692535  4.80227857847e-37
0.90219331121  5.07904996741e-37
0.924655597149  5.36271224992e-37
0.947677136058  5.65343699146e-37
0.971271851895  5.95140002904e-37
0.995454015286  5.95079099422e-34
1.02023825216  1.02764391629e-31
1.04563955259  2.31744558794e-31
1.07167327987  3.63935999374e-31
1.0983551798  4.99418665792e-31
1.1257013902  6.38274501081e-31
1.15372845069  7.80587488443e-31
1.18245331269  9.26443702047e-31
1.21189334964  1.07593135908e-30
1.24206636756  1.22914087313e-30
1.27299061578  1.38616490882e-30
1.30468479801  1.5470984379e-30
1.33716808361  1.71203879667e-30
1.37046011922  1.88108574486e-30
1.40458104063  2.05434152594e-30
1.43955148495  2.231910929e-30
1.47539260312  2.4139013521e-30
1.51212607267  2.60042286723e-30
1.54977411084  2.79158828689e-30
1.58835948804  2.98751323232e-30
1.62790554158  3.18831620344e-30
1.66843618984  3.39411865051e-30
1.70997594668  3.60504504757e-30
1.75254993629  3.82122296776e-30
1.79618390842  4.04278316046e-30
1.84090425388  4.26985963037e-30
1.88673802057  4.50258971856e-30
1.93371292981  4.74111418554e-30
1.9818573931  4.98557729639e-30
2.03120052932  1.34326276477e-28
2.08177218234  3.43819971132e-28
2.13360293905  5.58529518325e-28
2.18672414789  7.78584779327e-28
2.24116793778  1.00411884862e-27
2.29696723759  1.2352681344e-27
2.35415579601  1.47217244107e-27
2.41276820199  1.7149750538e-27
2.47283990568  1.9638228252e-27
2.53440723981  2.21886626412e-27
2.59750744173  2.48025962669e-27
2.66217867588  2.74816100965e-27
2.72846005693  3.02273244589e-27
2.79639167337  3.30414000255e-27
2.86601461181  3.59255388139e-27
2.9373709818  3.88814852175e-27
3.01050394131  6.20133749033e-27
3.08545772284  1.95176237795e-26
3.16227766017  3.33341051034e-26
3.24101021575  4.74945811681e-26
3.32170300885  6.2007616555e-26
3.40440484432  7.68819890818e-26
3.48916574214  9.21266951112e-26
3.57603696765  1.07750954992e-25
3.66507106256  1.23764218635e-25
3.75632187674  1.40176171232e-25
3.84984460077  1.56996739109e-25
3.94569579937  1.74236095731e-25
4.04393344553  2.66673311317e-25
4.14461695564  4.56131183912e-25
4.2478072254  6.50306068766e-25
4.35356666667  8.49315407313e-25
4.46195924519  1.05327956498e-24
4.57305051927  1.26232190398e-24
4.68690767949  1.47656885792e-24
4.80359958925  1.69615000829e-24
4.92319682653  1.92119816283e-24
5.04577172647  2.41432575351e-24
5.1713984252  3.37112142946e-24
5.30015290463  4.35173884937e-24
5.43211303844  5.3567711132e-24
5.56735863914  6.38682608759e-24
5.70597150638  7.44252677346e-24
5.84803547643  8.52451168288e-24
5.99363647282  9.67432021041e-24
6.1428625584  1.16676332738e-23
6.29580398853  1.37934578231e-23
6.4525532657  1.59722099194e-23
6.6132051955  1.82052073221e-23
6.77785694388  2.04938005993e-23
6.94660809603  2.2839373945e-23
7.11956071652  2.53702957041e-23
7.29681941106  2.80223339367e-23
7.47849138981  3.07404010794e-23
7.66468653214  3.35261410819e-23
7.85551745316  3.63812388237e-23
8.0510995718  3.9217741385e-23
8.25155118063  4.18649855118e-23
8.45699351738  4.45781391879e-23
8.66755083831  4.73588433911e-23
8.88335049333  5.02087799551e-23
9.10452300303  5.28580277547e-23
9.33120213764  5.5262526675e-23
9.5635249979  5.77268914152e-23
9.80163209803  6.02526124798e-23
10.0456674507  6.27454231873e-23
10.295778654  6.48898513509e-23
10.5521169811  6.70851353473e-23
10.8148374712  6.93350762517e-23
11.0840990237  7.15222096876e-23
11.3600644943  7.34956636044e-23
11.6429007931  7.55182514324e-23
11.9327789861  7.75909291382e-23
12.2298743982  7.94116309802e-23
12.5343667197  8.11862426789e-23
12.8464401144  8.30050376307e-23
13.1662833315  8.46839593948e-23
13.4940898196  8.62294358637e-23
13.8300578436  8.78133907096e-23
14.1743906047  8.93093547299e-23
14.5272963631  9.0715295981e-23
14.8889885645  9.21562415422e-23
15.2596859686  9.34969615143e-23
15.6396127818  9.48114323024e-23
16.0289987924  9.61377416096e-23
16.4280795102  9.7325334015e-23
16.8370963082  9.85359460241e-23
17.2562965694  9.96562602651e-23
17.6859338356  1.00726009798e-22
18.1262679613  1.01774551666e-22
18.5775652707  1.02727240286e-22
19.0400987189  1.03689302639e-22
19.5141480567  1.0456606072e-22
20  1.05461e-22

