1 20 101
101
1  0
1.03041055791  1.06259659137e-39
1.06174591785  2.15750733791e-39
1.09403420358  3.28571493112e-39
1.12730439408  4.44823194668e-39
1.16158634964  5.64610175327e-39
1.1969108386  6.88039944898e-39
1.23330956497  8.15223282624e-39
1.27081519692  9.46274336608e-39
1.30946139606  1.08131072626e-38
1.34928284767  1.22045364786e-38
1.39031529185  1.36382798333e-38
1.43259555555  1.51156241233e-38
1.47616158565  1.66378952775e-38
1.52105248304  1.82064595467e-38
1.56730853766  1.98227247305e-38
1.61497126471  2.14881414402e-38
1.66408344188  2.32042044012e-38
1.71468914776  2.49724537943e-38
1.76683380139  2.6794476638e-38
1.82056420303  2.86719082129e-38
1.87592857615  3.06064335294e-38
1.93297661076  3.259978884e-38
1.99175950792  4.90176263667e-36
2.05233002578  3.13260762104e-34
2.11474252688  6.86836096151e-34
2.17905302696  1.07177206453e-33
2.24531924523  1.46841415046e-33
2.31360065617  1.87711834352e-33
2.3839585429  2.29825145912e-33
2.45645605223  2.73219146771e-33
2.53115825126  3.17932783406e-33
2.60813218585  3.64006186678e-33
2.68744694072  4.11480707848e-33
2.76917370155  4.60398955693e-33
2.85338581877  5.10804834747e-33
2.94015887345  5.62743584706e-33
3.02957074514  1.85607622435e-31
3.12170168173  7.45239895415e-31
3.21663437151  1.32189089804e-30
3.31445401734  1.91607817938e-30
3.41524841318  2.52833502744e-30
3.51910802283  3.15921094784e-30
3.62612606115  3.80927215695e-30
3.73639857773  4.47910209011e-30
3.85002454306  5.16930192524e-30
3.96710593738  5.88049112243e-30
4.08774784223  5.67560653049e-29
4.21205853471  1.28547454323e-28
4.34014958471  2.02522059534e-28
4.472135955  2.7874627376e-28
4.60813610445  3.57288508868e-28
4.74827209431  4.38219257165e-28
4.89266969782  5.2161115467e-28
5.041458513  1.18384090463e-27
5.19477207907  3.40354597478e-27
5.35274799621  5.69075351452e-27
5.51552804914  8.04751631159e-27
5.68325833429  1.04759495802e-26
5.85608939099  1.29782328593e-26
6.03417633655  2.04951312735e-26
6.21767900547  4.89511995031e-26
6.40676209294  7.83886377924e-26
6.6015953026  1.08721285004e-25
6.80235349885  1.39976364939e-25
7.00921686386  1.86442193865e-25
7.22237105921  3.77163602827e-25
7.44200739256  5.8104168817e-25
7.66832298935  7.91119819835e-25
7.9015209697  1.00758654469e-24
8.14181063074  1.58598337838e-24
8.38940763443  2.43624139293e-24
8.64453420113  3.31235622806e-24
8.90741930907  4.21511420413e-24
9.17829889981  5.94697880334e-24
9.45741609003  8.16042278053e-24
9.74502138973  1.0441178824e-23
10.041372927  1.29636335203e-23
10.34673668  1.65258790053e-23
10.661386715  2.02126020004e-23
10.9856054331  2.40258760571e-23
11.3196838233  2.82439527298e-23
11.6639217237  3.26199393441e-23
12.0186280908  3.71028153913e-23
12.3841212763  4.1473345578e-23
12.7607293136  4.59648860127e-23
13.1487902114  5.03864214894e-23
13.5486522576  5.46000877597e-23
13.9606743317  5.89271505098e-23
14.3852262269  6.28870909826e-23
14.8226889821  6.68966558658e-23
15.2734552238  7.07079651324e-23
15.7379295184  7.4421251328e-23
16.2165287354  7.80199343985e-23
16.7096824217  8.14442998964e-23
17.2178331866  8.47826099261e-23
17.7414370999  8.79612522021e-23
18.2809641002  9.10399653726e-23
18.8368984177  9.40258830323e-23
19.4097390079  9.6848860941e-23
20  9.965361e-23

