1.351 20 101
101
1.351  0
1.38790293922  6.70432656327e-25
1.42581389245  2.48544331284e-24
1.46476039386  4.8967707242e-24
1.50477072975  7.23354614843e-24
1.54587395905  9.48469546151e-24
1.58809993444  1.16582990311e-23
1.63147932405  1.37644524856e-23
1.67604363369  1.58051151276e-23
1.7218252298  1.77804051889e-23
1.76885736289  1.96910784184e-23
1.81717419172  2.15383511714e-23
1.86681080812  2.33237660309e-23
1.91780326244  2.50490896711e-23
1.97018858978  2.67162352675e-23
2.02400483684  2.83272036642e-23
2.0792910896  2.98840389209e-23
2.13608750166  3.13887949088e-23
2.19443532345  3.2841986122e-23
2.25437693216  3.42434507277e-23
2.31595586252  3.55944478911e-23
2.37921683841  3.68984444138e-23
2.44420580538  3.82063571105e-23
2.51096996399  3.95140457821e-23
2.57955780408  4.07825553737e-23
2.65001914002  4.20127514683e-23
2.72240514687  4.32009620666e-23
2.79676839755  4.43519948232e-23
2.87316290102  4.54633359791e-23
2.95164414152  4.65385900543e-23
3.03226911883  4.75762398901e-23
3.11509638974  4.85786176213e-23
3.20018611049  4.95458811506e-23
3.28760008053  5.04786720149e-23
3.37740178738  5.13779658899e-23
3.46965645273  5.22446616142e-23
3.56443107981  5.30792806997e-23
3.66179450209  5.38825799415e-23
3.76181743321  5.46553016727e-23
3.8645725184  5.53981633521e-23
3.97013438721  5.61118744157e-23
4.0785797077  5.67970897414e-23
4.18998724216  5.74543638099e-23
4.30443790429  5.80845215448e-23
4.42201481795  5.86882869968e-23
4.54280337758  5.92659464469e-23
4.66689131017  5.98184735482e-23
4.79436873902  6.03462136991e-23
4.92532824914  6.08500234558e-23
5.05986495456  6.13301380469e-23
5.19807656735  6.17873803091e-23
5.34006346863  6.22222802294e-23
5.48592878144  6.2635323051e-23
5.63577844568  6.30270175249e-23
5.78972129501  6.33978894714e-23
5.9478691359  6.37484502134e-23
6.11033682888  6.40792401458e-23
6.2772423719  6.43906983418e-23
6.44870698605  6.46832424419e-23
6.62485520363  6.49574274477e-23
6.80581495857  6.52136139965e-23
6.99171767934  6.54522874254e-23
7.18269838442  6.56738493226e-23
7.37889578036  6.58787137614e-23
7.58045236252  6.60672852211e-23
7.78751451855  6.62399567467e-23
8.00023263473  6.63971133884e-23
8.21876120517  6.65391052644e-23
8.44325894405  6.6666324448e-23
8.67388890084  6.67790954588e-23
8.91081857879  6.6877787276e-23
9.15422005653  6.69627165954e-23
9.40427011304  6.70342097073e-23
9.66115035612  6.70925843132e-23
9.92504735418  6.71381475634e-23
10.1961527719  6.717120743e-23
10.4746635091  6.71920429334e-23
10.7607818443  6.72009457543e-23
11.054715581  6.71981869396e-23
11.3566781992  6.71840359812e-23
11.66688901  6.71587541535e-23
11.985573315  6.71225933923e-23
12.31296257  6.70758002774e-23
12.6492945532  6.70186143351e-23
12.9948135378  6.69512695033e-23
13.349770469  6.68739908078e-23
13.7144231472  6.67869991851e-23
14.0890364143  6.66905068842e-23
14.4738823466  6.65847222799e-23
14.869240452  6.64698470937e-23
15.2753978737  6.63460774412e-23
15.6926495978  6.62136041535e-23
16.1212986684  6.60726114545e-23
16.561656407  6.59232801751e-23
17.0140426393  6.57657842465e-23
17.4787859268  6.56002936044e-23
17.9562238059  6.54269733706e-23
18.4467030329  6.5245983425e-23
18.9505798359  6.50574795344e-23
19.4682201734  6.48616325371e-23
20  6.46585479941e-23

