0.1 20 151
151
0.1  0
0.103595335198  1.23259236126e-40
0.107319934748  2.50950054953e-40
0.111178446136  3.83231786734e-40
0.115175683943  5.20269490178e-40
0.119316635847  6.62234158408e-40
0.123606468853  8.09302932324e-40
0.128050535734  9.61659321634e-40
0.132654381717  1.11949343383e-39
0.137423751394  1.28300221143e-39
0.142364595899  1.45238967765e-39
0.147483080324  1.62786719107e-39
0.152785591422  1.80965370929e-39
0.158278745568  1.99797606219e-39
0.163969397019  2.19306923493e-39
0.169864646463  2.39517666117e-39
0.175971849887  2.60455052685e-39
0.182298627744  2.82145208482e-39
0.188852874473  3.04615198084e-39
0.195642768341  3.27893059132e-39
0.202676781654  4.26682904405e-33
0.209963691323  1.58822601318e-32
0.21751258982  2.79153049019e-32
0.225332896521  4.0380977966e-32
0.233434369463  5.32948337614e-32
0.241827117512  6.66729859597e-32
0.250521612986  8.05321275727e-32
0.259528704717  9.48895517824e-32
0.268859631586  1.09763173518e-31
0.278526036554  1.25171551811e-31
0.288539981181  1.41133912953e-31
0.298913960685  1.57670174483e-31
0.309660919525  1.74800970044e-31
0.320794267559  1.92547675128e-31
0.332327896774  2.10932433746e-31
0.344276198619  2.29978186062e-31
0.356654081967  2.49708697014e-31
0.369476991711  2.70148585971e-31
0.382760928042  2.91323357451e-31
0.396522466412  3.13259432943e-31
0.410778778215  3.35984183878e-31
0.425547652214  3.59525965782e-31
0.440847516738  3.83914153657e-31
0.456697462677  4.09179178634e-31
0.473117267301  4.35352565948e-31
0.490127418939  4.62466974268e-31
0.507749142548  6.65650892404e-29
0.526004426187  2.2225132517e-28
0.544916048465  3.83535003138e-28
0.564507606954  5.50617369949e-28
0.584803547643  7.23706907904e-28
0.60582919543  9.0301959494e-28
0.627610785733  1.08877917413e-27
0.650175497219  1.28121743285e-27
0.673551485719  1.48057449202e-27
0.697767919361  1.68709910571e-27
0.722855014966  1.90104897153e-27
0.74884407575  2.12269105218e-27
0.775767530383  2.35230190857e-27
0.803658973457  2.5901680449e-27
0.832553207402  2.83658626615e-27
0.862486285909  3.09186404845e-27
0.893495558925  3.3563199227e-27
0.925619719247  3.63028387208e-27
0.958898850812  3.91409774377e-27
0.993374478709  4.46894549656e-27
1.02908962099  5.23679555626e-26
1.06608884235  1.13550807047e-25
1.10441830974  1.76933387127e-25
1.14412584997  2.42594783417e-25
1.18526100936  3.10616926999e-25
1.22787511562  3.81084694652e-25
1.27202134183  4.54086014759e-25
1.31775477286  5.29711977023e-25
1.36513247404  6.08056946127e-25
1.41421356237  6.8921867948e-25
1.46505928036  7.73298449201e-25
1.51773307233  8.60401168476e-25
1.57230066369  9.50635522476e-25
1.62883014287  1.04411410397e-24
1.68739204632  1.1409535538e-24
1.74805944649  1.24127470646e-24
1.81090804305  1.34520274083e-24
1.87601625732  1.4528673364e-24
1.94346533014  1.56440283507e-24
2.01333942322  1.83334259814e-24
2.08572572415  2.76140381399e-24
2.16071455525  3.72670579101e-24
2.23839948618  4.72671360979e-24
2.31887745078  5.76267506165e-24
2.40224886796  6.83588280023e-24
2.48861776706  7.94767595438e-24
2.57809191758  9.09944179913e-24
2.67078296373  1.02926174867e-23
2.76680656368  1.15286918397e-23
2.86628253393  1.28092072091e-23
2.96933499874  1.41357613982e-23
3.0760925451  1.61138260692e-23
3.18668838309  1.84150932066e-23
3.30126051218  2.07990986114e-23
3.41995189335  2.32688170017e-23
3.54291062753  2.58273300466e-23
3.67029014035  2.84778302115e-23
3.80224937364  3.12236247417e-23
3.93895298368  3.40681397892e-23
4.08057154674  3.66239834854e-23
4.22728177184  3.8964862495e-23
4.3792667213  4.13899039516e-23
4.53671603914  4.39021337773e-23
4.69982618773  4.65046866861e-23
4.8688006929  4.92008100957e-23
5.04385039793  5.17867539669e-23
5.22519372662  5.38242064798e-23
5.41305695583  5.59348122874e-23
5.60767449785  5.81213014485e-23
5.80928919286  6.0386402224e-23
6.01815261197  6.26628010878e-23
6.23452537109  6.44852957282e-23
6.45867745619  6.63550625876e-23
6.69088856009  6.82920538329e-23
6.93144843155  7.02986864063e-23
7.18065723674  7.19029643014e-23
7.43882593382  7.33783958235e-23
7.70627666093  7.49068740545e-23
7.98334313818  7.64686388963e-23
8.270371084  7.75855756026e-23
8.56771864659  7.86854345019e-23
8.87575685075  7.98248370152e-23
9.19487006089  8.07895031978e-23
9.5254564606  8.16463831459e-23
9.8679285495  8.25340708003e-23
10.2227136579  8.33431187416e-23
10.5902544803  8.41133372889e-23
10.9710096272  8.49082109123e-23
11.3654541979  8.56491537378e-23
11.774080373  8.6406301264e-23
12.1973980289  8.70943780493e-23
12.6359353735  8.76930253784e-23
13.0902396056  8.82812851548e-23
13.5608775976  8.87610338734e-23
14.0484366031  8.92422627905e-23
14.553524989  8.96334839541e-23
15.0767729955  9.00170169852e-23
15.6188335217  9.03142355694e-23
16.1803829408  9.05807342643e-23
16.7621219439  9.07695085708e-23
17.364776414  9.09338487331e-23
17.9890983325  9.10818814914e-23
18.6358667167  9.12174251704e-23
19.3058885922  9.13415432273e-23
20  9.14519e-23

