4 20 101
101
4  0
4.06489836507  9.66901271658e-40
4.13084967959  1.94949012124e-39
4.19787102722  2.9480210733e-39
4.26597976883  3.96275278192e-39
4.33519354694  4.99394809776e-39
4.4055302903  6.04187413611e-39
4.47700821858  7.10680234612e-39
4.54964584702  8.18900858106e-39
4.6234619913  9.28877316983e-39
4.69847577235  1.04063809895e-38
4.77470662134  1.15421215393e-38
4.85217428469  1.26962890153e-38
4.93089882922  1.38691823869e-38
5.0109006473  2.30052834869e-37
5.09220046219  1.66411614712e-36
5.17481933334  3.14194478845e-36
5.2587786619  4.64375059544e-36
5.34410019626  6.16992258782e-36
5.43080603763  7.72085609699e-36
5.51891864584  9.29695286842e-36
5.60846084511  1.08986211658e-35
5.69945582996  1.25262758766e-35
5.79192717125  1.41803386198e-35
5.88589882225  1.5861237855e-35
5.98139512488  1.87861099095e-35
6.07844081599  2.88158877225e-34
6.17706103378  6.27940813798e-34
6.27728132428  9.73235573413e-34
6.37912764804  1.32413259937e-33
6.48262638677  1.68072278615e-33
6.58780435024  2.04309850296e-33
6.69468878317  2.41135361766e-33
6.80330737234  2.78558352107e-33
6.91368825372  3.16588515172e-33
7.02586001978  8.67779034036e-33
7.13985172691  3.15843291815e-32
7.25569290288  5.48774110461e-32
7.3734135546  7.85484136434e-32
7.49304417576  1.02603468583e-31
7.61461575486  1.27048806956e-31
7.73815978314  1.51890760953e-31
7.86370826279  1.771357655e-31
7.9912937152  2.24664843045e-31
8.12094918942  8.28769321593e-31
8.25270827072  1.50878834916e-30
8.38660508926  2.19984040749e-30
8.52267432896  2.90210450302e-30
8.66095123645  3.61576254647e-30
8.80147163025  4.34099939997e-30
8.94427191  5.07800292499e-30
9.08938906592  1.19410600237e-29
9.23686068839  2.27890401284e-29
9.38672497765  3.38130242764e-29
9.53902075375  4.50158680613e-29
9.69378746657  5.64004734077e-29
9.85106520605  6.79697893225e-29
10.0108947126  8.96809647114e-29
10.1733173875  1.9671895056e-28
10.3383753039  3.08899028433e-28
10.5061112176  4.22899182218e-28
10.6765685779  5.38748941902e-28
10.8497915392  6.56478316586e-28
11.0258249723  8.8342945341e-28
11.2047144759  1.68521720911e-27
11.3865063885  2.50810810025e-27
11.5712478006  3.34435005976e-27
11.7589865666  4.19415970326e-27
11.9497713174  5.05775716088e-27
12.1436514728  8.64193601217e-27
12.3406772544  1.32459911318e-26
12.5408996988  1.7924745164e-26
12.7443706706  2.26794100679e-26
12.9511428756  2.75174277368e-26
13.1612698752  4.44712331101e-26
13.3748060995  6.5416168559e-26
13.5918068618  8.67009270246e-26
13.8123283727  1.08331021996e-25
14.036427755  1.39769087897e-25
14.2641630582  2.17779099714e-25
14.4955932736  2.97538283425e-25
14.7307783496  3.78591527291e-25
14.9697792074  4.63641749922e-25
15.2126577564  6.89290719394e-25
15.4594769106  9.42212477168e-25
15.7103006046  1.19923778708e-24
15.9651938106  1.46587789564e-24
16.2242225547  2.06708049335e-24
16.4874539343  2.73739656914e-24
16.7549561354  3.41858824928e-24
17.0267984504  4.1963130134e-24
17.3030512959  5.58964262129e-24
17.5837862308  7.02277200543e-24
17.8690759753  8.47915332806e-24
18.1589944294  1.04218964598e-23
18.4536166918  1.27833793337e-23
18.75301908  1.51831763021e-23
19.0572791496  1.77425128965e-23
19.3664757145  2.0853650216e-23
19.6806888673  2.401815372e-23
20  2.7234e-23

