3 20 101
101
3  0
3.05745688936  6.14593362768e-42
3.11601421011  1.24095759982e-41
3.17569303801  1.87931815042e-41
3.23651485253  2.52990477154e-41
3.29850154446  3.1929516205e-41
3.3616754239  3.86869733926e-41
3.4260592282  4.55738514037e-41
3.49167613021  5.2592628944e-41
3.55854974658  5.97458321925e-41
3.62670414627  6.70360357103e-41
3.69616385924  7.4465863367e-41
3.76695388521  8.20379892857e-41
3.83909970275  8.97551388047e-41
3.91262727838  9.76200894591e-41
3.98756307593  6.81420020644e-40
4.06393406609  6.06868613563e-38
4.1417677361  1.34437146179e-37
4.22109209963  2.0959991832e-37
4.30193570688  2.86202230155e-37
4.38432765487  3.64271652176e-37
4.46829759787  4.43836282911e-37
4.55387575811  5.24924759041e-37
4.64109293664  6.07566265706e-37
4.72998052444  6.91790547005e-37
4.82057051367  7.77627916709e-37
4.91289550923  8.65109269164e-37
5.00698874047  6.68363435823e-36
5.10288407317  5.96860499133e-35
5.20061602171  1.15483013304e-34
5.30021976151  1.72348616679e-34
5.40173114165  2.30303326947e-34
5.50518669785  2.89368003008e-34
5.61062366552  3.49563903255e-34
5.71807999326  4.10912693228e-34
5.82759435644  4.73436453414e-34
5.93920617117  5.37157687191e-34
6.05295560847  4.13121547691e-33
6.16888360871  1.1923180841e-32
6.28703189637  1.98643802357e-32
6.40744299507  2.79576718353e-32
6.53016024283  3.6205968555e-32
6.6552278077  4.46122390988e-32
6.78269070364  5.3179509028e-32
6.91259480676  6.19108618508e-32
7.04498687177  1.90296391986e-31
7.17991454885  5.57738768802e-31
7.31742640081  9.32218510947e-31
7.45757192053  1.31387040013e-30
7.60040154878  1.70283179944e-30
7.74596669241  2.09924270278e-30
7.89431974284  2.50324578525e-30
8.04551409486  5.19780075843e-30
8.19960416593  1.33460005082e-29
8.35664541573  2.16502569951e-29
8.51669436609  3.01135590641e-29
8.67980862141  3.87389528033e-29
8.84604688929  4.75295426405e-29
9.01546900177  6.7553044914e-29
9.18813593677  1.69672505631e-28
9.36410984009  2.76304860208e-28
9.54345404778  3.84979469251e-28
9.72623310891  4.95735446624e-28
9.91251280879  6.0861265531e-28
10.1023601927  1.14270293759e-27
10.29584359  2.05204472149e-27
10.4930326387  2.97880248883e-27
10.6939983105  3.92330979566e-27
10.8988129364  4.88590658644e-27
11.1075502328  8.26917981041e-27
11.3202853277  1.40206496723e-26
11.5370947883  1.988227339e-26
11.7580566479  2.58561606629e-26
11.9832504345  3.26432427691e-26
12.2127571994  5.8451057292e-26
12.4466595458  8.7094200658e-26
12.6850416593  1.16285925997e-25
12.9279893377  1.46036739914e-25
13.175590022  2.3422555293e-25
13.4279328281  3.48290052813e-25
13.6851085784  4.64539149813e-25
13.9472098349  5.83746464894e-25
14.2143309324  9.0070820477e-25
14.4865680123  1.27392427908e-24
14.7640190574  1.6542882983e-24
15.0467839273  2.13874980353e-24
15.3349643938  3.09743188473e-24
15.628664178  4.07913516137e-24
15.9279889875  5.07988111586e-24
16.2330465545  6.79185653715e-24
16.5439466745  8.75496072869e-24
16.8608012457  1.07556628737e-23
17.1837243096  1.33215382385e-23
17.5128320918  1.63433729836e-23
17.8482430438  1.94230828036e-23
18.1900778857  2.28734088327e-23
18.5384596499  2.66433872558e-23
18.893513725  3.04855694233e-23
19.2553679009  3.44925300801e-23
19.6241524153  3.86149877741e-23
20  4.28164e-23

