2 20 101
101
2  0
2.04658598456  9.25137091612e-40
2.0942570961  1.87182339436e-39
2.14303861048  2.84056085384e-39
2.19295639229  3.8318631075e-39
2.2440369086  4.84625575689e-39
2.29630724299  5.88427664644e-39
2.34979510988  6.94647614856e-39
2.40452886923  8.03341745547e-39
2.46053754162  9.14567687786e-39
2.51785082359  1.02838441504e-38
2.57649910339  1.14485227444e-38
2.63651347711  1.26403301879e-38
2.69792576518  1.3859898393e-38
2.76076852921  1.51078739909e-38
2.82507508925  1.63849186748e-38
2.89087954149  1.76917095506e-38
2.95821677634  1.90289394962e-38
3.02712249687  8.2323918504e-36
3.09763323782  2.95826311095e-35
3.16978638492  5.1430181327e-35
3.24362019472  7.37866263629e-35
3.31917381488  9.66638199006e-35
3.39648730492  1.20073891731e-34
3.4756016575  1.44029254183e-34
3.55655882008  1.68542608708e-34
3.63940171722  1.93626952611e-34
3.72417427333  2.19295585943e-34
3.81092143593  2.45562118553e-34
3.89968919952  2.72440477304e-34
3.99052462994  6.51494472338e-34
4.08347588934  1.43948952612e-32
4.17859226171  3.04520784707e-32
4.275924179  4.68832815247e-32
4.3755232479  6.36972164647e-32
4.47744227714  8.09027982614e-32
4.58173530554  9.85091495421e-32
4.68845763064  1.16525605427e-31
4.79766583804  1.3496171848e-31
4.90941783137  1.53827263772e-31
5.02377286302  5.39661200142e-31
5.14079156554  2.33815118363e-30
5.26053598379  4.1829314161e-30
5.38306960785  6.07068210027e-30
5.50845740668  8.00240414657e-30
5.63676586253  9.97912177957e-30
5.76806300625  1.20018830811e-29
5.90241845333  1.40717605461e-29
6.0399034408  3.39837503558e-29
6.18059086503  9.88870657039e-29
6.32455532034  1.65302173475e-28
6.47187313859  2.3326428784e-28
6.62262242965  3.02809443209e-28
6.77688312278  3.73974513346e-28
6.93473700905  4.46797230912e-28
7.09626778467  1.10710424281e-27
7.2615610954  2.18916632225e-27
7.43070458194  3.29643286535e-27
7.60378792641  4.42949095948e-27
7.78090289989  5.58894136706e-27
7.96214341107  6.7959773744e-27
8.14760555608  1.50647825038e-26
8.33738766941  2.54041272203e-26
8.53159037603  3.59843062134e-26
8.7303166448  4.68109292342e-26
8.93367184302  5.78897367014e-26
9.1417637923  1.04449038946e-25
9.35470282574  1.68956512917e-25
9.57260184645  2.34966558982e-25
9.79557638737  3.0251417654e-25
10.0237446725  3.97964906924e-25
10.2572276798  6.75895332556e-25
10.496149205  9.65183426602e-25
10.7406359274  1.26120990599e-24
10.9908174772  1.59167245424e-24
11.2468265038  2.44560468119e-24
11.5087987467  3.36936596479e-24
11.7768731071  4.31464441284e-24
12.0511917215  5.47729116543e-24
12.3319000372  7.50537201265e-24
12.6191468896  9.58589234699e-24
12.9130845807  1.17148742254e-23
13.2138689602  1.45916708726e-23
13.5216595078  1.78258416105e-23
13.8366194184  2.11353458625e-23
14.1589156877  2.47290849704e-23
14.4887192015  2.86244602328e-23
14.826204826  3.26105704411e-23
15.1715515006  3.66483224133e-23
15.5249423326  4.07374077302e-23
15.8865646945  4.49217400799e-23
16.2566103233  4.8974359371e-23
16.6352754221  5.30177074291e-23
17.022760764  5.71162141805e-23
17.4192717991  6.09552002245e-23
17.8250187627  6.48677816768e-23
18.2402167871  6.86285147742e-23
18.6650860159  7.22957267871e-23
19.0998517204  7.59585737132e-23
19.5447444191  7.94002615052e-23
20  8.29218e-23

