3 20000 251
251
3  0
3.10754116011  6.71795514036e-41
3.21893735392  1.36767291772e-40
3.33432677304  2.08849547583e-40
3.45385256282  2.83515739864e-40
3.57766299997  3.60858495126e-40
3.70591167647  4.40973760263e-40
3.83875769011  5.23960921585e-40
3.9763658419  6.09922928108e-40
4.11890684045  4.75124422852e-37
4.26655751378  1.06432690479e-36
4.41950102868  1.67465055954e-36
4.57792711792  2.30685251892e-36
4.74203231564  2.96171705567e-36
4.91202020113  3.64005655643e-36
5.08810165143  1.73528485313e-34
5.27049510288  5.2451511042e-34
5.45942682211  8.88083571809e-34
5.65513118677  1.26468489124e-33
5.85785097623  1.65478625826e-33
6.0678376728  1.50458091048e-32
6.28535177369  5.71055787208e-32
6.51066311417  1.00673067143e-31
6.74405120229  1.45802321648e-31
6.98580556566  1.92549326947e-31
7.2362261106  1.84225712404e-30
7.49562349418  3.65076979334e-30
7.76431950961  5.52411231281e-30
8.04264748544  1.24550620034e-29
8.33095269908  4.82015450766e-29
8.6295928051  8.52294342364e-29
8.93893827894  1.23584664115e-28
9.25937287649  4.7555426458e-28
9.59129411015  9.16283570793e-28
9.935113742  1.37281172397e-27
10.2912582945  4.29942893568e-27
10.6601695799  7.89719049802e-27
11.0423052477  1.34751221887e-26
11.4381393532  3.46564283771e-26
11.8481629451  5.65970219788e-26
12.2728846745  1.27873075101e-25
12.7128314264  2.29685867332e-25
13.168548973  4.3258308178e-25
13.6406026509  8.14710713042e-25
14.1295780621  1.40070393957e-24
14.6360818009  2.55405864276e-24
15.1607422064  4.18246864491e-24
15.7042101414  6.88636686378e-24
16.2671598004  1.0553778954e-23
16.8502895459  1.53465050756e-23
17.4543227746  2.13799036025e-23
18.0800088146  2.7546822691e-23
18.7281238555  3.18286793742e-23
19.3994719108  3.80840217228e-23
20.0948858158  4.62929076005e-23
20.81522826  5.64372290723e-23
21.5613928584  6.85006627345e-23
22.3343052589  8.24686208838e-23
23.1349242915  9.83282034549e-23
23.9642431572  1.16068150667e-22
24.8232906606  1.2258366378e-22
25.7131324857  1.28277490785e-22
26.6348725182  1.33692808982e-22
27.5896542149  1.38839343083e-22
28.5786620219  1.43726468536e-22
29.6031228447  1.48363223807e-22
30.6643075692  1.52758322291e-22
31.7635326391  1.56920163873e-22
32.9021616888  1.60856846143e-22
34.0816072348  1.64576175272e-22
35.3033324283  1.68085676581e-22
36.5688528699  1.71392604787e-22
37.8797384904  1.74503953959e-22
39.2376154977  1.77426467193e-22
40.6441683945  1.80166646007e-22
42.1011420681  1.82730759478e-22
43.6103439547  1.8512485313e-22
45.1736462819  1.87354757583e-22
46.792988391  1.89426096977e-22
48.4703791432  1.91344297181e-22
50.2078994111  1.93114593801e-22
52.0077046609  1.94742039994e-22
53.8720276255  1.96231514109e-22
55.8031810749  1.97587727151e-22
57.803560685  1.98815230099e-22
59.8756480098  1.99918421073e-22
62.0220135595  2.0090155237e-22
64.2453199896  2.0176873738e-22
66.548325404  2.02523957387e-22
68.9338867764  2.03171068275e-22
71.4049634946  2.03713807147e-22
73.9646210318  2.04155798859e-22
76.6160347494  2.04500562492e-22
79.362493836  2.04751517767e-22
82.207405388  2.04911991405e-22
85.1542986363  2.04985223453e-22
88.2068293241  2.04974373577e-22
91.3687842424  2.04882527321e-22
94.6440859274  2.04712702356e-22
98.0367975267  2.04467854706e-22
101.55112784  2.04150884959e-22
105.191436539  2.03764644467e-22
108.962239579  2.03311941522e-22
112.868214796  2.02795547517e-22
116.914207716  2.02218203067e-22
121.105237559  2.01582624096e-22
125.446503473  2.00891507852e-22
129.943390978  2.00147538846e-22
134.601478649  1.99353394687e-22
139.426545038  1.98511751759e-22
144.424575839  1.97625290732e-22
149.601771317  1.96696701838e-22
154.964553998  1.95728689863e-22
160.519576635  1.94723978796e-22
166.273730466  1.93685316068e-22
172.234153755  1.92615476287e-22
178.408240657  1.91517264406e-22
184.803650381  1.90393518207e-22
191.428316699  1.89247110017e-22
198.290457784  1.88080947535e-22
205.398586407  1.86897973678e-22
212.761520496  1.85701165312e-22
220.388394076  1.84493530777e-22
228.288668601  1.83278106091e-22
236.472144687  1.82057949732e-22
244.948974278  1.80836135933e-22
253.729673232  1.79615746404e-22
262.82513437  1.78399860462e-22
272.246640988  1.77191543546e-22
282.005880857  1.75993834156e-22
292.114960719  1.74809729275e-22
302.586421305  1.73732709664e-22
313.433252899  1.72582729087e-22
324.668911443  1.71455015925e-22
336.307335239  1.70352222016e-22
348.362962233  1.69276867943e-22
360.850747932  1.68231323632e-22
373.786183952  1.67217789291e-22
387.185317237  1.66238277091e-22
401.064769967  1.65294594054e-22
415.441760181  1.64388326566e-22
430.33412313  1.63520826944e-22
445.760333408  1.62693202461e-22
461.739527869  1.6190630717e-22
478.291529368  1.61160736833e-22
495.436871347  1.60456827183e-22
513.196823315  1.59794655684e-22
531.593417229  1.59174046886e-22
550.649474827  1.58594581388e-22
570.388635939  1.58055608402e-22
590.835387813  1.57556261863e-22
612.015095492  1.57095480019e-22
633.954033283  1.56672028542e-22
656.679417347  1.56284527324e-22
680.219439467  1.5593148151e-22
704.603302016  1.55611318141e-22
729.861254188  1.55322432021e-22
756.024629519  1.55063560188e-22
783.125884761  1.5484754065e-22
811.198640147  1.54681371579e-22
840.277721093  1.54564347219e-22
870.399201406  1.54495598306e-22
901.600448031  1.53863498208e-22
933.920167409  1.53936323172e-22
967.398453493  1.54050103433e-22
1002.07683748  1.54205445549e-22
1037.99833936  1.54402839288e-22
1075.20752123  1.54642654942e-22
1113.75054262  1.54925141621e-22
1153.67521776  1.55250426533e-22
1195.03107486  1.55618515273e-22
1237.86941758  1.56029293132e-22
1282.24338866  1.56482527382e-22
1328.20803584  1.56977870511e-22
1375.82038019  1.57514864346e-22
1425.13948679  1.59766055294e-22
1476.22653803  1.61025862613e-22
1529.14490952  1.62195603665e-22
1583.9602487  1.63284400543e-22
1640.74055627  1.64300428332e-22
1699.55627056  1.65251056028e-22
1760.48035489  1.6614296073e-22
1823.58838813  1.66982220884e-22
1888.9586584  1.67774392912e-22
1956.67226024  1.68524574589e-22
2026.81319518  1.69237457741e-22
2099.46847595  1.69917372291e-22
2174.72823446  1.70568323243e-22
2252.68583354  1.70983763438e-22
2333.43798284  1.71500962747e-22
2417.08485874  1.71972642673e-22
2503.73022867  1.72401891643e-22
2593.4815798  1.72791552872e-22
2686.45025241  1.73144251265e-22
2782.75157798  1.73462416694e-22
2882.50502231  1.73748304186e-22
2985.83433368  1.740040115e-22
3092.86769639  1.74231494472e-22
3203.73788976  1.74432580433e-22
3318.58245288  1.74608979985e-22
3437.54385517  1.74762297339e-22
3560.76967321  1.74894039418e-22
3688.41277372  1.75005623879e-22
3820.63150327  1.75098386201e-22
3957.58988467  1.75173585943e-22
4099.45782048  1.75232412297e-22
4246.41130375  1.75275989004e-22
4398.63263638  1.75305378733e-22
4556.31065525  1.75321586973e-22
4719.64096648  1.75325565511e-22
4888.82618808  1.75318215547e-22
5064.07620136  1.75300390493e-22
5245.60841122  1.75272898493e-22
5433.64801588  1.75236504707e-22
5628.4282863  1.75191933395e-22
5830.19085546  1.7513986981e-22
6039.18601821  1.75080961954e-22
6255.67304171  1.75015822195e-22
6479.9204871  1.74945028775e-22
6712.20654262  1.74869127226e-22
6952.81936878  1.747886317e-22
7202.05745576  1.74704026239e-22
7460.22999374  1.74615765984e-22
7727.65725647  1.74524278334e-22
8004.67099856  1.74429964064e-22
8291.61486705  1.74333198417e-22
8588.84482771  1.74234332148e-22
8896.72960662  1.7413369256e-22
9215.65114764  1.74031584507e-22
9546.00508616  1.73928291373e-22
9888.20123995  1.73824076041e-22
10242.6641175  1.73719181834e-22
10609.8334448  1.73613833442e-22
10990.1647105  1.73508237831e-22
11384.1297314  1.73402585132e-22
11792.2172375  1.73297049511e-22
12214.9334781  1.73191790017e-22
12652.8028504  1.73086951419e-22
13106.3685495  1.7298266501e-22
13576.1932423  1.72879049394e-22
14062.859766  1.72776211253e-22
14566.9718506  1.72674246085e-22
15089.1548679  1.72573238923e-22
15630.0566078  1.7247326502e-22
16190.3480812  1.72374390521e-22
16770.7243529  1.72276673097e-22
17371.9054038  1.72180162558e-22
17994.6370239  1.72084901439e-22
18639.6917377  1.7199092556e-22
19307.8697622  1.71898264554e-22
20000  1.71806942374e-22

