3 20 101
101
3  0
3.05745688936  1.40572876379e-42
3.11601421011  2.83838046161e-42
3.17569303801  4.29847072945e-42
3.23651485253  5.78652507896e-42
3.29850154446  7.30307908651e-42
3.3616754239  8.848678586e-42
3.4260592282  1.04238798653e-41
3.49167613021  1.20292498665e-41
3.55854974658  1.36653663898e-41
3.62670414627  1.53328183019e-41
3.69616385924  1.70322057473e-41
3.76695388521  1.87641403648e-41
3.83909970275  2.05292455076e-41
3.91262727838  2.23281564674e-41
3.98756307593  2.05612350871e-40
4.06393406609  1.91148284842e-38
4.1417677361  4.23555369246e-38
4.22109209963  6.60413583029e-38
4.30193570688  9.01808175539e-38
4.38432765487  1.14782602885e-37
4.46829759787  1.39855568902e-37
4.55387575811  1.65408739797e-37
4.64109293664  1.91451312596e-37
4.72998052444  2.1799266047e-37
4.82057051367  2.45042336107e-37
4.91289550923  2.72610075151e-37
5.00698874047  2.54617813706e-36
5.10288407317  2.33120763379e-35
5.20061602171  4.51730890197e-35
5.30021976151  6.74527902971e-35
5.40173114165  9.01591990183e-35
5.50518669785  1.13300487611e-34
5.61062366552  1.36884985023e-34
5.71807999326  1.60921179721e-34
5.82759435644  1.85417722745e-34
5.93920617117  2.10383430824e-34
6.05295560847  1.85190719979e-33
6.16888360871  5.41568672026e-33
6.28703189637  9.0477208026e-33
6.40744299507  1.27493166784e-32
6.53016024283  1.65218066158e-32
6.6552278077  2.03665483989e-32
6.78269070364  2.42849258163e-32
6.91259480676  2.82783491597e-32
7.04498687177  9.38081224801e-32
7.17991454885  2.82290578039e-31
7.31742640081  4.74382905464e-31
7.45757192053  6.7015424209e-31
7.60040154878  8.69675049392e-31
7.74596669241  1.07301713834e-30
7.89431974284  1.28025369527e-30
8.04551409486  2.77629969015e-30
8.19960416593  7.34143685362e-30
8.35664541573  1.19940068774e-29
8.51669436609  1.67356843016e-29
8.67980862141  2.15681757374e-29
8.84604688929  2.64932204819e-29
9.01546900177  3.82064108296e-29
9.18813593677  9.9578243264e-29
9.36410984009  1.63672461385e-28
9.54345404778  2.28994230972e-28
9.72623310891  2.95567062455e-28
9.91251280879  3.63414916542e-28
10.1023601927  7.01735157377e-28
10.29584359  1.28100316572e-27
10.4930326387  1.87136548669e-27
10.6939983105  2.47303460185e-27
10.8988129364  3.08622706227e-27
11.1075502328  5.33489675314e-27
11.3202853277  9.18355755832e-27
11.5370947883  1.31059290562e-26
11.7580566479  1.71034229758e-26
11.9832504345  2.1670988438e-26
12.2127571994  3.96675172943e-26
12.4466595458  5.96620746212e-26
12.6850416593  8.00395736376e-26
12.9279893377  1.00807348556e-25
13.175590022  1.6455898548e-25
13.4279328281  2.47330958669e-25
13.6851085784  3.31688205226e-25
13.9472098349  4.18227636216e-25
14.2143309324  6.57759644005e-25
14.4865680123  9.40731848698e-25
14.7640190574  1.22912362094e-24
15.0467839273  1.60428815025e-24
15.3349643938  2.37683757324e-24
15.628664178  3.16809416182e-24
15.9279889875  3.97473349113e-24
16.2330465545  5.4531164421e-24
16.5439466745  7.16686972132e-24
16.8608012457  8.91344531139e-24
17.1837243096  1.12711429535e-23
17.5128320918  1.41200509765e-23
17.8482430438  1.70235221304e-23
18.1900778857  2.03794918433e-23
18.5384596499  2.41226797088e-23
18.893513725  2.79375582179e-23
19.2553679009  3.19938389314e-23
19.6241524153  3.61993468981e-23
20  4.04854e-23

