1 20 101
101
1  0
1.03041055791  3.7180860419e-42
1.06174591785  7.5492411547e-42
1.09403420358  1.14969038319e-41
1.12730439408  1.55646171336e-41
1.16158634964  1.97560318662e-41
1.1969108386  2.40749098593e-41
1.23330956497  2.85251273417e-41
1.27081519692  3.31106784205e-41
1.30946139606  3.7835678666e-41
1.34928284767  4.27043688051e-41
1.39031529185  4.77211185276e-41
1.43259555555  5.28904304081e-41
1.47616158565  5.82169439469e-41
1.52105248304  6.37054397341e-41
1.56730853766  6.93608437403e-41
1.61497126471  7.51882317375e-41
1.66408344188  8.11928338549e-41
1.71468914776  8.73800392728e-41
1.76683380139  9.37554010593e-41
1.82056420303  1.00324641155e-40
1.87592857615  1.07093655506e-40
1.93297661076  1.14068519361e-40
1.99175950792  8.35373432247e-38
2.05233002578  5.36839155953e-36
2.11474252688  1.17709703543e-35
2.17905302696  1.83682551424e-35
2.24531924523  2.51661670415e-35
2.31360065617  3.21708072341e-35
2.3839585429  3.93884624429e-35
2.45645605223  4.68256105735e-35
2.53115825126  5.4488926528e-35
2.60813218585  6.23852881961e-35
2.68744694072  7.05217826279e-35
2.76917370155  7.89057123949e-35
2.85338581877  8.75446021437e-35
2.94015887345  9.64462053494e-35
3.02957074514  7.66392551657e-33
3.12170168173  3.12221206301e-32
3.21663437151  5.54967336005e-32
3.31445401734  8.05095510943e-32
3.41524841318  1.06283022323e-31
3.51910802283  1.32840279191e-31
3.62612606115  1.60205157057e-31
3.73639857773  1.88402216126e-31
3.85002454306  2.17456763493e-31
3.96710593738  2.47394875856e-31
4.08774784223  4.14879991762e-30
4.21205853471  9.66393006124e-30
4.34014958471  1.53467783895e-29
4.472135955  2.12024453059e-29
4.60813610445  2.72361863202e-29
4.74827209431  3.3453416765e-29
4.89266969782  3.98597166564e-29
5.041458513  1.17005928588e-28
5.19477207907  3.84683519292e-28
5.35274799621  6.60501334869e-28
5.51552804914  9.44706924101e-28
5.68325833429  1.23755536386e-27
5.85608939099  1.53930948806e-27
6.03417633655  2.73221462516e-27
6.21767900547  7.66011676978e-27
6.40676209294  1.27585966294e-26
6.6015953026  1.80121241061e-26
6.80235349885  2.34254142843e-26
7.00921686386  3.25538101162e-26
7.22237105921  7.75243756963e-26
7.44200739256  1.25694181709e-25
7.66832298935  1.75328858397e-25
7.9015209697  2.26472953295e-25
8.14181063074  4.05031118609e-25
8.38940763443  6.79078662605e-25
8.64453420113  9.61460145307e-25
8.90741930907  1.25242900644e-24
9.17829889981  2.01361637041e-24
9.45741609003  3.04480087382e-24
9.74502138973  4.10734427328e-24
10.041372927  5.40065238256e-24
10.34673668  7.84229662019e-24
10.661386715  1.03767869196e-23
10.9856054331  1.30406625252e-23
11.3196838233  1.6832197e-23
11.6639217237  2.08464240046e-23
12.0186280908  2.50172972159e-23
12.3841212763  2.96433024397e-23
12.7607293136  3.44256972616e-23
13.1487902114  3.92500437861e-23
13.5486522576  4.40496279127e-23
13.9606743317  4.89819747629e-23
14.3852262269  5.36179740722e-23
14.8226889821  5.83315915136e-23
15.2734552238  6.28317483152e-23
15.7379295184  6.72303663324e-23
16.2165287354  7.15117053616e-23
16.7096824217  7.56101577018e-23
17.2178331866  7.96205975074e-23
17.7414370999  8.34609704089e-23
18.2809641002  8.71744510289e-23
18.8368984177  9.07697894467e-23
19.4097390079  9.41745392553e-23
20  9.755981e-23

