1 20 101
101
1  0
1.03041055791  8.99504769289e-43
1.06174591785  1.82636398046e-42
1.09403420358  2.78140949734e-42
1.12730439408  3.76549848122e-42
1.16158634964  4.77951416014e-42
1.1969108386  5.82436662159e-42
1.23330956497  6.90099362932e-42
1.27081519692  8.01036146502e-42
1.30946139606  9.15346579553e-42
1.34928284767  1.03313325665e-41
1.39031529185  1.15450189231e-41
1.43259555555  1.27956141589e-41
1.47616158565  1.40842406936e-41
1.52105248304  1.54120550801e-41
1.56730853766  1.6780249043e-41
1.61497126471  1.81900505476e-41
1.66408344188  1.96427249024e-41
1.71468914776  2.11395758949e-41
1.76683380139  2.26819469612e-41
1.82056420303  2.4271222392e-41
1.87592857615  2.59088285755e-41
1.93297661076  2.75962352766e-41
1.99175950792  3.01464002739e-38
2.05233002578  1.93822229265e-36
2.11474252688  4.24984842114e-36
2.17905302696  6.63177238987e-36
2.24531924523  9.08613199539e-36
2.31360065617  1.16151300458e-35
2.3839585429  1.42210363379e-35
2.45645605223  1.69061896943e-35
2.53115825126  1.96730000622e-35
2.60813218585  2.25239506771e-35
2.68744694072  2.54616002908e-35
2.76917370155  2.84885854682e-35
2.85338581877  3.16076229536e-35
2.94015887345  3.4821512109e-35
3.02957074514  3.44944162701e-33
3.12170168173  1.4081163956e-32
3.21663437151  2.50362028926e-32
3.31445401734  3.63243906752e-32
3.41524841318  4.79558585461e-32
3.51910802283  5.99410458442e-32
3.62612606115  7.22907093747e-32
3.73639857773  8.50159330633e-32
3.85002454306  9.81281379037e-32
3.96710593738  1.11639092209e-31
4.08774784223  2.14480260048e-30
4.21205853471  5.01976892786e-30
4.34014958471  7.98216458523e-30
4.472135955  1.10346483473e-29
4.60813610445  1.41799598436e-29
4.74827209431  1.74209220173e-29
4.89266969782  2.07604436589e-29
5.041458513  6.51194174601e-29
5.19477207907  2.19979503462e-28
5.35274799621  3.79548971077e-28
5.51552804914  5.43971035228e-28
5.68325833429  7.13393266083e-28
5.85608939099  8.87967721501e-28
6.03417633655  1.62570763778e-27
6.21767900547  4.72535531358e-27
6.40676209294  7.93236897935e-27
6.6015953026  1.12369097199e-26
6.80235349885  1.46419433881e-26
7.00921686386  2.05810727339e-26
7.22237105921  5.1047167396e-26
7.44200739256  8.36936484219e-26
7.66832298935  1.1733292715e-25
7.9015209697  1.51995195111e-25
8.14181063074  2.81244209952e-25
8.38940763443  4.81351860736e-25
8.64453420113  6.87544896823e-25
8.90741930907  9.00008378174e-25
9.17829889981  1.49764146042e-24
9.45741609003  2.31607111852e-24
9.74502138973  3.15938967913e-24
10.041372927  4.21368764888e-24
10.34673668  6.33574320527e-24
10.661386715  8.53969678941e-24
10.9856054331  1.08683217102e-23
11.3196838233  1.44212127906e-23
11.6639217237  1.82004974282e-23
12.0186280908  2.21481021546e-23
12.3841212763  2.67227529534e-23
12.7607293136  3.14607833484e-23
13.1487902114  3.62893205361e-23
13.5486522576  4.11759146439e-23
13.9606743317  4.61992217722e-23
14.3852262269  5.09730657631e-23
14.8226889821  5.58349830786e-23
15.2734552238  6.04967822398e-23
15.7379295184  6.50678595626e-23
16.2165287354  6.95268613407e-23
16.7096824217  7.38083279453e-23
17.2178331866  7.79983684973e-23
17.7414370999  8.20114730938e-23
18.2809641002  8.58916463288e-23
18.8368984177  8.96480389183e-23
19.4097390079  9.32099681337e-23
20  9.67536e-23

