2 20 101
101
2  0
2.04658598456  2.47024512437e-43
2.0942570961  4.99802964935e-43
2.14303861048  7.58469383975e-43
2.19295639229  1.02316091792e-42
2.2440369086  1.29401790972e-42
2.29630724299  1.57118397134e-42
2.34979510988  1.85480605989e-42
2.40452886923  2.14503455556e-42
2.46053754162  2.44202334134e-42
2.51785082359  2.74592988462e-42
2.57649910339  3.05691532066e-42
2.63651347711  3.37514453806e-42
2.69792576518  3.70078626617e-42
2.76076852921  4.03401316454e-42
2.82507508925  4.37500191448e-42
2.89087954149  4.72393331274e-42
2.95821677634  5.08099236736e-42
3.02712249687  1.41928012331e-38
3.09763323782  5.10762433849e-38
3.16978638492  8.88188112701e-38
3.24362019472  1.27440516498e-37
3.31917381488  1.66961836807e-37
3.39648730492  2.07403726925e-37
3.4756016575  2.48787629678e-37
3.55655882008  2.91135487358e-37
3.63940171722  3.3446975336e-37
3.72417427333  3.78813404085e-37
3.81092143593  4.24189951125e-37
3.89968919952  4.70623453724e-37
3.99052462994  2.48663836217e-36
4.08347588934  7.93337593813e-35
4.17859226171  1.69134354012e-34
4.275924179  2.610266732e-34
4.3755232479  3.55059439469e-34
4.47744227714  4.51282510237e-34
4.58173530554  5.4974690425e-34
4.68845763064  6.50504828633e-34
4.79766583804  7.5360970657e-34
4.90941783137  8.59116205634e-34
5.02377286302  5.57617956955e-33
5.14079156554  2.8054243984e-32
5.26053598379  5.111119505e-32
5.38306960785  7.47052114992e-32
5.50845740668  9.88488031914e-32
5.63676586253  1.23554771379e-31
5.76806300625  1.48836215492e-31
5.90241845333  1.74706540088e-31
6.0399034408  6.09050592147e-31
6.18059086503  2.07416999076e-30
6.32455532034  3.57341640421e-30
6.47187313859  5.1075847528e-30
6.62262242965  6.67748847288e-30
6.77688312278  8.28395994821e-30
6.93473700905  9.9278509512e-30
7.09626778467  3.32532929967e-29
7.2615610954  7.21364781796e-29
7.43070458194  1.11925369095e-28
7.60378792641  1.52641062339e-28
7.78090289989  1.94305145912e-28
7.96214341107  2.38080785976e-28
8.14760555608  6.72890752607e-28
8.33738766941  1.22195982268e-27
8.53159037603  1.78381835437e-27
8.7303166448  2.3587642525e-27
8.93367184302  2.94710236099e-27
9.1417637923  6.37470185367e-27
9.35470282574  1.12349501165e-26
9.57260184645  1.62084081045e-26
9.79557638737  2.12977128111e-26
10.0237446725  2.95598098239e-26
10.2572276798  5.89240861011e-26
10.496149205  8.95388691402e-26
10.7406359274  1.20866762084e-25
10.9908174772  1.57874969443e-25
11.2468265038  2.88458045429e-25
11.5087987467  4.31059492205e-25
11.7768731071  5.76982553379e-25
12.0511917215  7.91560159126e-25
12.3319000372  1.29118292739e-24
12.6191468896  1.80418024076e-24
12.9130845807  2.32912679659e-24
13.2138689602  3.42957188623e-24
13.5216595078  4.78989253229e-24
13.8366194184  6.18189911667e-24
14.1589156877  8.17016065258e-24
14.4887192015  1.07979093955e-23
14.826204826  1.34868662697e-23
15.1715515006  1.67091052779e-23
15.5249423326  2.04943098184e-23
15.8865646945  2.43676830991e-23
16.2566103233  2.85967165521e-23
16.6352754221  3.30443274697e-23
17.022760764  3.75875282822e-23
17.4192717991  4.21637035864e-23
17.8250187627  4.68432238918e-23
18.2402167871  5.14456506847e-23
18.6650860159  5.60165680447e-23
19.0998517204  6.06000592413e-23
19.5447444191  6.4969802916e-23
20  6.9441e-23

