3 20 101
101
3  0
3.05745688936  5.82199168544e-39
3.11601421011  1.17554878816e-38
3.17569303801  1.78026241559e-38
3.23651485253  2.39655769769e-38
3.29850154446  3.02465644973e-38
3.3616754239  3.66478473527e-38
3.4260592282  4.31717294751e-38
3.49167613021  4.98205589219e-38
3.55854974658  5.65967287213e-38
3.62670414627  6.35026777336e-38
3.69616385924  7.05408915287e-38
3.76695388521  7.77139032808e-38
3.83909970275  8.50242946805e-38
3.91262727838  9.24746968636e-38
3.98756307593  2.51166180966e-37
4.06393406609  1.60034994205e-35
4.1417677361  3.53628869642e-35
4.22109209963  5.50930512374e-35
4.30193570688  7.52010934657e-35
4.38432765487  9.569425088e-35
4.46829759787  1.1657989932e-34
4.55387575811  1.37865555891e-34
4.64109293664  1.59558881667e-34
4.72998052444  1.81667684449e-34
4.82057051367  2.04199921576e-34
4.91289550923  2.27163702789e-34
5.00698874047  8.76409618052e-34
5.10288407317  6.6800065462e-33
5.20061602171  1.27891300834e-32
5.30021976151  1.90152573657e-32
5.40173114165  2.53606292835e-32
5.50518669785  3.18275296453e-32
5.61062366552  3.8418286e-32
5.71807999326  4.51352704743e-32
5.82759435644  5.19809006265e-32
5.93920617117  5.89576403168e-32
6.05295560847  2.70872398668e-31
6.16888360871  7.26467376091e-31
6.28703189637  1.19078804359e-30
6.40744299507  1.66400151815e-30
6.53016024283  2.14627811747e-30
6.6552278077  2.6377914212e-30
6.78269070364  3.13871833342e-30
6.91259480676  3.64923914637e-30
7.04498687177  8.47290428224e-30
7.17991454885  2.19101168691e-29
7.31742640081  3.5604682935e-29
7.45757192053  4.956153139e-29
7.60040154878  6.37856855442e-29
7.74596669241  7.82822649155e-29
7.89431974284  9.30564870726e-29
8.04551409486  1.64797412069e-28
8.19960416593  3.72048403573e-28
8.35664541573  5.83268727507e-28
8.51669436609  7.98534405703e-28
8.67980862141  1.01792291598e-27
8.84604688929  1.24151322005e-27
9.01546900177  1.67262389853e-27
9.18813593677  3.61291839288e-27
9.36410984009  5.6373432936e-27
9.54345404778  7.70054058018e-27
9.72623310891  9.80325283283e-27
9.91251280879  1.19462368539e-26
10.1023601927  2.0059047167e-26
10.29584359  3.34916146112e-26
10.4930326387  4.71814465692e-26
10.6939983105  6.11334702473e-26
10.8988129364  7.5352707219e-26
11.1075502328  1.16334809597e-25
11.3202853277  1.83502382295e-25
11.5370947883  2.51956368258e-25
11.7580566479  3.21721405253e-25
11.9832504345  3.98689376243e-25
12.2127571994  6.35732920492e-25
12.4466595458  8.96971200224e-25
12.6850416593  1.16321279294e-24
12.9279893377  1.43455352356e-24
13.175590022  2.05227668786e-24
13.4279328281  2.82443305728e-24
13.6851085784  3.61137799439e-24
13.9472098349  4.41596701023e-24
14.2143309324  5.92306513455e-24
14.4865680123  7.63542820014e-24
14.7640190574  9.38058695079e-24
15.0467839273  1.13208873471e-23
15.3349643938  1.40749977712e-23
15.628664178  1.6889640283e-23
15.9279889875  1.97583389081e-23
16.2330465545  2.31109034944e-23
16.5439466745  2.66629995451e-23
16.8608012457  3.02831263924e-23
17.1837243096  3.40242135133e-23
17.5128320918  3.78768150329e-23
17.8482430438  4.1803202719e-23
18.1900778857  4.56949627437e-23
18.5384596499  4.95718943684e-23
18.893513725  5.35230781369e-23
19.2553679009  5.7325033638e-23
19.6241524153  6.1104226706e-23
20  6.49558e-23

