0.2 20 151
151
0.2  0
0.206235454919  1.04510797103e-43
0.212665314327  2.12279956025e-43
0.219295639229  3.23409063607e-43
0.22613267959  4.38002873892e-43
0.233182880236  5.56169406867e-43
0.240452886923  6.78020050288e-43
0.247949552606  8.03669664678e-43
0.255679943893  9.33236691599e-43
0.263651347711  1.0668432653e-42
0.271871278176  1.20461532783e-42
0.280347483669  1.34668274779e-42
0.289087954149  1.49317944271e-42
0.298100928677  1.64424350531e-42
0.307394903187  1.80001733368e-42
0.316978638492  1.96064776546e-42
0.326861168545  2.12628621633e-42
0.33705180895  2.29708882266e-42
0.34756016575  2.47321658876e-42
0.358396144475  2.65483553857e-42
0.369569959484  2.84211687226e-42
0.381092143593  3.03523712752e-42
0.392973557999  3.234378346e-42
0.405225402524  3.43972824493e-42
0.417859226171  3.65148039406e-42
0.430886938006  3.86983439807e-42
0.444320818391  4.09499608484e-42
0.458173530554  4.32717769933e-42
0.472458132527  4.56659810378e-42
0.487188089458  4.81348298392e-42
0.502377286302  4.55779931574e-36
0.518040040906  3.24401836858e-35
0.534191117512  6.14835663099e-35
0.550845740668  9.14324424491e-35
0.568019609583  1.22315042924e-34
0.585728912925  1.54160478713e-34
0.60399034408  1.86998768399e-34
0.622821116889  2.20860866459e-34
0.642238981873  2.55778692449e-34
0.662262242965  2.91785161088e-34
0.682909774767  3.28914213287e-34
0.704201040337  3.67200848142e-34
0.72615610954  4.06681155925e-34
0.748795677965  4.47392352104e-34
0.772141086431  4.89372812426e-34
0.796214341107  5.32662109087e-34
0.821038134255  5.77301048037e-34
0.846635865618  6.23331707444e-34
0.87303166448  6.70797477359e-34
0.900250412412  7.19743100616e-34
0.928317766723  7.7021471501e-34
0.957260184645  8.22259896785e-34
0.987104948279  8.75927705483e-34
1.0178801903  6.80134521876e-30
1.0496149205  1.88711452946e-29
1.08233905309  3.13172488417e-29
1.11608343495  4.41513879768e-29
1.15087987467  5.73856605917e-29
1.18676117255  7.10325417581e-29
1.2237611515  8.51048954859e-29
1.26191468896  9.96159868501e-29
1.30125774973  1.14579494494e-28
1.34182741991  1.30009523525e-28
1.38366194184  1.45920618808e-28
1.42680075014  1.62327778678e-28
1.47128450892  1.79246469076e-28
1.51715515006  1.96692638131e-28
1.56445591277  2.14682731189e-28
1.61323138435  2.33233706318e-28
1.66352754221  2.52363050292e-28
1.71539179718  2.72088795077e-28
1.76887303828  2.92429534823e-28
1.82402167871  3.13404443398e-28
1.88088970345  3.35033292457e-28
1.93953071822  3.57336470082e-28
2  7.10494581116e-28
2.06235454919  5.63481412104e-27
2.12665314327  1.10531135805e-26
2.19295639229  1.664034085e-26
2.2613267959  2.24017626383e-26
2.33182880236  2.83428098558e-26
2.40452886923  3.44690827337e-26
2.47949552606  4.07863561034e-26
2.55679943893  4.73005848395e-26
2.63651347711  5.40179094738e-26
2.71871278176  6.09446619827e-26
2.80347483669  6.80873717567e-26
2.89087954149  7.54527717545e-26
2.98100928677  8.33668770811e-26
3.07394903187  2.01563148132e-25
3.16978638492  3.53084101186e-25
3.26861168545  5.093290646e-25
3.3705180895  6.70445320143e-25
3.4756016575  8.36584741426e-25
3.58396144475  1.00790393707e-24
3.69569959484  1.18456439831e-24
3.81092143593  1.36673265127e-24
3.92973557999  1.55458041387e-24
4.05225402524  2.07633025631e-24
4.17859226171  3.06921247598e-24
4.30886938006  4.09305005724e-24
4.44320818391  5.14880810392e-24
4.58173530554  6.23748180911e-24
4.72458132527  7.36009739336e-24
4.87188089458  8.51771307195e-24
5.02377286302  9.89777856339e-24
5.18040040906  1.22687534461e-23
5.34191117512  1.47255759175e-23
5.50845740668  1.72589954178e-23
5.68019609583  1.98714000335e-23
5.85728912925  2.25652523052e-23
6.0399034408  2.53867760019e-23
6.22821116889  2.84554628095e-23
6.42238981873  3.16201670267e-23
6.62262242965  3.48835380962e-23
6.82909774767  3.82486521817e-23
7.04201040337  4.16017316523e-23
7.2615610954  4.45825732252e-23
7.48795677965  4.76540608338e-23
7.72141086431  5.0821309055e-23
7.96214341107  5.40808049306e-23
8.21038134255  5.68988533284e-23
8.46635865618  5.96948423297e-23
8.7303166448  6.25780026479e-23
9.00250412412  6.55048485077e-23
9.28317766723  6.7927850077e-23
9.57260184645  7.03850324162e-23
9.87104948279  7.29188230039e-23
10.178801903  7.51887772957e-23
10.496149205  7.72745456113e-23
10.8233905309  7.94253424984e-23
11.1608343495  8.14510932153e-23
11.5087987467  8.33224805399e-23
11.8676117255  8.52522126209e-23
12.237611515  8.70298738838e-23
12.6191468896  8.87410218852e-23
13.0125774973  9.04781775805e-23
13.4182741991  9.19707873536e-23
13.8366194184  9.34927230779e-23
14.2680075014  9.48738655013e-23
14.7128450892  9.61797351723e-23
15.1715515006  9.74420316174e-23
15.6445591277  9.85981994303e-23
16.1323138435  9.9746049896e-23
16.6352754221  1.00806795865e-22
17.1539179718  1.0185982474e-22
17.6887303828  1.02846018826e-22
18.2402167871  1.03801224041e-22
18.8088970345  1.04703719594e-22
19.3953071822  1.05535525703e-22
20  1.06344e-22

