0.5 20000 301
301
0.5  0
0.51797667599  2.69748695125e-39
0.536599673739  5.49195760031e-39
0.555892230681  8.38689883622e-39
0.575878419714  1.13859229133e-38
0.596583179235  1.44927719587e-38
0.618032344264  1.77113226413e-38
0.640252678672  2.10455910095e-38
0.663271908584  2.4499737502e-38
0.687118756972  2.8078072139e-38
0.711822979493  3.17850599008e-38
0.737415401622  3.56253262984e-38
0.763927957112  3.96036631454e-38
0.791393727841  4.37250345374e-38
0.819846985093  4.79945830457e-38
0.849323232317  5.24176361343e-38
0.879859249433  5.69997128075e-38
0.911493138721  6.1746530496e-38
0.944264372364  6.66640121917e-38
0.978213841706  7.17582938377e-38
1.01338390827  2.17867674656e-32
1.04981845661  8.10959231323e-32
1.0875629491  1.42537441748e-31
1.12666448261  2.06187988909e-31
1.16717184731  2.72126986596e-31
1.20913558756  3.40436712276e-31
1.25260806493  4.11202401566e-31
1.29764352358  4.84512354592e-31
1.34429815793  5.60458046163e-31
1.39263018277  6.39134239914e-31
1.44269990591  7.20639106551e-31
1.49456980343  8.05074346347e-31
1.54830459763  8.92545316039e-31
1.6039713378  9.83161160292e-31
1.66163948387  1.07703494789e-30
1.7213809931  1.17428381281e-30
1.78327040983  1.2750291004e-30
1.84738495855  1.37939651878e-30
1.91380464021  1.48751629569e-30
1.98261233206  1.59952334099e-30
2.05389389107  1.10721583329e-28
2.12773826107  2.60199743317e-28
2.20423758369  4.15052144205e-28
2.28348731338  5.75472007966e-28
2.3655863365  7.41659503554e-28
2.4506370947  9.13821996665e-28
2.53874571274  1.09217430849e-27
2.63002213093  1.27693898376e-27
2.72458024232  1.46834656843e-27
2.82253803477  1.66663589736e-27
2.92401773821  1.87205439233e-27
3.02914597715  5.24557819336e-27
3.13805392866  1.72764974392e-26
3.25087748609  2.97399685593e-26
3.36775742859  4.26515432435e-26
3.48883959681  5.60273323169e-26
3.61427507483  6.98840258429e-26
3.74422037875  8.42389139485e-26
3.87883765192  9.91099083988e-26
4.01829486729  1.36991938615e-25
4.16276603701  3.30443229283e-25
4.31243142955  5.30849742295e-25
4.46747779462  7.38461541209e-25
4.62809859623  9.53537680204e-25
4.79449425406  1.17634652733e-24
4.96687239354  1.40716609935e-24
5.14544810495  2.36078112134e-24
5.33044421176  3.51726815687e-24
5.52209154871  4.71533477784e-24
5.72062924983  5.95647590973e-24
5.92630504679  7.24224022559e-24
6.13937557808  9.5446635828e-24
6.36010670917  1.2461431502e-23
6.58877386432  1.54830670049e-23
6.82566237018  1.86133404325e-23
7.07106781187  2.20331984684e-23
7.32529640178  2.60259281583e-23
7.58866536167  3.0162209864e-23
7.86150331847  3.44472047619e-23
8.14415071437  3.86390672972e-23
8.43696023158  4.27356058879e-23
8.74029723243  4.69794287725e-23
9.05454021523  5.12462027494e-23
9.38008128661  5.50269403078e-23
9.7173266507  5.89436080544e-23
10.0666971161  6.28641652028e-23
10.4286286208  6.63244918604e-23
10.8035727762  6.99092288603e-23
11.1919974309  7.32456326641e-23
11.5943872539  7.63021965595e-23
12.0112443398  7.94534462884e-23
12.4430888353  8.2149682271e-23
12.8904595879  8.4942856975e-23
13.3539148186  8.75170975219e-23
13.8340328184  9.00814920904e-23
14.3314126696  9.2458893497e-23
14.8466749937  9.4776927997e-23
15.3804627255  9.68825772579e-23
15.9334419155  9.89404702961e-23
16.5063025609  1.00786622037e-22
17.0997594668  1.02621705814e-22
17.7145531376  1.04325225513e-22
18.3514507018  1.08456124852e-22
19.0112468682  1.14961000207e-22
19.6947649184  1.21978835929e-22
20.4028577337  1.29499109508e-22
21.1364088592  1.37511372714e-22
21.8963336065  1.46005214825e-22
22.6835801957  1.54970224899e-22
23.4991309386  1.64395953038e-22
24.3440034645  1.70521903762e-22
25.2192519896  1.71165526467e-22
26.1259686331  1.71728792223e-22
27.0652847792  1.72214282733e-22
28.0383724893  1.72624485611e-22
29.0464459643  1.72961797874e-22
30.0907630598  1.73228529361e-22
31.1726268555  1.73426906052e-22
32.2933872809  1.73559073322e-22
33.4544428005  1.73627099108e-22
34.6572421578  1.73632977017e-22
35.9032861837  1.73578629359e-22
37.1941296691  1.7346591012e-22
38.5313833047  1.73296607883e-22
39.9167156909  1.73072448685e-22
41.35185542  1.72795098841e-22
42.8385932329  1.72466167708e-22
44.3787842538  1.72087210424e-22
45.9743503045  1.71659730607e-22
47.627282303  1.71185183024e-22
49.3396427475  1.70664976244e-22
51.1135682897  1.70100475259e-22
52.9512724014  1.6949300411e-22
54.8550481358  1.68843848488e-22
56.8272709893  1.68154258342e-22
58.8704018652  1.67425450491e-22
60.9869901447  1.66658611234e-22
63.1796768676  1.65854898988e-22
65.4511980279  1.65015446931e-22
67.8043879881  1.64141365679e-22
70.2421830153  1.63233745987e-22
72.767624945  1.62293661483e-22
75.3838649774  1.61322171446e-22
78.0941676085  1.60320323621e-22
80.9019147041  1.59289157078e-22
83.8106097193  1.58229705128e-22
86.8238820702  1.57142998281e-22
89.9454916625  1.56030067265e-22
93.1793335833  1.54891946084e-22
96.5294429608  1.53729675144e-22
100  1.52544304411e-22
103.595335198  1.51336896618e-22
107.319934748  1.50108530515e-22
111.178446136  1.48860304128e-22
115.175683943  1.47593338049e-22
119.316635847  1.46308778714e-22
123.606468853  1.45007801659e-22
128.050535734  1.43691614733e-22
132.654381717  1.42361461238e-22
137.423751394  1.41018622958e-22
142.364595899  1.39664423046e-22
147.483080324  1.38300228718e-22
152.785591422  1.36927453706e-22
158.278745568  1.35547560419e-22
163.969397019  1.3416206174e-22
169.864646463  1.32772522399e-22
175.971849887  1.31380559837e-22
182.298627744  1.29987844501e-22
188.852874473  1.28596099463e-22
195.642768341  1.27207099297e-22
202.676781654  1.25822668118e-22
209.963691323  1.24444676697e-22
217.51258982  1.23075038578e-22
225.332896521  1.21715705116e-22
233.434369463  1.2036865937e-22
241.827117512  1.19035908818e-22
250.521612986  1.17719476836e-22
259.528704717  1.16421392963e-22
268.859631586  1.15143681952e-22
278.526036554  1.13888351658e-22
288.539981181  1.12657379869e-22
298.913960685  1.11452700167e-22
309.660919525  1.10354679623e-22
320.794267559  1.09206364214e-22
332.327896774  1.08089807372e-22
344.276198619  1.07006604279e-22
356.654081967  1.05958228119e-22
369.476991711  1.04946014961e-22
382.760928042  1.03971149511e-22
396.522466412  1.03034652086e-22
410.778778215  1.02137367128e-22
425.547652214  1.01279953573e-22
440.847516738  1.00462877347e-22
456.697462677  9.96864062279e-23
473.117267301  9.89506072681e-23
490.127418939  9.82553469068e-23
507.749142548  9.76002938537e-23
526.004426187  9.6984924772e-23
544.916048465  9.64085327355e-23
564.507606954  9.58702384051e-23
584.803547643  9.53690038438e-23
605.82919543  9.49036489062e-23
627.610785733  9.44728701841e-23
650.175497219  9.40752626153e-23
673.551485719  9.3709344122e-23
697.767919361  9.33735842041e-23
722.855014966  9.30664388222e-23
748.84407575  9.27863988445e-23
775.767530383  9.25395653897e-23
803.658973457  9.23361050346e-23
832.553207402  9.21753973474e-23
862.486285909  9.2056605078e-23
893.495558925  9.14846486466e-23
925.619719247  9.14863729458e-23
958.898850812  9.15233402783e-23
993.374478709  9.15959540519e-23
1029.08962099  9.17045333779e-23
1066.08884235  9.18493108548e-23
1104.41830974  9.20304310241e-23
1144.12584997  9.2247949524e-23
1185.26100936  9.25018329567e-23
1227.87511562  9.27919594701e-23
1272.02134183  9.31181200432e-23
1317.75477286  9.34800204544e-23
1365.13247404  9.3877283896e-23
1414.21356237  9.55658866889e-23
1465.05928036  9.65916823092e-23
1517.73307233  9.75416358409e-23
1572.30066369  9.84234039104e-23
1628.83014287  9.92438525902e-23
1687.39204632  1.00009173957e-22
1748.05944649  1.00724980808e-22
1810.90804305  1.01396384195e-22
1876.01625732  1.02028057305e-22
1943.46533014  1.02624288424e-22
2013.33942322  1.03189025074e-22
2085.72572415  1.03725910995e-22
2160.71455525  1.04238317264e-22
2238.39948618  1.04729368603e-22
2318.87745078  1.04978849345e-22
2402.24886796  1.05348418417e-22
2488.61776706  1.05683125804e-22
2578.09191758  1.0598534824e-22
2670.78296373  1.06257279989e-22
2766.80656368  1.06500952079e-22
2866.28253393  1.06718249026e-22
2969.33499874  1.06910923415e-22
3076.0925451  1.07080608641e-22
3186.68838309  1.07228830083e-22
3301.26051218  1.07357014914e-22
3419.95189335  1.07466500726e-22
3542.91062753  1.07558543143e-22
3670.29014035  1.07634322531e-22
3802.24937364  1.07694949939e-22
3938.95298368  1.0774147235e-22
4080.57154674  1.07774877348e-22
4227.28177184  1.07796097257e-22
4379.2667213  1.07806012827e-22
4536.71603914  1.07805456519e-22
4699.82618773  1.07795215447e-22
4868.8006929  1.07776034014e-22
5043.85039793  1.0774861628e-22
5225.19372662  1.07713628104e-22
5413.05695583  1.0767169909e-22
5607.67449785  1.07623424349e-22
5809.28919286  1.07569366126e-22
6018.15261197  1.07510055291e-22
6234.52537109  1.07445992723e-22
6458.67745619  1.07377650603e-22
6690.88856009  1.0730547362e-22
6931.44843155  1.07229880118e-22
7180.65723674  1.07151263184e-22
7438.82593382  1.07069991681e-22
7706.27666093  1.06986411245e-22
7983.34313818  1.06900845249e-22
8270.371084  1.06813595731e-22
8567.71864659  1.06724944298e-22
8875.75685075  1.06635153009e-22
9194.87006089  1.06544465233e-22
9525.4564606  1.06453106495e-22
9867.9285495  1.06361285294e-22
10222.7136579  1.06269193915e-22
10590.2544803  1.06177009218e-22
10971.0096272  1.06084893412e-22
11365.4541979  1.05992994811e-22
11774.080373  1.05901448575e-22
12197.3980289  1.05810377435e-22
12635.9353735  1.05719892394e-22
13090.2396056  1.05630093413e-22
13560.8775976  1.0554107008e-22
14048.4366031  1.05452902252e-22
14553.524989  1.05365660679e-22
15076.7729955  1.05279407611e-22
15618.8335217  1.05194197377e-22
16180.3829408  1.05110076943e-22
16762.1219439  1.05027086446e-22
17364.776414  1.04945259711e-22
17989.0983325  1.04864624736e-22
18635.8667167  1.04785204161e-22
19305.8885922  1.04707015709e-22
20000  1.04630072604e-22

