5 20000 251
251
5  0
5.16866332702  1.77089746833e-39
5.34301611761  3.60153202843e-39
5.52325029255  5.49391877162e-39
5.7095642466  7.45014076363e-39
5.90216306693  9.47235133755e-39
6.10125875882  6.62111904577e-37
6.30707047907  1.98653510411e-36
6.51982477722  3.35563462829e-36
6.73975584491  4.77091752862e-36
6.96710577373  6.23394169348e-36
7.20212482162  1.85064614424e-34
7.44507168842  3.99758310616e-34
7.69621380059  6.21694197425e-34
7.9558276056  8.51116573245e-34
8.22419887622  1.06256626631e-32
8.50162302512  2.26724035092e-32
8.78840543001  3.51255130335e-32
9.08486176981  1.31460483281e-31
9.39131837212  4.46168828007e-31
9.70811257246  7.71493124025e-31
10.0355930856  1.57617276606e-30
10.3741203892  6.37860911313e-30
10.7240671212  1.13430444386e-29
11.0858184891  2.64624339448e-29
11.459772695  7.5287951804e-29
11.8463413729  1.2576048452e-28
12.2459500427  3.62088594161e-28
12.659038578  7.25320234898e-28
13.0860616907  1.42475918186e-27
13.5274894311  3.47453772322e-27
13.9838077058  5.59346075827e-27
14.4555188123  1.48866881163e-26
14.9431419916  2.47544014412e-26
15.4472140004  5.96370104119e-26
15.9682897017  9.89401873329e-26
16.5069426753  2.25904037488e-25
17.0637658494  3.91987423498e-25
17.6393721533  7.97505518244e-25
18.2343951921  1.01048950798e-24
18.8494899439  9.0268697661e-25
19.4853334812  3.76174053119e-24
20.1426257158  9.15346272506e-24
20.8220901694  1.70211410166e-23
21.5244747701  2.73431209738e-23
22.2505526755  4.00998767513e-23
23.0011231239  5.52739636474e-23
23.7770123142  7.28499717718e-23
24.5790743149  8.4737729828e-23
25.4081920046  9.34663822781e-23
26.265278044  1.01820182245e-22
27.15127588  1.09811591113e-22
28.0671607845  1.17452649109e-22
29.0139409281  1.24754989173e-22
29.9926584895  1.31729850432e-22
31.0043908028  1.38388091282e-22
32.0502515438  1.44740202096e-22
33.1313919552  1.50796317565e-22
34.2490021144  1.56566228686e-22
35.4043122431  1.62059394411e-22
36.5985940618  1.67284952958e-22
37.8331621896  1.72251732811e-22
39.1093755908  1.76968263402e-22
40.4286390718  1.81442785511e-22
41.7924048263  1.85683261361e-22
43.2021740347  1.89697384458e-22
44.6594985161  1.93492589152e-22
46.1659824366  1.97076059954e-22
47.7232840751  2.00454740611e-22
49.3331176488  2.03635342943e-22
50.9972551997  2.06624355475e-22
52.7175285459  2.0942805184e-22
54.4958312972  2.12052499002e-22
56.3341209402  2.14503565281e-22
58.2344209926  2.167869282e-22
60.1988232309  2.18908082175e-22
62.2294899926  2.20872346035e-22
64.3286565568  2.22684870409e-22
66.4986336042  2.24350644967e-22
68.7418097614  2.25874505541e-22
71.0606542293  2.27261141126e-22
73.4577195017  2.28515100781e-22
75.9356441749  2.29640800422e-22
78.4971558521  2.30642529537e-22
81.1450741455  2.31524457816e-22
83.8823137808  2.3229064171e-22
86.7118878048  2.32945030926e-22
89.6369109026  2.33491474865e-22
92.6606028258  2.33933729006e-22
95.786291937  2.34275461248e-22
99.0174188731  2.34520258204e-22
102.357540333  2.34671631458e-22
105.810332993  2.34733023776e-22
109.379597552  2.34707815287e-22
113.069262918  2.34599329608e-22
116.883390531  2.34410839925e-22
120.826178835  2.34145575017e-22
124.901967898  2.33806725208e-22
129.115244189  2.3339744823e-22
133.47064552  2.32920874991e-22
137.972966146  2.32380115214e-22
142.627162048  2.31778262912e-22
147.438356383  2.31118401691e-22
152.411845126  2.30403609815e-22
157.553102901  2.29636965012e-22
162.867789005  2.2882154895e-22
168.361753636  2.27960451349e-22
174.041044338  2.27056773649e-22
179.911912653  2.26113632178e-22
185.980821005  2.25134160738e-22
192.254449811  2.24121512541e-22
198.739704839  2.23078861405e-22
205.443724804  2.22009402118e-22
212.373889232  2.20916349912e-22
219.537826578  2.19802938923e-22
226.943422626  2.18672419583e-22
234.598829166  2.17528054861e-22
242.512472975  2.16373115277e-22
250.693065082  2.15210872643e-22
259.149610365  2.14044592489e-22
267.891417461  2.12877525162e-22
276.92810901  2.11712895591e-22
286.269632252  2.10553891766e-22
295.926269972  2.09403651995e-22
305.908651821  2.08367204004e-22
316.227766017  2.07241779095e-22
326.894971439  2.06134172944e-22
337.922010133  2.0504716994e-22
349.321020233  2.03983427485e-22
361.104549327  2.02945459373e-22
373.285568265  2.01935619392e-22
385.877485439  2.009560855e-22
398.894161542  2.00008844909e-22
412.349924824  1.99095680406e-22
426.259586867  1.98218158252e-22
440.638458886  1.97377617983e-22
455.502368583  1.96575164376e-22
470.867677573  1.95811661856e-22
486.75129939  1.95087731533e-22
503.170718107  1.94403751035e-22
520.144007581  1.93759857237e-22
537.68985135  1.93155951947e-22
555.827563197  1.92591710556e-22
574.577108408  1.92066593632e-22
593.959125754  1.91579861427e-22
613.994950206  1.91130591256e-22
634.706636421  1.90717697801e-22
656.116983016  1.90339956493e-22
678.24955767  1.89996030416e-22
701.128723058  1.89684501814e-22
724.779663678  1.89403910819e-22
749.228413564  1.89152809558e-22
774.501884949  1.88939125715e-22
800.627897888  1.88775370992e-22
827.63521088  1.88661094452e-22
855.553552524  1.88595584587e-22
884.413654246  1.87829903876e-22
914.247284123  1.87915654956e-22
945.087281854  1.88041958749e-22
976.967594909  1.88209536802e-22
1009.9233159  1.8841900353e-22
1043.9907212  1.88670863318e-22
1079.20731088  1.88965508386e-22
1115.61185  1.89303217449e-22
1153.24441125  1.89684155198e-22
1192.14641911  1.90108372609e-22
1232.36069537  1.90575808088e-22
1273.93150637  1.91086289416e-22
1316.90461162  1.91639536491e-22
1361.32731425  1.92235164798e-22
1407.24851304  1.92872689574e-22
1454.71875627  1.95929511707e-22
1503.79029733  1.97265979785e-22
1554.51715227  1.98515238065e-22
1606.95515923  1.99685569061e-22
1661.16203994  2.00784468666e-22
1717.19746321  2.01818754042e-22
1775.12311067  2.02794652441e-22
1835.00274461  2.03717874755e-22
1896.90227821  2.04593676791e-22
1960.88984806  2.05426910575e-22
2027.0358892  2.0622206752e-22
2095.41321261  2.06983314903e-22
2166.09708539  2.0771452682e-22
2239.1653136  2.08419310558e-22
2314.69832791  2.08778487838e-22
2392.77927211  2.09322306005e-22
2473.49409468  2.09821186199e-22
2556.93164335  2.10277953874e-22
2643.18376294  2.10695228365e-22
2732.34539641  2.11075443853e-22
2824.51468943  2.11420867687e-22
2919.79309838  2.1173361644e-22
3018.28550201  2.12015670019e-22
3120.10031694  2.12268884087e-22
3225.34961696  2.12495001027e-22
3334.1492564  2.12695659639e-22
3446.61899767  2.12872403717e-22
3562.88264309  2.13026689671e-22
3683.06817116  2.13159893279e-22
3807.30787743  2.13273315707e-22
3935.73852015  2.13368188857e-22
4068.50147076  2.13445680149e-22
4205.74286957  2.13506896778e-22
4347.61378656  2.1355288953e-22
4494.27038772  2.13584656202e-22
4645.87410694  2.13603144668e-22
4802.5918237  2.13609255642e-22
4964.59604675  2.13603845173e-22
5132.06510406  2.135877269e-22
5305.18333904  2.13561674107e-22
5484.14131352  2.13526421594e-22
5669.13601747  2.13482667393e-22
5860.37108588  2.13431074348e-22
6058.05702285  2.1337227158e-22
6262.4114334  2.13306855848e-22
6473.6592629  2.13235392827e-22
6692.03304475  2.13158418304e-22
6917.77315631  2.13076439323e-22
7151.12808353  2.12989935261e-22
7392.35469443  2.12899358872e-22
7641.71852188  2.12805137279e-22
7899.49405588  2.12707672941e-22
8165.96504572  2.12607344589e-22
8441.4248123  2.12504508133e-22
8726.17657102  2.12399497552e-22
9020.53376554  2.12292625762e-22
9324.82041281  2.12184185468e-22
9639.37145974  2.1207445e-22
9964.53315189  2.1196367413e-22
10300.6634146  2.1185209488e-22
10648.132247  2.11739932312e-22
11007.3221293  2.11627390302e-22
11378.6284436  2.11514657307e-22
11762.4599097  2.11401907106e-22
12159.2390341  2.11289299533e-22
12569.402576  2.11176981195e-22
12993.4020274  2.11065086164e-22
13431.7041105  2.10953736661e-22
13884.791291  2.10843043719e-22
14353.1623098  2.10733107824e-22
14837.3327315  2.1062401954e-22
15337.835512  2.10515860114e-22
15855.2215853  2.10408702056e-22
16390.06047  2.10302609707e-22
16942.9408957  2.10197639776e-22
17514.4714519  2.10093841859e-22
18105.2812571  2.09991258943e-22
18716.0206518  2.09889927876e-22
19347.3619141  2.09789879825e-22
20000  2.09691140709e-22

