3 20 101
101
3  0
3.05745688936  1.18553672669e-39
3.11601421011  2.39377920422e-39
3.17569303801  3.62516229987e-39
3.23651485253  4.88012920962e-39
3.29850154446  6.15913161766e-39
3.3616754239  7.46262985899e-39
3.4260592282  8.79109308507e-39
3.49167613021  1.01449994327e-38
3.55854974658  1.1524836196e-38
3.62670414627  1.29311000021e-38
3.69616385924  1.43642969895e-38
3.76695388521  1.58249429905e-38
3.83909970275  1.73135637168e-38
3.91262727838  1.88306949484e-38
3.98756307593  6.23141138821e-38
4.06393406609  4.43378895811e-36
4.1417677361  9.80638774006e-36
4.22109209963  1.52818841266e-35
4.30193570688  2.08622488432e-35
4.38432765487  2.65494903591e-35
4.46829759787  3.23456556106e-35
4.55387575811  3.82528307373e-35
4.64109293664  4.42731418332e-35
4.72998052444  5.0408755712e-35
4.82057051367  5.66618806867e-35
4.91289550923  6.30347673647e-35
5.00698874047  2.84088709478e-34
5.10288407317  2.27219168806e-33
5.20061602171  4.36500923823e-33
5.30021976151  6.49790905056e-33
5.40173114165  8.67165879239e-33
5.50518669785  1.08870408337e-32
5.61062366552  1.31448525286e-32
5.71807999326  1.54459065025e-32
5.82759435644  1.77910309442e-32
5.93920617117  2.01810699044e-32
6.05295560847  1.0450178338e-31
6.16888360871  2.86242932444e-31
6.28703189637  4.71464841873e-31
6.40744299507  6.60234176222e-31
6.53016024283  8.52618876824e-31
6.6552278077  1.04868818624e-30
6.78269070364  1.24851267321e-30
6.91259480676  1.45216425798e-30
7.04498687177  3.59547896749e-30
7.17991454885  9.61287691734e-30
7.31742640081  1.57455218566e-29
7.45757192053  2.19956210298e-29
7.60040154878  2.83654239552e-29
7.74596669241  3.48572232346e-29
7.89431974284  4.14733553784e-29
8.04551409486  7.62186297153e-29
8.19960416593  1.77894131027e-28
8.35664541573  2.81516951682e-28
8.51669436609  3.87124387318e-28
8.67980862141  4.94754447869e-28
8.84604688929  6.04445871247e-28
9.01546900177  8.24658932253e-28
9.18813593677  1.84978442584e-27
9.36410984009  2.91959999775e-27
9.54345404778  4.00990499464e-27
9.72623310891  5.12109183605e-27
9.91251280879  6.25356045727e-27
10.1023601927  1.07871474834e-26
10.29584359  1.83512783547e-26
10.4930326387  2.60602797029e-26
10.6939983105  3.39169261303e-26
10.8988129364  4.19240453792e-26
11.1075502328  6.61837814539e-26
11.3202853277  1.06344997626e-25
11.5370947883  1.47275393316e-25
11.7580566479  1.88989700079e-25
11.9832504345  2.35351915271e-25
12.2127571994  3.86654913593e-25
12.4466595458  5.53750539626e-25
12.6850416593  7.24046430625e-25
12.9279893377  8.97603879013e-25
13.175590022  1.32466267826e-24
13.4279328281  1.86446507231e-24
13.6851085784  2.41460592184e-24
13.9472098349  2.97750126638e-24
14.2143309324  4.14365267003e-24
14.4865680123  5.4842460569e-24
14.7640190574  6.85051488574e-24
15.0467839273  8.41386773569e-24
15.3349643938  1.08279892749e-23
15.628664178  1.3296574142e-23
15.9279889875  1.5812639879e-23
16.2330465545  1.89568587344e-23
16.5439466745  2.23442709916e-23
16.8608012457  2.57965599725e-23
17.1837243096  2.9467183806e-23
17.5128320918  3.33256434442e-23
17.8482430438  3.72580014452e-23
18.1900778857  4.12127174334e-23
18.5384596499  4.52000860774e-23
18.893513725  4.92638219877e-23
19.2553679009  5.32144772839e-23
19.6241524153  5.71596639496e-23
20  6.118041e-23

