2 20 101
101
2  0
2.04658598456  4.98824088291e-43
2.0942570961  1.00926728222e-42
2.14303861048  1.53160022552e-42
2.19295639229  2.06609986605e-42
2.2440369086  2.61304960257e-42
2.29630724299  3.17273943508e-42
2.34979510988  3.74546611854e-42
2.40452886923  4.33153332022e-42
2.46053754162  4.9312517807e-42
2.51785082359  5.54493947865e-42
2.57649910339  6.17292179942e-42
2.63651347711  6.81553170753e-42
2.69792576518  7.47310992328e-42
2.76076852921  8.14600510332e-42
2.82507508925  8.83457402561e-42
2.89087954149  9.53918177848e-42
2.95821677634  1.02602019543e-41
3.02712249687  2.68809460596e-38
3.09763323782  9.67358872279e-38
3.16978638492  1.68217959002e-37
3.24362019472  2.41365062121e-37
3.31917381488  3.16215980149e-37
3.39648730492  3.92810400033e-37
3.4756016575  4.71188933148e-37
3.55655882008  5.5139313683e-37
3.63940171722  6.33465536409e-37
3.72417427333  7.17449647758e-37
3.81092143593  8.03390000364e-37
3.89968919952  8.91332160941e-37
3.99052462994  4.46526416374e-36
4.08347588934  1.40478861818e-34
4.17859226171  2.99418252514e-34
4.275924179  4.6205981721e-34
4.3755232479  6.28489790618e-34
4.47744227714  7.98796416111e-34
4.58173530554  9.73069992518e-34
4.68845763064  1.15140292199e-33
4.79766583804  1.33388975902e-33
4.90941783137  1.52062726053e-33
5.02377286302  9.33327919593e-33
5.14079156554  4.65156537389e-32
5.26053598379  8.46555693385e-32
5.38306960785  1.23683877698e-31
5.50845740668  1.63621272142e-31
5.63676586253  2.04488928008e-31
5.76806300625  2.46308513865e-31
5.90241845333  2.89102203014e-31
6.0399034408  9.64245164656e-31
6.18059086503  3.23501292702e-30
6.32455532034  5.55867366534e-30
6.47187313859  7.9364594153e-30
6.62262242965  1.03696309104e-29
6.77688312278  1.28594782503e-29
6.93473700905  1.54073215851e-29
7.09626778467  4.94752842945e-29
7.2615610954  1.06161848331e-28
7.43070458194  1.64168812066e-28
7.60378792641  2.23526931559e-28
7.78090289989  2.84267679272e-28
7.96214341107  3.47987638005e-28
8.14760555608  9.47889277744e-28
8.33738766941  1.7045247532e-27
8.53159037603  2.47878453295e-27
8.7303166448  3.27107913977e-27
8.93367184302  4.08182865875e-27
9.1417637923  8.58373576848e-27
9.35470282574  1.49487028054e-26
9.57260184645  2.14619289704e-26
9.79557638737  2.81268676621e-26
10.0237446725  3.87288610389e-26
10.2572276798  7.54685048589e-26
10.496149205  1.13765403373e-25
10.7406359274  1.52954351249e-25
10.9908174772  1.98917354254e-25
11.2468265038  3.55717801485e-25
11.5087987467  5.26798512762e-25
11.7768731071  7.01864205726e-25
12.0511917215  9.54901350105e-25
12.3319000372  1.53095021535e-24
12.6191468896  2.12238372873e-24
12.9130845807  2.72759349836e-24
13.2138689602  3.95417426917e-24
13.5216595078  5.46186779958e-24
13.8366194184  7.00468002376e-24
14.1589156877  9.15795207938e-24
14.4887192015  1.1965803553e-23
14.826204826  1.48390582893e-23
15.1715515006  1.82286343214e-23
15.5249423326  2.21630404712e-23
15.8865646945  2.61890907131e-23
16.2566103233  3.0534993407e-23
16.6352754221  3.50843895032e-23
17.022760764  3.97283304178e-23
17.4192717991  4.43765178211e-23
17.8250187627  4.91283422353e-23
18.2402167871  5.37954585243e-23
18.6650860159  5.84256408931e-23
19.0998517204  6.30681172954e-23
19.5447444191  6.74925529e-23
20  7.201971e-23

