3 20000 251
251
3  0
3.10754116011  1.62738581862e-40
3.21893735392  3.31310862354e-40
3.33432677304  5.05925962381e-40
3.45385256282  6.86800499218e-40
3.57766299997  8.7415885523e-40
3.70591167647  1.06823345623e-39
3.83875769011  1.26926505981e-39
3.9763658419  1.47750305401e-39
4.11890684045  9.7892033165e-37
4.26655751378  2.19259996977e-36
4.41950102868  3.44978644664e-36
4.57792711792  4.75203935425e-36
4.74203231564  6.10097419133e-36
4.91202020113  7.49826436752e-36
5.08810165143  3.21152381561e-34
5.27049510288  9.69001215202e-34
5.45942682211  1.64007352056e-33
5.65513118677  2.33520179066e-33
5.85785097623  3.05524836096e-33
6.0678376728  2.59638690319e-32
6.28535177369  9.77989454866e-32
6.51066311417  1.72209097761e-31
6.74405120229  2.49286634735e-31
6.98580556566  3.2912717429e-31
7.2362261106  2.99079865276e-30
7.49562349418  5.90840423754e-30
7.76431950961  8.93059738544e-30
8.04264748544  1.97512503825e-29
8.33095269908  7.49807136621e-29
8.6295928051  1.32189990459e-28
8.93893827894  1.91450051255e-28
9.25937287649  7.17383988605e-28
9.59129411015  1.37545605007e-27
9.935113742  2.05711805584e-27
10.2912582945  6.30732809055e-27
10.6601695799  1.15277529707e-26
11.0423052477  1.95362242423e-26
11.4381393532  4.94733520572e-26
11.8481629451  8.04836376906e-26
12.2728846745  1.78849069832e-25
12.7128314264  3.18920765176e-25
13.168548973  5.92022277804e-25
13.6406026509  1.10082904852e-24
14.1295780621  1.86323882134e-24
14.6360818009  3.32918416474e-24
15.1607422064  5.33570758339e-24
15.7042101414  8.55865540557e-24
16.2671598004  1.27529265546e-23
16.8502895459  1.80790155714e-23
17.4543227746  2.44924542697e-23
18.0800088146  3.09578732856e-23
18.7281238555  3.52696281942e-23
19.3994719108  4.15163254431e-23
20.0948858158  4.96782328434e-23
20.81522826  5.97374061767e-23
21.5613928584  7.167763979e-23
22.3343052589  8.54844179827e-23
23.1349242915  1.01144867118e-22
23.9642431572  1.18647708392e-22
24.8232906606  1.25020818646e-22
25.7131324857  1.3058254417e-22
26.6348725182  1.35870922989e-22
27.5896542149  1.40895493333e-22
28.5786620219  1.4566545078e-22
29.6031228447  1.50189660322e-22
30.6643075692  1.54476668054e-22
31.7635326391  1.5853471252e-22
32.9021616888  1.62371735725e-22
34.0816072348  1.65995393812e-22
35.3033324283  1.69413067434e-22
36.5688528699  1.72631871817e-22
37.8797384904  1.75658666536e-22
39.2376154977  1.78500065008e-22
40.6441683945  1.81162443723e-22
42.1011420681  1.83651951212e-22
43.6103439547  1.85974516778e-22
45.1736462819  1.88135858989e-22
46.792988391  1.90141493953e-22
48.4703791432  1.91996743382e-22
50.2078994111  1.93706742457e-22
52.0077046609  1.95276447509e-22
53.8720276255  1.96710643522e-22
55.8031810749  1.9801395148e-22
57.803560685  1.99190835546e-22
59.8756480098  2.00245610119e-22
62.0220135595  2.01182446751e-22
64.2453199896  2.02005380943e-22
66.548325404  2.02718318846e-22
68.9338867764  2.03325043852e-22
71.4049634946  2.0382922311e-22
73.9646210318  2.04234413959e-22
76.6160347494  2.04544070305e-22
79.362493836  2.04761548934e-22
82.207405388  2.04890115783e-22
85.1542986363  2.04932952172e-22
88.2068293241  2.04893161009e-22
91.3687842424  2.04773772964e-22
94.6440859274  2.04577752633e-22
98.0367975267  2.04308004679e-22
101.55112784  2.03967379967e-22
105.191436539  2.03558681682e-22
108.962239579  2.03084671432e-22
112.868214796  2.02548075329e-22
116.914207716  2.01951590047e-22
121.105237559  2.0129788883e-22
125.446503473  2.00589627443e-22
129.943390978  1.99829450048e-22
134.601478649  1.99019994966e-22
139.426545038  1.98163900307e-22
144.424575839  1.97263809413e-22
149.601771317  1.96322376082e-22
154.964553998  1.95342269509e-22
160.519576635  1.94326178892e-22
166.273730466  1.93276817619e-22
172.234153755  1.92196926973e-22
178.408240657  1.91089279259e-22
184.803650381  1.89956680267e-22
191.428316699  1.88801970962e-22
198.290457784  1.87628028298e-22
205.398586407  1.86437765051e-22
212.761520496  1.85234128556e-22
220.388394076  1.84020098235e-22
228.288668601  1.82798681814e-22
236.472144687  1.81572910135e-22
244.948974278  1.80345830477e-22
253.729673232  1.79120498318e-22
262.82513437  1.77899967515e-22
272.246640988  1.76687278872e-22
282.005880857  1.75485447137e-22
292.114960719  1.74297446495e-22
302.586421305  1.73216146521e-22
313.433252899  1.72062669852e-22
324.668911443  1.70931624847e-22
336.307335239  1.6982564507e-22
348.362962233  1.68747234122e-22
360.850747932  1.67698746294e-22
373.786183952  1.66682367551e-22
387.185317237  1.65700097253e-22
401.064769967  1.64753731062e-22
415.441760181  1.63844845457e-22
430.33412313  1.62974784304e-22
445.760333408  1.62144647843e-22
461.739527869  1.61355284479e-22
478.291529368  1.6060728565e-22
495.436871347  1.59900984011e-22
513.196823315  1.59236455106e-22
531.593417229  1.5861352262e-22
550.649474827  1.58031767226e-22
570.388635939  1.57490539027e-22
590.835387813  1.56988973521e-22
612.015095492  1.56526011061e-22
633.954033283  1.56100419804e-22
656.679417347  1.55710822353e-22
680.219439467  1.55355726609e-22
704.603302016  1.55033562219e-22
729.861254188  1.54742726191e-22
756.024629519  1.54481955005e-22
783.125884761  1.542639947e-22
811.198640147  1.5409578888e-22
840.277721093  1.53976626616e-22
870.399201406  1.53905634268e-22
901.600448031  1.53271665103e-22
933.920167409  1.53341982692e-22
967.398453493  1.53453144646e-22
1002.07683748  1.53605754647e-22
1037.99833936  1.53800300322e-22
1075.20752123  1.5403715055e-22
1113.75054262  1.54316553739e-22
1153.67521776  1.5463863708e-22
1195.03107486  1.55003406821e-22
1237.86941758  1.55410749526e-22
1282.24338866  1.55860434333e-22
1328.20803584  1.56352116142e-22
1375.82038019  1.56885339694e-22
1425.13948679  1.59122355704e-22
1476.22653803  1.60374332307e-22
1529.14490952  1.61536972803e-22
1583.9602487  1.6261932388e-22
1640.74055627  1.63629495511e-22
1699.55627056  1.645748e-22
1760.48035489  1.65461864709e-22
1823.58838813  1.6629672413e-22
1888.9586584  1.67084895583e-22
1956.67226024  1.6783144183e-22
2026.81319518  1.68541023161e-22
2099.46847595  1.69217940931e-22
2174.72823446  1.69866174132e-22
2252.68583354  1.7027918996e-22
2333.43798284  1.70794177545e-22
2417.08485874  1.71263865927e-22
2503.73022867  1.71691326017e-22
2593.4815798  1.72079385043e-22
2686.45025241  1.72430653277e-22
2782.75157798  1.72747547158e-22
2882.50502231  1.73032309351e-22
2985.83433368  1.73287026212e-22
3092.86769639  1.73513643034e-22
3203.73788976  1.73713977387e-22
3318.58245288  1.73889730814e-22
3437.54385517  1.74042499111e-22
3560.76967321  1.74173781374e-22
3688.41277372  1.74284987968e-22
3820.63150327  1.74377447574e-22
3957.58988467  1.74452413413e-22
4099.45782048  1.74511068755e-22
4246.41130375  1.74554531813e-22
4398.63263638  1.74583860091e-22
4556.31065525  1.74600054251e-22
4719.64096648  1.7460406157e-22
4888.82618808  1.74596779036e-22
5064.07620136  1.74579056125e-22
5245.60841122  1.74551697308e-22
5433.64801588  1.74515464321e-22
5628.4282863  1.74471078225e-22
5830.19085546  1.74419221302e-22
6039.18601821  1.74360538786e-22
6255.67304171  1.74295640474e-22
6479.9204871  1.74225102223e-22
6712.20654262  1.74149467355e-22
6952.81936878  1.74069247983e-22
7202.05745576  1.73984926264e-22
7460.22999374  1.73896955605e-22
7727.65725647  1.73805761814e-22
8004.67099856  1.7371174421e-22
8291.61486705  1.73615276703e-22
8588.84482771  1.73516708843e-22
8896.72960662  1.73416366835e-22
9215.65114764  1.73314554545e-22
9546.00508616  1.73211554471e-22
9888.20123995  1.73107628702e-22
10242.6641175  1.73003019859e-22
10609.8334448  1.72897952014e-22
10990.1647105  1.72792631591e-22
11384.1297314  1.72687248255e-22
11792.2172375  1.7258197577e-22
12214.9334781  1.72476972852e-22
12652.8028504  1.7237238399e-22
13106.3685495  1.72268340256e-22
13576.1932423  1.72164960079e-22
14062.859766  1.72062350015e-22
14566.9718506  1.71960605476e-22
15089.1548679  1.71859811446e-22
15630.0566078  1.71760043169e-22
16190.3480812  1.71661366805e-22
16770.7243529  1.71563840073e-22
17371.9054038  1.71467512856e-22
17994.6370239  1.71372427782e-22
18639.6917377  1.71278620785e-22
19307.8697622  1.71186121628e-22
20000  1.71094954411e-22

