3 20 101
101
3  0
3.05745688936  1.15900313518e-42
3.11601421011  2.34020384199e-42
3.17569303801  3.54402725492e-42
3.23651485253  4.77090665072e-42
3.29850154446  6.02128360443e-42
3.3616754239  7.29560814824e-42
3.4260592282  8.59433893349e-42
3.49167613021  9.91794339575e-42
3.55854974658  1.12668979231e-41
3.62670414627  1.26416880274e-41
3.69616385924  1.40428085193e-41
3.76695388521  1.54707636863e-41
3.83909970275  1.6926067474e-41
3.91262727838  1.84092436713e-41
3.98756307593  1.70463937885e-40
4.06393406609  1.58587387177e-38
4.1417677361  3.51406939251e-38
4.22109209963  5.47919428549e-38
4.30193570688  7.48195583299e-38
4.38432765487  9.52307486338e-38
4.46829759787  1.16032860105e-37
4.55387575811  1.37233379783e-37
4.64109293664  1.58839938098e-37
4.72998052444  1.80860311623e-37
4.82057051367  2.03302425871e-37
4.91289550923  2.26174358143e-37
5.00698874047  2.12235505226e-36
5.10288407317  1.94423455235e-35
5.20061602171  3.76757306431e-35
5.30021976151  5.625832696e-35
5.40173114165  7.51968226704e-35
5.50518669785  9.4498034065e-35
5.61062366552  1.14168907982e-34
5.71807999326  1.34216524308e-34
5.82759435644  1.54648098525e-34
5.93920617117  1.75470984309e-34
6.05295560847  1.55034509177e-33
6.16888360871  4.53532729167e-33
6.28703189637  7.57747875559e-33
6.40744299507  1.06778944062e-32
6.53016024283  1.38376901365e-32
6.6552278077  1.70580032113e-32
6.78269070364  2.03399926768e-32
6.91259480676  2.36848397776e-32
7.04498687177  7.87295004345e-32
7.17991454885  2.3707314727e-31
7.31742640081  3.98449438571e-31
7.45757192053  5.62916456445e-31
7.60040154878  7.30533395401e-31
7.74596669241  9.01360583663e-31
7.89431974284  1.07545950488e-30
8.04551409486  2.33391517318e-30
8.19960416593  6.1745978675e-30
8.35664541573  1.00888384554e-29
8.51669436609  1.40780457394e-29
8.67980862141  1.81436555039e-29
8.84604688929  2.22871310319e-29
9.01546900177  3.21399798389e-29
9.18813593677  8.37595808381e-29
9.36410984009  1.37668939759e-28
9.54345404778  1.92610786703e-28
9.72623310891  2.48604896187e-28
9.91251280879  3.05671421456e-28
10.1023601927  5.89954639693e-28
10.29584359  1.07665187099e-27
10.4930326387  1.57267047193e-27
10.6939983105  2.07818896818e-27
10.8988129364  2.59338930452e-27
11.1075502328  4.482896488e-27
11.3202853277  7.71689114662e-27
11.5370947883  1.10128242297e-26
11.7580566479  1.43718820002e-26
11.9832504345  1.82117147656e-26
12.2127571994  3.33831007282e-26
12.4466595458  5.02402112707e-26
12.6850416593  6.74201741916e-26
12.9279893377  8.49291728554e-26
13.175590022  1.39026892584e-25
13.4279328281  2.09313218782e-25
13.6851085784  2.80945689537e-25
13.9472098349  3.54438482271e-25
14.2143309324  5.59797754765e-25
14.4865680123  8.0258313843e-25
14.7640190574  1.05001841974e-24
15.0467839273  1.37353828191e-24
15.3349643938  2.04589116085e-24
15.628664178  2.73455547782e-24
15.9279889875  3.43661691029e-24
16.2330465545  4.7487914773e-24
16.5439466745  6.27434105799e-24
16.8608012457  7.8291084165e-24
17.1837243096  9.97468839018e-24
17.5128320918  1.25945706366e-23
17.8482430438  1.52646296445e-23
18.1900778857  1.84143646106e-23
18.5384596499  2.19731191701e-23
18.893513725  2.56000320519e-23
19.2553679009  2.95212090076e-23
19.6241524153  3.36130207084e-23
20  3.77832e-23

