0.001197855 20 251
251
0.001197855  0
0.00124535954288  8.86657134073e-60
0.0012947480213  1.80847732365e-59
0.00134609514837  8.12846689379e-59
0.00139947860021  1.08155213492e-57
0.0014549791334  2.20843291169e-57
0.00151268070716  3.11898306138e-48
0.00157267061038  1.52991066545e-47
0.00163503959365  2.79622696835e-47
0.00169988200654  4.11276285302e-47
0.00176729594035  5.48150992802e-47
0.00183738337646  6.90453878514e-47
0.00191025034066  8.38400213172e-47
0.0019860070635  9.92213804717e-47
0.00206476814703  1.15212733687e-46
0.00214665273823  1.31838272112e-46
0.00223178470917  1.49123146269e-46
0.00232029284449  1.670935041e-46
0.00241231103612  1.8577653052e-46
0.00250797848591  2.05200488548e-46
0.00260743991616  2.25394762053e-46
0.00271084578859  2.46389900215e-46
0.00281835253191  2.68217663728e-46
0.00293012277848  2.90911072856e-46
0.00304632561037  7.08542527225e-43
0.00316713681506  2.36393243337e-42
0.00329273915145  4.08497180525e-42
0.00342332262626  5.87426416989e-42
0.00355908478154  7.73451630502e-42
0.00370023099342  9.66854233376e-42
0.00384697478287  1.16792679817e-41
0.00399953813866  1.37697350031e-41
0.00415815185319  1.59431057818e-41
0.00432305587165  1.82026681157e-41
0.00449449965495  1.44648164198e-40
0.00467274255714  1.80945184558e-39
0.00485805421773  3.6431740309e-39
0.00505071496959  5.54961798488e-39
0.00525101626305  7.53166770797e-39
0.00545926110675  9.59232157436e-39
0.00567576452608  1.17346968678e-38
0.00590085403969  1.39620344972e-38
0.00613487015499  1.39023941971e-37
0.00637816688319  3.46547909335e-37
0.00663111227494  5.62301863806e-37
0.00689408897699  7.86612190278e-37
0.00716749481113  1.01981821742e-36
0.00745174337597  1.37471372305e-36
0.00774726467259  7.04622784864e-36
0.00805450575509  1.38285097136e-35
0.00837393140682  2.08797633655e-35
0.00870602484353  2.82106556893e-35
0.00905128844432  5.27120305532e-35
0.00941024451168  1.48252587209e-34
0.00978343606154  2.47962431677e-34
0.0101714276448  3.5162656993e-34
0.0105748062012  6.15921768698e-34
0.0109941819476  1.42616921991e-33
0.0114301893006  2.2691695718e-33
0.0118834878366  3.15495779625e-33
0.0123547632894  6.98208500791e-33
0.0128447285878  1.17391973967e-32
0.0133541249338  1.6692270297e-32
0.013883722924  3.30551168966e-32
0.0144343237155  5.35590502778e-32
0.0150067602374  7.93254789361e-32
0.0156018984513  1.46789168457e-31
0.0162206386612  2.18792326849e-31
0.0168639168751  3.69831596274e-31
0.0175327062213  5.77165584099e-31
0.0182280184207  9.01319220824e-31
0.0189509053167  1.42714204685e-30
0.0197024604668  2.1666148827e-30
0.0204838207968  3.36976743325e-30
0.0212961683209  5.5126513928e-30
0.0221407319294  9.0707481853e-30
0.0230187892481  1.2769952008e-29
0.0239316685707  1.69967937696e-29
0.0248807508686  2.79645192499e-29
0.0258674718796  3.99736491246e-29
0.0268933242801  5.31641552917e-29
0.027959859943  8.2659790763e-29
0.0290686922856  1.1509564723e-28
0.0302214987098  1.57625054867e-28
0.0314200231402  2.30946149865e-28
0.0326660786616  3.07307450338e-28
0.0339615502627  4.41352490528e-28
0.0353083976865  5.96202344943e-28
0.0367086583959  8.21694602833e-28
0.0381644506554  1.1105458615e-27
0.0396779767356  1.50156381046e-27
0.0412515262449  2.00468727609e-27
0.0428874795928  2.68895782326e-27
0.0445883115912  3.52089434201e-27
0.0463565951983  5.01398832634e-27
0.0481950054104  6.7218610728e-27
0.0501063233089  8.49746464989e-27
0.0520934402674  1.03637938808e-26
0.0541593623258  1.39649579625e-26
0.0563072147371  1.80457226219e-26
0.0585402466961  2.22883222778e-26
0.0608618362538  2.81117737195e-26
0.0632754954282  3.62158839575e-26
0.0657848755168  4.46413870622e-26
0.0683937726205  5.54148020994e-26
0.0711061333858  6.99062559302e-26
0.0739260609753  8.49724119495e-26
0.0768578212751  1.05658463152e-25
0.0799058493475  1.29628748796e-25
0.083074756141  1.56759503436e-25
0.0863693354646  1.92688513824e-25
0.0897945712406  2.30772305217e-25
0.0933556450436  2.81343528111e-25
0.0970579439391  3.35340686495e-25
0.100907068633  4.04748327211e-25
0.104908841944  4.79931873263e-25
0.109069317612  5.74060587628e-25
0.113394789456  6.78166454902e-25
0.117891800896  8.02480473298e-25
0.12256715485  9.45997506032e-25
0.127427924029  1.10748688374e-24
0.132481461628  1.2992058806e-24
0.137735412462  1.51693264999e-24
0.143197724518  1.76275697981e-24
0.148876660988  2.04646908193e-24
0.154780812764  2.38782945936e-24
0.160919111438  2.75174416915e-24
0.167300842808  3.16432946432e-24
0.17393566093  3.64519558688e-24
0.180833602721  4.16203709701e-24
0.188005103141  4.78078881087e-24
0.19546101098  5.43913336873e-24
0.20321260527  6.21893222978e-24
0.211271612347  7.05742444166e-24
0.219650223588  8.02890743855e-24
0.22836111386  9.09773212222e-24
0.237417460685  1.02888608166e-23
0.246832964183  1.16423894259e-23
0.256621867792  1.31190609636e-23
0.266798979816  1.47825597594e-23
0.277379695828  1.66389702856e-23
0.288380021957  1.86760545405e-23
0.299816599105  2.09254023603e-23
0.311706728119  2.34235164812e-23
0.324068395961  2.61686563578e-23
0.336920302923  2.91631052773e-23
0.35028189091  3.24175045466e-23
0.364173372858  3.59348203668e-23
0.378615763304  3.97081297079e-23
0.393630910183  4.37173185618e-23
0.409241527874  4.79244224413e-23
0.425471231561  5.22762562409e-23
0.442344572964  5.67006181546e-23
0.459887077471  6.11075571106e-23
0.478125282758  6.53798595978e-23
0.497086778931  6.93790241376e-23
0.516800250267  7.29702060909e-23
0.537295518602  7.60506859037e-23
0.558603588448  7.84607163718e-23
0.580756693893  8.01373819235e-23
0.603788347365  8.10423815812e-23
0.62773339033  8.11142392808e-23
0.652628045994  8.0391795246e-23
0.678509974106  7.89919388857e-23
0.705418327924  7.698164866e-23
0.733393813446  7.4474522599e-23
0.762478750991  7.15511160564e-23
0.792717139214  6.83982673166e-23
0.824154721671  6.51275333928e-23
0.856839056018  6.18121835823e-23
0.89081958595  5.83714202171e-23
0.926147716002  5.5115174656e-23
0.962876889309  5.18217801945e-23
1.00106266846  4.87669444952e-23
1.04076281953  4.57369959937e-23
1.0820373995  4.29962344882e-23
1.12494884709  4.02837043775e-23
1.16956207719  3.78663487357e-23
1.21594457913  3.55295454296e-23
1.26416651868  3.33554295663e-23
1.31430084429  3.13819163092e-23
1.36642339737  2.95028663797e-23
1.42061302706  2.77601662628e-23
1.47695170951  2.61767756666e-23
1.53552467187  2.47589988977e-23
1.59642052122  2.33994042594e-23
1.65973137864  2.20544566436e-23
1.72555301853  2.09331256164e-23
1.79398501353  1.97805845854e-23
1.86513088511  1.88135413699e-23
1.93909826023  1.78364628242e-23
2.01599903408  1.69974712285e-23
2.09594953941  1.62051273369e-23
2.17907072251  1.6148e-23
2.26548832613  1.6148e-23
2.35533307975  1.6148e-23
2.4487408973  1.6148e-23
2.5458530828  1.6148e-23
2.64681654412  1.6148e-23
2.75178401516  1.6148e-23
2.86091428698  1.6148e-23
2.97437244798  1.6148e-23
3.0923301336  1.6148e-23
3.21496578603  1.6148e-23
3.34246492412  1.6148e-23
3.47502042401  1.6148e-23
3.61283281095  1.6148e-23
3.7561105626  1.6148e-23
3.90507042444  1.6148e-23
4.05993773763  1.6148e-23
4.22094677993  1.6148e-23
4.38834112008  1.6148e-23
4.56237398627  1.6148e-23
4.74330864922  1.6148e-23
4.93141882043  1.6148e-23
5.12698906628  1.6148e-23
5.33031523845  1.6148e-23
5.54170492153  1.6148e-23
5.76147789831  1.6148e-23
5.98996663351  1.6148e-23
6.22751677674  1.6148e-23
6.47448768539  1.6148e-23
6.73125296825  1.6148e-23
6.9982010507  1.6148e-23
7.27573576227  1.6148e-23
7.56427694758  1.6148e-23
7.86426110146  1.6148e-23
8.17614202924  1.6148e-23
8.50039153328  1.6148e-23
8.83750012666  1.6148e-23
9.18797777526  1.6148e-23
9.55235466916  1.6148e-23
9.93118202475  1.6148e-23
10.3250329185  1.6148e-23
10.7345031541  1.6148e-23
11.1602121635  1.6148e-23
11.6028039441  1.6148e-23
12.0629480329  1.6148e-23
12.5413405196  1.6148e-23
13.0387050993  1.6148e-23
13.5557941673  1.6148e-23
14.0933899575  1.6148e-23
14.6523057258  1.6148e-23
15.23338698  1.6148e-23
15.837512759  1.6148e-23
16.4655969629  1.6148e-23
17.118589735  1.6148e-23
17.7974788996  1.6148e-23
18.5032914559  1.6148e-23
19.237095132  1.6148e-23
20  1.6148e-23

