4 20 101
101
4  0
4.06489836507  1.07646269157e-42
4.13084967959  2.17039055032e-42
4.19787102722  3.28206694146e-42
4.26597976883  4.41177982766e-42
4.33519354694  5.5598218437e-42
4.4055302903  6.7264903722e-42
4.47700821858  7.91208762072e-42
4.54964584702  9.1169207e-42
4.6234619913  1.03413017035e-41
4.69847577235  1.15855477884e-41
4.77470662134  1.28499812575e-41
4.85217428469  1.41349296427e-41
4.93089882922  1.54407257903e-41
5.0109006473  8.73169343726e-40
5.09220046219  6.58216457998e-39
5.17481933334  1.24654389531e-38
5.2587786619  1.84441670483e-38
5.34410019626  2.45198975631e-38
5.43080603763  3.06942043221e-38
5.51891864584  3.69686866847e-38
5.60846084511  4.3344969959e-38
5.69945582996  4.98247058233e-38
5.79192717125  5.64095727535e-38
5.88589882225  6.31012764581e-38
5.98139512488  8.15499116451e-38
6.07844081599  2.65074271906e-36
6.17706103378  5.89385611523e-36
6.27728132428  9.18958770069e-36
6.37912764804  1.2538791184e-35
6.48262638677  1.5942334125e-35
6.58780435024  1.9401098159e-35
6.69468878317  2.29159792258e-35
6.80330737234  2.64878878012e-35
6.91368825372  3.01177491333e-35
7.02586001978  1.27759261158e-34
7.13985172691  5.44201415336e-34
7.25569290288  9.67673186847e-34
7.3734135546  1.39801561476e-33
7.49304417576  1.83534017268e-33
7.61461575486  2.2797601428e-33
7.73815978314  2.73139064528e-33
7.86370826279  3.19034866807e-33
7.9912937152  4.31537243047e-33
8.12094918942  2.21933729835e-32
8.25270827072  4.2352040725e-32
8.38660508926  6.28377746112e-32
8.52267432896  8.36558811565e-32
8.66095123645  1.04811752971e-31
8.80147163025  1.26310870159e-31
8.94427191  1.48158801736e-31
9.08938906592  4.42102946655e-31
9.23686068839  9.12977625109e-31
9.38672497765  1.39149205276e-30
9.53902075375  1.87777018141e-30
9.69378746657  2.37193797395e-30
9.85106520605  2.87412343693e-30
10.0108947126  3.9876953694e-30
10.1733173875  1.02689386018e-29
10.3383753039  1.68584682228e-29
10.5061112176  2.35549102686e-29
10.6765685779  3.03599993495e-29
10.8497915392  3.72754982192e-29
11.0258249723  5.26478721641e-29
11.2047144759  1.12683263387e-28
11.3865063885  1.74322138304e-28
11.5712478006  2.36961078772e-28
11.7589865666  3.00616310446e-28
11.9497713174  3.65304322237e-28
12.1436514728  6.89729758761e-28
12.3406772544  1.11133833299e-27
12.5408996988  1.539787334e-27
12.7443706706  1.97518774494e-27
12.9511428756  2.41836497043e-27
13.1612698752  4.2499970624e-27
13.3748060995  6.53776010852e-27
13.5918068618  8.86264117498e-27
13.8123283727  1.12252424865e-26
14.036427755  1.49252516387e-26
14.2641630582  2.5012632545e-26
14.4955932736  3.53300924063e-26
14.7307783496  4.58149488368e-26
14.9697792074  5.69210035448e-26
15.2126577564  9.16231483405e-26
15.4594769106  1.30859693099e-25
15.7103006046  1.70732834758e-25
15.9651938106  2.12448803564e-25
16.2242225547  3.27376824213e-25
16.4874539343  4.57207542018e-25
16.7549561354  5.89144710154e-25
17.0267984504  7.51103279849e-25
17.3030512959  1.11236165975e-24
17.5837862308  1.48508922186e-24
17.8690759753  1.86386413633e-24
18.1589944294  2.51889141032e-24
18.4536166918  3.41057452627e-24
18.75301908  4.31672483631e-24
19.0572791496  5.39025385678e-24
19.3664757145  7.12717776262e-24
19.6806888673  8.89594015785e-24
20  1.06934e-23

