3 20 101
101
3  0
3.05745688936  3.62735684793e-41
3.11601421011  7.32418590956e-41
3.17569303801  1.10918177373e-40
3.23651485253  1.49316083668e-40
3.29850154446  1.88449398047e-40
3.3616754239  2.28332205264e-40
3.4260592282  2.68978859829e-40
3.49167613021  3.10403991172e-40
3.55854974658  3.52622508911e-40
3.62670414627  3.95649608217e-40
3.69616385924  4.39500775285e-40
3.76695388521  4.84191792905e-40
3.83909970275  5.29738746143e-40
3.91262727838  5.76158028131e-40
3.98756307593  3.06097777756e-39
4.06393406609  2.571001825e-37
4.1417677361  5.69326733796e-37
4.22109209963  8.87533140563e-37
4.30193570688  1.21183393077e-36
4.38432765487  1.54234582584e-36
4.46829759787  1.87918778272e-36
4.55387575811  2.22248103661e-36
4.64109293664  2.57234914467e-36
4.72998052444  2.92891803045e-36
4.82057051367  3.29231602925e-36
4.91289550923  3.66267393424e-36
5.00698874047  2.33575931851e-35
5.10288407317  2.02141907722e-34
5.20061602171  3.90349980688e-34
5.30021976151  5.82162670462e-34
5.40173114165  7.77649013734e-34
5.50518669785  9.76879369406e-34
5.61062366552  1.17992544391e-33
5.71807999326  1.38686031703e-33
5.82759435644  1.59775846819e-33
5.93920617117  1.81269580326e-33
6.05295560847  1.21340101979e-32
6.16888360871  3.44726669395e-32
6.28703189637  5.72391602574e-32
6.40744299507  8.04416842046e-32
6.53016024283  1.04088589769e-31
6.6552278077  1.28188387879e-31
6.78269070364  1.52749752467e-31
6.91259480676  1.7778152359e-31
7.04498687177  5.05789959424e-31
7.17991454885  1.43906001007e-30
7.31742640081  2.39020432539e-30
7.45757192053  3.35956523862e-30
7.60040154878  4.34749163942e-30
7.74596669241  5.35433909953e-30
7.89431974284  6.38047000068e-30
8.04551409486  1.26817089415e-29
8.19960416593  3.15401084262e-29
8.35664541573  5.07596895685e-29
8.51669436609  7.03473698267e-29
8.67980862141  9.03101991439e-29
8.84604688929  1.10655362486e-28
9.01546900177  1.5500180076e-28
9.18813593677  3.74570961077e-28
9.36410984009  6.03802134428e-28
9.54345404778  8.37423611166e-28
9.72623310891  1.07551947569e-27
9.91251280879  1.31817542279e-27
10.1023601927  2.40415853166e-27
10.29584359  4.24148848145e-27
10.4930326387  6.11400751911e-27
10.6939983105  8.0223895965e-27
10.8988129364  9.96732157318e-27
11.1075502328  1.64833953795e-26
11.3202853277  2.7471609777e-26
11.5370947883  3.86702737141e-26
11.7580566479  5.00834177829e-26
11.9832504345  6.29588094217e-26
12.2127571994  1.09701700687e-25
12.4466595458  1.61506322199e-25
12.6850416593  2.1430312118e-25
12.9279893377  2.68111100107e-25
13.175590022  4.19387229965e-25
13.4279328281  6.13867830599e-25
13.6851085784  8.12073181352e-25
13.9472098349  1.01519035944e-24
14.2143309324  1.52023105902e-24
14.4865680123  2.11145921497e-24
14.7640190574  2.71401074783e-24
15.0467839273  3.45659176908e-24
15.3349643938  4.83046360096e-24
15.628664178  6.23683326956e-24
15.9279889875  7.67039821079e-24
16.2330465545  9.87882905536e-24
16.5439466745  1.23653584709e-23
16.8608012457  1.48995106349e-23
17.1837243096  1.79179843459e-23
17.5128320918  2.13307662254e-23
17.8482430438  2.48089107153e-23
18.1900778857  2.85280090963e-23
18.5384596499  3.24601940689e-23
18.893513725  3.64676894137e-23
19.2553679009  4.05185098392e-23
19.6241524153  4.463270676e-23
20  4.88257e-23

