3 20 101
101
3  0
3.05745688936  6.31566127886e-39
3.11601421011  1.27522819748e-38
3.17569303801  1.93121787385e-38
3.23651485253  2.59977125898e-38
3.29850154446  3.28112897673e-38
3.3616754239  3.97553625948e-38
3.4260592282  4.68324303638e-38
3.49167613021  5.40450402326e-38
3.55854974658  6.13957881439e-38
3.62670414627  6.88873197584e-38
3.69616385924  7.65223314072e-38
3.76695388521  8.43035710626e-38
3.83909970275  9.22338393266e-38
3.91262727838  1.00315990439e-37
3.98756307593  2.72132827785e-37
4.06393406609  1.73257068275e-35
4.1417677361  3.82842967113e-35
4.22109209963  5.96442917218e-35
4.30193570688  8.1413379689e-35
4.38432765487  1.03599395683e-34
4.46829759787  1.26210324832e-34
4.55387575811  1.49254305199e-34
4.64109293664  1.72739630709e-34
4.72998052444  1.96674754136e-34
4.82057051367  2.21068290143e-34
4.91289550923  2.45929018383e-34
5.00698874047  9.47884056401e-34
5.10288407317  7.22237361829e-33
5.20061602171  1.38271784501e-32
5.30021976151  2.0558480462e-32
5.40173114165  2.74187023656e-32
5.50518669785  3.44103132729e-32
5.61062366552  4.15358295849e-32
5.71807999326  4.87978158977e-32
5.82759435644  5.61988859253e-32
5.93920617117  6.37417034401e-32
6.05295560847  2.92759013244e-31
6.16888360871  7.85119118436e-31
6.28703189637  1.28690905033e-30
6.40744299507  1.79830941175e-30
6.53016024283  2.3195042645e-30
6.6552278077  2.85068119558e-30
6.78269070364  3.39203138472e-30
6.91259480676  3.94374967316e-30
7.04498687177  9.15987749156e-30
7.17991454885  2.36910526509e-29
7.31742640081  3.85005331847e-29
7.45757192053  5.35936492801e-29
7.60040154878  6.89758332093e-29
7.74596669241  8.46526212853e-29
7.89431974284  1.00629655854e-28
8.04551409486  1.78288579417e-28
8.19960416593  4.02674386825e-28
8.35664541573  6.31357697736e-28
8.51669436609  8.64420819213e-28
8.67980862141  1.10194763468e-27
8.84604688929  1.34402363414e-27
9.01546900177  1.81084207332e-27
9.18813593677  3.91209968685e-27
9.36410984009  6.10446880169e-27
9.54345404778  8.33882681976e-27
9.72623310891  1.0615977925e-26
9.91251280879  1.29367417032e-26
10.1023601927  2.17074198928e-26
10.29584359  3.62256787895e-26
10.4930326387  5.10219956845e-26
10.6939983105  6.61016960271e-26
10.8988129364  8.14702072611e-26
11.1075502328  1.25596111583e-25
11.3202853277  1.97859053582e-25
11.5370947883  2.71505996869e-25
11.7580566479  3.46563448247e-25
11.9832504345  4.29314133281e-25
12.2127571994  6.82765628546e-25
12.4466595458  9.620291248e-25
12.6850416593  1.24664115832e-24
12.9279893377  1.53670416589e-24
13.175590022  2.19254512514e-24
13.4279328281  3.01150603823e-24
13.6851085784  3.84615193351e-24
13.9472098349  4.69945251956e-24
14.2143309324  6.28211331668e-24
14.4865680123  8.07814028167e-24
14.7640190574  9.90856528752e-24
15.0467839273  1.19363483293e-23
15.3349643938  1.47824184057e-23
15.628664178  1.76908098886e-23
15.9279889875  2.06550446385e-23
16.2330465545  2.40809648548e-23
16.5439466745  2.77002464214e-23
16.8608012457  3.13888455416e-23
17.1837243096  3.5180719243e-23
17.5128320918  3.90704112097e-23
17.8482430438  4.303459971e-23
18.1900778857  4.69550004713e-23
18.5384596499  5.08530788691e-23
18.893513725  5.482581442e-23
19.2553679009  5.86449590898e-23
19.6241524153  6.24396411074e-23
20  6.6307e-23

