4 20 101
101
4  0
4.06489836507  7.72303523998e-41
4.13084967959  1.55713735701e-40
4.19787102722  2.35470479817e-40
4.26597976883  3.16521244507e-40
4.33519354694  3.98887024727e-40
4.4055302903  4.82589156064e-40
4.47700821858  5.67649320271e-40
4.54964584702  6.54089550876e-40
4.6234619913  7.41932238891e-40
4.69847577235  8.31200138614e-40
4.77470662134  9.21916373525e-40
4.85217428469  1.01410444227e-39
4.93089882922  1.10778822475e-39
5.0109006473  2.87235263517e-38
5.09220046219  2.12235954094e-37
5.17481933334  4.01349722316e-37
5.2587786619  5.93531784131e-37
5.34410019626  7.88831921347e-37
5.43080603763  9.87300723464e-37
5.51891864584  1.18898960077e-36
5.60846084511  1.39395079768e-36
5.69945582996  1.60223740624e-36
5.79192717125  1.81390337988e-36
5.88589882225  2.02900354743e-36
5.98139512488  2.46591294587e-36
6.07844081599  5.07116031533e-35
6.17706103378  1.11589747218e-34
6.27728132428  1.73455614288e-34
6.37912764804  2.36325229764e-34
6.48262638677  3.00214879055e-34
6.58780435024  3.65141111791e-34
6.69468878317  4.31120746116e-34
6.80330737234  4.9817087304e-34
6.91368825372  5.66308860868e-34
7.02586001978  1.81689077771e-33
7.13985172691  7.0763629624e-33
7.25569290288  1.2424600738e-32
7.3734135546  1.78596114856e-32
7.49304417576  2.33828030611e-32
7.61461575486  2.89956061623e-32
7.73815978314  3.46994746998e-32
7.86370826279  4.04958861729e-32
7.9912937152  5.24969640803e-32
8.12094918942  2.19956298077e-31
8.25270827072  4.08601269129e-31
8.38660508926  6.00306927732e-31
8.52267432896  7.95122932289e-31
8.66095123645  9.93099746892e-31
8.80147163025  1.19428865439e-30
8.94427191  1.39874176968e-30
9.08938906592  3.59327596211e-30
9.23686068839  7.0821256879e-30
9.38672497765  1.06275805745e-29
9.53902075375  1.42305590175e-29
9.69378746657  1.7891994313e-29
9.85106520605  2.16128348997e-29
10.0108947126  2.90421801167e-29
10.1733173875  6.77347154556e-29
10.3383753039  1.08303095816e-28
10.5061112176  1.49529681566e-28
10.6765685779  1.91425151819e-28
10.8497915392  2.34000358953e-28
11.0258249723  3.20637404476e-28
11.2047144759  6.39517854233e-28
11.3865063885  9.66843464326e-28
11.5712478006  1.29947979865e-27
11.7589865666  1.63751302155e-27
11.9497713174  1.98103069531e-27
12.1436514728  3.52014195176e-27
12.3406772544  5.50707406004e-27
12.5408996988  7.52624332966e-27
12.7443706706  9.57817279537e-27
12.9511428756  1.16663494141e-26
13.1612698752  1.95168925348e-26
13.3748060995  2.92632623589e-26
13.5918068618  3.91677630498e-26
13.8123283727  4.92329602162e-26
14.036427755  6.43405893729e-26
14.2641630582  1.03457852458e-25
14.4955932736  1.43459222893e-25
14.7307783496  1.84109599213e-25
14.9697792074  2.26934843185e-25
15.2126577564  3.49115912019e-25
15.4594769106  4.86620343732e-25
15.7103006046  6.26355728646e-25
15.9651938106  7.7182297701e-25
16.2242225547  1.12979624699e-24
16.4874539343  1.53135071514e-24
16.7549561354  1.93942024041e-24
17.0267984504  2.41894156627e-24
17.3030512959  3.36356366734e-24
17.5837862308  4.33655192973e-24
17.8690759753  5.32532652898e-24
18.1589944294  6.7816159059e-24
18.4536166918  8.6393297711e-24
18.75301908  1.05271842845e-23
19.0572791496  1.26078919788e-23
19.3664757145  1.54087279112e-23
19.6806888673  1.82588925772e-23
20  2.11553e-23

