1 20 101
101
1  0
1.03041055791  2.16794130399e-43
1.06174591785  4.40181091256e-43
1.09403420358  6.70361374222e-43
1.12730439408  9.07541568013e-43
1.16158634964  1.15193454382e-42
1.1969108386  1.40375964638e-42
1.23330956497  1.6632428908e-42
1.27081519692  1.93061716545e-42
1.30946139606  2.20612244096e-42
1.34928284767  2.49000598561e-42
1.39031529185  2.78252258723e-42
1.43259555555  3.08393478191e-42
1.47616158565  3.39451308959e-42
1.52105248304  3.71453625688e-42
1.56730853766  4.04429150723e-42
1.61497126471  4.38407479872e-42
1.66408344188  4.73419108967e-42
1.71468914776  5.09495461237e-42
1.76683380139  5.46668915506e-42
1.82056420303  5.84972835259e-42
1.87592857615  6.24441598583e-42
1.93297661076  6.65110629018e-42
1.99175950792  1.08364172767e-38
2.05233002578  6.96932806178e-37
2.11474252688  1.52813580967e-36
2.17905302696  2.38461616024e-36
2.24531924523  3.2671425561e-36
2.31360065617  4.17650707204e-36
2.3839585429  5.11352587025e-36
2.45645605223  6.07903993289e-36
2.53115825126  7.07391581685e-36
2.60813218585  8.09904643148e-36
2.68744694072  9.15535184004e-36
2.76917370155  1.02437800854e-35
2.85338581877  1.1365308041e-35
2.94015887345  1.25209422873e-35
3.02957074514  1.54459996582e-33
3.12170168173  6.31547909785e-33
3.21663437151  1.1231443326e-32
3.31445401734  1.6296904769e-32
3.41524841318  2.15164097206e-32
3.51910802283  2.68946427297e-32
3.62612606115  3.24364308053e-32
3.73639857773  3.8146747748e-32
3.85002454306  4.40307186148e-32
3.96710593738  5.00936243185e-32
4.08774784223  1.10292866534e-30
4.21205853471  2.59204682352e-30
4.34014958471  4.12644989569e-30
4.472135955  5.70751502135e-30
4.60813610445  7.33666121957e-30
4.74827209431  9.0153506626e-30
4.89266969782  1.07450899881e-29
5.041458513  3.61455669644e-29
5.19477207907  1.25321966465e-28
5.35274799621  2.17210270028e-28
5.51552804914  3.11892948167e-28
5.68325833429  4.09454979373e-28
5.85608939099  5.09983926379e-28
6.03417633655  9.65892434988e-28
6.21767900547  2.91319336984e-27
6.40676209294  4.92798881843e-27
6.6015953026  7.00405532069e-27
6.80235349885  9.14325616354e-27
7.00921686386  1.30115075041e-26
7.22237105921  3.36653479125e-26
7.44200739256  5.58057226053e-26
7.66832298935  7.86193984447e-26
7.9015209697  1.02126850895e-25
8.14181063074  1.95441345276e-25
8.38940763443  3.41033087788e-25
8.64453420113  4.91052356417e-25
8.90741930907  6.45633794702e-25
9.17829889981  1.10867292185e-24
9.45741609003  1.74831378463e-24
9.74502138973  2.40740648292e-24
10.041372927  3.25264859618e-24
10.34673668  5.05184171238e-24
10.661386715  6.92131286982e-24
10.9856054331  8.90832781172e-24
11.3196838233  1.21701313399e-23
11.6639217237  1.56557259704e-23
12.0186280908  1.93212962461e-23
12.3841212763  2.38008308049e-23
12.7607293136  2.8450207668e-23
13.1487902114  3.32509733777e-23
13.5486522576  3.82143010122e-23
13.9606743317  4.3318388783e-23
14.3852262269  4.82334342593e-23
14.8226889821  5.32490759869e-23
15.2734552238  5.8077888245e-23
15.7379295184  6.28268127752e-23
16.2165287354  6.74657356509e-23
16.7096824217  7.19284362353e-23
17.2178331866  7.62945701506e-23
17.7414370999  8.04744949538e-23
18.2809641002  8.45156347972e-23
18.8368984177  8.84275277747e-23
19.4097390079  9.21395574833e-23
20  9.58337e-23

