2 20 101
101
2  0
2.04658598456  8.99393676543e-39
2.0942570961  1.81973692305e-38
2.14303861048  2.7615177177e-38
2.19295639229  3.72523540512e-38
2.2440369086  4.7114009612e-38
2.29630724299  5.72053726396e-38
2.34979510988  6.75317937084e-38
2.40452886923  7.80987480233e-38
2.46053754162  8.89118383236e-38
2.51785082359  9.99767978528e-38
2.57649910339  1.11299493399e-37
2.63651347711  1.22885928405e-37
2.69792576518  1.34742246152e-37
2.76076852921  1.46874733017e-37
2.82507508925  1.59289821805e-37
2.89087954149  1.7199409516e-37
2.95821677634  1.84994289056e-37
3.02712249687  5.1124145055e-35
3.09763323782  1.83530408797e-34
3.16978638492  3.19020810619e-34
3.24362019472  4.57667189324e-34
3.31917381488  5.99543057058e-34
3.39648730492  7.44723638284e-34
3.4756016575  8.93285909668e-34
3.55655882008  1.04530864089e-33
3.63940171722  1.20087243642e-33
3.72417427333  1.36005977824e-33
3.81092143593  1.52295506958e-33
3.89968919952  1.68964467969e-33
3.99052462994  3.50523235039e-33
4.08347588934  6.78579447776e-32
4.17859226171  1.43038599873e-31
4.275924179  2.19970437388e-31
4.3755232479  2.98694247599e-31
4.47744227714  3.79251770915e-31
4.58173530554  4.61685719999e-31
4.68845763064  5.46039802422e-31
4.79766583804  6.32358743837e-31
4.90941783137  7.20688311687e-31
5.02377286302  2.21879658001e-30
5.14079156554  9.14284613719e-30
5.26053598379  1.62450689846e-29
5.38306960785  2.3512723854e-29
5.50845740668  3.09496641521e-29
5.63676586253  3.85598330432e-29
5.76806300625  4.63472655395e-29
5.90241845333  5.43160906409e-29
6.0399034408  1.21030615993e-28
6.18059086503  3.3584008193e-28
6.32455532034  5.55653103099e-28
6.47187313859  7.80586227274e-28
6.62262242965  1.01075871697e-27
6.77688312278  1.2462926127e-27
6.93473700905  1.48731279764e-27
7.09626778467  3.42482175465e-27
7.2615610954  6.58045949087e-27
7.43070458194  9.80960147252e-27
7.60378792641  1.31139598334e-26
7.78090289989  1.64952865881e-26
7.96214341107  2.0008227032e-26
8.14760555608  4.16677429199e-26
8.33738766941  6.86549302385e-26
8.53159037603  9.62707299031e-26
8.7303166448  1.24529784176e-25
8.93367184302  1.53447076382e-25
9.1417637923  2.63794973185e-25
9.35470282574  4.15377753534e-25
9.57260184645  5.70491350416e-25
9.79557638737  7.29218007112e-25
10.0237446725  9.43951355416e-25
10.2572276798  1.52180320266e-24
10.496149205  2.12281770579e-24
10.7406359274  2.7378316351e-24
10.9908174772  3.410280307e-24
11.2468265038  4.90572549501e-24
11.5087987467  6.5141721933e-24
11.7768731071  8.16008442812e-24
12.0511917215  1.00540817254e-23
12.3319000372  1.28923333702e-23
12.6191468896  1.58022789907e-23
12.9130845807  1.87800059522e-23
13.2138689602  2.22719469379e-23
13.5216595078  2.60302234205e-23
13.8366194184  2.98760414081e-23
14.1589156877  3.38262191634e-23
14.4887192015  3.78839566957e-23
14.826204826  4.20362110769e-23
15.1715515006  4.61361073489e-23
15.5249423326  5.01769583512e-23
15.8865646945  5.43119328647e-23
16.2566103233  5.82576108857e-23
16.6352754221  6.2165998916e-23
17.022760764  6.61231108581e-23
17.4192717991  6.97874693272e-23
17.8250187627  7.35200208518e-23
18.2402167871  7.70993915677e-23
18.6650860159  8.05831492963e-23
19.0998517204  8.40597596685e-23
19.5447444191  8.73159621094e-23
20  9.06477e-23

