4 20 101
101
4  0
4.06489836507  6.25027068211e-41
4.13084967959  1.26019494514e-40
4.19787102722  1.90566816125e-40
4.26597976883  2.56161391647e-40
4.33519354694  3.22820212346e-40
4.4055302903  3.90560545165e-40
4.47700821858  4.59399937197e-40
4.54964584702  5.29356220227e-40
4.6234619913  6.00447515356e-40
4.69847577235  6.72692237691e-40
4.77470662134  7.46109101118e-40
4.85217428469  8.20717123145e-40
4.93089882922  8.96535629836e-40
5.0109006473  2.34098792641e-38
5.09220046219  1.73019005959e-37
5.17481933334  3.27194652639e-37
5.2587786619  4.8387173617e-37
5.34410019626  6.43090841343e-37
5.43080603763  8.04893211418e-37
5.51891864584  9.69320758815e-37
5.60846084511  1.13641607596e-36
5.69945582996  1.30622244633e-36
5.79192717125  1.47878385565e-36
5.88589882225  1.65414500331e-36
5.98139512488  2.01148418117e-36
6.07844081599  4.15963180798e-35
6.17706103378  9.15461694202e-35
6.27728132428  1.42306436682e-34
6.37912764804  1.93890268534e-34
6.48262638677  2.46311026973e-34
6.58780435024  2.99582290791e-34
6.69468878317  3.53717859092e-34
6.80330737234  4.08731754861e-34
6.91368825372  4.64638228603e-34
7.02586001978  1.49598448286e-33
7.13985172691  5.83441766e-33
7.25569290288  1.02460719982e-32
7.3734135546  1.47293036248e-32
7.49304417576  1.92852738521e-32
7.61461575486  2.39151628342e-32
7.73815978314  2.86201698727e-32
7.86370826279  3.34015137272e-32
7.9912937152  4.33233793479e-32
8.12094918942  1.82049591675e-31
8.25270827072  3.38328774488e-31
8.38660508926  4.97143523166e-31
8.52267432896  6.58534976228e-31
8.66095123645  8.22544939651e-31
8.80147163025  9.89215897693e-31
8.94427191  1.15859102391e-30
9.08938906592  2.98221401353e-30
9.23686068839  5.88172879333e-30
9.38672497765  8.8282870153e-30
9.53902075375  1.18226519401e-29
9.69378746657  1.48655992119e-29
9.85106520605  1.79579170594e-29
10.0108947126  2.41382395026e-29
10.1733173875  5.63515823876e-29
10.3383753039  9.01268556444e-29
10.5061112176  1.24450118905e-28
10.6765685779  1.59330263082e-28
10.8497915392  1.94776323343e-28
11.0258249723  2.6690489257e-28
11.2047144759  5.32381432323e-28
11.3865063885  8.04888781911e-28
11.5712478006  1.08181745186e-27
11.7589865666  1.3632391763e-27
11.9497713174  1.64922685318e-27
12.1436514728  2.92871869284e-27
12.3406772544  4.58034247464e-27
12.5408996988  6.25876317723e-27
12.7443706706  7.96441556969e-27
12.9511428756  9.70019338347e-27
13.1612698752  1.62166383029e-26
13.3748060995  2.43059670266e-26
13.5918068618  3.25265418025e-26
13.8123283727  4.08804920441e-26
14.036427755  5.34262577818e-26
14.2641630582  8.59322683703e-26
14.4955932736  1.19173053067e-25
14.7307783496  1.52953155909e-25
14.9697792074  1.88552916744e-25
15.2126577564  2.90738590377e-25
15.4594769106  4.05777295856e-25
15.7103006046  5.22682457311e-25
15.9651938106  6.44448610305e-25
16.2242225547  9.47981707549e-25
16.4874539343  1.28875657662e-24
16.7549561354  1.63506037866e-24
17.0267984504  2.04423034542e-24
17.3030512959  2.86386526745e-24
17.5837862308  3.70831314444e-24
17.8690759753  4.56646184308e-24
18.1589944294  5.85635988437e-24
18.4536166918  7.51682738572e-24
18.75301908  9.20423529358e-24
19.0572791496  1.10797652892e-23
19.3664757145  1.36658372323e-23
19.6806888673  1.62977180211e-23
20  1.89723e-23

