1 20000 251
251
1  0
1.04040904696  5.91482296606e-37
1.082450985  1.20686582911e-36
1.12619179768  1.84711642368e-36
1.17170013492  2.51323893459e-36
1.21904742069  3.20627882133e-36
1.26830796516  3.92732378939e-36
1.31955908129  4.67750549743e-36
1.37288120617  5.45800133334e-36
1.4283580273  6.27003626214e-36
1.4860766139  7.1148847485e-36
1.54612755358  7.99387275702e-36
1.6086050945  8.90837983326e-36
1.6736072933  9.85984126889e-36
1.74123616901  1.08497503543e-35
1.81159786313  1.18796607225e-35
1.88480280626  1.29511887871e-35
1.96096589137  1.40660162796e-35
2.04020665416  1.93772356562e-32
2.12264946065  5.9079791788e-32
2.20842370239  1.00386690375e-31
2.29766399949  1.43362761367e-31
2.39051041194  1.88075454429e-31
2.48710865943  2.34594944805e-31
2.58761035005  2.82994243453e-31
2.6921732182  3.33349311632e-31
2.8009613722  3.85739180126e-31
2.91414555182  4.40246073276e-31
3.03190339627  6.35716979838e-30
3.15441972299  2.892073176e-29
3.28188681771  5.23960657565e-29
3.41450473624  7.68200156268e-29
3.55248161847  1.02230914034e-28
3.69603401502  1.28668642629e-28
3.8453872271  1.5617469464e-28
4.00077566014  1.91546335532e-28
4.16244319166  1.62904759143e-27
4.33064355406  3.12463690309e-27
4.50564073281  4.68066155348e-27
4.68770938077  6.29956367703e-27
4.87713524927  7.98388409252e-27
5.07421563659  1.8944360957e-26
5.27925985453  4.62078351751e-26
5.49258971391  7.45730004031e-26
5.71454002959  1.04084374925e-25
5.945459146  1.34788275966e-25
6.18570948383  3.15407294652e-25
6.43566810884  5.48753432204e-25
6.69572732367  7.91528864786e-25
6.96629528353  1.04411462122e-24
7.24779663678  1.98867260717e-24
7.54067319143  3.06787863762e-24
7.84538460853  4.19069435524e-24
8.1624091236  6.14263756389e-24
8.49224429718  8.94975243303e-24
8.83540779578  1.18703001387e-23
9.19243820431  1.56232418878e-23
9.56389587139  2.01635329791e-23
9.95036378878  2.48872929062e-23
10.3524485064  3.00548270387e-23
10.7707810842  3.54682308401e-23
11.2060180829  4.08798696736e-23
11.6588425938  4.62549244405e-23
12.1299653117  5.16530512847e-23
12.6201256496  5.67391337099e-23
13.1300928996  6.18422480188e-23
13.6606674402  6.65789324478e-23
14.2126819923  7.12345566867e-23
14.7870029263  7.56260277426e-23
15.384531622  7.97979241988e-23
16.0062058827  8.39042234137e-23
16.6530014079  8.76220657019e-23
17.3259333238  9.12443100101e-23
18.0260577771  9.4682832289e-23
18.7544735924  9.70673813432e-23
19.5123239965  1.00218291018e-22
20.3007984131  1.04117101128e-22
21.1211343295  1.08745834924e-22
21.9746192385  1.14086936895e-22
22.8625926593  1.20123209507e-22
23.7864482397  1.26837748741e-22
24.7476359436  1.29825836487e-22
25.7476643266  1.31492259941e-22
26.7881029035  1.33031377495e-22
27.8705846117  1.34447982512e-22
28.996808374  1.3574667411e-22
30.1685417653  1.36931865021e-22
31.3876237862  1.38007789206e-22
32.6559677498  1.38978509231e-22
33.9755642841  1.39847923438e-22
35.3484844568  1.40619772892e-22
36.7768830251  1.4129764814e-22
38.2630018183  1.41884995774e-22
39.8091732557  1.42385124825e-22
41.4178240072  1.42801212986e-22
43.0914788025  1.43136312685e-22
44.832764393  1.43393357011e-22
46.6444136747  1.43575165517e-22
48.5292699773  1.43684449895e-22
50.4902915267  1.43723819553e-22
52.5305560881  1.43695787088e-22
54.6532657959  1.43602773681e-22
56.8617521799  1.43447114426e-22
59.159481394  1.43231063591e-22
61.5500596558  1.42956799839e-22
64.0372389068  1.42626431415e-22
66.624922701  1.42242001312e-22
69.3171723311  1.41805492421e-22
72.118213203  1.41318832697e-22
75.032441467  1.40783900321e-22
78.0644309178  1.40202528903e-22
81.2189401726  1.39576512704e-22
84.5009201401  1.38907611908e-22
87.9155217902  1.38197557948e-22
91.4681042388  1.37448058873e-22
95.1642431583  1.36660804786e-22
99.009739529  1.35837473331e-22
103.010628743  1.34979735245e-22
107.173190077  1.34089259946e-22
111.503956548  1.3316772117e-22
116.009725165  1.32216802615e-22
120.697567597  1.31238203591e-22
125.574841273  1.30233644629e-22
130.649200932  1.2920487301e-22
135.928610627  1.28153668179e-22
141.421356237  1.27081846966e-22
147.136058463  1.25991268549e-22
153.081686359  1.24883839082e-22
159.267571411  1.23761515882e-22
165.703422184  1.22626311059e-22
172.399339552  1.21480294483e-22
179.36583256  1.20325595928e-22
186.613834911  1.19164406261e-22
194.154722129  1.17998977503e-22
202.000329413  1.16831621606e-22
210.162970211  1.1566470777e-22
218.655455543  1.14500658139e-22
227.491114114  1.13341941717e-22
236.683813228  1.12191066365e-22
246.247980551  1.11050568768e-22
256.198626761  1.09923002306e-22
266.551369101  1.08810922784e-22
277.322455892  1.07716872074e-22
288.528792035  1.06643359752e-22
300.187965542  1.05659464066e-22
312.318275138  1.04632690406e-22
324.938758985  1.03633668606e-22
338.069224556  1.02664554593e-22
351.730279727  1.01727359542e-22
365.943365117  1.00823926288e-22
380.730787743  9.9955906678e-23
396.115756024  9.91247405333e-23
412.122416211  9.83316368659e-23
428.775890281  9.7577557984e-23
446.102315367  9.68632070631e-23
464.128884777  9.61890196799e-23
482.883890678  9.55551597045e-23
502.396768493  9.49615198312e-23
522.698143103  9.44077269064e-23
543.819876914  9.38931520956e-23
565.795119858  9.34169258366e-23
588.658361426  9.29779574614e-23
612.445484796  9.25749593738e-23
637.193823152  9.2206475763e-23
662.942218274  9.18709161143e-23
689.731081504  9.15665944365e-23
717.602457167  9.12917768057e-23
746.600088557  9.10447455409e-23
776.769486596  9.08308062315e-23
808.158001257  9.06617127435e-23
840.814895881  9.05369751849e-23
874.791424493  9.04556588602e-23
910.140912246  9.00220285009e-23
946.918839109  9.00591036846e-23
985.182926946  9.01333315316e-23
1024.99323011  9.02451414661e-23
1066.41222967  9.03948397054e-23
1109.50493154  9.05826068793e-23
1154.33896842  9.08084969591e-23
1200.98470601  9.10724375214e-23
1249.51535339  9.13742313418e-23
1300.00707798  9.17135592813e-23
1352.53912504  9.20899844013e-23
1407.19394206  9.25029572134e-23
1464.05730815  9.44816092237e-23
1523.21846867  9.53869740058e-23
1584.7702753  9.62191088584e-23
1648.80933177  9.69863181776e-23
1715.43614549  9.76959744786e-23
1784.75528525  9.83546669649e-23
1856.87554538  9.8968319777e-23
1931.9101165  9.95422869179e-23
2009.97676312  1.00081429046e-22
2091.19800853  1.00590176031e-22
2175.70132706  1.01072578234e-22
2263.61934415  1.01387381939e-22
2355.09004453  1.01759829079e-22
2450.25698873  1.02093811257e-22
2549.26953846  1.0239229708e-22
2652.28309095  1.02657992907e-22
2759.45932292  1.02893374538e-22
2870.96644429  1.03100714177e-22
2986.97946215  1.03282103472e-22
3107.68045551  1.0343947328e-22
3233.25886097  1.03574610673e-22
3363.91177012  1.03689173611e-22
3499.84423881  1.03784703639e-22
3641.26960901  1.03862636893e-22
3788.40984363  1.03924313666e-22
3941.49587491  1.03970986739e-22
4100.76796681  1.04003828647e-22
4266.47609215  1.0402393803e-22
4438.88032492  1.04032345209e-22
4618.25124841  1.04030017076e-22
4804.87037999  1.04017861412e-22
4999.03061281  1.03996730711e-22
5201.0366756  1.03967425573e-22
5411.20561086  1.03930697739e-22
5629.8672725  1.03887252816e-22
5857.36484349  1.03837752748e-22
6094.05537452  1.03782818054e-22
6340.31034432  1.03723029893e-22
6596.51624277  1.03658931967e-22
6863.0751774  1.03591032295e-22
7140.40550453  1.03519804882e-22
7428.94248588  1.03445691292e-22
7729.13897165  1.03369102149e-22
8041.46611132  1.03290418582e-22
8366.41409304  1.03209993603e-22
8704.49291301  1.0312815345e-22
9056.2331759  1.03045198893e-22
9422.18692758  1.02961406495e-22
9802.92852161  1.0287702985e-22
10199.0555206  1.02792300792e-22
10611.1896341  1.02707430568e-22
11039.9776943  1.02622610994e-22
11486.0926714  1.02538015572e-22
11950.2347295  1.02453800585e-22
12433.1323259  1.02370106164e-22
12935.5433539  1.02287057316e-22
13458.2563327  1.0220476493e-22
14002.0916449  1.02123326742e-22
14567.9028237  1.02042828272e-22
15156.577893  1.01963343717e-22
15769.0407609  1.01884936817e-22
16406.2526695  1.01807661681e-22
17069.213704  1.01731563568e-22
17758.9643622  1.01656679638e-22
18476.5871871  1.01583039663e-22
19223.2084664  1.01510666695e-22
20000  1.01439577701e-22

