2 20 101
101
2  0
2.04658598456  3.18390048046e-43
2.0942570961  6.44196353024e-43
2.14303861048  9.77591661748e-43
2.19295639229  1.31875274483e-42
2.2440369086  1.66786049038e-42
2.29630724299  2.02509999995e-42
2.34979510988  2.39066068666e-42
2.40452886923  2.76473637563e-42
2.46053754162  3.14752540673e-42
2.51785082359  3.53923073978e-42
2.57649910339  3.94006006213e-42
2.63651347711  4.35022589879e-42
2.69792576518  4.76994572511e-42
2.76076852921  5.19944208212e-42
2.82507508925  5.63894269444e-42
2.89087954149  6.08868059114e-42
2.95821677634  6.5488942292e-42
3.02712249687  1.81590310642e-38
3.09763323782  6.53495548016e-38
3.16978638492  1.13639287044e-37
3.24362019472  1.63053831647e-37
3.31917381488  2.13619388856e-37
3.39648730492  2.65362769199e-37
3.4756016575  3.183114077e-37
3.55655882008  3.7249337843e-37
3.63940171722  4.27937409385e-37
3.72417427333  4.84672897726e-37
3.81092143593  5.42729925358e-37
3.89968919952  6.02139274887e-37
3.99052462994  3.16685424555e-36
4.08347588934  1.0091636487e-34
4.17859226171  2.15142636666e-34
4.275924179  3.32029580129e-34
4.3755232479  4.51639170264e-34
4.47744227714  5.74034825659e-34
4.58173530554  6.99281442111e-34
4.68845763064  8.27445427032e-34
4.79766583804  9.58594734665e-34
4.90941783137  1.09279890211e-33
5.02377286302  7.06752751245e-33
5.14079156554  3.55364782201e-32
5.26053598379  6.47385997922e-32
5.38306960785  9.46209261565e-32
5.50845740668  1.25199301318e-31
5.63676586253  1.56489938337e-31
5.76806300625  1.88509427921e-31
5.90241845333  2.2127474723e-31
6.0399034408  7.70393934793e-31
6.18059086503  2.62251967645e-30
6.32455532034  4.51778696872e-30
6.47187313859  6.45720070739e-30
6.62262242965  8.44178919531e-30
6.77688312278  1.04726046876e-29
6.93473700905  1.25507239494e-29
7.09626778467  4.2080670061e-29
7.2615610954  9.1308836272e-29
7.43070458194  1.41683673779e-28
7.60378792641  1.93231891986e-28
7.78090289989  2.45980822443e-28
7.96214341107  3.01409410106e-28
8.14760555608  8.54066750231e-28
8.33738766941  1.55200888085e-27
8.53159037603  2.26620817212e-27
8.7303166448  2.99704330198e-27
8.93367184302  3.74490176887e-27
9.1417637923  8.11317393278e-27
9.35470282574  1.43082241386e-26
9.57260184645  2.0647575601e-26
9.79557638737  2.71345895281e-26
10.0237446725  3.76470685125e-26
10.2572276798  7.49287535878e-26
10.496149205  1.1379748688e-25
10.7406359274  1.53571589278e-25
10.9908174772  2.0043530789e-25
11.2468265038  3.63811901281e-25
11.5087987467  5.4216941555e-25
11.7768731071  7.24681410022e-25
12.0511917215  9.89861405881e-25
12.3319000372  1.59774705609e-24
12.6191468896  2.22187931491e-24
12.9130845807  2.86054948161e-24
13.2138689602  4.15665114913e-24
13.5216595078  5.75015699203e-24
13.8366194184  7.38078035423e-24
14.1589156877  9.64829422647e-24
14.4887192015  1.25987029391e-23
14.826204826  1.56178354992e-23
15.1715515006  1.91551520716e-23
15.5249423326  2.32391485606e-23
15.8865646945  2.74182735483e-23
16.2566103233  3.18833771107e-23
16.6352754221  3.65378149053e-23
17.022760764  4.12834231751e-23
17.4192717991  4.59826924451e-23
17.8250187627  5.07844277933e-23
18.2402167871  5.54800107895e-23
18.6650860159  6.0122471879e-23
19.0998517204  6.47726324198e-23
19.5447444191  6.91882715131e-23
20  7.370641e-23

