0.1 20000 301
301
0.1  0
0.10415259619  1.42448210858e-40
0.108477632931  2.90811720693e-40
0.112982270983  4.45336167984e-40
0.117673968462  6.06277391586e-40
0.122560493193  7.73901854306e-40
0.127649935564  9.48487084079e-40
0.132950721924  1.13032213345e-39
0.138471628537  1.31970805816e-39
0.144221796108  1.51695841555e-39
0.150210744918  1.72239978378e-39
0.156448390588  1.93637230243e-39
0.162945060494  2.15923023574e-39
0.169711510868  2.39134255909e-39
0.176758944602  2.63309356994e-39
0.1840990298  2.88488352406e-39
0.191743919097  3.14712929822e-39
0.199706269776  3.4202650804e-39
0.207999264725  1.27577549679e-32
0.216636634267  2.6533197879e-32
0.225632678887  4.08806793075e-32
0.235002292913  5.58239537031e-32
0.244760989175  7.13877619419e-32
0.254924924685  8.75978722886e-32
0.265510927395  1.0448112306e-31
0.276536524049  1.22065467059e-31
0.28801996921  1.40380017858e-31
0.299980275477  1.59455097995e-31
0.312437244967  1.79322289183e-31
0.325411502097  2.00014484595e-31
0.338924527734  2.21565943326e-31
0.352998694759  2.44012347111e-31
0.367657305107  2.67390859404e-31
0.382924628351  2.91740186908e-31
0.398825941877  3.17100643658e-31
0.415387572744  3.43514217768e-31
0.432636941262  3.71024640951e-31
0.450602606401  3.99677460919e-31
0.469314313065  4.29520116796e-31
0.488803041347  4.60602017665e-31
0.509101057818  7.81306377937e-29
0.530241968947  2.58509427792e-28
0.552260776746  4.4637862055e-28
0.575193936719  6.42049262249e-28
0.599079418219  8.4584531556e-28
0.623956767313  1.05810419602e-27
0.649867172259  1.27917733065e-27
0.676853531693  1.50943073986e-27
0.70496052566  1.74924564336e-27
0.734234689588  1.9990190914e-27
0.764724491332  2.25916462213e-27
0.796480411421  2.53011294626e-27
0.829555026638  2.81231266018e-27
0.864003097066  3.10623098866e-27
0.899881656755  3.41235455845e-27
0.937250108145  3.73119020394e-27
0.976170320425  4.06326580629e-27
1.01670673196  3.19046975083e-26
1.05892645697  1.01749205789e-25
1.10289939667  1.74494074459e-25
1.148698355  2.50259743773e-25
1.19639915912  3.29171655385e-25
1.24608078501  4.11360460031e-25
1.29782548821  4.96962233848e-25
1.35171893999  5.86118703663e-25
1.40785036919  6.78977481646e-25
1.46631270998  7.75692309706e-25
1.5272027557  8.7642331403e-25
1.59062131914  9.81337270202e-25
1.65667339944  1.09060787932e-24
1.7254683559  1.20441605559e-24
1.7971200891  1.32295022585e-24
1.87174722945  1.44640664155e-24
1.94947333358  1.57498970366e-24
2.03042708895  2.05041984269e-24
2.11474252688  3.1362432634e-24
2.20255924448  4.26715654611e-24
2.29402263574  5.4450320907e-24
2.3892841323  6.67182005028e-24
2.48850145414  7.94955155992e-24
2.59183887071  9.28034209955e-24
2.6994674729  1.06663949964e-23
2.81156545633  1.21100050731e-23
2.92831841634  1.36135624468e-23
3.04991965532  1.5575526442e-23
3.17657050272  1.82111628044e-23
3.30848064838  2.0956246502e-23
3.44586848972  2.38153224406e-23
3.58896149333  2.67931242578e-23
3.73799657156  2.98945821597e-23
3.89322047476  3.31248310842e-23
4.05489019986  3.62228606306e-23
4.2232734158  3.89098667526e-23
4.39864890674  4.17084533885e-23
4.58130703365  4.46232540264e-23
4.77155021497  4.76590945645e-23
4.96969342739  5.08210013011e-23
5.1760647273  5.32832624921e-23
5.39100579394  5.56987983777e-23
5.61487249513  5.82146417144e-23
5.84803547643  6.08349578656e-23
6.0908807748  6.33007356534e-23
6.34381045777  6.54102663049e-23
6.60724328913  6.76073972458e-23
6.8816154222  6.98957661625e-23
7.16738112202  7.1839357205e-23
7.4650135174  7.35396774993e-23
7.77500538429  7.53106052293e-23
8.09786996163  7.69579602578e-23
8.43414180111  7.82017621218e-23
8.78437765219  7.94972140546e-23
9.14915738387  8.06815891154e-23
9.52908494479  8.16669101347e-23
9.92478936312  8.2693147557e-23
10.3369257881  8.35946525508e-23
10.7661765745  8.44946857169e-23
11.2132524127  8.53800228142e-23
11.6788935051  8.62426597847e-23
12.1638707918  8.70612184102e-23
12.6689872269  8.77507017379e-23
13.1950791077  8.84009949914e-23
13.74301746  8.89584330105e-23
14.3137094794  8.94607486916e-23
14.9081000339  8.99171438678e-23
15.5271732278  9.02751607647e-23
16.1719540317  9.05888154498e-23
16.8435099786  9.08068779253e-23
17.5429529322  9.09875728865e-23
18.2714409272  9.19605630628e-23
19.030180087  9.43861875028e-23
19.8204266202  9.69151897029e-23
20.6434889008  9.95338781426e-23
21.5007296344  1.02228071646e-22
22.3935681139  1.04983045185e-22
23.3234825702  1.07783473417e-22
24.2920126187  1.09707611579e-22
25.3007618091  1.09472354621e-22
26.35140028  1.09199547603e-22
27.445667524  1.08890423216e-22
28.5853752678  1.0854616258e-22
29.772410472  1.08167897687e-22
31.0087384549  1.07756713809e-22
32.2964061465  1.07313651852e-22
33.6375454776  1.06839710675e-22
35.0343769094  1.06335849377e-22
36.48921311  1.05802989548e-22
38.0044627833  1.05242017508e-22
39.5826346568  1.04653786519e-22
41.2263416354  1.0403911899e-22
42.9383051273  1.03398808679e-22
44.72135955  1.02733622887e-22
46.5784570227  1.02044304672e-22
48.5126722543  1.01331575064e-22
50.5272076339  1.00596135308e-22
52.6253985329  9.98386691314e-23
54.8107188272  9.905984505e-23
57.0867866488  9.82603187065e-23
59.457370376  9.74407352644e-23
61.9263948728  9.66017318538e-23
64.4979479868  9.57439400786e-23
67.1762873173  9.48679885915e-23
69.9658472649  9.39745057429e-23
72.8712463726  9.30641223087e-23
75.8972949729  9.21374743005e-23
79.0490031521  9.11952058639e-23
82.331589045  9.02379722642e-23
85.7504874747  8.92664429624e-23
89.3113589503  8.82813047776e-23
93.0200990391  8.72832651331e-23
96.8828481275  8.62730553786e-23
100.906001587  8.52514341768e-23
105.096220365  8.42191909409e-23
109.460442007  8.31771493011e-23
114.005892151  8.21261705762e-23
118.740096485  8.10671572173e-23
123.670893207  8.0001056184e-23
128.806446006  7.89288622065e-23
134.155257575  7.78516208768e-23
139.72618369  7.67704315035e-23
145.52844787  7.56864496546e-23
151.571656651  7.4600889302e-23
157.86581549  7.35150244721e-23
164.421345329  7.24301902956e-23
171.24909985  7.13477833414e-23
178.360383446  7.02692611126e-23
185.766969933  6.91961405762e-23
193.481122048  6.81299955971e-23
201.51561175  6.70724531485e-23
209.883741365  6.60251881773e-23
218.599365612  6.49899170186e-23
227.67691454  6.39683892694e-23
237.131417418  6.29623780629e-23
246.978527622  6.19736687186e-23
257.23454855  6.10040457867e-23
267.916460612  6.00552785587e-23
279.041949347  5.91291051718e-23
290.629434703  5.82272154997e-23
302.698101535  5.7403006818e-23
315.267931366  5.65529843418e-23
328.359735471  5.57319234868e-23
341.995189335  5.4941128122e-23
356.196868537  5.41817614319e-23
370.988286128  5.3454829011e-23
386.393931562  5.27611636164e-23
402.439311242  5.21014120634e-23
419.150990746  5.14760247106e-23
436.556638818  5.08852479213e-23
454.685073167  5.03291198143e-23
473.566308191  4.98074695256e-23
493.231604661  4.93199201079e-23
513.713521483  4.88658950984e-23
535.045969603  4.84446287012e-23
557.26426815  4.80551794587e-23
580.405202916  4.76964472559e-23
604.507087258  4.73671935064e-23
629.60982553  4.7066064457e-23
655.754979155  4.67916177571e-23
682.985835434  4.65423529122e-23
711.347479213  4.63167473775e-23
740.886867531  4.61133035801e-23
771.652907362  4.59338480179e-23
803.696536592  4.57885909821e-23
837.070808348  4.56777719658e-23
871.830978841  4.56005789959e-23
908.03459885  4.52803544726e-23
945.741609003  4.52927677352e-23
985.014439024  4.53338110581e-23
1025.91811109  4.5403773652e-23
1068.52034748  4.55028622547e-23
1112.89168271  4.56311992846e-23
1159.10558033  4.57888218115e-23
1207.23855449  4.59756813645e-23
1257.37029671  4.61916445786e-23
1309.58380774  4.64364946678e-23
1363.96553504  4.67099336901e-23
1420.60551588  4.7840151695e-23
1479.5975264  4.85543961683e-23
1541.03923691  4.92080837782e-23
1605.03237354  4.98080434963e-23
1671.68288673  5.03603356771e-23
1741.10112659  5.08703751717e-23
1813.40202564  5.13430292721e-23
1888.70528906  5.1782696315e-23
1967.13559293  5.21933692636e-23
2048.82279061  5.25786875016e-23
2133.90212774  5.29419792977e-23
2222.51446619  5.32862968256e-23
2314.80651723  5.34854884047e-23
2410.93108447  5.37404310859e-23
2511.04731682  5.39672101484e-23
2615.32097202  5.41680256159e-23
2723.92469106  5.43448892832e-23
2837.03828399  5.44996465881e-23
2954.84902768  5.46339953169e-23
3077.55197581  5.47495016601e-23
3205.3502819  5.48476140353e-23
3338.45553557  5.49296750235e-23
3477.08811294  5.49969317003e-23
3621.47754143  5.50505445978e-23
3771.86287983  5.50915954952e-23
3928.49311406  5.51210942044e-23
4091.62756943  5.5139984494e-23
4261.53633998  5.51491492712e-23
4438.50073566  5.51494151273e-23
4622.81374809  5.51415563365e-23
4814.78053566  5.51262983868e-23
5014.71892873  5.5104321109e-23
5222.95995589  5.50762614653e-23
5439.84839201  5.50427160457e-23
5665.74332907  5.50042433189e-23
5901.01877067  5.49613656748e-23
6146.0642513  5.49145712919e-23
6401.28548122  5.48643158581e-23
6667.10501821  5.48110241692e-23
6943.96296717  5.47550916255e-23
7232.31770876  5.46968856427e-23
7532.64665837  5.46367469938e-23
7845.44705649  5.45749910906e-23
8171.23679203  5.45119092168e-23
8510.55525972  5.44477697183e-23
8863.96425316  5.43828191575e-23
9232.048895  5.43172834354e-23
9615.41860565  5.42513688843e-23
10014.7081123  5.41852633331e-23
10430.5784998  5.41191371471e-23
10863.7183051  5.40531442412e-23
11314.8446575  5.39874230673e-23
11784.7044657  5.39220975757e-23
12274.0756543  5.38572781482e-23
12783.7684522  5.37930625038e-23
13314.6267339  5.3729536574e-23
13867.5294163  5.36667753485e-23
14443.3919145  5.36048436882e-23
15043.1676568  5.35437971062e-23
15667.8496638  5.34836825153e-23
16318.4721919  5.34245389408e-23
16996.1124464  5.33663981994e-23
17701.8923642  5.33092855425e-23
18436.9804721  5.32532202647e-23
19202.5938207  5.31982162771e-23
20000  5.31442826467e-23

