0.2 20000 301
301
0.2  0
0.207824460767  8.99227943219e-44
0.215955032466  1.83363575525e-43
0.22440369086  2.80459975361e-43
0.233182880236  3.81355010052e-43
0.242305531726  4.86197290946e-43
0.251785082359  5.95141243408e-43
0.261635494852  7.0834733428e-43
0.271871278176  8.25982308234e-43
0.282507508925  9.48219433381e-43
0.293559853524  1.07523875648e-42
0.305044591308  1.20722736813e-42
0.316978638492  1.34437967834e-42
0.329379573097  1.48689770291e-42
0.342265660832  1.63499136094e-42
0.355655882008  1.78887878405e-42
0.369569959484  1.94878663768e-42
0.384028387728  2.11495045496e-42
0.399052462994  2.28761498357e-42
0.414664314697  2.46703454634e-42
0.430886938006  2.65347341576e-42
0.447744227714  2.84720620327e-42
0.465261013431  3.04851826375e-42
0.483463096161  3.25770611584e-42
0.502377286302  2.96769087769e-36
0.522031443137  2.75029747166e-35
0.542454515866  5.29981353846e-35
0.563676586253  7.94907254746e-35
0.585728912925  1.07019766723e-34
0.608643977422  1.35625807488e-34
0.632455532034  1.65350982472e-34
0.65719864952  1.96239074782e-34
0.682909774767  2.28335580425e-34
0.709626778467  2.61687775313e-34
0.737389012904  2.96344784904e-34
0.766237369911  3.32357656553e-34
0.796214341107  3.6977943471e-34
0.827364080478  4.08665239041e-34
0.859732469416  4.49072345625e-34
0.893367184302  4.91060271309e-34
0.928317766723  5.34690861379e-34
0.964635696448  5.80028380651e-34
1.00237446725  6.45376643973e-31
1.04158966572  1.12937003746e-29
1.08233905309  2.23586110615e-29
1.12468265038  3.38564065462e-29
1.16868282675  4.58040222792e-29
1.21440439138  5.82190562652e-29
1.26191468896  7.11197949828e-29
1.31128369884  8.45252403202e-29
1.36258413812  9.84551375632e-29
1.41589156877  1.12930004478e-28
1.47128450892  1.27971161535e-28
1.52884454851  1.43600763308e-28
1.58865646945  1.59841831111e-28
1.65080837054  1.76718286903e-28
1.71539179718  1.94254988525e-28
1.78250187627  2.12477766318e-28
1.85223745626  2.31413461159e-28
1.9247012528  2.51089964007e-28
2  2.71536256979e-28
2.07824460767  5.17650189087e-27
2.15955032466  1.02733610806e-26
2.2440369086  1.55696211441e-26
2.33182880236  2.10730831031e-26
2.42305531726  2.67918531729e-26
2.51785082359  3.2734354703e-26
2.61635494852  3.89093405835e-26
2.71871278176  4.53259061378e-26
2.82507508925  5.19935025192e-26
2.93559853524  5.89219506322e-26
3.05044591308  1.26206874301e-25
3.16978638492  2.75832800716e-25
3.29379573097  4.31312438087e-25
3.42265660832  5.92874797071e-25
3.55655882008  7.60757847751e-25
3.69569959484  9.35208870149e-25
3.84028387728  1.11648481845e-24
3.99052462994  1.30485269948e-24
4.14664314697  2.30946152994e-24
4.30886938006  3.40768307738e-24
4.47744227714  4.54886958188e-24
4.65261013431  5.73470193154e-24
4.83463096161  6.96692677467e-24
5.02377286302  8.41443443128e-24
5.22031443137  1.11262515217e-23
5.42454515866  1.39441611443e-23
5.63676586253  1.68723138834e-23
5.85728912925  1.99150227035e-23
6.08643977422  2.32251503681e-23
6.32455532034  2.69193369279e-23
6.5719864952  3.07580485767e-23
6.82909774767  3.47469394689e-23
7.09626778467  3.86527655937e-23
7.37389012904  4.22702852865e-23
7.66237369911  4.60293306838e-23
7.96214341107  4.99354385972e-23
8.27364080478  5.32580401077e-23
8.59732469416  5.66047783706e-23
8.93367184302  6.00824487448e-23
9.28317766723  6.31732421719e-23
9.64635696448  6.62576774392e-23
10.0237446725  6.94179109678e-23
10.4158966572  7.20073307905e-23
10.8233905309  7.46980546822e-23
11.2468265038  7.71112335557e-23
11.6868282675  7.93341954057e-23
12.1440439138  8.15188461823e-23
12.6191468896  8.35059366705e-23
13.1128369884  8.55042852914e-23
13.6258413812  8.7347643735e-23
14.1589156877  8.91692091948e-23
14.7128450892  9.08322835967e-23
15.2884454851  9.23954097786e-23
15.8865646945  9.38489890902e-23
16.5080837054  9.51291541066e-23
17.1539179718  9.63606657891e-23
17.8250187627  9.74898759495e-23
18.5223745626  1.01221279123e-22
19.247012528  1.06170609643e-22
20  1.11496614313e-22
20.7824460767  1.17186716585e-22
21.5955032466  1.23228220598e-22
22.440369086  1.29608262205e-22
23.3182880236  1.36313758403e-22
24.2305531726  1.41645948188e-22
25.1785082359  1.41968750503e-22
26.1635494852  1.42223390881e-22
27.1871278176  1.42412193529e-22
28.2507508925  1.4253739082e-22
29.3559853524  1.42601127063e-22
30.5044591308  1.42605462175e-22
31.6978638492  1.42552375267e-22
32.9379573097  1.42443768139e-22
34.2265660832  1.42281468707e-22
35.5655882008  1.42067234348e-22
36.9569959484  1.41802755185e-22
38.4028387728  1.41489657304e-22
39.9052462994  1.41129505928e-22
41.4664314697  1.4072380853e-22
43.0886938006  1.40274017913e-22
44.7744227714  1.39781535252e-22
46.5261013431  1.39247713108e-22
48.3463096161  1.38673858421e-22
50.2377286302  1.38061235487e-22
52.2031443137  1.37411068934e-22
54.2454515866  1.36724546689e-22
56.3676586253  1.3600282296e-22
58.5728912925  1.35247021227e-22
60.8643977422  1.34458237266e-22
63.2455532034  1.33637542188e-22
65.719864952  1.32785985525e-22
68.2909774767  1.3190459836e-22
70.9626778467  1.30994396502e-22
73.7389012904  1.30056383721e-22
76.6237369911  1.29091555049e-22
79.6214341107  1.28100900142e-22
82.7364080478  1.27085406719e-22
85.9732469416  1.26046064071e-22
89.3367184302  1.24983866646e-22
92.8317766723  1.23899817711e-22
96.4635696448  1.22794933084e-22
100.237446725  1.21670244926e-22
104.158966572  1.20526805601e-22
108.233905309  1.19365691567e-22
112.468265038  1.18188007303e-22
116.868282675  1.16994889237e-22
121.440439138  1.15787509649e-22
126.191468896  1.14567080523e-22
131.128369884  1.1333485729e-22
136.258413812  1.12092142435e-22
141.589156877  1.10840288892e-22
147.128450892  1.09580703166e-22
152.884454851  1.08314848116e-22
158.865646945  1.07044245294e-22
165.080837054  1.05770476768e-22
171.539179718  1.04495186302e-22
178.250187627  1.03220079799e-22
185.223745626  1.01946924882e-22
192.47012528  1.00677549487e-22
200  9.94138393448e-23
207.824460767  9.81577342339e-23
215.955032466  9.69112228793e-23
224.40369086  9.56763364003e-23
233.182880236  9.4455140217e-23
242.305531726  9.32497243539e-23
251.785082359  9.20621921105e-23
261.635494852  9.08946471073e-23
271.871278176  8.97491787621e-23
282.507508925  8.86278463025e-23
293.559853524  8.75326614783e-23
305.044591308  8.65340389892e-23
316.978638492  8.54951597215e-23
329.379573097  8.4488080125e-23
342.265660832  8.35144236039e-23
355.655882008  8.25756701815e-23
369.569959484  8.16731381336e-23
384.028387728  8.08079669595e-23
399.052462994  7.99811021725e-23
414.664314697  7.91932823686e-23
430.886938006  7.84450289923e-23
447.744227714  7.77366391615e-23
465.261013431  7.70681818399e-23
483.463096161  7.64394975641e-23
502.377286302  7.58502018428e-23
522.031443137  7.52996922617e-23
542.454515866  7.47871592483e-23
563.676586253  7.43116003947e-23
585.728912925  7.38718382079e-23
608.643977422  7.3466541171e-23
632.455532034  7.30942480894e-23
657.19864952  7.27533959083e-23
682.909774767  7.24423516528e-23
709.626778467  7.21594502361e-23
737.389012904  7.19030431213e-23
766.237369911  7.16739338289e-23
796.214341107  7.14849810334e-23
827.364080478  7.13377499778e-23
859.732469416  7.12314003379e-23
893.367184302  7.07725148448e-23
928.317766723  7.07790661784e-23
964.635696448  7.08200718328e-23
1002.37446725  7.08959195688e-23
1041.58966572  7.10069010757e-23
1082.33905309  7.11532095948e-23
1124.68265038  7.13349384441e-23
1168.68282675  7.15520804762e-23
1214.40439138  7.18045284776e-23
1261.91468896  7.20920765024e-23
1311.28369884  7.24144221112e-23
1362.58413812  7.27711694705e-23
1415.89156877  7.4242927261e-23
1471.28450892  7.51730047658e-23
1528.84454851  7.60271954237e-23
1588.65646945  7.68137713216e-23
1650.80837054  7.75400741409e-23
1715.39179718  7.82126636924e-23
1782.50187627  7.88374364881e-23
1852.23745626  7.94197212152e-23
1924.7012528  7.99643562106e-23
2000  8.04757527724e-23
2078.24460767  8.09579472269e-23
2159.55032466  8.14146439972e-23
2244.0369086  8.17214647751e-23
2331.82880236  8.20785654084e-23
2423.05531726  8.2399343347e-23
2517.85082359  8.26865330937e-23
2616.35494852  8.29426357177e-23
2718.71278176  8.31699459676e-23
2825.07508925  8.33705754923e-23
2935.59853524  8.35464728079e-23
3050.44591308  8.36994405252e-23
3169.78638492  8.38311502606e-23
3293.79573097  8.39431555771e-23
3422.65660832  8.40369032423e-23
3556.55882008  8.41137430446e-23
3695.69959484  8.41749363688e-23
3840.28387728  8.42216637027e-23
3990.52462994  8.42550312209e-23
4146.64314697  8.42760765698e-23
4308.86938006  8.42857739634e-23
4477.44227714  8.42850386806e-23
4652.61013431  8.42747310483e-23
4834.63096161  8.42556599772e-23
5023.77286302  8.4228586115e-23
5220.31443137  8.41942246693e-23
5424.54515866  8.41532479468e-23
5636.76586253  8.4106287651e-23
5857.28912925  8.40539369737e-23
6086.43977422  8.39967525101e-23
6324.55532034  8.39352560269e-23
6571.9864952  8.38699361035e-23
6829.09774767  8.38012496694e-23
7096.26778467  8.37296234513e-23
7373.89012904  8.36554553465e-23
7662.37369911  8.35791157338e-23
7962.14341107  8.35009487311e-23
8273.64080478  8.34212734081e-23
8597.32469416  8.33403849602e-23
8933.67184302  8.32585558488e-23
9283.17766723  8.31760369111e-23
9646.35696448  8.30930584427e-23
10023.7446725  8.30098312541e-23
10415.8966572  8.29265477027e-23
10823.3905309  8.28433827001e-23
11246.8265038  8.27604946955e-23
11686.8282675  8.26780266338e-23
12144.0439138  8.25961068889e-23
12619.1468896  8.25148501707e-23
13112.8369884  8.24343584039e-23
13625.8413812  8.23547215803e-23
14158.9156877  8.22760185809e-23
14712.8450892  8.2198317968e-23
15288.4454851  8.2121678747e-23
15886.5646945  8.20461510965e-23
16508.0837054  8.19717770661e-23
17153.9179718  8.1898591242e-23
17825.0187627  8.182662138e-23
18522.3745626  8.1755889005e-23
19247.012528  8.16864099792e-23
20000  8.16181950366e-23

