0.2 20 151
151
0.2  0
0.206235454919  6.95409109798e-44
0.212665314327  1.41249918037e-43
0.219295639229  2.15194616497e-43
0.22613267959  2.91444709127e-43
0.233182880236  3.70072071832e-43
0.240452886923  4.51150821414e-43
0.247949552606  5.34757385436e-43
0.255679943893  6.20970574262e-43
0.263651347711  7.0987165535e-43
0.271871278176  8.01544429855e-43
0.280347483669  8.96075311622e-43
0.289087954149  9.93553408649e-43
0.298100928677  1.09407060707e-42
0.307394903187  1.19772165779e-42
0.316978638492  1.30460426578e-42
0.326861168545  1.41481918219e-42
0.33705180895  1.52847029932e-42
0.34756016575  1.64566474853e-42
0.358396144475  1.76651300126e-42
0.369569959484  1.89112897315e-42
0.381092143593  2.01963013142e-42
0.392973557999  2.15213760558e-42
0.405225402524  2.28877630165e-42
0.417859226171  2.42967501987e-42
0.430886938006  2.57496657612e-42
0.444320818391  2.72478792711e-42
0.458173530554  2.8792802995e-42
0.472458132527  3.03858932301e-42
0.487188089458  3.20286516768e-42
0.502377286302  3.07509866394e-36
0.518040040906  2.18870467745e-35
0.534191117512  4.14823080559e-35
0.550845740668  6.1688496179e-35
0.568019609583  8.25246581778e-35
0.585728912925  1.04010434921e-34
0.60399034408  1.26166079625e-34
0.622821116889  1.49012476948e-34
0.642238981873  1.72571162673e-34
0.662262242965  1.96864344013e-34
0.682909774767  2.21914920538e-34
0.704201040337  2.47746505766e-34
0.72615610954  2.7438344942e-34
0.748795677965  3.0185086038e-34
0.772141086431  3.30174630355e-34
0.796214341107  3.59381458283e-34
0.821038134255  3.89498875506e-34
0.846635865618  4.20555271715e-34
0.87303166448  4.52579921717e-34
0.900250412412  4.85603013026e-34
0.928317766723  5.1965567432e-34
0.957260184645  5.54770004787e-34
0.987104948279  5.90979104376e-34
1.0178801903  4.7333212291e-30
1.0496149205  1.31331994483e-29
1.08233905309  2.17949629774e-29
1.11608343495  3.07267766864e-29
1.15087987467  3.99370600041e-29
1.18676117255  4.94344948538e-29
1.2237611515  5.92280338378e-29
1.26191468896  6.93269086759e-29
1.30125774973  7.97406389079e-29
1.34182741991  9.04790408669e-29
1.38366194184  1.01552236932e-28
1.42680075014  1.12970665072e-28
1.47128450892  1.24745088682e-28
1.51715515006  1.36886606729e-28
1.56445591277  1.49406664219e-28
1.61323138435  1.62317062979e-28
1.66352754221  1.75629972786e-28
1.71539179718  1.89357942838e-28
1.76887303828  2.03513913582e-28
1.82402167871  2.18111228913e-28
1.88088970345  2.33163648752e-28
1.93953071822  2.48685362018e-28
2  5.05041907578e-28
2.06235454919  4.08910806824e-27
2.12665314327  8.03276003758e-27
2.19295639229  1.20993643273e-26
2.2613267959  1.62927542556e-26
2.33182880236  2.06168826531e-26
2.40452886923  2.50758255891e-26
2.47949552606  2.96737862134e-26
2.55679943893  3.44150987186e-26
2.63651347711  3.93042324258e-26
2.71871278176  4.4345795997e-26
2.80347483669  4.95445417801e-26
2.89087954149  5.49053702881e-26
2.98100928677  6.06831236119e-26
3.07394903187  1.52783312722e-25
3.16978638492  2.70958618114e-25
3.26861168545  3.92818307452e-25
3.3705180895  5.18477249787e-25
3.4756016575  6.48053895472e-25
3.58396144475  7.8167038782e-25
3.69569959484  9.1945267824e-25
3.81092143593  1.06153064496e-24
3.92973557999  1.20803821547e-24
4.05225402524  1.64480605823e-24
4.17859226171  2.49133048448e-24
4.30886938006  3.36424723521e-24
4.44320818391  4.26437915118e-24
4.58173530554  5.19257472706e-24
4.72458132527  6.14970891129e-24
4.87188089458  7.13668393081e-24
5.02377286302  8.33207242519e-24
5.18040040906  1.04682788915e-23
5.34191117512  1.26824556636e-23
5.50845740668  1.49656644329e-23
5.68019609583  1.73200574289e-23
5.85728912925  1.97478539819e-23
6.0399034408  2.23218937917e-23
6.22821116889  2.52332890524e-23
6.42238981873  2.82360094399e-23
6.62262242965  3.13323464654e-23
6.82909774767  3.45252188406e-23
7.04201040337  3.77119490312e-23
7.2615610954  4.05671695275e-23
7.48795677965  4.35093399213e-23
7.72141086431  4.65432391693e-23
7.96214341107  4.96651045228e-23
8.21038134255  5.23308613515e-23
8.46635865618  5.49677118167e-23
8.7303166448  5.76867720929e-23
9.00250412412  6.04562176249e-23
9.28317766723  6.2869098834e-23
9.57260184645  6.53264229911e-23
9.87104948279  6.78603598182e-23
10.178801903  7.01360614082e-23
10.496149205  7.22319181946e-23
10.8233905309  7.43931180834e-23
11.1608343495  7.63686415291e-23
11.5087987467  7.8119215615e-23
11.8676117255  7.99243678299e-23
12.237611515  8.15791514125e-23
12.6191468896  8.31668002285e-23
13.0125774973  8.47854355907e-23
13.4182741991  8.62522899888e-23
13.8366194184  8.77532247831e-23
14.2680075014  8.91447116204e-23
14.7128450892  9.04813640525e-23
15.1715515006  9.17608382588e-23
15.6445591277  9.2909579852e-23
16.1323138435  9.40331817358e-23
16.6352754221  9.50229648558e-23
17.1539179718  9.59979223227e-23
17.6887303828  9.68916473427e-23
18.2402167871  9.77687241023e-23
18.8088970345  9.86136692139e-23
19.3953071822  9.94199649574e-23
20  1.00219e-22

